0 0.15095758438110352 0.06208760105073451 0.02228871981302899 0.03393242632349332
0 0.17885185778141022 0.06024125051918875 0.023035258054733276 0.03405102839072545
0 0.23662127554416656 0.06034203618764877 0.023035258054733276 0.03405102839072546
0 0.26613491773605347 0.06039352627136772 0.023035258054733276 0.03405102839072546
0 0.295235812664032 0.06044429626804911 0.023035258054733276 0.03405102839072545
0 0.3232707679271698 0.06049320660531521 0.023035258054733276 0.03405102839072546
0 0.3523034155368805 0.06054385753637575 0.023035258054733276 0.03405102839072545
0 0.38142794370651245 0.05847509577870369 0.023212134838104248 0.0344324397544066
0 0.15219920873641968 0.1144521176218632 0.022516836722691835 0.03525910774866739
0 0.18022485077381134 0.11425978690385818 0.022516836722691835 0.035259107748667404
0 0.2081167995929718 0.11406837367822037 0.022516836722691835 0.035259107748667404
0 0.23682071268558502 0.11389552056789398 0.022875189781188965 0.03526421636343002
0 0.2657993733882904 0.11366796921188832 0.022875189781188965 0.03526421636343004
0 0.2959345877170563 0.11343133616130041 0.022875189781188965 0.03526421636343001
0 0.32469072937965393 0.11320553210858916 0.022875189781188965 0.03526421636343002
0 0.3535701334476471 0.11297876015305519 0.022875189781188965 0.03526421636343002
0 0.38212159276008606 0.11346352100372314 0.022742072741190555 0.03500046084324519
0 0.4110342562198639 0.11282878741621971 0.022947847843170166 0.03496180723110835
0 0.4408940374851227 0.11212099343538284 0.022742191950480106 0.03451881309350331
0 0.49913689494132996 0.11199370074236026 0.02274219195048016 0.03451881309350331
0 0.5275648236274719 0.11193157007505511 0.022742191950480217 0.03451881309350331
0 0.5560879111289978 0.111869231433375 0.022742191950480217 0.034518813093503325
0 0.5845909714698792 0.11180693656206131 0.022669553756713867 0.03428487728039424
0 0.6133086085319519 0.11142657430422045 0.022669553756713867 0.03428487728039424
0 0.6421641111373901 0.11104438603091601 0.022669553756713867 0.03428487728039424
0 0.6705155372619629 0.11066887420066196 0.022669553756713867 0.03428487728039424
0 0.6988160610198975 0.11029403656721115 0.022669553756713867 0.03428487728039424
0 0.7590383887290955 0.10932961106300355 0.022562066713968987 0.03402881572643915
0 0.7867394685745239 0.10806794464588165 0.02275041739145922 0.03377241889635721
0 0.15201787650585175 0.16779046493374075 0.02291537324587506 0.03458025058110553
0 0.1818085014820099 0.1674177050590515 0.02212601900100708 0.03456179300944012
0 0.2093696892261505 0.16741013526916504 0.02243573466936749 0.034394959608713804
0 0.23756855726242065 0.1671138419801885 0.02243573466936749 0.034394959608713804
0 0.26733919978141785 0.16715750006265673 0.02213255564371741 0.034241716066996275
0 0.29651886224746704 0.1669347733259201 0.02213255564371741 0.034241716066996275
0 0.32606425881385803 0.16670925496118652 0.02213255564371741 0.034241716066996275
0 0.3546246588230133 0.16649125502025733 0.02213255564371741 0.034241716066996275
0 0.4128241240978241 0.16604702174663544 0.02213255564371741 0.034241716066996275
0 0.44177067279815674 0.16582607435427563 0.02213255564371741 0.034241716066996275
0 0.4701460003852844 0.16516848951768878 0.022336353858312008 0.0349799593289693
0 0.4988843947649002 0.16529175500970392 0.022336353858311953 0.0349799593289693
0 0.5277970433235168 0.1654157679174176 0.022336353858311897 0.0349799593289693
0 0.5565546154975891 0.16553911566734314 0.022336353858311897 0.0349799593289693
0 0.5850734114646912 0.16527029871940613 0.0222125848134358 0.03429156541824341
0 0.6143980026245117 0.16475799111276765 0.0222125848134358 0.03429156541824341
0 0.6434054970741272 0.16425122326133984 0.0222125848134358 0.03429156541824341
0 0.6719545722007751 0.16375246410489794 0.0222125848134358 0.03429156541824341
0 0.7011430859565735 0.16324253380298615 0.0222125848134358 0.03429156541824341
0 0.729729175567627 0.16291554529632166 0.02216970920562744 0.034245818853378296
0 0.15298821032047272 0.2205048632484511 0.022847632567087828 0.03526305158933002
0 0.21089084446430206 0.21976809203624725 0.022847632567087828 0.03526305158933002
0 0.23977546393871307 0.21872810982360774 0.02247387170791626 0.03413545091946918
0 0.2691240608692169 0.21892049908638 0.02247387170791626 0.03413545091946918
0 0.29852494597435 0.21911323111454553 0.02247387170791626 0.03413545091946918
0 0.32686975598335266 0.21924690902233124 0.02236519257227576 0.03459480404853821
0 0.35474878549575806 0.21907268519495213 0.02236519257227576 0.03459480404853821
0 0.38474953174591064 0.2192688286304474 0.022744496663411495 0.0344664951165517
0 0.4137008488178253 0.2191630337136968 0.022744496663411495 0.0344664951165517
0 0.4709794223308563 0.218953724344408 0.022744496663411495 0.0344664951165517
0 0.499726265668869 0.21884867662273672 0.02274449666341144 0.0344664951165517
0 0.5284178256988525 0.21874383091926575 0.022744496663411384 0.0344664951165517
0 0.5579858422279358 0.21842559285132113 0.022707859675089592 0.03463911016782123
0 0.5870818495750427 0.2181124349783898 0.022707859675089592 0.03463911016782123
0 0.6155583262443542 0.21780594506188836 0.022707859675089592 0.03463911016782123
0 0.6439729928970337 0.2183848310276738 0.023309667905171638 0.034620583057403564
0 0.6731449365615845 0.21744662523269653 0.023309667905171638 0.034620583057403564
0 0.7019195556640625 0.21652119788714005 0.023309667905171638 0.034620583057403564
0 0.730957567691803 0.21558729949928077 0.023309667905171638 0.034620583057403564
0 0.7606807947158813 0.2146313637495041 0.023309667905171638 0.034620583057403564
0 0.1545497477054596 0.2765807509422302 0.023048818111419678 0.035451531410217285
0 0.1824711263179779 0.27615952624007833 0.023048818111419678 0.035451531410217285
0 0.24103517085313797 0.27527602322403916 0.023048818111419678 0.035451531410217285
0 0.2696969211101532 0.2748436292014263 0.023048818111419678 0.035451531410217285
0 0.29418671131134033 0.274474173784256 0.023048818111419678 0.035451531410217285
0 0.32851317524909973 0.2739208765185568 0.022930284341176388 0.034784237543741825
0 0.3570558726787567 0.2744000256061554 0.022595812877019283 0.035052378972371456
0 0.3861962556838989 0.2732298012838909 0.022805531819661495 0.03570036093393958
0 0.44407567381858826 0.2725696861743927 0.022805531819661495 0.03570036093393958
0 0.4730845093727112 0.2721695601940155 0.022892475128173828 0.03552732865015662
0 0.5020433217287064 0.27188219806572644 0.022892475128173828 0.03552732865015662
0 0.5306290984153748 0.2715985376197628 0.022892475128173828 0.03552732865015662
0 0.5595853924751282 0.2713112004808607 0.022892475128173828 0.03552732865015662
0 0.5887693166732788 0.27102160453796387 0.022892475128173828 0.03552732865015662
0 0.6175739169120789 0.2706795334815979 0.022963404655456543 0.03526415427525842
0 0.6462154984474182 0.27038206152709315 0.022963404655456543 0.03526415427525842
0 0.6752235293388367 0.2695467472076416 0.022691885630289788 0.03485137224197388
0 0.7331547141075134 0.26855847572987274 0.02276933193206787 0.034828702608744266
0 0.15570248663425446 0.3293670415878296 0.022631138563156128 0.035053133964538574
0 0.18348681926727295 0.3303327105648448 0.022451082865397154 0.034827033678690555
0 0.21332678198814392 0.3292325735092163 0.022451082865397154 0.034827033678690555
0 0.24189385771751404 0.32817936513644425 0.022451082865397126 0.034827033678690555
0 0.27092838287353516 0.3271089228803494 0.0224510828653971 0.034827033678690555
0 0.3008456528186798 0.3260059356689453 0.0224510828653971 0.034827033678690555
0 0.35847726464271545 0.3238811785994978 0.0224510828653971 0.034827033678690555
0 0.3871307671070099 0.32675484434734 0.022727469603220585 0.03492468595504761
0 0.4459610879421234 0.32537339204992666 0.022727469603220585 0.03492468595504761
0 0.47398707270622253 0.3247152864933014 0.022727469603220585 0.03492468595504761
0 0.5031262636184692 0.3254486918449402 0.022643248240153013 0.0344062248865763
0 0.5321560502052307 0.32506191741840984 0.02264324824015307 0.0344062248865763
0 0.5604554414749146 0.3246848743148797 0.02264324824015307 0.0344062248865763
0 0.5897220969200134 0.3242949439982234 0.02264324824015307 0.0344062248865763
0 0.619120180606842 0.32390326261520386 0.02264324824015307 0.0344062248865763
0 0.6471633315086365 0.32341110706329346 0.02264237403869629 0.03448394934336341
0 0.6753401756286621 0.32296479974564085 0.02264237403869629 0.03448394934336341
0 0.15616151690483093 0.3800956606864929 0.02253931760787964 0.03586192925771081
0 0.18362706899642944 0.3812089866783849 0.02295788129170734 0.03572104374567664
0 0.21268412470817566 0.38075870275497437 0.022675116856892885 0.035363296667734745
0 0.2711629867553711 0.3789637202646555 0.022758126258850098 0.03511357307434082
0 0.30168527364730835 0.37895122170448303 0.022758126258850098 0.03511357307434082
0 0.3300776183605194 0.3789395953335596 0.022758126258850098 0.03511357307434082
0 0.35838261246681213 0.37892800473180444 0.022758126258850098 0.03511357307434082
0 0.3877830505371094 0.3789159655570984 0.022758126258850098 0.03511357307434082
0 0.41630685329437256 0.3789042853554682 0.022758126258850098 0.03511357307434082
0 0.4452870488166809 0.37812964330738086 0.02255338430404663 0.03486291567484534
0 0.4739719033241272 0.37786679316024285 0.02255338430404663 0.03486291567484534
0 0.5321431159973145 0.37733374838546907 0.02255338430404663 0.03486291567484534
0 0.5606094598770142 0.37707290053367615 0.02255338430404663 0.03486291567484534
0 0.5893694758415222 0.3768648788264326 0.02289402484893799 0.03424316644668579
0 0.6179301738739014 0.37667378783226013 0.02289402484893799 0.03424316644668579
0 0.6471219062805176 0.37644710218563804 0.02252129713694262 0.03447963794072473
0 0.6755014061927795 0.37578600460271316 0.022632042566935295 0.0342637300491333
0 0.704904317855835 0.3753325939178467 0.022632042566935295 0.0342637300491333
0 0.7334738373756409 0.374892034643982 0.022632042566935295 0.0342637300491333
0 0.15659283101558685 0.43538027250554834 0.02351778745651245 0.03657011191050208
0 0.18489323556423187 0.4358940159014443 0.022970775763193785 0.03580431143442786
0 0.21484091877937317 0.43554434180259705 0.022847076257069887 0.03594851493835449
0 0.24419397860765457 0.4352160481349901 0.022847076257069915 0.03594851493835449
0 0.27332961559295654 0.4350705146789551 0.02313564221064246 0.03554014364878333
0 0.3026922047138214 0.4346425355893635 0.02313564221064246 0.03554014364878333
0 0.33167538046836853 0.43422008669966083 0.02313564221064246 0.03554014364878333
0 0.39029234647750854 0.4333657057850913 0.02313564221064246 0.03554014364878333
0 0.4191039204597473 0.43294575810432434 0.022936900456746456 0.03542570273081458
0 0.47643405199050903 0.43153747773516976 0.022936900456746456 0.03542570273081458
0 0.5048838406801224 0.4308386257031161 0.0229369004567464 0.03542570273081458
0 0.5336820483207703 0.4301312149680579 0.022936900456746345 0.03542570273081458
0 0.5625298023223877 0.4294225871562958 0.022936900456746345 0.03542570273081458
0 0.5918927788734436 0.4304785132408142 0.022762447595596313 0.03530079126358032
0 0.6213831305503845 0.42841564517553915 0.02317158381144213 0.034847160180409786
0 0.6784416437149048 0.4277697503566742 0.02317158381144213 0.034847160180409786
0 0.7078661322593689 0.4274366690398894 0.02317158381144213 0.034847160180409786
0 0.7364170551300049 0.42711347637093944 0.02317158381144213 0.034847160180409786
0 0.7652879953384399 0.4267866611480713 0.02317158381144213 0.034847160180409786
0 0.15777909755706787 0.4903428582754835 0.02326198418935138 0.03595086932182312
0 0.18708617985248566 0.4899790436029434 0.023062139749526978 0.035583982865015684
0 0.21702416241168976 0.48994165658950806 0.022993495066960634 0.03616809844970703
0 0.24523146450519562 0.48944219946861267 0.022842079401016235 0.035655577977498354
0 0.30495819449424744 0.48823754161484373 0.022842079401016235 0.03565557797749841
0 0.3339875042438507 0.4876520351592624 0.022842079401016235 0.03565557797749841
0 0.3624614477157593 0.487077730159851 0.022842079401016235 0.035655577977498354
0 0.3914940655231476 0.4864921569824219 0.022842079401016235 0.035655577977498354
0 0.41996556520462036 0.4858520123155177 0.02240002155303955 0.03499172131220496
0 0.44905543327331543 0.48523104190826416 0.02240002155303955 0.034991721312205015
0 0.4777180254459381 0.48461919239790047 0.02240002155303955 0.03499172131220496
0 0.5069165229797363 0.48416654765605927 0.02262139320373535 0.03497312466303509
0 0.5356701016426086 0.4837315669471217 0.02262139320373535 0.03497312466303509
0 0.5939350724220276 0.4828501414176943 0.02262139320373535 0.03497312466303504
0 0.6235896348953247 0.4824015307331216 0.02262139320373535 0.03497312466303504
0 0.6524059176445007 0.4819656014442444 0.02262139320373535 0.03497312466303504
0 0.6808376908302307 0.4820581078529358 0.022715528806050544 0.03537105520566308
0 0.1596098244190216 0.5451498031616211 0.02322902778784436 0.035760561625162834
0 0.18942564725875854 0.5439177424160672 0.02298003931840259 0.035383860270182366
0 0.2180350124835968 0.543727695941925 0.02298003931840259 0.035383860270182366
0 0.24699806421995163 0.5435352999967641 0.022980039318402617 0.035383860270182366
0 0.2766852378845215 0.5433380938498309 0.022980039318402645 0.035383860270182366
0 0.3355608880519867 0.542946994304657 0.022980039318402645 0.035383860270182366
0 0.3640851378440857 0.5427575132358555 0.022980039318402645 0.035383860270182366
0 0.39253589510917664 0.5394252855253183 0.02224785089492798 0.034989118576049805
0 0.42131057381629944 0.5390139222145081 0.022243201732635498 0.034910837809244866
0 0.4795333445072174 0.53810509107805 0.022243201732635498 0.034910837809244866
0 0.5083683729171753 0.5376549893166834 0.022243201732635498 0.034910837809244866
0 0.5368048548698425 0.537137971819676 0.02274211247762037 0.03513077894846606
0 0.5658130645751953 0.536758303642273 0.02274211247762037 0.03513077894846606
0 0.5948679447174072 0.5363780246281488 0.02274211247762037 0.03513077894846606
0 0.6247481107711792 0.5359869440236796 0.02274211247762037 0.03513077894846606
0 0.6539838314056396 0.5356042981147766 0.02274211247762037 0.03513077894846606
0 0.6820504069328308 0.5352369543288418 0.02274211247762037 0.03513077894846606
0 0.7403298616409302 0.5333673480333455 0.023310542106628418 0.035165707270304436
0 0.7687764167785645 0.5326374173164368 0.023310542106628418 0.035165707270304436
0 0.7980079650878906 0.5318819110343634 0.023636062939961677 0.03534209728240967
0 0.16062164306640625 0.5987998247146606 0.023433913787205995 0.03558425108591723
0 0.19092468917369843 0.5981980041764516 0.023433913787205995 0.03558425108591723
0 0.22008907794952393 0.5983971357345581 0.02273710568745929 0.035025596618652344
0 0.27844297885894775 0.5968285171820424 0.022737105687459347 0.035025596618652344
0 0.336535781621933 0.5952669172416529 0.022737105687459347 0.035025596618652344
0 0.3648151159286499 0.5945067368980087 0.022737105687459347 0.035025596618652344
0 0.3938954174518585 0.5938152481451934 0.022943546374638912 0.03508734703063965
0 0.4230984151363373 0.5933293700218201 0.022943546374638912 0.03508734703063965
0 0.4518772065639496 0.5928505498225077 0.022943546374638912 0.03508734703063965
0 0.5100309997797012 0.5918829897035093 0.022943546374638857 0.03508734703063965
0 0.5386037826538086 0.5914075970649719 0.022708257039387947 0.03504725297292066
0 0.5672968626022339 0.5905435367328584 0.022708257039387947 0.03504725297292066
0 0.5963469743728638 0.5896687247827443 0.022708257039387947 0.03504725297292066
0 0.6256534457206726 0.5887861928478186 0.022708257039387947 0.03504725297292066
0 0.6551097631454468 0.5878991484642029 0.022708257039387947 0.03504725297292066
0 0.7124966979026794 0.5862798950025789 0.022798339525858635 0.034957051277160645
0 0.7411028146743774 0.5861750728031415 0.023686250050862556 0.03504578272501635
0 0.769788384437561 0.585182935983382 0.023686250050862556 0.03504578272501635
0 0.7997496128082275 0.5841466784477234 0.023686250050862556 0.03504578272501635
0 0.16173838078975677 0.651361346244812 0.023311659693717957 0.035052498181660896
0 0.19190436601638794 0.6504319310188293 0.023208479086558043 0.03460121154785156
0 0.2209247648715973 0.6501402600276335 0.023208479086558043 0.03460121154785156
0 0.24947624653577805 0.6500639319419861 0.02331148087978363 0.03514178593953443
0 0.27967342734336853 0.6500669677931199 0.023189624150594113 0.03508448600769043
0 0.3089187741279602 0.6492558717727661 0.023189624150594113 0.03508448600769043
0 0.3381132185459137 0.6484461874883479 0.023189624150594113 0.03508448600769043
0 0.3657344579696655 0.6475168980605884 0.02279949188232422 0.035258690516154045
0 0.3948800563812256 0.64687180519104 0.02279949188232422 0.035258690516154045
0 0.45330387353897095 0.6455786841053768 0.02279949188232422 0.035258690516154045
0 0.48222610354423523 0.6449385351510004 0.02279949188232422 0.035258690516154045
0 0.5396835207939148 0.6436668038368225 0.02279949188232422 0.035258690516154045
0 0.5694843530654907 0.6430072083763506 0.02279949188232422 0.035258690516154045
0 0.5983593463897705 0.6435086113055453 0.023019790649414062 0.035031477610270256
0 0.6274892091751099 0.6428112731300979 0.023019790649414062 0.035031477610270256
0 0.6564188599586487 0.6421187278186976 0.023019790649414062 0.035031477610270256
0 0.6851259469985962 0.6414315104484558 0.023019790649414062 0.035031477610270256
0 0.7143444418907166 0.640801354524594 0.023044347763061523 0.03487265110015869
0 0.7433561086654663 0.6401380896568298 0.023044347763061523 0.03487265110015869
0 0.7711158394813538 0.6386430263519287 0.023067355155944824 0.035263140996297127
0 0.16694872081279755 0.7035144187321164 0.022849728663762392 0.03560062249501539
0 0.1940796822309494 0.7032956480979919 0.023044437170028687 0.035667697588602776
0 0.222430020570755 0.7031288400589024 0.023044437170028687 0.035667697588602776
0 0.25171270966529846 0.7029565462439721 0.023044437170028687 0.035667697588602776
0 0.2804540693759918 0.7027874375089495 0.023044437170028687 0.035667697588602776
0 0.30966615676879883 0.7026155591011047 0.023044437170028687 0.035667697588602776
0 0.3389424979686737 0.7021088600158691 0.023105700810750363 0.035528500874837166
0 0.36749520897865295 0.701373039939893 0.023105700810750363 0.035528500874837166
0 0.3964407444000244 0.7006270965488965 0.023105700810750363 0.035528500874837166
0 0.45457565784454346 0.6999703044920957 0.022735615571339962 0.03471827507019043
0 0.4835740029811859 0.699018120765686 0.022642076015472412 0.03450830777486158
0 0.5125806927680969 0.6981802964080462 0.022642076015472412 0.03450830777486158
0 0.5417963266372681 0.6973364369446158 0.022642076015472412 0.03450830777486158
0 0.5706380605697632 0.6965033771441792 0.022642076015472412 0.03450830777486158
0 0.5995193719863892 0.6956691741943359 0.022642076015472412 0.03450830777486158
0 0.6287566423416138 0.6952751028470247 0.022512833277384514 0.035014311472574944
0 0.657667338848114 0.6948352633509647 0.022512833277384514 0.035014311472574944
0 0.6864331364631653 0.6943976283073425 0.022512833277384514 0.035014311472574944
0 0.7150313854217529 0.6942566633224487 0.023009777069091797 0.03523091475168871
0 0.16681237518787384 0.7577493190765381 0.023236672083536802 0.035841504732767815
0 0.19541151821613312 0.7565736770629883 0.02296486496925354 0.03534114360809326
0 0.22424648702144623 0.7563901505152659 0.02296486496925354 0.03534114360809326
0 0.28247499465942383 0.7572983503341675 0.023301581541697147 0.03562716643015551
0 0.3112518787384033 0.7564842273080489 0.023301581541697147 0.03562716643015551
0 0.34042617678642273 0.7556588610958298 0.023301581541697147 0.03562716643015551
0 0.36917248368263245 0.7548456031247498 0.023301581541697147 0.03562716643015551
0 0.3980863392353058 0.7540276050567627 0.023301581541697147 0.03562716643015551
0 0.42703384160995483 0.7535888225038812 0.023085176944732666 0.03495105107625318
0 0.4843725562095642 0.7518670087070977 0.023085176944732666 0.03495105107625318
0 0.5139878988265991 0.7509776949882507 0.023085176944732666 0.03495105107625318
0 0.5716133713722229 0.7497087313670787 0.02312016487121582 0.03516511122385668
0 0.6005198359489441 0.7494185566902161 0.023111263910929436 0.035082658131917244
0 0.6294535398483276 0.7491249173126465 0.023111263910929436 0.035082658131917244
0 0.6591845750808716 0.7488231860614198 0.023111263910929436 0.035082658131917244
0 0.6878450512886047 0.74853231958875 0.023111263910929436 0.035082658131917244
0 0.7162205576896667 0.7482443451881409 0.023111263910929436 0.035082658131917244
0 0.7451307773590088 0.7480345453170217 0.023121078809102302 0.035183827082316155
0 0.16906548823629108 0.8134051561355591 0.023118212819099426 0.03555440902709961
0 0.19720332750252315 0.8136858108433931 0.023382440209388733 0.03526318073272705
0 0.2256497527871813 0.8120620931897845 0.023382440209388733 0.03526318073272705
0 0.2552008788500514 0.8127638030986118 0.023412565390268952 0.03482743104298902
0 0.28492031778608046 0.8102349638938904 0.023306330045064327 0.03451283772786451
0 0.31480874334062847 0.8094309634818837 0.023306330045064327 0.03451283772786451
0 0.34281919257981436 0.8094784501758294 0.023306330045064327 0.03451283772786451
0 0.3730834296771458 0.8078162656272247 0.023306330045064327 0.03451283772786451
0 0.40264363374028883 0.8078449709074839 0.023306330045064327 0.03451283772786451
0 0.45700253759111675 0.804459844316755 0.023620128631591797 0.03538151582082105
0 0.4859964847564697 0.8054467439651489 0.023295819759368896 0.035006920496622795
0 0.5142463190214974 0.805160861701448 0.02397994200388598 0.03557709852854418
0 0.5430266261100769 0.8037163615226746 0.02397994200388598 0.03557709852854418
0 0.5720686316490173 0.8032181262969971 0.02348768711090088 0.03563455740610766
0 0.6013551354408264 0.8026450951578264 0.02348768711090088 0.03563455740610766
0 0.6292349696159363 0.8020995874642205 0.02348768711090088 0.03563455740610766
0 0.6591560244560242 0.8015141404521058 0.02348768711090088 0.03563455740610766
0 0.6913547515869141 0.8008841276168823 0.02348768711090088 0.03563455740610766
0 0.7184025645256042 0.8003546981714847 0.0235750675201416 0.03602691491444898
0 0.7476375273295812 0.8025931544403514 0.0235750675201416 0.03602691491444898
0 0.7760535223143441 0.801266440323421 0.0235750675201416 0.03602691491444898
0 0.16122153401374817 0.862443208694458 0.023576905330022158 0.03534575303395582
0 0.18943680822849274 0.8619198468781494 0.023576905330022158 0.03534575303395582
0 0.2472829967737198 0.8608468647028515 0.023576905330022185 0.03534575303395582
0 0.27698376774787903 0.8602959485811617 0.023576905330022213 0.03534575303395582
0 0.3045737147331238 0.8597841858863831 0.023576905330022213 0.03534575303395582
0 0.33321401476860046 0.8595476746559143 0.02380814154942834 0.03534841537475586
0 0.3629518747329712 0.8590385178485928 0.023317476113637325 0.035333196322123284
0 0.4213658571243286 0.8581939935684204 0.023317476113637325 0.035333196322123284
0 0.4490933418273926 0.8573095202445984 0.02343059579531348 0.03616853555043531
0 0.478135883808136 0.8571408416188602 0.02343059579531348 0.03616853555043531
0 0.5066387802362442 0.8569752972459799 0.023430595795313536 0.03616853555043531
0 0.5353076457977295 0.8568087889269907 0.02343059579531359 0.03616853555043531
0 0.5656654834747314 0.8566324710845947 0.02343059579531359 0.03616853555043531
0 0.5927734971046448 0.8558986221119761 0.024269461631774902 0.03617870807647705
0 0.6527002203130277 0.8567846293439612 0.02436737479450546 0.036029164209273934
0 0.6828219642706006 0.8569092937161988 0.02436045229992012 0.03577983546479835
0 0.7107477531360954 0.8572413538220932 0.024182063821267086 0.035115715253009716
0 0.7411645003356135 0.8578029747506911 0.021759784375501745 0.034905148629458704
0 0.7698782634140917 0.8578289235723056 0.025481498872750863 0.035765926219874844
0 0.7993769845301488 0.857715344234452 0.022157245892973187 0.03416773442829224
0 0.8273008005269963 0.8569015394490085 0.022895478385259738 0.034882668765534475
0 0.15965764224529266 0.9144897422654029 0.022587329149246216 0.03307521343231201
0 0.18921203911304474 0.9138924479484558 0.0226706862449646 0.032782038052876716
0 0.21851830184459686 0.9135420657292103 0.0226706862449646 0.032782038052876716
0 0.24761636555194855 0.9131941727129317 0.0226706862449646 0.032782038052876716
0 0.277102845851506 0.9128634595085136 0.0226706862449646 0.032782038052876716
0 0.3046884536743164 0.9125118255615234 0.0226706862449646 0.032782038052876716
0 0.3339363932609558 0.9125716686248779 0.022474288940429688 0.0337024529774983
0 0.3929460942745209 0.9114176970063913 0.022474288940429688 0.0337024529774983
0 0.4213927090167999 0.9108614056595319 0.022474288940429688 0.0337024529774983
0 0.4508199691772461 0.91028593717805 0.022474288940429688 0.0337024529774983
0 0.478455126285553 0.9097455143928528 0.022474288940429688 0.0337024529774983
0 0.5082658618410056 0.9095941781997681 0.02234999338785809 0.0336611270904541
0 0.5366132437625778 0.9093252294170046 0.022349993387858147 0.0336611270904541
0 0.5656683578669467 0.9096060991287231 0.022613922754923577 0.033368031183878655
0 0.595406490508641 0.9095585440429185 0.022613922754923577 0.033368031183878655
