0 0.17769397795200348 0.06984738268568011 0.024296114842096983 0.03483565648396811
0 0.20543159544467926 0.06851869076490402 0.024649212757746397 0.035081913073857635
0 0.23566286265850067 0.06741905288015447 0.024649212757746397 0.035081913073857635
0 0.2666366398334503 0.06629240679633455 0.02464921275774634 0.035081913073857635
0 0.296181321144104 0.06511440182580817 0.02492004632949829 0.03639063611626625
0 0.35876867175102234 0.06294117867946625 0.02492004632949829 0.03639063611626625
0 0.3877567946910858 0.061934622895726335 0.02492004632949829 0.03639063611626625
0 0.4196186661720276 0.06082828182334196 0.02492004632949829 0.03639063611626625
0 0.4487449526786804 0.06120313706349403 0.024394631385803223 0.035824163506428405
0 0.4795224666595459 0.05950789898633956 0.024394631385803223 0.035824163506428405
0 0.5102372765541077 0.05752664617737998 0.023845632870992006 0.03399208808938663
0 0.5403631329536438 0.05599658936262131 0.02384563287099195 0.03399208808938661
0 0.570509672164917 0.05446548209218009 0.02384563287099195 0.03399208808938661
0 0.6012436747550964 0.0529045382476546 0.02384563287099195 0.03399208808938663
0 0.6301584243774414 0.05143599212169647 0.02384563287099195 0.03399208808938661
0 0.23923537135124207 0.12279927942564893 0.024408857027689607 0.035325226684411376
0 0.2686561942100525 0.12193347157765386 0.024451076984405518 0.0351957951982816
0 0.29861581325531006 0.12067569047212602 0.024451076984405518 0.035195795198281615
0 0.3295936584472656 0.1193751616398485 0.024451076984405518 0.035195795198281615
0 0.3598520755767822 0.11810483622979592 0.024451076984405518 0.0351957951982816
0 0.3907259702682495 0.11680867150425912 0.024451076984405518 0.035195795198281615
0 0.4211975038051605 0.11552939892468167 0.024451076984405518 0.0351957951982816
0 0.45176488161087036 0.11408842441978975 0.024570226669311523 0.035340147713820144
0 0.48146557807922363 0.1133107711821344 0.02465786536534631 0.036108799278736115
0 0.5113033056259155 0.1121605634689331 0.024657865365346254 0.03610879927873613
0 0.24211767315864563 0.17850635945796967 0.025436957677205413 0.03903713822364807
0 0.2713920772075653 0.17840345203876495 0.02478744586308801 0.038303921620051085
0 0.3005892038345337 0.17700130417112533 0.02478744586308801 0.038303921620051085
0 0.33154019713401794 0.17551492950793793 0.02478744586308801 0.038303921620051085
0 0.3627176880836487 0.17401767763750903 0.02478744586308801 0.038303921620051085
0 0.3928382694721222 0.17257118225097656 0.02478744586308801 0.038303921620051085
0 0.21313335001468658 0.23872876449366276 0.02361061175664264 0.0360307842493057
0 0.2438020408153534 0.23723894357681274 0.023733079433441162 0.03589925169944763
0 0.27235105633735657 0.2358182286744791 0.023733079433441162 0.03589925169944766
0 0.30280473828315735 0.23430272983922212 0.023733079433441162 0.03589925169944763
0 0.33399030566215515 0.23275080941384263 0.023733079433441162 0.03589925169944763
0 0.36472126841545105 0.2312215119600296 0.02435922622680664 0.03569636742273968
0 0.3945717215538025 0.22997813766312158 0.02435922622680664 0.03569636742273968
0 0.42520996928215027 0.22849591076374054 0.024135450522104862 0.0357768138249715
0 0.45683225989341736 0.22735196235981867 0.024135450522104862 0.0357768138249715
0 0.4853402078151703 0.22632067648856183 0.024135450522104862 0.0357768138249715
0 0.5153633952140808 0.22523457625224963 0.024135450522104973 0.0357768138249715
0 0.5460405349731445 0.22412481904029846 0.024135450522104973 0.0357768138249715
0 0.5770504474639893 0.22380509972572327 0.02393837769826246 0.03616706530253094
0 0.6062152981758118 0.22270521506981794 0.02393837769826246 0.03616706530253094
0 0.6356500387191772 0.22159515214530318 0.02393837769826246 0.03616706530253094
0 0.6667359471321106 0.22042281925678253 0.024609486262003655 0.036523391803105654
0 0.6977965831756592 0.21905190029512744 0.024609486262003655 0.036523391803105654
0 0.7267346978187561 0.21777466276453894 0.024609486262003655 0.036523391803105654
0 0.7571306824684143 0.21643307942877052 0.024609486262003655 0.036523391803105654
0 0.7869473099708557 0.21511706709861755 0.024609486262003655 0.036523391803105654
0 0.8181820511817932 0.213479682803154 0.02447640895843506 0.03626161813735962
0 0.18413431357557528 0.2365225113440897 0.023520857095718384 0.033992230892181396
0 0.19053946435451508 0.2944984607693723 0.02450871467590332 0.03595070044199622
0 0.21740956604480743 0.29394035611522407 0.024175524711608887 0.03586347897847497
0 0.24655809998512268 0.29216399788856506 0.024218499660491943 0.035996437072753906
0 0.27627864480018616 0.29040134663156025 0.024218499660491943 0.035996437072753906
0 0.30638259649276733 0.2886159564705816 0.024218499660491943 0.035996437072753906
0 0.33711928129196167 0.2867930404899163 0.024218499660491943 0.035996437072753906
0 0.36711812019348145 0.285013884305954 0.024218499660491943 0.035996437072753906
0 0.4288085401058197 0.28359123758066485 0.024123092492421505 0.03613007068634033
0 0.4574632475505004 0.28327763908949916 0.024123092492421505 0.03613007068634033
0 0.48758646845817566 0.28198767586879936 0.024123092492421505 0.03613007068634033
0 0.5181780457496643 0.2822817822979821 0.024123092492421394 0.03613007068634033
0 0.5485913157463074 0.2804657647738586 0.024123092492421394 0.03613007068634033
0 0.5794747471809387 0.27885981098214785 0.02387821674346924 0.036181628704071045
0 0.6095201373100281 0.27810898423194885 0.024205168088277107 0.036584655443827274
0 0.6389707922935486 0.27757588028907776 0.024439891179402595 0.03691864013671875
0 0.6689789891242981 0.275918044353963 0.024376749992370605 0.03648511568705237
0 0.6990490555763245 0.27467453479766846 0.024376749992370605 0.03648511568705237
0 0.7291228771209717 0.27343086995426924 0.024376749992370605 0.03648511568705237
0 0.7593430876731873 0.2721811513786596 0.024376749992370605 0.03648511568705237
0 0.7889516949653625 0.27095672488212585 0.024376749992370605 0.03648511568705237
0 0.818078339099884 0.2697522293622423 0.024376749992370605 0.03648511568705237
0 0.3983121185659248 0.2832106477189287 0.023888885974884033 0.036690592765808105
0 0.19202233850955963 0.3505557087675298 0.02452059586842853 0.0368331869443258
0 0.2195681482553482 0.35034305549471645 0.024782642722129822 0.036828239758809445
0 0.24891816824674606 0.3486602306365967 0.024782642722129822 0.036828239758809445
0 0.27863770723342896 0.3469562188848736 0.024782642722129822 0.036828239758809445
0 0.3092068135738373 0.3452034959887658 0.024782642722129822 0.036828239758809445
0 0.33949607610702515 0.3434668183326721 0.024782642722129822 0.036828239758809445
0 0.36939263343811035 0.3417526569841041 0.024782642722129822 0.036828239758809445
0 0.398636132478714 0.3418149948120117 0.023531397183736202 0.03479925791422522
0 0.42966821789741516 0.34008803963661194 0.023592034975687626 0.034803688526153564
0 0.46044379472732544 0.3389014026828103 0.023592034975687626 0.034803688526153564
0 0.49033065140247345 0.3377490327772938 0.02359203497568768 0.034803688526153564
0 0.5206920504570007 0.3365783655860227 0.023592034975687737 0.034803688526153564
0 0.5505114793777466 0.3354285955429077 0.023592034975687737 0.034803688526153564
0 0.5809996724128723 0.33429043603898495 0.023581941922505623 0.03558625777562463
0 0.6111405491828918 0.33314844965934753 0.023581941922505623 0.03558625777562463
0 0.6718043088912964 0.33085000333832004 0.023581941922505623 0.03558625777562463
0 0.7013434767723083 0.3294158104628029 0.02436661720275879 0.03675536314646399
0 0.7308132648468018 0.3281963368933705 0.02436661720275879 0.03675536314646399
0 0.7619308233261108 0.326908677816391 0.02436661720275879 0.03675536314646399
0 0.7912750840187073 0.3253662368216185 0.024448076883951897 0.03679666916529334
0 0.13174377381801605 0.40923573849831213 0.024290795127550766 0.0364871621131897
0 0.1618071347475052 0.40790027379989624 0.02429079512755078 0.0364871621131897
0 0.19122666120529175 0.40659340930391935 0.02429079512755078 0.0364871621131897
0 0.22204963862895966 0.40522420117226954 0.02429079512755078 0.0364871621131897
0 0.25156161934137344 0.4039132297039032 0.02429079512755075 0.0364871621131897
0 0.28140679001808167 0.40258745738089435 0.024290795127550724 0.0364871621131897
0 0.3123444616794586 0.4019126296043396 0.024657567342122433 0.036902765432993534
0 0.3426264822483063 0.3998633097804721 0.024657567342122433 0.036902765432993534
0 0.3725430796275268 0.3999859296998706 0.024657567342122433 0.036902765432993534
0 0.4026280343532562 0.39844209439045675 0.024657567342122433 0.036902765432993534
0 0.4327678680419922 0.3958745253673368 0.024657567342122433 0.036902765432993534
0 0.46314483880996704 0.3949821549658637 0.02440774440765381 0.03686630725860596
0 0.522944986820221 0.3925780919758049 0.02440774440765381 0.03686630725860596
0 0.5527248978614807 0.39228289532036986 0.02411041657129931 0.03701110680898034
0 0.5826453566551208 0.39149123430252075 0.024337450663248772 0.036834319432576534
0 0.6133102774620056 0.3892008364200592 0.024548610051472908 0.0362798968950907
0 0.643133819103241 0.38923290371894836 0.024142344792683845 0.03657229741414392
0 0.673563539981842 0.38763567986150116 0.024142344792683845 0.03657229741414392
0 0.7038670182228088 0.38604508234655177 0.024142344792683845 0.03657229741414392
0 0.7339216470718384 0.38446754667292854 0.024142344792683845 0.03657229741414392
0 0.7627565860748291 0.38295403122901917 0.024142344792683845 0.03657229741414392
0 0.7937328219413757 0.38158573789865824 0.024110754330952888 0.03653635581334436
0 0.134896919131279 0.46358951926231384 0.024590402841567993 0.03692128260930383
0 0.16501404345035553 0.4624362885951996 0.024239569902420044 0.036697208881378174
0 0.1949056088924408 0.4612297533675611 0.024239569902420044 0.036697208881378174
0 0.22379393875598907 0.4600742757320404 0.024545222520828247 0.03661725918451941
0 0.25385767221450806 0.4587675307082418 0.024545222520828247 0.03661725918451941
0 0.28451549946456345 0.4584338471110097 0.025352447016819102 0.03857994091311567
0 0.3459915518760681 0.45476285547596806 0.024545222520828247 0.03661725918451941
0 0.3752804189114957 0.45355862379074097 0.024545222520828247 0.03661725918451941
0 0.4053029716014862 0.45257500195614436 0.02465655406316125 0.03609480460484826
0 0.4351297616958618 0.45164675648184455 0.02465655406316125 0.03609480460484826
0 0.46439260244369507 0.45073606178746456 0.02465655406316125 0.03609480460484826
0 0.4949776232242584 0.44978421926498413 0.024656554063161196 0.03609480460484826
0 0.5243203043937683 0.44895580410957336 0.024165014425913567 0.036216994126637814
0 0.5549352765083313 0.4480337657348135 0.024165014425913567 0.036216994126637814
0 0.5846893787384033 0.4470172256371918 0.024088581403096443 0.035375456015268925
0 0.6156357526779175 0.4444780945777893 0.02440420786539721 0.036025067170461056
0 0.6451979279518127 0.44327837459525254 0.02440420786539721 0.036025067170461056
0 0.6753929853439331 0.4420529703957463 0.02440420786539721 0.036025067170461056
0 0.7055690884590149 0.44082833541652605 0.02440420786539721 0.036025067170461056
0 0.7361538410186768 0.4395871162414551 0.02440420786539721 0.036025067170461056
0 0.7649221420288086 0.43852824341124047 0.02504165967305494 0.03678309917449951
0 0.7961466908454895 0.43727704882621765 0.02504165967305494 0.03678309917449951
0 0.13777153193950653 0.5181417844631506 0.02433253824710846 0.036465972661972046
0 0.1669367253780365 0.5172352194786072 0.024339268604914366 0.035767038663228334
0 0.1968528777360916 0.5164023297789112 0.024339268604914366 0.035767038663228334
0 0.22688047587871552 0.5155663373390992 0.024339268604914366 0.035767038663228334
0 0.25623928755521774 0.5147489644514363 0.024339268604914338 0.035767038663228334
0 0.28615114092826843 0.5139161944389343 0.02433926860491431 0.035767038663228334
0 0.34750932455062866 0.5130857676267624 0.024371445178985596 0.03558441996574402
0 0.3773130774497986 0.5114568958546134 0.024371445178985596 0.03558441996574402
0 0.4073835015296936 0.5088664889335632 0.02437436580657959 0.03549158573150635
0 0.43790334463119507 0.5076734565958901 0.02437436580657959 0.03549158573150635
0 0.4683417081832886 0.5064836093249613 0.02437436580657959 0.03549158573150635
0 0.4966372549533844 0.5053775255814572 0.02437436580657959 0.03549158573150635
0 0.5262104272842407 0.504221498966217 0.02437436580657959 0.03549158573150635
0 0.5562768578529358 0.5030364430506312 0.024016718069712395 0.03528168797492981
0 0.5877373218536377 0.5018037706613541 0.024016718069712395 0.03528168797492981
0 0.6160848140716553 0.4990768072556342 0.022902250289916992 0.03501402338345844
0 0.6463029384613037 0.4973470270633697 0.022902250289916992 0.03501402338345849
0 0.6753886342048645 0.4975110568055242 0.02391306559244799 0.03552376230557758
0 0.7072620987892151 0.4966543316841125 0.02391306559244799 0.03552376230557763
0 0.7373248338699341 0.49584627706256873 0.02391306559244799 0.03552376230557763
0 0.7678170800209045 0.495190787154275 0.024716416994730706 0.03536913792292279
0 0.14179037511348724 0.5751795172691345 0.024321178595225035 0.036002516746520996
0 0.1705230474472046 0.5735929889321939 0.024321178595225035 0.036002516746520996
0 0.2002217322587967 0.5719531204063497 0.024321178595225035 0.036002516746520996
0 0.22960695624351501 0.5703305602073669 0.023658921321233095 0.03585735956827807
0 0.2590106129646301 0.5710330009460449 0.024113257726033538 0.03695193926493334
0 0.2891964912414551 0.5696341445992551 0.024113257726033566 0.03695193926493334
0 0.3185865879058838 0.5682721658993222 0.024113257726033566 0.03695193926493334
0 0.3486248254776001 0.5668801514318871 0.024113257726033566 0.03695193926493334
0 0.37894296646118164 0.5654751658439636 0.024113257726033566 0.03695193926493334
0 0.2038014680147171 0.6282475240470331 0.024179538091023745 0.036094943682352776
0 0.23267105221748352 0.6268705129623413 0.024179538091023745 0.036094943682352776
0 0.26178406924009323 0.6254818907062192 0.024179538091023772 0.036094943682352776
0 0.29149651527404785 0.6240646770998611 0.0241795380910238 0.036094943682352776
0 0.32197996973991394 0.6238018493637946 0.02398171027501428 0.03563102086385084
0 0.3519798517227173 0.6222060322761536 0.02398171027501428 0.03563102086385084
0 0.38206997513771057 0.6206054148756451 0.02398171027501428 0.03563102086385084
0 0.4411294460296631 0.6169566221315649 0.02440180381139123 0.03586204846700025
0 0.47092556953430176 0.6158788204193115 0.02440180381139123 0.03586204846700025
0 0.5012612193822861 0.6147815026644234 0.024401803811391176 0.03586204846700025
0 0.5328390002250671 0.6136392538663135 0.02440180381139112 0.03586204846700025
0 0.5918039083480835 0.6115063428878784 0.02440180381139112 0.03586204846700025
0 0.6218810081481934 0.6104183775470472 0.02440180381139112 0.03586204846700025
0 0.6517026424407959 0.6101246335203212 0.024200042088826423 0.035920659701029534
0 0.681223452091217 0.6094436645507812 0.024200042088826423 0.035920659701029534
0 0.7105498313903809 0.6087671805881741 0.024200042088826423 0.035920659701029534
0 0.7408928565163025 0.6074299357877276 0.023314197858174568 0.03480819861094164
0 0.7695021922575599 0.605589747428894 0.023314197858174568 0.03480819861094164
0 0.8015313738170156 0.6041894209641178 0.023314197858174568 0.03480819861094164
0 0.14577817916870117 0.6845535563715345 0.02391776442527771 0.03579775492350268
0 0.17489972710609436 0.6835958361625671 0.02391776442527771 0.03579775492350268
0 0.20400142669677734 0.682638768706084 0.02391776442527771 0.03579775492350268
0 0.23387499153614044 0.6816563169208264 0.02391776442527771 0.03579775492350268
0 0.2645305395126343 0.680648148059845 0.02391776442527771 0.03579775492350268
0 0.2943817675113678 0.6796664308661593 0.02391776442527771 0.03579775492350268
0 0.3549066185951233 0.6768643403835948 0.023875335852305057 0.03593611717224121
0 0.38411086797714233 0.6756416356135643 0.023875335852305057 0.03593611717224121
0 0.4131586253643036 0.674425482749939 0.023875335852305057 0.03593611717224121
0 0.4435521960258484 0.672496198334688 0.023529380559921265 0.035585323969523186
0 0.4736412763595581 0.671439009709336 0.023529380559921265 0.035585323969523186
0 0.5039621144533157 0.6703736782073975 0.023529380559921265 0.035585323969523186
0 0.5339065790176392 0.6695600835825481 0.02428734302520752 0.03665880362192797
0 0.5935283303260803 0.6667677164077759 0.02428734302520752 0.03665880362192797
0 0.6232913136482239 0.665373775843667 0.02428734302520752 0.03665880362192797
0 0.6827279925346375 0.6625900764813103 0.02428734302520752 0.03665880362192797
0 0.7128376364707947 0.6611799001693726 0.02428734302520752 0.03665880362192797
0 0.7418158054351807 0.6598227161547242 0.02428734302520752 0.03665880362192797
0 0.1480766087770462 0.7382074594497681 0.023780624071757017 0.03610316912333178
0 0.1776275634765625 0.7375212642682561 0.023780624071757017 0.03610316912333178
0 0.20700596272945404 0.7367715835571289 0.0242071847120921 0.03569602966308594
0 0.23767322301864624 0.7356656735296004 0.0242071847120921 0.03569602966308594
0 0.2975628077983856 0.7335059601503204 0.024207184712092045 0.03569602966308594
0 0.32700344920158386 0.7324442839445675 0.024207184712092045 0.03569602966308594
0 0.35597631335258484 0.7313994765281677 0.024207184712092045 0.03569602966308594
0 0.38626840710639954 0.7300283868881472 0.023294071356455448 0.035196900367736816
0 0.41612958908081055 0.7286768013035843 0.023294071356455448 0.035196900367736816
0 0.47599807381629944 0.7259670163725171 0.023294071356455448 0.035196900367736816
0 0.5064908266067505 0.7250128514705366 0.024033308029174805 0.036396900812784905
0 0.535653293132782 0.7240870594978333 0.024033308029174805 0.036396900812784905
0 0.565591037273407 0.7231366555537261 0.024033308029174805 0.036396900812784905
0 0.5955718755722046 0.7221848835420148 0.024033308029174805 0.036396900812784905
0 0.6263619062097315 0.7217628060177685 0.024033308029174805 0.036396900812784905
0 0.6866296529769897 0.7192941623714203 0.024033308029174805 0.036396900812784905
0 0.7158346772193909 0.7158621706551535 0.023871223131815666 0.036553581555684334
0 0.745425283908844 0.7154614246015251 0.02403191725413012 0.035550594329833984
0 0.7751702070236206 0.7140302062034607 0.02403191725413012 0.035550594329833984
0 0.8030931949615479 0.71333909034729 0.02343706289927172 0.03428828716278076
0 0.21061958372592926 0.7904344797134399 0.023800134658813477 0.03568768501281738
0 0.2405322715640068 0.7894544281681904 0.023800134658813477 0.03568768501281738
0 0.27012625336647034 0.7885844275300642 0.023505528767903683 0.03515911102294922
0 0.29928120970726013 0.787569522857666 0.023505528767903683 0.03515911102294922
0 0.3291894495487213 0.7865283958532726 0.023505528767903683 0.03515911102294922
0 0.3585749566555023 0.7855054655454766 0.023505528767903683 0.03515911102294922
0 0.3881692588329315 0.7844752669334412 0.023853739102681515 0.035788655281066895
0 0.44805097579956055 0.7822917027429875 0.023780008157094357 0.035624464352925544
0 0.4784882068634033 0.7810474038124084 0.023780008157094357 0.035624464352925544
0 0.5086709260940552 0.779813509533987 0.0237800081570943 0.035624464352925544
0 0.5381509065628052 0.7786083437916166 0.023780008157094246 0.035624464352925544
0 0.5675332546234131 0.777407169342041 0.023780008157094246 0.035624464352925544
0 0.5970712900161743 0.7761996302668366 0.023780008157094246 0.035624464352925544
0 0.6276881098747253 0.7760900855064392 0.023898839950561523 0.03598058223724365
0 0.6579271554946899 0.7751698809428033 0.024008989334106445 0.0363994836807251
0 0.7176409363746643 0.7728664990212628 0.024063388506571526 0.036114414532979255
0 0.155427023768425 0.8468146920204163 0.024304981033007322 0.03532652060190844
0 0.18394356966018677 0.8468335844398254 0.023381138841311155 0.035295049349467034
0 0.21305279433727264 0.8455532193183899 0.023381138841311155 0.035295049349467034
0 0.2419792041182518 0.8442808952842473 0.023381138841311128 0.035295049349467034
0 0.2722186744213104 0.8429508164691563 0.0233811388413111 0.035295049349467034
0 0.3013197183609009 0.8416708111763 0.0233811388413111 0.035295049349467034
0 0.3311985731124878 0.8403565939851263 0.0233811388413111 0.035295049349467034
0 0.36124488711357117 0.841443657875061 0.023354152838389042 0.03477279345194506
0 0.42109405994415283 0.8382285616059877 0.023354152838389042 0.03477279345194506
0 0.4513237476348877 0.8370636701583862 0.024018218119939205 0.03596417109171557
0 0.48032107949256897 0.8357304660276709 0.024018218119939205 0.03596417109171557
0 0.5108480304479599 0.8343269349265466 0.02401821811993915 0.03596417109171557
0 0.5404766201972961 0.8329647075866329 0.024018218119939094 0.03596417109171557
0 0.5699852108955383 0.83160799741745 0.024018218119939094 0.03596417109171557
0 0.5997177958488464 0.8322641849517822 0.023589491844177246 0.03604908784230543
0 0.6298765540122986 0.8307799830977239 0.023589491844177246 0.03604908784230543
0 0.6900241333533098 0.8295326017929827 0.023589491844177246 0.03604908784230543
0 0.7496312260627747 0.8248865008354187 0.023589491844177246 0.03604908784230543
0 0.15792985260486603 0.9021188008382202 0.024145672718683897 0.035627881685892815
0 0.18782369792461395 0.9007321602350723 0.024060199658075987 0.035147349039713616
0 0.21663752182282225 0.8997113732427142 0.023570756117502867 0.03564397493998217
0 0.24609652145661132 0.8991233700099476 0.02357075611750284 0.03564397493998217
0 0.2754587827519299 0.8985372976796712 0.02357075611750281 0.03564397493998217
0 0.30454412086762206 0.8979567527511012 0.02357075611750281 0.03564397493998217
0 0.33413293957710266 0.8952668309211731 0.023349126180013058 0.034944891929626465
0 0.39508703351020813 0.8928358526885926 0.023349126180013058 0.034944891929626465
0 0.42482826113700867 0.8916497096044165 0.023349126180013058 0.034944891929626465
0 0.45308494567871094 0.8905227732394669 0.023349126180013058 0.034944891929626465
0 0.48221901059150696 0.8893608450889587 0.023349126180013058 0.034944891929626465
0 0.5131431221961975 0.889427125453949 0.023530125617980957 0.03442613283793139
0 0.543236255645752 0.8877721058326681 0.023530125617980957 0.03442613283793139
0 0.5726634860038757 0.885977133453303 0.02294687430063891 0.03353671232859301
0 0.6017581224441528 0.8847880959510803 0.02294687430063891 0.03353671232859301
0 0.631274938583374 0.8835818048393907 0.02294687430063891 0.03353671232859301
0 0.6613943576812744 0.8823508865934769 0.02294687430063891 0.03353671232859301
0 0.6910544037818909 0.8811387419700623 0.02294687430063891 0.03353671232859301
0 0.7212939858436584 0.8799029129128135 0.02294687430063891 0.03353671232859301
0 0.7820963263511658 0.8774741223622724 0.022890130678812737 0.03314793109893799
0 0.8104099631309509 0.8763303160667419 0.022890130678812737 0.03314793109893799
0 0.1611802275168067 0.9537955137054013 0.023470481236775698 0.034359971682230706
0 0.19033746421337128 0.9519874150363743 0.023153086503346743 0.03453012307484937
0 0.21899515390396118 0.9515190124511719 0.023153086503346743 0.03453012307484937
0 0.24794885516166687 0.9510457716328534 0.02315308650334677 0.03453012307484937
0 0.2801412343978882 0.9505195954539336 0.023153086503346798 0.03453012307484937
0 0.30603498220443726 0.9500963687896729 0.023153086503346798 0.03453012307484937
0 0.33638572692871094 0.9496002936543371 0.023153086503346798 0.03453012307484937
0 0.36831775307655334 0.9469132968221855 0.02239259084065759 0.03299935658772779
0 0.39743542623392397 0.945505254120382 0.02239259084065759 0.03299935658772779
0 0.42703634580188893 0.9448233839662317 0.02239259084065759 0.03299935658772779
0 0.831956256838406 0.6032807478357756 0.023314197858174568 0.03480819861094164
0 0.6597792110978601 0.8303935359052106 0.023589491844177246 0.03604908784230543
0 0.8403126202165124 0.8764660948100574 0.022890130678812737 0.03314793109893799
