0 0.2794393301010132 0.06811789579169694 0.023838281631469727 0.027576890102652615
0 0.31288549304008484 0.06735487316930017 0.02510237693786621 0.02773819413296012
0 0.348781943321228 0.06895251606785974 0.02436727285385132 0.028991122578465662
0 0.4154433012008667 0.0696998862333076 0.024913787841796875 0.027801280797914017
0 0.44874411821365356 0.07031255544618119 0.02431797981262207 0.027572986691497093
0 0.4823911190032959 0.0707994449970334 0.024823009967803955 0.0276247734247252
0 0.3831038005761246 0.0689917945977674 0.025245290638795492 0.030143797128658157
0 0.14442536924312363 0.11651910654747911 0.025491565465927124 0.030223513758459757
0 0.17665209676792373 0.11345822907950638 0.02475377917289734 0.029127364934876908
0 0.21097372472286224 0.11240866017896076 0.024833112955093384 0.027662121972372365
0 0.2451554238796234 0.11155446740083916 0.024814844131469727 0.02899063465207122
0 0.27964913845062256 0.11119563080543696 0.02449113130569458 0.028933014980582303
0 0.3131081461906433 0.11184789603967213 0.024816513061523438 0.030241788819778796
0 0.4156259000301361 0.11195219394772551 0.024772942066192627 0.028258878131245457
0 0.45002228021621704 0.11270061759061592 0.024059832096099854 0.02822831619617551
0 0.4834759533405304 0.1134199763453284 0.02450960874557495 0.02853684092676917
0 0.5174137353897095 0.11404458866562954 0.024547696113586426 0.027372160623239918
0 0.5852465033531189 0.11658625270045081 0.023984313011169434 0.02827327195988145
0 0.6508873701095581 0.11907546464786974 0.024846911430358887 0.028960050538528796
0 0.6835972666740417 0.11938744922016942 0.023993968963623047 0.02695012647052144
0 0.7159152030944824 0.11957384819208189 0.024327874183654785 0.02671907114428143
0 0.7813822627067566 0.12132170034009357 0.02394998073577881 0.026557212652162064
0 0.8130077123641968 0.12212277567663858 0.023701906204223633 0.025922708733137265
0 0.8450635671615601 0.12151260154191838 0.02426779270172119 0.026738188987554506
0 0.14142219722270966 0.15990294966586802 0.02448520064353943 0.02894776366477789
0 0.17594633996486664 0.15919789602590162 0.024621039628982544 0.030225487642509992
0 0.2099134624004364 0.15730682639188545 0.024307310581207275 0.02912461480429006
0 0.24453690648078918 0.15656722978103993 0.02403956651687622 0.03037100060041561
0 0.3125171661376953 0.15547409722971361 0.024270594120025635 0.029064178466796875
0 0.3495542109012604 0.155358447584995 0.02506852149963379 0.02969094209892805
0 0.38069215416908264 0.15564507107402004 0.024766147136688232 0.030605892802393713
0 0.4159517288208008 0.15620189489320266 0.025345027446746826 0.02980090296545694
0 0.45166853070259094 0.15772327156954033 0.024241328239440918 0.030008271683094112
0 0.4844491183757782 0.15799409289692723 0.02495598793029785 0.02948239792224973
0 0.5192455053329468 0.15866505822470023 0.02494180202484131 0.03113657929176508
0 0.14160839702601724 0.20446666659636195 0.025798757591158017 0.030525122970612727
0 0.20788198709487915 0.20183392458183821 0.025487184524536133 0.029818246530932048
0 0.24288441985845566 0.20076620855996774 0.025157466530799866 0.028888081395348836
0 0.27746838331222534 0.20100116729736328 0.024493932723999023 0.030853182770485103
0 0.3126677870750427 0.20076662440632664 0.02501702308654785 0.029945473338282385
0 0.3472062410183356 0.20100681989236435 0.023567271484455588 0.0292561494935768
0 0.41679349541664124 0.20223129627316497 0.024754583835601807 0.030750185944313228
0 0.4852549135684967 0.20282641122507494 0.025933444499969482 0.03008531969647075
0 0.5199707746505737 0.20324882241182549 0.02411067485809326 0.029196805732194766
0 0.5537109375 0.20388658656630404 0.024646759033203125 0.02797809866971748
0 0.5881072282791138 0.20603228724280068 0.02367079257965088 0.02723999910576399
0 0.6209392547607422 0.20534810354543287 0.023749351501464844 0.026811998943949856
0 0.6541860103607178 0.20616404954777207 0.024399995803833008 0.027117130368254905
0 0.6877793073654175 0.20631291145502134 0.02461850643157959 0.02735137939453125
0 0.7534855008125305 0.2075711627339208 0.024515628814697266 0.02776496354923692
0 0.7859927415847778 0.20817171141158702 0.02315664291381836 0.027043897052143894
0 0.8193525075912476 0.2088296801544899 0.023610591888427734 0.026824551959370457
0 0.8519514799118042 0.20862867665845294 0.023890972137451172 0.026346073594204215
0 0.8849461078643799 0.20902780044910518 0.023259401321411133 0.025747742763785428
0 0.9164128303527832 0.20933860956236375 0.023386716842651367 0.026338976483012356
0 0.1388043314218521 0.24906670769979788 0.024874836206436157 0.030052096344703853
0 0.1724269837141037 0.24770226589469022 0.02516189217567444 0.0295690048572629
0 0.20735612511634827 0.2469492845757063 0.025410443544387817 0.02953697914300963
0 0.24264979201583237 0.24687806523149486 0.024068656801617738 0.028366895830387845
0 0.2773532233607601 0.247244341871418 0.02378655235532301 0.030464226924406024
0 0.3123747492340249 0.2466909117750211 0.02505759705959909 0.028674977824526295
0 0.3463389575481415 0.24656411104424056 0.025425255298614502 0.029661622158316678
0 0.41757503151893616 0.24807785832604698 0.025043368339538574 0.029312710429346838
0 0.45180991291999817 0.248496787492619 0.024696946144104004 0.03030191465865734
0 0.48576584458351135 0.24837842098502225 0.025435030460357666 0.030064072719840115
0 0.5208985209465027 0.24906706255535746 0.024564027786254883 0.029796422914017077
0 0.5546436309814453 0.24918019494345023 0.024867653846740723 0.030510214872138446
0 0.13788639168154465 0.2956881559575824 0.02590708752892948 0.030962371347200163
0 0.17264145612716675 0.294867228076817 0.024579644203186035 0.031845758127611735
0 0.20666161179542542 0.29373818774556004 0.02520608901977539 0.030761984891669696
0 0.27691763639450073 0.2933875460957372 0.026438355445861816 0.0310541640880496
0 0.3123749792575836 0.2929416035496911 0.024810373783111572 0.030179666918377545
0 0.34717512130737305 0.2932214293369027 0.02456146478652954 0.031032429185024527
0 0.3831195533275604 0.29376422527224516 0.024704933166503906 0.030947618706281797
0 0.41754794120788574 0.29441758089287334 0.024543583393096924 0.030651403027911518
0 0.4871034622192383 0.2953611640043037 0.024845004081726074 0.02976488512615825
0 0.5216461420059204 0.295287664546523 0.024718523025512695 0.02917946216671966
0 0.5551854372024536 0.296006535374841 0.024165987968444824 0.030243141706599745
0 0.5898069739341736 0.2959789675335551 0.024079561233520508 0.028848603714344112
0 0.6243510842323303 0.2967960002810456 0.024412035942077637 0.027843120486237282
0 0.6575661897659302 0.297322761180789 0.025087356567382812 0.02817939048589662
0 0.6914946436882019 0.2968556381935297 0.02456510066986084 0.02850550274516261
0 0.7244707345962524 0.2972606614578602 0.024271726608276367 0.02776651604231014
0 0.7582472562789917 0.2978246600128884 0.024367570877075195 0.02963106022324673
0 0.7922411561012268 0.2968267840008403 0.02694690227508545 0.029429901477902434
0 0.1349644996225834 0.3441094498353723 0.02544974535703659 0.03251483828522438
0 0.17059248797770396 0.34227739461762813 0.02522730827331543 0.030605183091274527
0 0.20444051921367645 0.3419227156528207 0.02445116639137268 0.031444549560546875
0 0.24063425969349944 0.34196025839225735 0.025810412537883715 0.03190544674862213
0 0.31198763847351074 0.34194349688152936 0.025818347930908203 0.03170519096906795
0 0.34833499789237976 0.34216749945352243 0.025022804737091064 0.03075302478878997
0 0.38263723254203796 0.341798604920853 0.024766087532043457 0.03175216497376908
0 0.4173208773136139 0.34174173931742824 0.024923861026763916 0.03258784981661065
0 0.13518255949020386 0.39059661155523256 0.025308609008789062 0.030903217404387718
0 0.16920936107635498 0.38969625428665516 0.025119036436080933 0.030189425446266353
0 0.20448378770843917 0.3896393572376966 0.025678256168052055 0.03138047230921788
0 0.24006744876433989 0.3893541803994103 0.026027074302306247 0.02992249409800235
0 0.3126208484172821 0.3891928473184275 0.026561498641967773 0.0305734678756359
0 0.34856799244880676 0.3895501868669377 0.025926530361175537 0.030346360317496365
0 0.38391005992889404 0.39014958226403523 0.02507317066192627 0.02937787078147711
0 0.4538182318210602 0.39036462473314865 0.02563410997390747 0.030568233756131904
0 0.4890887439250946 0.39062939133755 0.02524811029434204 0.031030699264171513
0 0.557525634765625 0.3907021810842115 0.025736331939697266 0.030101598695267077
0 0.59208083152771 0.3910177807475245 0.024381041526794434 0.029299004133357558
0 0.6260631680488586 0.3905171682668287 0.025156259536743164 0.029505263927371003
0 0.6602649092674255 0.390305851781091 0.025838494300842285 0.02956496837527253
0 0.6946018934249878 0.39086807605832125 0.024653196334838867 0.029811415561409885
0 0.7283920645713806 0.39058978058571037 0.02479422092437744 0.029430832973746365
0 0.7627886533737183 0.38991116368493367 0.026513338088989258 0.029486811438272167
0 0.7973724603652954 0.3900622434394304 0.024510741233825684 0.02839713872865189
0 0.831505298614502 0.3896856529768123 0.02477121353149414 0.027737728385038154
0 0.8653252720832825 0.38965118763058687 0.02371680736541748 0.026979313340297965
0 0.13373560197826284 0.4395756430469208 0.02485131472349167 0.030062830725381542
0 0.16960446536540985 0.4380490502645803 0.026258081197738647 0.02943109911541606
0 0.20497475564479828 0.43808205183162247 0.025677919387817383 0.029801124750181686
0 0.2769016623497009 0.43754701836164606 0.026903748512268066 0.030224467432776164
0 0.31297844648361206 0.43770364273426143 0.02657914161682129 0.031116130740143532
0 0.38365963101387024 0.43802953320880267 0.025716543197631836 0.03198366386945858
0 0.4195963144302368 0.4372599845708803 0.026177048683166504 0.02977903499159702
0 0.455424964427948 0.43712762344715206 0.025708258152008057 0.030453970265942952
0 0.4905823916196823 0.43741363702818403 0.025211483240127563 0.029622809831486192
0 0.5247736573219299 0.43804683241733283 0.02480900287628174 0.029604002486827763
0 0.5588027834892273 0.4374878461970839 0.025417327880859375 0.030867820562318314
0 0.13218766823410988 0.4856606416924055 0.02703317254781723 0.03413204814112464
0 0.1307601939904298 0.5381734570843617 0.026974588632583618 0.03259552356808684
0 0.16681592166423798 0.5378115462715389 0.02699640393257141 0.033143243124318676
0 0.20357691087353397 0.5367748792781386 0.026375144720077515 0.03225246695585029
0 0.27631187438964844 0.540284045906954 0.026750028133392334 0.032767096231150074
0 0.34953057765960693 0.5368847514307776 0.026017427444458008 0.03205596568972566
0 0.3854837715625763 0.5356862711351972 0.02503412961959839 0.03083854497865189
0 0.4208703637123108 0.5347631143969159 0.02654743194580078 0.032035206639489465
0 0.45648953318595886 0.5351432090581849 0.026289522647857666 0.031249822572220202
0 0.4918656498193741 0.5349805964980014 0.024090498685836792 0.030630599620730378
0 0.526111900806427 0.5346071553784747 0.025638341903686523 0.030828165453533795
0 0.5963303446769714 0.533743703088095 0.025810599327087402 0.031089516573174054
0 0.631016194820404 0.5339752906976745 0.02590358257293701 0.032119129979333215
0 0.6652480959892273 0.533470819162768 0.025548100471496582 0.03222452208053234
0 0.699501633644104 0.5328690284906432 0.025108695030212402 0.030329859533975292
0 0.7343530654907227 0.5329403544581214 0.025718331336975098 0.030525384947311048
0 0.7688467502593994 0.5327328970265943 0.025516986846923828 0.029746210852334667
0 0.12966025853310953 0.5878968733941536 0.028604952417349033 0.034081785475040274
0 0.1651494679666461 0.5875003323022397 0.02823246078032285 0.03078053421635259
0 0.2013688087463379 0.5873296427172284 0.02761867642402649 0.03263633195744004
0 0.23745416104793549 0.5873785240705623 0.026121050119400024 0.033622386843659154
0 0.27531726819248825 0.5868544600938967 0.026133362676056315 0.033437056447210414
0 0.3119956719483568 0.5863426684135823 0.02613336267605637 0.031048695272409672
0 0.34840837121009827 0.5856184404949809 0.027243375778198242 0.03211336357648983
0 0.42086148262023926 0.5842625817587209 0.025349318981170654 0.03286024581554324
0 0.45563942193984985 0.5831632835920467 0.0259321928024292 0.03175531431686047
0 0.5274119973182678 0.5835199577863827 0.02555251121520996 0.032632517260174417
0 0.5626251697540283 0.5834531118703443 0.024647116661071777 0.03204931214798328
0 0.5967028737068176 0.5830084778541742 0.02458631992340088 0.03170013427734375
0 0.6321107745170593 0.5827861608460893 0.02552509307861328 0.031550385231195494
0 0.6667700409889221 0.5825765742812046 0.025581002235412598 0.031773589378179506
0 0.7019473910331726 0.581829869469931 0.025862455368041992 0.03180020354514898
0 0.7367888689041138 0.5808930951495503 0.025982260704040527 0.03099352814430414
0 0.7709322571754456 0.5809751554977062 0.025761127471923828 0.031382183695948404
0 0.12707386910915375 0.6375480030858239 0.029343247413635254 0.035766246706940404
0 0.1616876721382141 0.6367602237435275 0.03208369016647339 0.03760404365007267
0 0.23787988697838897 0.6375871706847112 0.028568277686414595 0.032965193514298594
0 0.276234228286385 0.6380336281253413 0.029801203051643188 0.03138988972595265
0 0.31069398360073286 0.6377523810416542 0.02781977927740753 0.03263477280041264
0 0.3487319853943838 0.636701897901145 0.029000062338063404 0.032138373812989764
0 0.3854098320007324 0.6346767780392669 0.028819561004638672 0.03191544288812682
0 0.4219508767127991 0.633920713912609 0.02638012170791626 0.03180064711459847
0 0.4577028453350067 0.6335681649141534 0.02753978967666626 0.03358628029047057
0 0.5287704467773438 0.6317790275396302 0.025569915771484375 0.03077342898346657
0 0.5630401372909546 0.6315144383630087 0.027568817138671875 0.030947663063226744
0 0.5980032682418823 0.6303539276123047 0.02520155906677246 0.03226568532544513
0 0.6328282356262207 0.6309344713077989 0.02701270580291748 0.032390594482421875
0 0.6681467294692993 0.6307382805402889 0.027154207229614258 0.03166092273800872
0 0.7039055228233337 0.62990898309752 0.02843642234802246 0.030630777048510173
0 0.14832256958238396 0.6924204732122503 0.028456538915634155 0.03275600699491279
0 0.18222007435252408 0.6937578142776097 0.02801877148274526 0.03321807599767922
0 0.2184458076953888 0.6942856810813727 0.02805924415588379 0.033057989076126455
0 0.2547643855214119 0.6944782789363417 0.026899680495262146 0.032787855281386266
0 0.290594220161438 0.6943246264790379 0.02835369110107422 0.033722189969794696
0 0.3295544683933258 0.6953942498495412 0.03011113405227661 0.032795041106468026
0 0.36781325936317444 0.6948569985323174 0.027438700199127197 0.03256074772324673
0 0.4025217890739441 0.6953854671744413 0.03133893013000488 0.03541795597519985
0 0.4746381342411041 0.6962089982143668 0.029529333114624023 0.035534880882085756
0 0.5131211876869202 0.6964307385821675 0.031732916831970215 0.03564550710278888
0 0.5467641949653625 0.6965827498325082 0.02891361713409424 0.03472660863122275
0 0.5852530598640442 0.6962990428126136 0.02704787254333496 0.029949099518531978
0 0.6186829209327698 0.6966467125471248 0.02678990364074707 0.033240650975426965
0 0.6554549336433411 0.6980330445045648 0.028111934661865234 0.03356720680414244
0 0.6904606819152832 0.6980465290158294 0.028569936752319336 0.03445266013921693
0 0.7256799340248108 0.6987219522165697 0.029548048973083496 0.03256793354832849
0 0.14195746183395386 0.74442841285883 0.028996527194976807 0.034900221713753635
0 0.17874526977539062 0.7444076316301212 0.0272810161113739 0.033500893171443495
0 0.2160692662000656 0.7455769694128702 0.027356386184692383 0.03299362714900527
0 0.25343018770217896 0.7456722703090933 0.027299344539642334 0.03448787955350654
0 0.32754939794540405 0.7464971542358398 0.027294814586639404 0.03504265186398528
0 0.36397403478622437 0.7471069513365279 0.028229713439941406 0.03338853702988735
0 0.40231508016586304 0.7469028206758721 0.02603238821029663 0.034093280171239096
0 0.43809473514556885 0.7471741964650709 0.026385009288787842 0.032627016999000724
0 0.4743305444717407 0.7472047362216684 0.026681184768676758 0.032908905384152434
0 0.5106979608535767 0.7470977250919786 0.026461124420166016 0.033378778501998545
0 0.5466837882995605 0.7477509254632995 0.02616572380065918 0.03308921636537064
0 0.6174498200416565 0.7473210179528524 0.026077985763549805 0.03174715263898983
0 0.6537781357765198 0.7473115033881609 0.026064276695251465 0.03220283153445222
0 0.6884244084358215 0.7475609890250272 0.02612006664276123 0.031105218931686048
0 0.7239953875541687 0.7480997484783793 0.02516186237335205 0.031147801598837208
0 0.7944511771202087 0.7490107514137445 0.026876330375671387 0.03116447981013808
0 0.829025149345398 0.7489486516908158 0.025740385055541992 0.03016928739325945
0 0.14062044136401075 0.7966109012487557 0.026125222444534302 0.0332847417787064
0 0.1758013367652893 0.7967682771904524 0.027096331119537354 0.03287293190179869
0 0.2136164754629135 0.7976151399834212 0.027299970388412476 0.034152008766351744
0 0.2505202367901802 0.7986239056254543 0.027797803282737732 0.03454696300417878
0 0.32510504126548767 0.7994312907374183 0.027088820934295654 0.03540713288063227
0 0.39910590648651123 0.7991236309672511 0.026133596897125244 0.032556223314861917
0 0.4356820583343506 0.7986357045728106 0.027006149291992188 0.03305710193722747
0 0.4726235866546631 0.7993071800054505 0.02619856595993042 0.03346926666969477
0 0.5088900178670883 0.7989653653876726 0.025832921266555786 0.031966985658157705
0 0.5442602634429932 0.7988952814146529 0.026018619537353516 0.032749619594840115
0 0.5805128812789917 0.7986255024754724 0.02649533748626709 0.03367827659429506
0 0.13598087057471275 0.8481167638024618 0.028845496475696564 0.03444760344749273
0 0.17424842715263367 0.8494061314782431 0.02665024995803833 0.033919933230377904
0 0.2110176980495453 0.8505437096884084 0.026561886072158813 0.03374427972837936
0 0.24729300290346146 0.8511603599370912 0.027132973074913025 0.0344188601471657
0 0.2847677767276764 0.8518899429676144 0.02643144130706787 0.03385375266851381
0 0.32248592376708984 0.851797059524891 0.027232348918914795 0.03327480582303779
0 0.36029186844825745 0.8522246604742005 0.02687126398086548 0.03437184178551962
0 0.4337010383605957 0.8504736257153888 0.02668660879135132 0.03379626606785974
0 0.5075859427452087 0.8501851281454397 0.025905847549438477 0.03324002997819767
0 0.5435104370117188 0.850072372791379 0.02649366855621338 0.033747296000635904
0 0.5792170763015747 0.8504221716592478 0.02604663372039795 0.03291515971339026
0 0.6160677075386047 0.8500675822413245 0.025104641914367676 0.032364246457122096
0 0.6510632038116455 0.850116818450218 0.02587425708770752 0.0324809939362282
0 0.6871218681335449 0.849473376606786 0.0265425443649292 0.03206847434820131
0 0.7223725318908691 0.8493093446243641 0.02860414981842041 0.033611741176871365
0 0.1335771083831787 0.899024253667787 0.027119696140289307 0.032001051791878635
0 0.17096786201000214 0.9010039041208666 0.02669641375541687 0.030783897222474564
0 0.2083464115858078 0.902355992516806 0.02634286880493164 0.03187738462936047
0 0.2453782632946968 0.9023947604866915 0.026990875601768494 0.03167547181595203
0 0.2836374342441559 0.9032354133073673 0.0271531343460083 0.03143878315770349
0 0.3208905756473541 0.904075356416924 0.02678990364074707 0.030725700910701308
0 0.35888218879699707 0.9031855561012445 0.0266798734664917 0.030612501987191135
0 0.3953237235546112 0.9034723681072856 0.02708035707473755 0.031432750613190404
0 0.432184100151062 0.9027295667071675 0.026762068271636963 0.031657196754632994
0 0.5057130604982376 0.9023667268974837 0.02632567286491394 0.030853448912154798
0 0.5786064863204956 0.9019348676814589 0.026758909225463867 0.030955647313317586
0 0.6143077611923218 0.9009322232978288 0.025899767875671387 0.03247638081395349
0 0.6500065326690674 0.9004411032033521 0.026440143585205078 0.03107399164244186
0 0.6858169436454773 0.8989230311194132 0.02581155300140381 0.030097074286882266
0 0.3826084421641791 0.11253687955570982 0.024778451492537268 0.028744359597362025
