0 0.09463749080896378 0.14865692993105514 0.024940383931001037 0.028836915659350017
0 0.12502897903323174 0.14831151518710825 0.02483356247345607 0.02883468302645426
0 0.15669162571430206 0.14786343068835786 0.024833562473456083 0.02883468302645426
0 0.18803726136684418 0.1474198324768483 0.024833562473456083 0.02883468302645426
0 0.2199101448059082 0.14696877274253808 0.024833562473456083 0.02883468302645426
0 0.2518303096294403 0.14651704388995504 0.024833562473456056 0.02883468302645426
0 0.3162507116794586 0.14641745856620972 0.0253584086894989 0.028528509213942902
0 0.34785062074661255 0.14614991254584733 0.0253584086894989 0.028528509213942902
0 0.3806247413158417 0.14587242486350813 0.0253584086894989 0.028528509213942902
0 0.4122961759567261 0.14629929564719976 0.025214115778605106 0.028633391210275118
0 0.44434884190559387 0.14635350687540638 0.02583722273508704 0.029204035914221476
0 0.5088270902633667 0.14618566694975463 0.025837222735087095 0.029204035914221476
0 0.5409066677093506 0.14586598824946898 0.025726358095804924 0.02866708030996398
0 0.5738348364830017 0.1453489481016647 0.025726358095804924 0.02866708030996398
0 0.6068516969680786 0.14483051531110827 0.025726358095804924 0.02866708030996398
0 0.6389604806900024 0.14432634119819243 0.025726358095804924 0.02866708030996398
0 0.6710216999053955 0.14382291394610738 0.025726358095804924 0.02866708030996398
0 0.09361030161380768 0.19343855222449546 0.024789713323116302 0.029602316922919696
0 0.12519119307398796 0.1928059500317241 0.024789713323116302 0.029602316922919696
0 0.15721972286701202 0.19216438111959075 0.024789713323116302 0.029602316922919696
0 0.18825069069862366 0.19154279454028703 0.024789713323116302 0.029602316922919696
0 0.22011405229568481 0.19090453414029854 0.024789713323116302 0.029602316922919696
0 0.09459239989519119 0.23803325032078942 0.024857113758722932 0.02934930490892987
0 0.1253983974456787 0.23765548439913017 0.0253147433201472 0.029176726821781157
0 0.15680675208568573 0.23736724592393416 0.024934828281402588 0.029403361239174513
0 0.1886763572692871 0.2373795176661292 0.024934828281402588 0.029403361239174513
0 0.22113372385501862 0.23739201573232033 0.024934828281402588 0.029403361239174513
0 0.2525325194001198 0.2374041061840829 0.024934828281402588 0.029403361239174513
0 0.3161967694759369 0.23742862080418786 0.024934828281402588 0.029403361239174513
0 0.3482675850391388 0.23744097002465384 0.024934828281402588 0.029403361239174513
0 0.3802819848060608 0.23734221347542697 0.024637917677561405 0.02791678258614944
0 0.41237860918045044 0.23723948279092477 0.02498924732208252 0.028233550315679506
0 0.44406014680862427 0.2369088697094349 0.02498924732208252 0.028233550315679506
0 0.4764799475669861 0.23657055247383205 0.02498924732208252 0.028233550315679506
0 0.5065838098526001 0.23625640324307803 0.02498924732208252 0.028233550315679506
0 0.5388396382331848 0.2359197971432708 0.02498924732208252 0.028233550315679506
0 0.09548697620630264 0.2823645125987918 0.02486494928598404 0.029240275538244914
0 0.1262880526483059 0.2822063122726354 0.02486494928598404 0.029240275538244914
0 0.15809419751167297 0.2820429497193611 0.02486494928598404 0.029240275538244914
0 0.1903550773859024 0.2818772515585256 0.02486494928598404 0.029240275538244914
0 0.09713125228881836 0.32665132921795514 0.024882212281227112 0.029925605123357284
0 0.12758487835526466 0.3270000413406727 0.025222909947236374 0.02989804467489553
0 0.1588228940963745 0.3269078029563373 0.02522290994723636 0.02989804467489553
0 0.19036374986171722 0.32681467035788864 0.02522290994723636 0.02989804467489553
0 0.2225894331932068 0.32671951562753593 0.02522290994723636 0.02989804467489553
0 0.25488295406103134 0.32662416058917376 0.025222909947236388 0.02989804467489553
0 0.09756980836391449 0.3708645354869754 0.02467552324136099 0.029412654019141397
0 0.12911270558834076 0.3709299176238304 0.025078554948170975 0.02960249435069949
0 0.19143253564834595 0.3716597307258677 0.02507855494817096 0.02960249435069949
0 0.22309444844722748 0.37214025231294856 0.02462370196978253 0.028818100921867415
0 0.25456997007131577 0.3723243542189668 0.024623701969782502 0.028818100921867415
0 0.3181476294994354 0.3726962231404955 0.024623701969782474 0.028818100921867415
0 0.3496396839618683 0.3728804217479152 0.024623701969782474 0.028818100921867415
0 0.38044118881225586 0.3730605812959893 0.024623701969782474 0.028818100921867415
0 0.4124537706375122 0.3733594263322116 0.02449681858221686 0.02851124696953352
0 0.47619980573654175 0.3735116076008755 0.02486550807952881 0.028322027635204715
0 0.5067498087882996 0.37323787414980564 0.025624752044677734 0.029294169226358104
0 0.5385461449623108 0.3730152240667302 0.025757670402526855 0.02926640177881995
0 0.6026162505149841 0.372756325921347 0.025757670402526855 0.02926640177881995
0 0.6347373723983765 0.37262652905568694 0.025757670402526855 0.02926640177881995
0 0.6668170094490051 0.3724968998243109 0.025757670402526855 0.02926640177881995
0 0.7318388223648071 0.3722341559654058 0.025757670402526855 0.02926640177881995
0 0.7638819813728333 0.37210467413658976 0.025757670402526855 0.02926640177881995
0 0.7964625358581543 0.3717832121738168 0.02597276369730639 0.029325699621392802
0 0.8284375667572021 0.3716049840903948 0.02597276369730639 0.02932569962139276
0 0.09805479645729065 0.4169167015881236 0.02417907863855362 0.028400125429611744
0 0.12872349098324776 0.41708866385526433 0.02460843076308568 0.028467814127604112
0 0.15978600084781647 0.4172633679694515 0.024608430763085665 0.028467814127604112
0 0.192140132188797 0.4174453365187048 0.024608430763085665 0.028467814127604112
0 0.22393861413002014 0.41762417994263484 0.024608430763085665 0.028467814127604112
0 0.28684383630752563 0.4179779762445494 0.02460843076308572 0.028467814127604112
0 0.3496098220348358 0.4183423091731964 0.02464240789413452 0.028358104617096657
0 0.3807726502418518 0.4187479256870756 0.024942974249521854 0.02818283554195439
0 0.4126819372177124 0.41897689464480375 0.024942974249521854 0.02818283554195439
0 0.44382143020629883 0.4185147839923238 0.024975170691808102 0.028642905774966747
0 0.5067003816366196 0.4189084121485569 0.024975170691808046 0.028642905774966747
0 0.5381065011024475 0.41910501741341194 0.02497517069180799 0.028642905774966747
0 0.5700242519378662 0.4193048255388127 0.02497517069180799 0.028642905774966747
0 0.6335264444351196 0.41970235524280514 0.02497517069180799 0.028642905774966747
0 0.665543258190155 0.419575542186903 0.025413711865742927 0.028135965036791423
0 0.6980876922607422 0.41956409616962004 0.025413711865742927 0.028135965036791423
0 0.7308140397071838 0.4195525861726212 0.025413711865742927 0.028135965036791423
0 0.7627994418144226 0.41954133676928146 0.025413711865742927 0.028135965036791423
0 0.09837904572486877 0.460654147835665 0.023741498589515686 0.028641545495321583
0 0.12938469648361206 0.46056419195130816 0.02375081181526184 0.02775724544081577
0 0.16060204803943634 0.46088129975074943 0.024358481168746948 0.028225743493368458
0 0.09825621545314789 0.5041589958723202 0.024055446187655122 0.028533698976501994
0 0.12944436073303223 0.5042990704146597 0.024055446187655136 0.028533698976501994
0 0.1607285887002945 0.5043097959285963 0.023970752954483032 0.029132872588874814
0 0.19192512333393097 0.5044011847917423 0.023970752954483032 0.029132872588874814
0 0.22416849434375763 0.5044956403155753 0.023970752954483032 0.029132872588874814
0 0.2865564823150635 0.5046784031564365 0.023970752954483032 0.029132872588874814
0 0.31873688101768494 0.5047726742056913 0.023970752954483032 0.029132872588874814
0 0.34982773661613464 0.5048637534867958 0.023970752954483032 0.029132872588874814
0 0.4123865067958832 0.5051735722741415 0.024689098199208614 0.02800984345665279
0 0.44372639060020447 0.505468525153259 0.024689098199208614 0.02800984345665279
0 0.47468963265419006 0.5057599332978349 0.024689098199208614 0.02800984345665279
0 0.5054922550916672 0.5060498297833812 0.02468909819920856 0.02800984345665279
0 0.5375050902366638 0.506351116091706 0.024689098199208503 0.02800984345665279
0 0.600357711315155 0.5065320023588187 0.024750709533691406 0.028412870658460567
0 0.6320297122001648 0.5066231525752103 0.024750709533691406 0.028412870658460567
0 0.6640897989273071 0.5067154196805732 0.024750709533691406 0.028412870658460567
0 0.6962941884994507 0.5070257408674373 0.025534113248189216 0.029266120851501994
0 0.7285485863685608 0.5070336505297262 0.025534113248189216 0.029266120851501994
0 0.7613619565963745 0.5070416972673559 0.025534113248189216 0.029266120851501994
0 0.7936469316482544 0.5070496144280079 0.025534113248189216 0.029266120851501994
0 0.8263475298881531 0.5070576335108558 0.025534113248189216 0.029266120851501994
0 0.09891259670257568 0.547174986018691 0.024253020683924348 0.02889189609261446
0 0.12982472777366638 0.547369029600349 0.02425302068392436 0.02889189609261446
0 0.16090436279773712 0.5475641246484009 0.024253020683924376 0.02889189609261446
0 0.22463639080524445 0.5479641873601068 0.024253020683924376 0.02889189609261446
0 0.25504928082227707 0.5479470422221766 0.024222175280253083 0.028798362081365013
0 0.2862899899482727 0.5482051760651344 0.024222175280253055 0.028798362081365013
0 0.3177213966846466 0.5484648855927802 0.024222175280253055 0.028798362081365013
0 0.3493586480617523 0.5487262959610806 0.024222175280253055 0.028798362081365013
0 0.3807615041732788 0.5489857695823492 0.024222175280253055 0.028798362081365013
0 0.44290870428085327 0.5494992757107836 0.024222175280253055 0.028798362081365013
0 0.4742213487625122 0.5493741496133498 0.023579835891723633 0.02897599686023801
0 0.5047941207885742 0.5497671615245731 0.024069905281066895 0.028370435847792516
0 0.5361854434013367 0.5495478561337126 0.024108846982320076 0.028421121050221106
0 0.567468523979187 0.5498600893242415 0.024108846982320076 0.028421121050221106
0 0.5994492173194885 0.5501792853155735 0.024108846982320076 0.028421121050221106
0 0.6309104561805725 0.550493296685494 0.024108846982320076 0.028421121050221106
0 0.6636806726455688 0.5508203728254452 0.024108846982320076 0.028421121050221106
0 0.6955322623252869 0.5511382802464986 0.024108846982320076 0.028421121050221106
0 0.727919340133667 0.5510845486066194 0.024468819300333733 0.028183072112327397
0 0.7601802945137024 0.5511774601666211 0.024295250574747795 0.02861756317375237
0 0.7928053140640259 0.5512981858364371 0.024295250574747795 0.02861756317375237
0 0.09924080222845078 0.5912491998007131 0.024044824143250793 0.02822938076285429
0 0.12958769127726555 0.5912564067379531 0.02404482414325078 0.02822938076285429
0 0.19230055809020996 0.5912713001161354 0.024044824143250765 0.02822938076285429
0 0.22377710044384003 0.5912787753293248 0.024044824143250765 0.02822938076285429
0 0.2544530853629112 0.5915965379199749 0.023990313212076814 0.028372919836709667
0 0.31786784529685974 0.5918171461238417 0.023990313212076786 0.028372919836709667
0 0.349373459815979 0.5917134839434957 0.023862600326538086 0.02822160351183993
0 0.3807513415813446 0.591956066965498 0.023862600326538086 0.02822160351183993
0 0.4431934058666229 0.5924388077944569 0.023862600326538086 0.02822160351183993
0 0.4740823805332184 0.5926776110660482 0.023862600326538086 0.02822160351183993
0 0.5365947484970093 0.5931608954141306 0.023862600326538086 0.02822160351183993
0 0.5677425861358643 0.5927593319915062 0.024151404698689705 0.028303249861842846
0 0.5992554426193237 0.5940175526042897 0.024082620938618904 0.028522846310637718
0 0.6637505292892456 0.5948992884436319 0.024082620938618904 0.028522846310637718
0 0.6954337358474731 0.5953324411095188 0.024082620938618904 0.028522846310637718
0 0.7275398969650269 0.5950142082119548 0.024569670359293694 0.02867797733277308
0 0.7593559622764587 0.5950715264608694 0.024569670359293694 0.02867797733277308
0 0.09809339791536331 0.6326920265375182 0.023724526166915894 0.026959973712300144
0 0.12975773215293884 0.6337274507034657 0.0237393577893575 0.027025681133418064
0 0.16088861227035522 0.6337259655313489 0.023739357789357485 0.027025681133418064
0 0.19163574278354645 0.6337244986669128 0.023739357789357485 0.027025681133418064
0 0.2229481041431427 0.6337230048368051 0.023739357789357485 0.027025681133418064
0 0.2543471157550812 0.6337215068728425 0.023739357789357513 0.027025681133418064
0 0.2861708700656891 0.6348623877389349 0.023620009422302246 0.028004136196402615
0 0.31848573684692383 0.6347709034764489 0.024097800254821777 0.028112219285595378
0 0.3802042007446289 0.6350544021953215 0.024097800254821777 0.028112219285595378
0 0.4112081527709961 0.6351968163146039 0.024097800254821777 0.028112219285595378
0 0.442044734954834 0.635338461634196 0.024097800254821777 0.028112219285595378
0 0.47372573614120483 0.6354839857234511 0.024097800254821777 0.028112219285595378
0 0.5364444851875305 0.6362923023312591 0.024375398953755623 0.02776996109836791
0 0.5680109262466431 0.6362803703130677 0.02417933940887451 0.027593420457470378
0 0.5993103981018066 0.6365942966409446 0.02417933940887451 0.027593420457470378
0 0.6310922503471375 0.6369130611304755 0.02417933940887451 0.027593420457470378
0 0.662786066532135 0.6371605905333341 0.024332761764526367 0.02784433290939917
0 0.6947429776191711 0.63755146292753 0.024332761764526367 0.02784433290939917
0 0.7591819167137146 0.6383396305428145 0.024332761764526367 0.02784433290939917
0 0.7912288904190063 0.6387316045137907 0.024332761764526367 0.02784433290939917
0 0.8228139281272888 0.6391179284384084 0.024332761764526367 0.02784433290939917
