0 0.1449696895751086 0.040391165763139725 0.020400474468867003 0.030544110263387367
0 0.17270322144031525 0.04001924001078004 0.020400474468867003 0.030544110263387367
0 0.2298704105796236 0.0405047547926201 0.022991778272570984 0.0321829620056689
0 0.2571799538352273 0.04050514914772727 0.02163973721590909 0.03329190340909091
0 0.28409597187331226 0.039532282617750825 0.02329420682155725 0.03301817624177109
0 0.31350092060160906 0.03903282301303172 0.02339775363604224 0.03290736533757293
0 0.34255586139896377 0.038202315414507776 0.023275582901554348 0.032889410621761664
0 0.3996663772952247 0.04071794914470643 0.02239652002094955 0.03291805248778921
0 0.427401602268219 0.03937195485030562 0.021396776040395138 0.030729634066422776
0 0.45613768696784973 0.03820006641209976 0.021396776040395138 0.030729634066422776
0 0.4848300623667261 0.03843669950502036 0.022082103245822493 0.0324206424407365
0 0.5128427561443293 0.03869835582546735 0.02070373641600476 0.03189732979984249
0 0.14596216922456567 0.08995638245886023 0.02115019072185864 0.03564785014499318
0 0.1722954660654068 0.09033529460430145 0.0233038067817688 0.03577946126461029
0 0.22768071293830872 0.090589240193367 0.023878008127212524 0.03553125262260437
0 0.1449541449546814 0.14463727176189423 0.022720366716384888 0.033515373865763365
0 0.17202095687389374 0.14412834994910087 0.022720366716384888 0.033515373865763365
0 0.2016688883304596 0.14357089681913923 0.022720366716384888 0.033515373865763365
0 0.22808712720870972 0.143074169754982 0.022720366716384888 0.033515373865763365
0 0.28442487120628357 0.14546607434749603 0.022058308124542236 0.03175418575604755
0 0.3127764165401459 0.1445838410281009 0.022058308124542236 0.03175418575604755
0 0.3415544033050537 0.14368833785569393 0.022058308124542236 0.03175418575604755
0 0.36978670954704285 0.1428098149760151 0.022058308124542236 0.03175418575604755
0 0.39848724007606506 0.14191672205924988 0.022058308124542236 0.03175418575604755
0 0.14568617870461756 0.19685929874682057 0.02240075170993805 0.03386734922726947
0 0.17458391830402337 0.19693762896873981 0.02240075170993805 0.03386734922726947
0 0.2287815511226654 0.198226391856414 0.02199074129263562 0.03318650523821515
0 0.2574465498328209 0.19715626537799835 0.02199074129263559 0.03318650523821515
0 0.2853017293418627 0.19666014161130363 0.021990741292635563 0.03318650523821515
0 0.3157475505776973 0.1965544047740454 0.021990741292635563 0.03318650523821515
0 0.34291683067929557 0.19653320883839862 0.021990741292635563 0.03318650523821515
0 0.14548637752705904 0.24930508365285214 0.022345155477523804 0.03332497179508209
0 0.17336690425872803 0.24853868445316307 0.022345155477523804 0.03332497179508209
0 0.1999717801809311 0.24877736233960435 0.022345155477523804 0.033324971795082065
0 0.22864031791687012 0.2490345537662506 0.022345155477523804 0.03332497179508209
0 0.257943831384182 0.249297441692514 0.022345155477523804 0.03332497179508212
0 0.2856002449989319 0.2496067113285892 0.022135699788729313 0.033219253023465484
0 0.3133912980556488 0.24940819335858844 0.02227570116519928 0.03373172382513681
0 0.3712899684906006 0.24966344982385635 0.02227570116519928 0.03373172382513681
0 0.3976256847381592 0.2505304303110002 0.02179773648579919 0.03275549908479056
0 0.42797988653182983 0.2510049343109131 0.02179773648579919 0.03275549908479056
0 0.45406824350357056 0.2517697697544815 0.02181057135264075 0.033331329623858125
0 0.14524440467357635 0.30156898498535156 0.023571143547693907 0.03496009111404419
0 0.17364561557769775 0.3010732478916568 0.023571143547693907 0.03496009111404419
0 0.20184648036956787 0.3005810077967257 0.023571143547693907 0.03496009111404419
0 0.22924000024795532 0.3001028597354889 0.023571143547693907 0.03496009111404419
0 0.28638947010040283 0.30177223682403564 0.022618254025777218 0.03272863229115808
0 0.31492727994918823 0.30180085135750706 0.022618254025777218 0.03272863229115808
0 0.3424321711063385 0.30182843019529504 0.022618254025777218 0.03272863229115808
0 0.3993661403656006 0.3018855172309738 0.022618254025777218 0.03272863229115808
0 0.4273926019668579 0.30191361904144287 0.022618254025777218 0.03272863229115808
0 0.45547744631767273 0.3023589029681882 0.022151211897532108 0.03269791603088379
0 0.48503046028560515 0.3025055011679677 0.022693289273349404 0.0325375727935982
0 0.1463432815022419 0.35386626738958404 0.02248740497339574 0.03375261249937539
0 0.1743714622574149 0.35448109285201435 0.023896745758353127 0.03498226342423594
0 0.2301417097758135 0.3540746118738244 0.02209527188323321 0.03315731960257101
0 0.14869914948940277 0.4045804726862207 0.02281952897707623 0.03410772482554114
0 0.17454175651073456 0.40499335527420044 0.02281952897707623 0.03410772482554114
0 0.20348654687404633 0.40545580087591043 0.02281952897707623 0.03410772482554114
0 0.22998665273189545 0.4058791882020921 0.02281952897707623 0.03410772482554114
0 0.2867909371852875 0.4067867398262024 0.022819528977076176 0.03410772482554114
0 0.31494084000587463 0.4072364856555743 0.022819528977076176 0.03410772482554114
0 0.34312358498573303 0.4061126112937927 0.022527366876602173 0.033543507258097294
0 0.37097403407096863 0.40647534800420054 0.022527366876602173 0.033543507258097294
0 0.2590867802500725 0.4581342041492462 0.023013795415560395 0.03302198648452759
0 0.286393404006958 0.45766456127550686 0.023013795415560367 0.03302198648452759
0 0.31561434268951416 0.4571619943621302 0.023013795415560367 0.03302198648452759
0 0.34334975481033325 0.45668497681617737 0.023013795415560367 0.03302198648452759
0 0.26021937280893326 0.5106525272130966 0.024122223258018494 0.03536978363990784
0 0.31530317664146423 0.5090169310569763 0.022399306297302246 0.032620906829833984
0 0.3424111008644104 0.5090304613113403 0.022774875164031982 0.03306770324707031
0 0.28787773847579956 0.5604865025979867 0.022597074508666992 0.03216087818145752
0 0.31655540352040623 0.5607496728551202 0.023756802082061768 0.03229093551635742
0 0.3453047105685417 0.5610954279726651 0.022761285305023193 0.03316664695739746
0 0.1500246240685023 0.6119554687537455 0.0225447416305542 0.034363627433776855
0 0.1764400601387024 0.612746000289917 0.0225447416305542 0.034363627433776855
0 0.23216447234153748 0.6133960577222323 0.0225447416305542 0.034363627433776855
0 0.25884387642145157 0.6137072883700991 0.0225447416305542 0.034363627433776855
0 0.289738643817951 0.6140027642250061 0.0225447416305542 0.034363627433776855
0 0.31742095947265625 0.6143906238544141 0.0225447416305542 0.034363627433776855
0 0.3446945832183324 0.6135912892731978 0.021944483121236202 0.031728267669677734
0 0.17669734358787537 0.6649366485751157 0.02189077933629352 0.03295830885569262
0 0.20409800112247467 0.6652021692885632 0.022358636061350523 0.0332608620325725
0 0.23274938762187958 0.6650570034980774 0.022358636061350523 0.0332608620325725
0 0.26136472821235657 0.6649120203386437 0.022358636061350468 0.0332608620325725
0 0.28867506980895996 0.6647736491178865 0.022358636061350468 0.0332608620325725
0 0.3167691230773926 0.6646313071250916 0.022358636061350468 0.0332608620325725
0 0.3727668821811676 0.6643475875582948 0.022358636061350468 0.0332608620325725
0 0.40123968189244447 0.663746155284804 0.021660427252451542 0.031994660695393806
0 0.4305590392703219 0.6644911908115129 0.021660427252451542 0.031994660695393806
0 0.4567910347886654 0.6638898083583061 0.021462619304656982 0.0318568547566731
0 0.151126479701057 0.7178697390780966 0.02078701059023541 0.032155195871989006
0 0.17851251711190674 0.7167893478289787 0.02078701059023541 0.032155195871989006
0 0.20732435012728437 0.7162898047504294 0.02078701059023541 0.032155195871989006
0 0.23447349667549133 0.715725832132656 0.02078701059023541 0.032155195871989006
0 0.263288289308548 0.7168424129486084 0.020787010590235355 0.032155195871989006
0 0.2893233299255371 0.7178512776406321 0.020787010590235355 0.032155195871989006
0 0.34496787468386436 0.7177866964696509 0.02104649941126502 0.03187624613444018
0 0.3731078505516052 0.7171946755893078 0.02104649941126502 0.03187624613444018
0 0.4025885604823809 0.7165870260867819 0.02104649941126502 0.03187624613444018
0 0.42961724743324237 0.7154803347093454 0.02104649941126502 0.03187624613444018
0 0.17939809605556448 0.7698252204168646 0.020807504653930664 0.031609535217285156
0 0.23348258435726166 0.768513023853302 0.021384507417678833 0.032453179359436035
0 0.1771106804899601 0.8185812869802748 0.02121374011039734 0.03134961922963453
0 0.2058064043521881 0.8187797282643886 0.02121374011039734 0.03134961922963453
0 0.26272465219151786 0.8201999157675741 0.02121374011039734 0.03134961922963453
0 0.2900664281350961 0.8193912673792036 0.02121374011039734 0.03134961922963453
0 0.31560173630714417 0.8180634379386902 0.02121374011039734 0.03134961922963453
0 0.18000773146968516 0.8707335093687504 0.021541019280751528 0.03220280011494947
0 0.2339208424091339 0.8714559252585343 0.021541019280751528 0.03220280011494947
0 0.2614266574382782 0.8713447565094483 0.021541019280751583 0.03220280011494947
0 0.3175023713354337 0.8705917404869855 0.021541019280751583 0.03220280011494947
0 0.15290909424676735 0.9197330697108124 0.019149690866470337 0.029489000638325935
0 0.17880588062738967 0.9203809571174487 0.019149690866470337 0.029489000638325935
0 0.20593769911487225 0.9205484555172272 0.02095696405839112 0.030923745745206843
0 0.23504129771964027 0.9209059716212209 0.02068144057766866 0.03020871353721921
0 0.26135456562042236 0.9204280972480774 0.021280070145924923 0.03136169910430908
0 0.2889409065246582 0.9202703027921171 0.021280070145924923 0.03136169910430908
0 0.316845178604126 0.9201106897630811 0.021280070145924923 0.03136169910430908
0 0.37228628993034363 0.919793565428617 0.021280070145924923 0.03136169910430908
0 0.39918458461761475 0.9196397066116333 0.021280070145924923 0.03136169910430908
0 0.42900320887565613 0.9191569089889526 0.02233046293258667 0.03123295307159424
0 0.15009546279907227 0.6641433735464917 0.0225447416305542 0.034363627433776855
0 0.15239741136236923 0.7692369135798766 0.020702354339737966 0.031632829750426694
0 0.15119731843162693 0.820150746202449 0.02078701059023541 0.032155195871989006
0 0.15375466771830143 0.871560801291741 0.020702354339737966 0.031632829750426694
0 0.2886818015979508 0.8710340979677784 0.02121374011039734 0.03134961922963453
