0 0.2810060977935791 0.0481846718167275 0.02005857229232788 0.021539828574010572
0 0.307070046831659 0.04797097383174119 0.02005857229232788 0.021539828574010565
0 0.3339032828807831 0.046938779062813955 0.02005857229232788 0.021539828574010565
0 0.3609881103038788 0.04672131427498751 0.02005857229232788 0.021539828574010565
0 0.3878374695777893 0.0465057400670899 0.02005857229232788 0.021539828574010572
0 0.4152205293461428 0.04683593541227385 0.02041272322336829 0.022214965302814804
0 0.4423842714667994 0.04678815040230473 0.020759009035293707 0.0221336520068168
0 0.09351274371147156 0.0799035582431527 0.020504732926686614 0.02231515100760054
0 0.11940690502524376 0.08001175037650175 0.020519482592741653 0.02198725338130035
0 0.14567387104034424 0.0799750957650776 0.020519482592741667 0.02198725338130035
0 0.19968275725841522 0.07989972829642372 0.020519482592741667 0.02198725338130035
0 0.22650161385536194 0.07999092713961717 0.020431642731030764 0.022037653959998797
0 0.2529142424464226 0.0798254456630973 0.02043164273103079 0.022037653959998797
0 0.27988505363464355 0.07965646703823313 0.02043164273103082 0.022037653959998797
0 0.307065486907959 0.07948617508054286 0.02043164273103082 0.022037653959998797
0 0.360973060131073 0.07914843115695687 0.02043164273103082 0.022037653959998797
0 0.38806062936782837 0.0789787210148111 0.02043164273103082 0.022037653959998797
0 0.4149117171764374 0.07883926879527957 0.020493626594543457 0.022295286489087483
0 0.4417508542537689 0.07902368279390556 0.02074132363001502 0.02262466268021932
0 0.46872594952583313 0.07918961569375012 0.02074132363001502 0.02262466268021932
0 0.4955552667379379 0.07935465186363028 0.020741323630015074 0.02262466268021932
0 0.5496036410331726 0.07968712162465388 0.02074132363001513 0.02262466268021932
0 0.576306164264679 0.07985137784203818 0.02074132363001513 0.02262466268021932
0 0.6036278605461121 0.07972929292526772 0.02105998992919922 0.02242329693579858
0 0.629845142364502 0.07961214300032252 0.02105998992919922 0.02242329693579858
0 0.6571096181869507 0.07949031376881042 0.02105998992919922 0.02242329693579858
0 0.6836218237876892 0.0793718459994294 0.02105998992919922 0.02242329693579858
0 0.7640458941459656 0.08039489457773608 0.021169702212015862 0.022236387859019192
0 0.09179229289293289 0.11136362164519555 0.020763670404752105 0.022217011266900573
0 0.11820995807647705 0.11181208144786746 0.020716071128845215 0.022109800530958533
0 0.14381487667560577 0.11231911459634471 0.020503337184588133 0.021891032078469434
0 0.17147545516490936 0.11232960823945969 0.020503337184588133 0.021891032078469434
0 0.19824886322021484 0.11233976531514102 0.020503337184588133 0.021891032078469434
0 0.22542183101177216 0.1123500739725138 0.020503337184588133 0.021891032078469434
0 0.25302011519670486 0.11236054398292719 0.020503337184588105 0.021891032078469434
0 0.27998852729797363 0.112236375306103 0.02074553072452545 0.021956273751665468
0 0.33429017663002014 0.11198635821493683 0.02074553072452545 0.021956273751665468
0 0.36082977056503296 0.11149000491066045 0.02046934763590491 0.021922828615173827
0 0.3878979980945587 0.11173953566440316 0.02046934763590491 0.021922828615173827
0 0.41413724422454834 0.11198142438272857 0.02046934763590491 0.021922828615173827
0 0.4417461156845093 0.11223593910844804 0.02046934763590491 0.021922828615173827
0 0.49550536274909973 0.11273152329200922 0.02062779664993286 0.021989541460377314
0 0.5230121612548828 0.11251250397916514 0.02062779664993286 0.021989541460377314
0 0.549562394618988 0.11230110119210385 0.02062779664993286 0.021989541460377314
0 0.5761944651603699 0.11208904678714057 0.02062779664993286 0.021989541460377314
0 0.6032770872116089 0.11187340492425962 0.02062779664993286 0.021989541460377314
0 0.6297065019607544 0.11162682466728743 0.02104628086090088 0.021965034248292922
0 0.6576589345932007 0.11019204591335115 0.020838578542073494 0.021568083947943177
0 0.7112694082960571 0.11168355669866895 0.020838578542073494 0.021568083947943177
0 0.7390634117826904 0.11160453680172973 0.020838578542073494 0.021568083947943177
0 0.7671332059606994 0.11152473281652414 0.020838578542073494 0.021568083947943177
0 0.7936901150450195 0.11144923004773893 0.020838578542073494 0.021568083947943177
0 0.8204952774748291 0.11137302148089245 0.020838578542073494 0.021568083947943177
0 0.8480277953848327 0.1102214009436645 0.020992358525594 0.021676876748255042
0 0.09042174369096756 0.14467625568414055 0.020431709786256164 0.02196450196495353
0 0.11685904487967491 0.1445863080579181 0.02043170978625615 0.02196450196495353
0 0.1436905562877655 0.1444950192103201 0.020431709786256136 0.02196450196495353
0 0.1708299219608307 0.14440268295019845 0.020431709786256136 0.02196450196495353
0 0.19835546612739563 0.14430903279504112 0.020431709786256136 0.02196450196495353
0 0.225106880068779 0.14380643534105877 0.020408272743225098 0.022274298261302374
0 0.2521863579750061 0.14404602040041692 0.020408272743225098 0.022274298261302374
0 0.2800619900226593 0.14429264941527126 0.020408272743225098 0.022274298261302374
0 0.3071962296962738 0.1445327189781097 0.020408272743225098 0.022274298261302374
0 0.33476871252059937 0.14477666588716728 0.020408272743225098 0.022274298261302374
0 0.38753849267959595 0.14523696378330364 0.020410021146138546 0.02212179169174314
0 0.4420676529407501 0.14454861699782648 0.020377804835637447 0.02218603533367778
0 0.46869397163391113 0.1447088366922377 0.020377804835637447 0.02218603533367778
0 0.4962296634912491 0.1448745283969613 0.020377804835637392 0.02218603533367778
0 0.5226166844367981 0.14503330815472795 0.020377804835637336 0.02218603533367778
0 0.5497149229049683 0.14493424483120737 0.020321398973464966 0.022270039994587255
0 0.0897475853562355 0.17545769935430483 0.020663077632586152 0.021897441657014603
0 0.11603706330060959 0.175637802302845 0.020663077632586166 0.021897441657014603
0 0.14353471994400024 0.1758261821957398 0.02066307763258618 0.021897441657014603
0 0.17040754854679108 0.1760102815406267 0.02066307763258618 0.021897441657014603
0 0.19766828417778015 0.17619703834412445 0.02066307763258618 0.021897441657014582
0 0.22433499991893768 0.17646504438669294 0.02038083473841351 0.021802443866581894
0 0.2522273659706116 0.1767002569073375 0.020380834738413484 0.021802443866581894
0 0.30723026394844055 0.1771640888480253 0.020380834738413456 0.021802443866581873
0 0.3335575759410858 0.17737728251344803 0.02063318093617761 0.022235005400901616
0 0.36079639196395874 0.17741494955018508 0.02063318093617761 0.022235005400901616
0 0.38762012124061584 0.1774520425866533 0.02063318093617761 0.022235005400901595
0 0.41511237621307373 0.17749006008995313 0.02063318093617761 0.022235005400901595
0 0.4417417049407959 0.17752688430076421 0.02063318093617761 0.022235005400901616
0 0.49592044949531555 0.17760180505942672 0.020633180936177553 0.022235005400901595
0 0.5229183435440063 0.17781743337941724 0.02039645115534472 0.0225646551265273
0 0.5501338243484497 0.17790543032272907 0.02039645115534472 0.022564655126527278
0 0.5773274302482605 0.1773033807444018 0.020814716815948486 0.022390472796536224
0 0.60407555103302 0.17772055864521588 0.020682215690612793 0.02235814397649246
0 0.630814790725708 0.177959774815759 0.020682215690612793 0.02235814397649248
0 0.6581370830535889 0.1782042071263352 0.020682215690612793 0.02235814397649248
0 0.08765033632516861 0.20808710053909657 0.02060695489247641 0.022789326749106737
0 0.11520147323608398 0.20769232372904933 0.020557577411333725 0.02254486083984375
0 0.142441064119339 0.2090245623921239 0.020849679907162966 0.022693870603576215
0 0.16980288922786713 0.20927863565151517 0.020849679907162966 0.022693870603576215
0 0.19755589962005615 0.20974691784014052 0.020668541391690554 0.022413002428158336
0 0.2521967962384224 0.21010955544405205 0.02066854139169058 0.022413002428158336
0 0.27954337000846863 0.2102910476339849 0.02066854139169061 0.022413002428158336
0 0.3063412606716156 0.21046889835499044 0.02066854139169061 0.022413002428158336
0 0.33353883028030396 0.2106494016425554 0.02066854139169061 0.022413002428158336
0 0.3606708347797394 0.21082946979132158 0.02066854139169061 0.022413002428158336
0 0.38762030005455017 0.21078959176706713 0.0207383930683136 0.022450114405432414
0 0.4151902496814728 0.21081770461373198 0.0207383930683136 0.022450114405432414
0 0.4689224660396576 0.21087249490460594 0.0207383930683136 0.022450114405432414
0 0.4962516576051712 0.21090036225229258 0.0207383930683136 0.022450114405432414
0 0.5230368971824646 0.21092767493669376 0.0207383930683136 0.022450114405432414
0 0.5500703454017639 0.2109727326254989 0.02043643593788147 0.022462800491687862
0 0.6043168902397156 0.21104258230788878 0.02043643593788147 0.022462800491687862
0 0.6316339373588562 0.21107775665992914 0.02043643593788147 0.022462800491687862
0 0.6590840816497803 0.21019911211590434 0.02163529396057129 0.023105769194373817
0 0.6860182285308838 0.20979561817853262 0.021499832471211677 0.023141668748485923
0 0.7138625979423523 0.20899874665016352 0.021499832471211677 0.023141668748485923
0 0.740863025188446 0.20822602770622678 0.021499832471211677 0.023141668748485923
0 0.7685497403144836 0.2074336680491638 0.021499832471211677 0.023141668748485923
0 0.7970625758171082 0.20661766584529434 0.021499832471211677 0.023141668748485923
0 0.8522416353225708 0.20503850918233257 0.021499832471211677 0.023141668748485923
0 0.08785397559404373 0.24204329557197038 0.020650779207547515 0.022974029067874907
0 0.11446987092494965 0.24226247803248074 0.020650779207547515 0.022974029067874907
0 0.14226622879505157 0.24249138162694747 0.020650779207547487 0.022974029067874907
0 0.16916827857494354 0.24281579394673192 0.02070125937461853 0.02296243711959484
0 0.1972297877073288 0.24286543812682357 0.02070125937461853 0.02296243711959484
0 0.224629744887352 0.2429139119420532 0.02070125937461853 0.02296243711959484
0 0.251756489276886 0.24296190241104118 0.02070125937461853 0.02296243711959484
0 0.2792257070541382 0.24301049875658612 0.02104620138804114 0.022806862528009904
0 0.3343449532985687 0.24367042486233484 0.02104620138804114 0.022806862528009904
0 0.36070573329925537 0.24398603452820736 0.02104620138804114 0.022806862528009904
0 0.38772347569465637 0.24430950980662558 0.02104620138804114 0.022806862528009904
0 0.41511186957359314 0.24463742278343023 0.02104620138804114 0.022806862528009904
0 0.44199660420417786 0.24427707968377854 0.020811518033345577 0.022652426431345386
0 0.46926069259643555 0.24425149518390035 0.020811518033345577 0.022652426431345386
0 0.4961280971765518 0.2444627007772756 0.021163811286290468 0.022912018058836026
0 0.5505317449569702 0.24422210706022535 0.021163811286290413 0.022912018058836026
0 0.577388346195221 0.24410333690816996 0.021163811286290413 0.022912018058836026
0 0.6045886278152466 0.24399854970532794 0.02113266785939527 0.022912195486615824
0 0.6316297650337219 0.24345019892396486 0.02113266785939527 0.022912195486615824
0 0.6594380140304565 0.24288629234923398 0.02113266785939527 0.022912195486615824
0 0.7144853472709656 0.24177002094576047 0.02113266785939527 0.022912195486615824
0 0.7417845129966736 0.24121643776117369 0.02113266785939527 0.022912195486615824
0 0.7975737452507019 0.24020558329637964 0.021522323290507073 0.02303411794263263
0 0.8256102204322815 0.23967558838600336 0.021522323290507073 0.02303411794263263
0 0.8534906506538391 0.2391485433127256 0.021522323290507073 0.02303411794263263
0 0.08684548735618591 0.2756340780923533 0.020854607224464417 0.022706704546314772
0 0.11401791125535965 0.2759601016377294 0.020603035887082427 0.022458320440248
0 0.14122796058654785 0.2762159559069162 0.0206030358870824 0.022458320440248
0 0.16869446635246277 0.2764742216187611 0.0206030358870824 0.022458320440248
0 0.196455180644989 0.2767352537536525 0.0206030358870824 0.022458320440248
0 0.2238708883523941 0.2769930418147597 0.0206030358870824 0.022458320440248
0 0.25203144550323486 0.277277808441039 0.020679642756779998 0.02245324896287546
0 0.3067637085914612 0.27779962850171463 0.020679642756780026 0.02245324896287546
0 0.33401766419410706 0.27804853022323356 0.020754049221674564 0.022546398547268625
0 0.36110448837280273 0.27835834435583295 0.020535767078399658 0.02258685208106223
0 0.387593150138855 0.27833113559456757 0.02049831549326575 0.022583362668059593
0 0.4149478077888489 0.2782983346123408 0.02049831549326575 0.022583362668059593
0 0.44151413440704346 0.278266478918207 0.02049831549326575 0.022583362668059593
0 0.4693601727485657 0.27823308872117314 0.02049831549326575 0.022583362668059593
0 0.4961642324924469 0.2782009479611419 0.020498315493265806 0.022583362668059593
0 0.5233299136161804 0.278125389169868 0.020316342512766594 0.022440015807632354
0 0.5503858923912048 0.27806435047365846 0.020316342512766594 0.022440015807632354
0 0.6052810549736023 0.2779405061588731 0.020316342512766594 0.022440015807632354
0 0.6323843002319336 0.27730971126566695 0.020597418149312263 0.022218763366226104
0 0.6596445441246033 0.27667526242121476 0.020597418149312263 0.022218763366226104
0 0.6871564984321594 0.2760349553246322 0.020597418149312263 0.022218763366226104
0 0.715010941028595 0.2753866772318995 0.020597418149312263 0.022218763366226104
0 0.7423260807991028 0.27468014857687517 0.020743250846862793 0.022190419278403612
0 0.7711007595062256 0.2742418391292967 0.02108232180277514 0.022540247717569042
0 0.8267300724983215 0.27307204313056416 0.02108232180277514 0.022540247717569042
0 0.08623287081718445 0.3083853832511015 0.02065122127532959 0.022739765255950218
0 0.11331047117710114 0.30918146779967504 0.020537783702214568 0.022553643514943676
0 0.14121349155902863 0.30926779813544697 0.02053778370221454 0.022553643514943676
0 0.16902029514312744 0.30935383078199563 0.02053778370221454 0.022553643514943676
0 0.1968153715133667 0.30943982714522095 0.02053778370221454 0.022553643514943676
0 0.22415851056575775 0.30952442524045015 0.02053778370221454 0.022553643514943676
0 0.25200390815734863 0.3096105772946321 0.020537783702214568 0.022553643514943676
0 0.2792496383190155 0.31067160994433574 0.020664989948272705 0.022487891736880726
0 0.3066971004009247 0.31043749077375543 0.020711302757263184 0.022507187007933596
0 0.33383235335350037 0.3102636780849723 0.02073061466217041 0.022429991138073854
0 0.36129340529441833 0.31038224779882595 0.02073061466217041 0.022429991138073854
0 0.38833653926849365 0.3104990130510789 0.02073061466217041 0.022429991138073854
0 0.4116855263710022 0.3107488765272983 0.020830482244491577 0.022414303565210122
0 0.44225552678108215 0.31072237866553676 0.020830482244491577 0.022414303565210122
0 0.4693062901496887 0.3106989312537386 0.020830482244491577 0.022414303565210122
0 0.49643154442310333 0.31067541927374703 0.020830482244491577 0.022414303565210122
0 0.5506986975669861 0.31062838088634404 0.020830482244491577 0.022414303565210122
0 0.5781269669532776 0.31060221795680254 0.020759671926498413 0.022323874540107196
0 0.6051121354103088 0.30992680386431126 0.02062690258026123 0.02216659959896593
0 0.6323976516723633 0.30984458717427205 0.02062690258026123 0.02216659959896593
0 0.6595334410667419 0.3095584067168547 0.02119036515553785 0.022956922072772803
0 0.687162458896637 0.3090183124985806 0.02119036515553785 0.022956922072772803
0 0.7149879336357117 0.308474377925161 0.02119036515553785 0.022956922072772803
0 0.7425306439399719 0.3079359708532008 0.02119036515553785 0.022956922072772803
0 0.7704550623893738 0.30739010212033296 0.02119036515553785 0.022956922072772803
0 0.7992571592330933 0.3068270764610338 0.02119036515553785 0.022956922072772803
0 0.8272225260734558 0.30616891241258587 0.02124643325805664 0.02275351590888445
0 0.854771614074707 0.3050718771277202 0.021852334340413337 0.02291472383247792
0 0.08622824400663376 0.3423332788594378 0.02079897125562033 0.02350192106971448
0 0.11304843425750732 0.3427373234860425 0.021085987488428742 0.023026695547177782
0 0.14101195335388184 0.34292877552121187 0.02108598748842877 0.023026695547177782
0 0.16841073334217072 0.3431084433267283 0.020858963330586733 0.023513971373092298
0 0.1966153383255005 0.34327018755536204 0.020858963330586733 0.023513971373092298
0 0.22394362092018127 0.34342690636035067 0.020858963330586733 0.023513971373092298
0 0.2517881691455841 0.34358658578068063 0.02085896333058676 0.023513971373092298
0 0.306393027305603 0.3438997268676758 0.02085896333058679 0.023513971373092298
0 0.3332982659339905 0.3439660987335662 0.020862718423207638 0.022935423740120822
0 0.3608715236186981 0.3440341185190991 0.020862718423207638 0.022935423740120822
0 0.3875234127044678 0.34409986540328624 0.020862718423207638 0.022935423740120822
0 0.4145996570587158 0.3441666591189607 0.020862718423207638 0.022935423740120822
0 0.441437691450119 0.3438076892240075 0.020987888177235958 0.023038317066754455
0 0.47011885046958923 0.3437832898871843 0.020987888177235958 0.023038317066754455
0 0.5239319205284119 0.3437375105928063 0.020987888177235847 0.023038317066754455
0 0.5511733293533325 0.3437143360652704 0.020987888177235847 0.023038317066754455
0 0.5778684616088867 0.34369162626044697 0.021364887555440193 0.023166582565899072
0 0.605635941028595 0.3432726573684523 0.021364887555440193 0.023166582565899072
0 0.6327394843101501 0.34286370625963314 0.021364887555440193 0.023166582565899072
0 0.6885641813278198 0.3420213967686669 0.021364887555440193 0.023166582565899072
0 0.7159004211425781 0.34160893462425057 0.021364887555440193 0.023166582565899072
0 0.7442486882209778 0.34082874340842834 0.021325230598449707 0.02265440770821975
0 0.7718191146850586 0.3403070361115212 0.021325230598449707 0.02265440770821975
0 0.8003939986228943 0.3396464175126454 0.02150547504425049 0.02274137689161673
0 0.8280525207519531 0.33951455493306004 0.02134847640991211 0.02267058320747792
0 0.08516288548707962 0.3797188249545246 0.021089921394983918 0.02231545411339103
0 0.11259457468986511 0.37990169746931207 0.021085460980733245 0.022579089615696175
0 0.140615776181221 0.3800901487316617 0.021085460980733217 0.022579089615696175
0 0.16837342083454132 0.38027682749261293 0.021085460980733217 0.022579089615696175
0 0.19665291905403137 0.38046701588049203 0.021085460980733217 0.022579089615696175
0 0.2521558701992035 0.3808402904244356 0.021085460980733245 0.022579089615696175
0 0.27932387590408325 0.3809812217736103 0.020481308301289913 0.02231435997541561
0 0.30638137459754944 0.3809318875157556 0.020481308301289913 0.02231435997541561
0 0.36065053939819336 0.3808329379047747 0.020481308301289913 0.02231435997541561
0 0.38820701837539673 0.3807826938502584 0.020481308301289913 0.02231435997541561
0 0.41541194915771484 0.3807330907777298 0.020481308301289913 0.02231435997541561
0 0.44240492582321167 0.38068387416365296 0.020481308301289913 0.02231435997541561
0 0.4697536826133728 0.38052624526490714 0.020971576372782352 0.022449693014455395
0 0.49695733189582825 0.3805017377188708 0.020971576372782408 0.022449693014455395
0 0.5237070322036743 0.3804776391317678 0.020971576372782463 0.022449693014455395
0 0.55121248960495 0.38045285968925585 0.020971576372782463 0.022449693014455395
0 0.5781741142272949 0.3803050002529359 0.020887156327565437 0.02235513140064803
0 0.08497551828622818 0.41248565598455217 0.020316044489542634 0.021745607834453676
0 0.11220058798789978 0.41274793757948763 0.02061756451924643 0.021924632464268356
0 0.14009970426559448 0.4130527419752257 0.0206175645192464 0.021924632464268356
0 0.16888277232646942 0.4134900719588898 0.01997608939806622 0.021612655284792878
0 0.19626574218273163 0.41355780668036884 0.019944220781326294 0.02153559248576798
0 0.2239939272403717 0.4134174296308532 0.019966979821523012 0.021519476129103023
0 0.2793648838996887 0.4136719814566679 0.019966979821523068 0.021519476129103023
0 0.30627909302711487 0.41379571168433754 0.019966979821523068 0.021519476129103023
0 0.33327171206474304 0.4139198023787033 0.019966979821523068 0.021519476129103023
0 0.3603461682796478 0.41404426929562593 0.019966979821523068 0.021519476129103023
0 0.08462408185005188 0.4431432236072629 0.020369579394658416 0.022335821343946773
0 0.11131121963262558 0.44387593209393555 0.020526076356569917 0.021989097890927865
0 0.13977661728858948 0.4438736937766851 0.020353426535924257 0.02200098555217423
0 0.16838105022907257 0.4439792940775904 0.020353426535924257 0.02200098555217423
0 0.1960904896259308 0.4440815902896606 0.020353426535924257 0.02200098555217423
0 0.2514687106013298 0.4442860326154628 0.020353426535924285 0.02200098555217423
0 0.278972327709198 0.4443875689839208 0.020353426535924313 0.02200098555217423
0 0.30579328536987305 0.4443205856385027 0.020446985960006714 0.022146476331607372
0 0.3332405388355255 0.4443557650543923 0.020446985960006714 0.022146476331607372
0 0.08526943624019623 0.47721310843819387 0.020614599188168853 0.022515082544134625
0 0.1112021878361702 0.4773188746252725 0.020614599188168853 0.022515082544134625
0 0.13972121477127075 0.4774351888824371 0.020614599188168825 0.022515082544134625
0 0.1679883748292923 0.47755047590579114 0.020614599188168825 0.022515082544134625
0 0.19546830654144287 0.47766255223473836 0.020614599188168825 0.022515082544134625
0 0.2508569657802582 0.47788845372742833 0.020614599188168853 0.022515082544134625
0 0.27877217531204224 0.47788368392867636 0.020573318004608154 0.022755290186682414
0 0.3060494363307953 0.47795609193353955 0.020573318004608154 0.022755290186682414
0 0.3331752121448517 0.47802809781806416 0.020573318004608154 0.022755290186682414
0 0.08446857333183289 0.5106116893679596 0.020542070269584656 0.022943334061970026
0 0.11111807823181152 0.5109528895751201 0.02006550133228302 0.022711021955623183
0 0.13954748213291168 0.5110505569812863 0.02006550133228302 0.022711021955623183
0 0.16769668459892273 0.5111472617732711 0.02006550133228302 0.022711021955623183
0 0.19522416591644287 0.5116082124931868 0.02048197885354358 0.0225163245385932
0 0.25085829943418503 0.5114430563828374 0.02048197885354361 0.0225163245385932
0 0.2778717279434204 0.5113628640171495 0.020481978853543636 0.0225163245385932
0 0.30543798208236694 0.5112810305271206 0.020481978853543636 0.0225163245385932
0 0.3326306641101837 0.5112003060274346 0.020481978853543636 0.0225163245385932
0 0.08444955199956894 0.5452297565548919 0.02066028614838919 0.023132590360419696
0 0.11108458042144775 0.5453629027510042 0.02066028614838919 0.023132590360419696
0 0.13926814496517181 0.545503789944832 0.020660286148389162 0.023132590360419696
0 0.16776013374328613 0.5456462189246473 0.020660286148389162 0.023132590360419696
0 0.19488686323165894 0.5457818230917287 0.020222743352254213 0.022782170495321583
0 0.24951185286045074 0.5456794458760194 0.02022274335225424 0.022782170495321583
0 0.2779123783111572 0.5456262180998663 0.02022274335225427 0.022782170495321583
0 0.30492034554481506 0.545575600232364 0.02022274335225427 0.022782170495321583
0 0.3600350022315979 0.5458161657779171 0.0209922194480896 0.022829928139383535
0 0.3876376748085022 0.5455880455053668 0.0209922194480896 0.022829928139383535
0 0.41449201107025146 0.5453661098036655 0.0209922194480896 0.022829928139383535
0 0.08345971256494522 0.5792564125948174 0.020540123184522002 0.02339790403380869
0 0.11023297905921936 0.5795901424740081 0.020540123184522002 0.02339790403380869
0 0.1381896734237671 0.5799386238307693 0.020540123184521974 0.02339790403380869
0 0.16687113046646118 0.5802961393844249 0.020540123184521974 0.02339790403380869
0 0.19388912618160248 0.5806329198235215 0.020540123184521974 0.02339790403380869
0 0.2490639165043831 0.5800930998331192 0.020580629507700593 0.023106597190679506
0 0.2770623564720154 0.581029404041379 0.02041296660900116 0.023258978082228023
0 0.3043936491012573 0.581211279419668 0.02041296660900116 0.023258978082228023
0 0.08289957046508789 0.6146784937658976 0.02106335759162903 0.023403019868126266
0 0.10930462181568146 0.6147434737733816 0.02106335759162903 0.023403019868126266
0 0.13743452727794647 0.6137033983875807 0.020545447866121946 0.023146341013353923
0 0.16585080325603485 0.6138364658799282 0.020545447866121946 0.023146341013353923
0 0.19317489862442017 0.6139644189183255 0.020545447866121946 0.023146341013353923
0 0.24883534759283066 0.614225065189247 0.02054544786612192 0.023146341013353923
0 0.2763076424598694 0.61435371221498 0.02054544786612189 0.023146341013353923
0 0.30341267585754395 0.6144806394318681 0.02054544786612189 0.023146341013353923
0 0.0815226286649704 0.648503724918809 0.020896077156066895 0.02289610870124763
0 0.10811937600374222 0.6486398736365884 0.020896077156066895 0.02289610870124763
0 0.13621751964092255 0.648920591487441 0.020873337984085083 0.02269404803135593
0 0.16479994356632233 0.648956974718536 0.020873337984085083 0.02269404803135593
0 0.19150084257125854 0.6489909629128711 0.020873337984085083 0.02269404803135593
0 0.24727246165275574 0.6490619559018102 0.020873337984085083 0.02269404803135593
0 0.27528998255729675 0.6490976200547329 0.020873337984085083 0.02269404803135593
0 0.30222630500793457 0.649528237276299 0.02096761266390479 0.02285615787949673
0 0.46912111821821184 0.046977021772689705 0.020759009035293707 0.0221336520068168
