0 0.8536484270799355 0.07602473119720446 0.02186199029286695 0.023518643637960277
0 0.8803198034646081 0.07532449713902274 0.02186199029286695 0.023518643637960277
0 0.9078290462493896 0.075155933125926 0.02186199029286695 0.023518643637960277
0 0.9349696645971205 0.07569473688719702 0.02186199029286695 0.023518643637960277
0 0.33556514978408813 0.09683066786559173 0.024626553058624268 0.02625021823616915
0 0.36474817991256714 0.09740136667739513 0.024626553058624268 0.02625021823616915
0 0.42447298765182495 0.09919140549852723 0.02416660388310754 0.02583073645599129
0 0.4548220932483673 0.0996651477321492 0.023750464121500614 0.025881153668544092
0 0.48399555683135986 0.10009854797226421 0.023286859194437626 0.025728757991347204
0 0.5116667151451111 0.10088013903343018 0.023286859194437737 0.025728757991347204
0 0.5411521792411804 0.10210211932661692 0.023286859194437737 0.025728757991347204
0 0.5693946529204366 0.10325651182072004 0.023286859194437737 0.025728757991347204
0 0.5995460572689192 0.10465224613476874 0.023286859194437737 0.025728757991347204
0 0.33377015590667725 0.130986679432004 0.023809293905893925 0.02592915527580319
0 0.3641090989112854 0.1318718041580945 0.023809293905893925 0.02592915527580319
0 0.4231693148612976 0.1335948588293683 0.023809293905893925 0.02592915527580319
0 0.45318952202796936 0.13447068458379702 0.023809293905893925 0.02592915527580319
0 0.4830411970615387 0.135341593490657 0.023809293905893925 0.02592915527580319
0 0.511536717414856 0.13667373879011288 0.023691833019256592 0.025866841160973836
0 0.5408832430839539 0.13772756892306065 0.023691833019256592 0.025866841160973836
0 0.5705981254577637 0.1386543872744538 0.023881236712137932 0.02554943025574205
0 0.6007072925567627 0.1394802734340561 0.02400660514831543 0.025138980658479426
0 0.3336327075958252 0.16736600185627296 0.023491839567820194 0.025604285010995778
0 0.39365503191947937 0.16792679941931435 0.023491839567820194 0.025604285010995778
0 0.42314231395721436 0.169099361314089 0.023491839567820194 0.025604285010995778
0 0.4517134428024292 0.17023549237329355 0.023491839567820194 0.025604285010995778
0 0.4817071557044983 0.17142819249352745 0.023491839567820194 0.025604285010995778
0 0.5108838677406311 0.17258840457087662 0.02349183956782025 0.025604285010995778
0 0.3330313265323639 0.2031000492184661 0.023662924766540527 0.025587170623069585
0 0.3631608784198761 0.20365555341853653 0.02316681543985999 0.02546759908513508
0 0.3931290805339813 0.20449420824095743 0.02316681543985999 0.02546759908513508
0 0.42295318841934204 0.2053288306119367 0.02316681543985999 0.02546759908513508
0 0.45193585753440857 0.20613990546812702 0.02316681543985999 0.02546759908513508
0 0.4815448224544525 0.20696850710136946 0.02316681543985999 0.02546759908513508
0 0.511178731918335 0.20771496024724212 0.023078203201293945 0.025365548540455397
0 0.5405292510986328 0.20763656704924827 0.022651751836140877 0.024788671685743727
0 0.5975054502487183 0.20918883072827882 0.022651751836140877 0.024788671685743727
0 0.6549580097198486 0.21075407240225325 0.022651751836140877 0.024788671685743727
0 0.6831576824188232 0.2113895767337665 0.0225031773249309 0.02513229015261628
0 0.7108533382415771 0.2119035055471021 0.0225031773249309 0.02513229015261628
0 0.7393719553947449 0.2124327054752533 0.0225031773249309 0.02513229015261628
0 0.767752468585968 0.21295934270527836 0.0225031773249309 0.02513229015261628
0 0.7948352098464966 0.21346189809399982 0.0225031773249309 0.02513229015261628
0 0.15673822164535522 0.2405626607495685 0.024172315994898497 0.026405896327292244
0 0.1855357587337494 0.23994168089255244 0.023580417037010193 0.02606517584748973
0 0.21414002776145935 0.23956458513126816 0.023580417037010193 0.02606517584748973
0 0.2445187047123909 0.2392062919084416 0.024004215995470674 0.02634857236876971
0 0.2742248773574829 0.23947568936485458 0.024004215995470646 0.02634857236876971
0 0.30296361446380615 0.23973631340314666 0.024004215995470646 0.02634857236876971
0 0.3332381248474121 0.2397775863318841 0.023096362749735477 0.02553630799286128
0 0.36273640394210815 0.24027837708938954 0.023096362749735477 0.02553630799286128
0 0.3927145004272461 0.24078731368189954 0.023096362749735477 0.02553630799286128
0 0.4519209861755371 0.241792459126213 0.023096362749735477 0.02553630799286128
0 0.4807632863521576 0.2422821133635765 0.023096362749735477 0.02553630799286128
0 0.5102904438972473 0.24278339438903965 0.023096362749735533 0.02553630799286128
0 0.5391194820404053 0.24393873436506405 0.022187789281209236 0.024789100469544877
0 0.5680035948753357 0.2443813153295078 0.022187789281209236 0.024789100469544877
0 0.5971293449401855 0.2448275988150874 0.022187789281209236 0.024789100469544877
0 0.6256218552589417 0.24526417939377312 0.022187789281209236 0.024789100469544877
0 0.6536836624145508 0.24569416046142578 0.022187789281209236 0.024789100469544877
0 0.15644468367099762 0.27615134660587753 0.023194541533788027 0.025916313940240458
0 0.21492308378219604 0.2755526429422503 0.02317946652571362 0.025809531988099564
0 0.24338392168283463 0.275649999267534 0.023125410079956055 0.025612232296965843
0 0.3032025098800659 0.2761533204899278 0.023170987764994266 0.025752222815225292
0 0.3329225182533264 0.2763800421906466 0.023170987764994266 0.025752222815225292
0 0.3626247048377991 0.2766285607981127 0.022849847873052 0.025564031083454484
0 0.42249631881713867 0.27758080361266485 0.022849847873052 0.025564031083454484
0 0.4513606131076813 0.2780398828825969 0.022849847873052 0.025564031083454484
0 0.480505108833313 0.27850341868519035 0.022849847873052 0.025564031083454484
0 0.510658785700798 0.27898300525754 0.022849847873051943 0.025564031083454484
0 0.5388484001159668 0.27950450300543983 0.022624045610427856 0.025601793629254455
0 0.5677559971809387 0.2800868607315222 0.02162492275238037 0.024680928666462296
0 0.5961700081825256 0.28057324609091117 0.02162492275238037 0.024680928666462296
0 0.6541685461997986 0.28156605346879204 0.02162492275238037 0.024680928666462296
0 0.682758629322052 0.2820554527955397 0.02162492275238037 0.024680928666462296
0 0.7104893326759338 0.28253014143123184 0.02162492275238037 0.024680928666462296
0 0.738638699054718 0.28301199665687915 0.02162492275238037 0.024680928666462296
0 0.7676378488540649 0.28275964426439865 0.021557927131652832 0.024625467699627545
0 0.15652510523796082 0.3131182914556459 0.022668237487475096 0.025681621344514623
0 0.18471646308898926 0.3128256602560937 0.022668237487475096 0.025681621344514623
0 0.21380789577960968 0.31230125870815545 0.02285220722357434 0.025611138158990458
0 0.24267686158418655 0.3121888210399624 0.02285220722357431 0.025611138158990458
0 0.27288535237312317 0.31207116624460435 0.022852207223574283 0.025611138158990458
0 0.3023154139518738 0.3119565432435211 0.022852207223574283 0.025611138158990458
0 0.3320586383342743 0.31184070054874863 0.022852207223574283 0.025611138158990458
0 0.3624041974544525 0.31237422914122065 0.023029665152231815 0.025462305823037792
0 0.42205551266670227 0.3134230047501411 0.023029665152231815 0.025462305823037792
0 0.4510875344276428 0.313933439032976 0.023029665152231815 0.025462305823037792
0 0.48114776611328125 0.3144619510645753 0.023029665152231815 0.025462305823037792
0 0.5390741229057312 0.3155193518154283 0.023193677266438728 0.02554952636245612
0 0.567521333694458 0.3158224315978792 0.022321363290150886 0.025039820708045692
0 0.596598744392395 0.3162727950492191 0.022321363290150886 0.025039820708045692
0 0.6253969073295593 0.31652538594543594 0.021447062492370605 0.024696571882380995
0 0.6539276838302612 0.31620405798112333 0.02123173077901197 0.024365299431852564
0 0.6826039552688599 0.3170528633649959 0.02123173077901197 0.024365299431852564
0 0.7108364105224609 0.31788853197939404 0.02123173077901197 0.024365299431852564
0 0.7386786937713623 0.3187126516691373 0.02123173077901197 0.024365299431852564
0 0.7669373154640198 0.31954909479895305 0.02123173077901197 0.024365299431852564
0 0.15582670271396637 0.34907360964043194 0.02243217329184216 0.025346534196720567
0 0.18415579199790955 0.3488517801512451 0.02243217329184216 0.025346534196720567
0 0.21333695948123932 0.3481742160386081 0.022909527023633303 0.02541481432064562
0 0.24292957037687302 0.34839155507642167 0.02290952702363333 0.02541481432064562
0 0.27222147583961487 0.3486066856227412 0.022909527023633358 0.02541481432064562
0 0.30235615372657776 0.3488280058002637 0.022909527023633358 0.02541481432064562
0 0.36234426498413086 0.34926858059195587 0.022909527023633358 0.02541481432064562
0 0.39206963777542114 0.34948689468204724 0.022909527023633358 0.02541481432064562
0 0.4217851459980011 0.34976846118306004 0.022945046424865723 0.025546894517055777
0 0.4514407813549042 0.35002697361521284 0.022904197374979618 0.025517929432003997
0 0.5105314701795578 0.351310311103682 0.02259842554728192 0.02536063970521439
0 0.5388796925544739 0.35151588085085844 0.02179829279581713 0.024880638418271532
0 0.5677593350410461 0.3517276006025625 0.02179829279581713 0.024880638418271532
0 0.6252954602241516 0.3521494040976522 0.02179829279581713 0.024880638418271532
0 0.6538665890693665 0.35235886210281364 0.02179829279581713 0.024880638418271532
0 0.6825037002563477 0.3525688038315884 0.02179829279581713 0.024880638418271532
0 0.7107796669006348 0.35326130469250816 0.021787643432617188 0.02477137247721357
0 0.7386381030082703 0.353704312186239 0.021787643432617188 0.02477137247721357
0 0.7672784924507141 0.3541597543760788 0.021787643432617188 0.02477137247721357
0 0.7953419089317322 0.35436400266431484 0.02231065432230639 0.024709583252899434
0 0.8228030204772949 0.3546699582510282 0.02231065432230639 0.024709583252899434
0 0.8518354892730713 0.35499342097792513 0.02231065432230639 0.024709583252899434
0 0.10195636749267578 0.3867462513058685 0.02175365885098776 0.024992210920466933
0 0.12839153409004211 0.3854616231586188 0.021916210651397705 0.025261161863341756
0 0.15540443360805511 0.3854392739229424 0.022018770376841246 0.025331245836361378
0 0.18402117490768433 0.3854569418681234 0.022018770376841246 0.025331245836361378
0 0.24306140840053558 0.38549339324453635 0.022018770376841218 0.025331245836361378
0 0.3026793599128723 0.3855302013034308 0.02201877037684119 0.025331245836361378
0 0.3325020372867584 0.385548613792242 0.02201877037684119 0.025331245836361378
0 0.36244502663612366 0.38565671135223817 0.022569914658864376 0.02540792420853016
0 0.3922746181488037 0.3858353814413381 0.022254963715871212 0.025274261947750176
0 0.4217419922351837 0.38624249915106795 0.022254963715871212 0.025274261947750176
0 0.45123291015625 0.3866499421395969 0.022254963715871212 0.025274261947750176
0 0.4802902936935425 0.3870513954690238 0.022254963715871212 0.025274261947750176
0 0.5388920307159424 0.38786103004632994 0.0222549637158711 0.025274261947750176
0 0.5673605799674988 0.38787222323514753 0.021998008092244392 0.025149766788926234
0 0.5958453416824341 0.38788342279833843 0.021998008092244392 0.025149766788926234
0 0.6246059536933899 0.38789473081961834 0.021998008092244392 0.025149766788926234
0 0.6535137295722961 0.38790609670239823 0.021998008092244392 0.025149766788926234
0 0.6821432709693909 0.3879026474838217 0.021879593531290764 0.025090683338253997
0 0.7102782130241394 0.3886009038880814 0.022315144538879395 0.02535957513853561
0 0.10156816989183426 0.4226067121638808 0.02148948113123575 0.02519844114318369
0 0.12785038352012634 0.4222008450209524 0.02234923342863719 0.02566838818927144
0 0.15564791858196259 0.42204497581304506 0.022349233428637205 0.02566838818927144
0 0.1850578486919403 0.4218800654171896 0.022349233428637205 0.02566838818927144
0 0.21376752853393555 0.42171908153691773 0.022349233428637205 0.02566838818927144
0 0.2430834099650383 0.42155469850052235 0.022349233428637177 0.02566838818927144
0 0.27272507548332214 0.42138848869396534 0.02234923342863715 0.02566838818927144
0 0.3026038408279419 0.42135168722524124 0.022522275646527645 0.02532556814740789
0 0.33142974972724915 0.4222178440591222 0.022664308547973633 0.025403015373289067
0 0.3628736734390259 0.42262507593908977 0.022664308547973633 0.025403015373289067
0 0.42223623394966125 0.42339388352614604 0.022664308547973633 0.025403015373289067
0 0.45139557123184204 0.42244867468952224 0.021762847900390625 0.02508326094279923
0 0.48117923736572266 0.4227704491077504 0.021762847900390625 0.02508326094279923
0 0.509663537144661 0.4230781855344483 0.021762847900390625 0.02508326094279923
0 0.5383210778236389 0.42338779360749 0.021762847900390625 0.02508326094279923
0 0.10104647278785706 0.4584660197413245 0.02123364309469858 0.025296351706334843
0 0.12706176936626434 0.4583494496899982 0.02175556619962056 0.025438205216282154
0 0.1555541753768921 0.458321298320604 0.021755566199620546 0.025438205216282154
0 0.18419428169727325 0.4582503487748631 0.022485176722208677 0.025849039240400974
0 0.21299755573272705 0.4582344321317451 0.022271921237309755 0.025602621625560144
0 0.24208097159862518 0.4582096349521466 0.022271921237309783 0.025602621625560144
0 0.30249813199043274 0.4577975568351658 0.022037367026011112 0.02538065947303471
0 0.3622993230819702 0.4581519282141397 0.022037367026011112 0.02538065947303471
0 0.39138826727867126 0.45832430419996417 0.022037367026011112 0.02538065947303471
0 0.4211253821849823 0.45850052113182976 0.022037367026011112 0.02538065947303471
0 0.45015501976013184 0.4586725456770076 0.022037367026011112 0.02538065947303471
0 0.5094402581453323 0.4590238596106583 0.022037367026011168 0.02538065947303471
0 0.5381384491920471 0.4590913510974799 0.022011687358220344 0.024873570878376276
0 0.5668814778327942 0.4592281693173794 0.022011687358220344 0.024873570878376276
0 0.595935046672821 0.4593664657237918 0.022011687358220344 0.024873570878376276
0 0.6248000860214233 0.45925694813947127 0.022345344225565666 0.025085123934487096
0 0.6821485757827759 0.45938739120533767 0.022345344225565666 0.025085123934487096
0 0.7098256945610046 0.4594503447066906 0.022345344225565666 0.025085123934487096
0 0.7383039593696594 0.4597017155137173 0.02242112159729004 0.025108455687530336
0 0.1001875102519989 0.4949731484957266 0.02169963965813318 0.025400679240855192
0 0.12702573463320732 0.49497644291367643 0.021699639658133194 0.025400679240855192
0 0.15484626591205597 0.49497985791074617 0.021699639658133207 0.025400679240855192
0 0.18354663252830505 0.4950833807795694 0.022573143243789673 0.02551532715790026
0 0.21266739070415497 0.49498695550962934 0.022573143243789673 0.02551532715790026
0 0.24204455316066742 0.49488968122841603 0.022573143243789673 0.02551532715790026
0 0.2717415690422058 0.49479134784178175 0.022573143243789673 0.02551532715790026
0 0.3021657168865204 0.49469060676042426 0.022573143243789673 0.02551532715790026
0 0.33230435848236084 0.4945908110533909 0.022573143243789673 0.02551532715790026
0 0.3619254231452942 0.49429360755349316 0.02173858880996704 0.025291561156280336
0 0.4209330379962921 0.49461440152900166 0.021891097227732303 0.02526190114575763
0 0.4505642354488373 0.4947367840651385 0.021891097227732303 0.02526190114575763
0 0.4800310730934143 0.4948584877637032 0.021891097227732303 0.02526190114575763
0 0.5095655918121338 0.4949804709981023 0.02189109722773236 0.02526190114575763
0 0.5380707383155823 0.4950982027275618 0.021891097227732415 0.02526190114575763
0 0.15468241274356842 0.5313845737808169 0.02218030889828998 0.025913268096687314
0 0.18375197052955627 0.5313515330469886 0.022167732318242372 0.025794332341630276
0 0.21234722435474396 0.5313235408589196 0.022167732318242372 0.025794332341630276
0 0.2414991483092308 0.5314533765925917 0.02228934069474539 0.02561190701270294
0 0.30223390460014343 0.5313146307156683 0.02228934069474542 0.02561190701270294
0 0.3619210124015808 0.5311782781455968 0.02228934069474542 0.02561190701270294
0 0.39171934127807617 0.531110205175138 0.02228934069474542 0.02561190701270294
0 0.4208720326423645 0.5310436071351518 0.02228934069474542 0.02561190701270294
0 0.4507332146167755 0.5311321435972701 0.02224266529083252 0.025619388550750914
0 0.4800392687320709 0.5309314631965416 0.02216155330340064 0.025360610133917702
0 0.5094125419855118 0.5309039271155069 0.022562811772028624 0.025132852007252356
0 0.5382936596870422 0.5308718184203828 0.02256281177202868 0.025132852007252356
0 0.5670485496520996 0.5308398500594363 0.02256281177202868 0.025132852007252356
0 0.5963801145553589 0.5308072405778806 0.02256281177202868 0.025132852007252356
0 0.6542029976844788 0.5307429557622865 0.02256281177202868 0.025132852007252356
0 0.6828445196151733 0.530499146709494 0.022258520126342773 0.0254114431928294
0 0.711256206035614 0.5304260697475699 0.022258520126342773 0.0254114431928294
0 0.7398838400840759 0.5304289814511831 0.023113250732421875 0.025709374006404433
0 0.7680851817131042 0.5304318497967885 0.023113250732421875 0.025709374006404433
0 0.7963143587112427 0.5304347209735166 0.023113250732421875 0.025709374006404433
0 0.8246458172798157 0.5304376025532567 0.023113250732421875 0.025709374006404433
0 0.15386079251766205 0.5681180388328926 0.02265934149424237 0.025709906289743824
0 0.2117338478565216 0.5681344409321629 0.02253295977910358 0.025698048199794144
0 0.24099421501159668 0.5680446624755859 0.022676467895507812 0.02559564279955487
0 0.2709658145904541 0.5678765462581201 0.022676467895507812 0.02559564279955487
0 0.301413357257843 0.5677057603882867 0.022676467895507812 0.02559564279955487
0 0.3310812711715698 0.5675393475996013 0.022676467895507812 0.02559564279955487
0 0.3614791929721832 0.567368840062341 0.022676467895507812 0.02559564279955487
0 0.4213816225528717 0.567660983358426 0.0219821731249491 0.025527599246002907
0 0.45049360394477844 0.5673499448935329 0.022067566712697384 0.025245459504829766
0 0.4804399907588959 0.5668753206117031 0.022474338610967037 0.02585897519606958
0 0.5094287842512131 0.5668054181475972 0.022474338610966982 0.02585897519606958
0 0.5384155511856079 0.5667355205702553 0.022474338610966926 0.02585897519606958
0 0.5675322413444519 0.5666653097010361 0.022474338610966926 0.02585897519606958
0 0.5965290069580078 0.566595388013263 0.022474338610966926 0.02585897519606958
0 0.15288349986076355 0.6040565579436546 0.022524933020273863 0.0258184625196826
0 0.1820259541273117 0.6044569680857104 0.022515992323557554 0.02600458426068914
0 0.24113117158412933 0.6044051907632739 0.022515992323557527 0.02600458426068914
0 0.2708126902580261 0.604379189174431 0.0225159923235575 0.02600458426068914
0 0.3316771686077118 0.6043258707051647 0.0225159923235575 0.02600458426068914
0 0.3611713647842407 0.6043000332144803 0.0225159923235575 0.02600458426068914
0 0.3912922739982605 0.6040812802385532 0.022503505150477054 0.025845963825551058
0 0.42087215185165405 0.6037955616795739 0.022411028544108036 0.025096301884614276
0 0.4501332640647888 0.6037794157516124 0.022636334101359012 0.025388525437939128
0 0.5089576840400696 0.6033733868582606 0.022636334101359068 0.025388525437939128
0 0.5381739735603333 0.6031717247304106 0.022636334101359123 0.025388525437939128
0 0.5670112371444702 0.6029726787861364 0.022636334101359123 0.025388525437939128
0 0.5963834524154663 0.6027699403984602 0.022636334101359123 0.025388525437939128
0 0.625105619430542 0.6025646698214687 0.022944092750549316 0.02555486398149836
0 0.6542870402336121 0.6023602041537772 0.022944092750549316 0.02555486398149836
0 0.7114701271057129 0.6019595390142396 0.022944092750549316 0.02555486398149836
0 0.739448606967926 0.6017625240351402 0.023100972175598145 0.025742346002149898
0 0.7691527605056763 0.6021600147325472 0.023431142171223884 0.02618860643963481
0 0.797539234161377 0.602126631625863 0.023431142171223884 0.02618860643963481
0 0.1528473198413849 0.6410431085630904 0.022481332222620665 0.026072923527207484
0 0.1814122349023819 0.6413820433418812 0.022481332222620665 0.026072923527207484
0 0.21030069887638092 0.641724817165144 0.022481332222620665 0.026072923527207484
0 0.24064216017723083 0.6420848314152208 0.022481332222620637 0.026072923527207484
0 0.27000147104263306 0.642433192035666 0.02248133222262061 0.026072923527207484
0 0.2998174726963043 0.6421807817990909 0.02257217963536584 0.02578764922859138
0 0.33050107955932617 0.6418482314708621 0.02257217963536584 0.02578764922859138
0 0.36146485805511475 0.641512644629721 0.02257217963536584 0.02578764922859138
0 0.4207333028316498 0.6408702905266969 0.02257217963536584 0.02578764922859138
0 0.47996264696121216 0.6402283601982649 0.022731244564056396 0.025661320649376266
0 0.508875846862793 0.6398562603399564 0.022731244564056396 0.025661320649376266
0 0.5381344556808472 0.639479715224488 0.022731244564056396 0.025661320649376266
0 0.5671125054359436 0.6391067807777773 0.022731244564056396 0.025661320649376266
0 0.5963494181632996 0.6387305148812228 0.022731244564056396 0.025661320649376266
0 0.6248701214790344 0.6382295031880223 0.02258896827697754 0.025578580161397715
0 0.09739627689123154 0.6766777925713118 0.021968017021814973 0.025633494059244737
0 0.1246642954647541 0.6773518125989808 0.021968017021814987 0.025633494059244737
0 0.15185515582561493 0.6780239254040735 0.021968017021815 0.025633494059244737
0 0.1813463717699051 0.6787528991699219 0.023310452699661255 0.026273062062817952
0 0.21009200811386108 0.678728624724492 0.023310452699661255 0.026273062062817952
0 0.26920655369758606 0.6786922632261764 0.023196379343668583 0.026173465935758897
0 0.2990622818470001 0.6784585153358463 0.023196379343668583 0.026173465935758897
0 0.33010339736938477 0.6782154867541774 0.023196379343668583 0.026173465935758897
0 0.3608952462673187 0.6779744097426496 0.023196379343668583 0.026173465935758897
0 0.42061254382133484 0.6775068682293559 0.023196379343668583 0.026173465935758897
0 0.47972771525382996 0.6770321403679692 0.022822916507720947 0.025997221007827587
0 0.5087285488843918 0.6768017963594926 0.022822916507720947 0.025997221007827587
0 0.5383471846580505 0.6765665453533793 0.022822916507720947 0.025997221007827587
0 0.5672991871833801 0.6761209798413653 0.02257915337880445 0.025792735491612106
0 0.09674060344696045 0.7147161488460559 0.022949626048405974 0.026513358419255638
0 0.15238654613494873 0.7154831956363737 0.02290616432825726 0.02644998713057176
0 0.18072211742401123 0.7156935847082804 0.02290616432825726 0.02644998713057176
0 0.20937949419021606 0.7159063631569521 0.02290616432825726 0.02644998713057176
0 0.2397966980934143 0.7161322081640601 0.022906164328257234 0.02644998713057176
0 0.2696700692176819 0.7163540152616279 0.022906164328257206 0.02644998713057176
0 0.3301474452018738 0.716455347264387 0.02301291624704993 0.02619871982308321
0 0.36010459065437317 0.715909248174623 0.02301291624704993 0.02619871982308321
0 0.3896389305591583 0.7153708565523519 0.02301291624704993 0.02619871982308321
0 0.42011508345603943 0.7148152962976914 0.02301291624704993 0.02619871982308321
0 0.44982418417930603 0.7142737189004588 0.02301291624704993 0.02619871982308321
0 0.47951340675354004 0.7137325038688297 0.02301291624704993 0.02619871982308321
0 0.5090091675519943 0.713412270347606 0.02291959524154663 0.026227936264156426
0 0.538234531879425 0.7129649228827898 0.02291959524154663 0.026227936264156426
0 0.5672738552093506 0.7125919441012248 0.023130863904953003 0.026180237762687686
0 0.5974984765052795 0.712086699729742 0.023130863904953003 0.026180237762687686
0 0.09665455669164658 0.7497151175210642 0.022330743571122497 0.026392618815104196
0 0.12305926904082298 0.751928224184622 0.023127973079681396 0.026346665020136897
0 0.1512049436569214 0.7523616524629815 0.023127973079681396 0.026346665020136897
0 0.18023338913917542 0.7528086749387414 0.023127973079681396 0.026346665020136897
0 0.20977255702018738 0.7533397896345272 0.023413737614949526 0.026016841563143444
0 0.23900163173675537 0.7532937854437703 0.023413737614949554 0.026016841563143444
0 0.2695455253124237 0.7532457118348677 0.02341373761494958 0.026016841563143444
0 0.29995232820510864 0.7535901624102925 0.02308853467305505 0.026018941125204396
0 0.3298722207546234 0.753161611511998 0.02308853467305505 0.026018941125204396
0 0.360137939453125 0.752728107250099 0.02308853467305505 0.026018941125204396
0 0.41967853903770447 0.7518752907704026 0.02308853467305505 0.026018941125204396
0 0.44993090629577637 0.7514419777448788 0.02308853467305505 0.026018941125204396
0 0.4800439774990082 0.751077186229617 0.023250599702199337 0.02592361805050872
0 0.5387259721755981 0.7497011212851037 0.023250599702199226 0.02592361805050872
0 0.5676708817481995 0.7490223768831032 0.023250599702199226 0.02592361805050872
0 0.5970646142959595 0.7483331077951949 0.023250599702199226 0.02592361805050872
0 0.6263255476951599 0.7476469527843387 0.023250599702199226 0.02592361805050872
0 0.6550846695899963 0.7474484110987464 0.02368418375651049 0.025792927705040245
0 0.09470482915639877 0.786152861839117 0.023131536940733582 0.02579421405644369
0 0.12220385298132896 0.7871813028041265 0.023131536940733596 0.02579421405644369
0 0.17983824014663696 0.7906149184751861 0.02326794465382892 0.026247187178264183
0 0.20963215827941895 0.7904510498046875 0.02339273691177368 0.02605266718901416
0 0.23902177065610886 0.7901203853280165 0.02321237325668335 0.026223884996517795
0 0.29912427067756653 0.7900639023891715 0.02321237325668335 0.026223884996517795
0 0.329862117767334 0.7900350156717009 0.02321237325668335 0.026223884996517795
0 0.35963475704193115 0.7900070360342015 0.02321237325668335 0.026223884996517795
0 0.38993600010871887 0.7899785596270894 0.02321237325668335 0.026223884996517795
0 0.4204398989677429 0.7899498927687528 0.02321237325668335 0.026223884996517795
0 0.45026034116744995 0.7883333605389262 0.023168305555979374 0.026118611180505086
0 0.4799526333808899 0.7880139905352925 0.023310939470926884 0.02598281978636738
0 0.14988678693771362 0.8262920823208121 0.023079276084899902 0.026442002880480753
0 0.17871201038360596 0.8269596543422965 0.02344652016957599 0.026699036590812852
0 0.20821300148963928 0.8282892040649894 0.023198256889979063 0.026325846827307414
0 0.23789860308170319 0.8279109333836755 0.023198256889979063 0.026325846827307414
0 0.26767489314079285 0.8275315070987569 0.023198256889979008 0.026325846827307414
0 0.29879531264305115 0.8271349531582419 0.023198256889979008 0.026325846827307414
0 0.3590445816516876 0.826367222985556 0.023757388194402096 0.026102465252543606
0 0.38961419463157654 0.8259135068219844 0.023757388194402096 0.026102465252543606
0 0.41992393136024475 0.8254636477584615 0.023757388194402096 0.026102465252543606
0 0.45052218437194824 0.8250095065176942 0.023757388194402096 0.026102465252543606
0 0.5089346617460251 0.8241425447685774 0.02375738819440204 0.026102465252543606
0 0.5383656024932861 0.8231761843659157 0.023682554562886482 0.026445551436076683
0 0.5675779581069946 0.8224982755891066 0.023682554562886482 0.026445551436076683
0 0.5964334607124329 0.8216126020564589 0.02364424864451098 0.02658607423767552
0 0.6257023811340332 0.821036657984862 0.02364424864451098 0.02658607423767552
0 0.6552032828330994 0.8204561490629203 0.02364424864451098 0.02658607423767552
0 0.6841073632240295 0.8198873841919812 0.02364424864451098 0.02658607423767552
0 0.7129834294319153 0.8193191705748092 0.02364424864451098 0.02658607423767552
0 0.7419358491897583 0.8188518867823157 0.023608406384785896 0.02642136211543131
0 0.7997137308120728 0.8177774118822675 0.023608406384785896 0.02642136211543131
0 0.8283010125160217 0.8176739714866461 0.023496826489766365 0.026353348133175872
0 0.8580805659294128 0.8176895337258105 0.023988167444864983 0.026194431985071574
0 0.8870391845703125 0.8177046669597748 0.023988167444864983 0.026194431985071574
0 0.9164069294929504 0.8177200139955033 0.023988167444864983 0.026194431985071574
0 0.15022215247154236 0.8641973587205816 0.023308386405309023 0.026359972103621718
0 0.17818030714988708 0.8662260938421723 0.023475557565689087 0.02635139642759811
0 0.23825497925281525 0.8653634537098019 0.023475557565689087 0.02635139642759811
0 0.26816269755363464 0.8649339948851296 0.023475557565689087 0.02635139642759811
0 0.2987478971481323 0.8644948077917475 0.023475557565689087 0.02635139642759811
0 0.3297214210033417 0.8640500445698582 0.023475557565689087 0.02635139642759811
0 0.38928818702697754 0.8631946976968958 0.023475557565689087 0.02635139642759811
0 0.41951268911361694 0.8629704852436864 0.023600538571675655 0.026134993678839744
0 0.4797027111053467 0.8615283677002594 0.023422261079152462 0.025871572568434968
0 0.5090155601501465 0.8608260490690892 0.023422261079152407 0.025871572568434968
0 0.5383727550506592 0.8601226679372855 0.02342226107915235 0.025871572568434968
0 0.567423403263092 0.8594266314839207 0.02342226107915235 0.025871572568434968
0 0.5960875153541565 0.8587785551617191 0.023033340771992927 0.02580586514731721
0 0.625848114490509 0.8581056880038759 0.023033340771992927 0.02580586514731721
0 0.6555328965187073 0.857434535019926 0.023033340771992927 0.02580586514731721
0 0.6845598220825195 0.8567782557287882 0.023033340771992927 0.02580586514731721
0 0.14897151291370392 0.9008519372274709 0.02341062823931378 0.02631904542908177
0 0.17775201797485352 0.9014174828278088 0.02341062823931378 0.02631904542908177
0 0.20748697221279144 0.9020017836421893 0.02341062823931378 0.02631904542908177
0 0.237851083278656 0.9025984475778979 0.02341062823931378 0.02631904542908177
0 0.26832258701324463 0.9031972218119205 0.023410628239313724 0.02631904542908177
0 0.2990346848964691 0.9016669418713672 0.02432030439376831 0.02630112522332232
0 0.3293639123439789 0.9011232372326697 0.02432030439376831 0.02630112522332232
0 0.35917598009109497 0.9005888035893691 0.02432030439376831 0.02630112522332232
0 0.41984641551971436 0.8996404723954985 0.023680150508880615 0.026082475056019974
0 0.44948524236679077 0.8988757466160974 0.023715396722157833 0.026002218556958577
0 0.4794769287109375 0.8981017006712321 0.023715396722157833 0.026002218556958577
0 0.5382797718048096 0.8965840766963387 0.023715396722157722 0.026002218556958577
0 0.567127525806427 0.8958395541394141 0.023715396722157722 0.026002218556958577
0 0.5974741578102112 0.8950563475143077 0.023715396722157722 0.026002218556958577
0 0.6265795230865479 0.8943016052791463 0.02351144949595141 0.025915397230044705
0 0.6556593179702759 0.8936647603443524 0.023315628369649177 0.025822661643804506
0 0.13047988199796828 0.06325309566537068 0.02186199029286695 0.023518643637960277
0 0.15715125838264093 0.06255286160718897 0.02186199029286695 0.023518643637960277
