0 0.8168889880180359 0.0436256583346877 0.020747780799865723 0.022412846254747966
0 0.843080997467041 0.043826474699863165 0.021098017692565918 0.022357253141181414
0 0.12737540900707245 0.0713262447091036 0.021621157725652054 0.023031944452330123
0 0.15314514935016632 0.07036025653234002 0.021703759829203306 0.023067954898804664
0 0.20640446245670319 0.07010861884715945 0.021703759829203306 0.023067954898804664
0 0.23235327005386353 0.0699860168552058 0.021703759829203306 0.023067954898804664
0 0.26001110672950745 0.06985534010418876 0.02170375982920328 0.023067954898804664
0 0.28604206442832947 0.06973234997239224 0.02170375982920325 0.023067954898804664
0 0.3135581910610199 0.07042202553217959 0.021192650000254276 0.02253656978755035
0 0.3392960727214813 0.07072661643804506 0.021192650000254276 0.02253656978755035
0 0.36539387702941895 0.07103546679178127 0.021192650000254276 0.02253656978755035
0 0.39345836639404297 0.07136759156999697 0.021192650000254276 0.02253656978755035
0 0.4201109707355499 0.07168300761732944 0.021192650000254276 0.02253656978755035
0 0.47405490279197693 0.07232139858313505 0.021192650000254276 0.02253656978755035
0 0.4997979551553726 0.07257411282639446 0.02062527338663739 0.02249735085539115
0 0.5258137583732605 0.07267087559367336 0.020625273386637444 0.02249735085539115
0 0.5516993403434753 0.07276715401810194 0.020625273386637444 0.02249735085539115
0 0.5782737135887146 0.07286599432191172 0.020625273386637444 0.02249735085539115
0 0.6318259239196777 0.07306517556656239 0.020625273386637444 0.02249735085539115
0 0.6590203046798706 0.07316632191652335 0.020625273386637444 0.02249735085539115
0 0.6857779026031494 0.07357515290726063 0.02079661687215162 0.022685690443645146
0 0.7121316194534302 0.07389498046517946 0.02079661687215162 0.022685690443645146
0 0.7382138967514038 0.07421151384453405 0.02079661687215162 0.022685690443645146
0 0.7643513083457947 0.0745287163313045 0.02079661687215162 0.022685690443645146
0 0.7904030680656433 0.07484487935066239 0.02079661687215162 0.022685690443645146
0 0.8167540431022644 0.07505618694216706 0.020396153132120842 0.022470141566076945
0 0.842865526676178 0.0753381463027816 0.020396153132120842 0.022470141566076945
0 0.12786582112312317 0.1347590269044388 0.02174178759256999 0.02500424643819645
0 0.17716501653194427 0.13498484420822124 0.021741787592570005 0.02500424643819645
0 0.23112058639526367 0.1349455811256586 0.021383186181386293 0.023603136225264217
0 0.25695040822029114 0.13509000443977554 0.02138318618138632 0.023603136225264217
0 0.2841423749923706 0.13524204396932335 0.02138318618138635 0.023603136225264217
0 0.33812806010246277 0.13534768290848653 0.021004239718119266 0.022599870844404842
0 0.3649330139160156 0.13569377189458803 0.021004239718119266 0.022599870844404842
0 0.39214834570884705 0.13604515942735948 0.021004239718119266 0.022599870844404842
0 0.41905489563941956 0.13639256015969176 0.021004239718119266 0.022599870844404842
0 0.4459109902381897 0.1367393094439839 0.021004239718119266 0.022599870844404842
0 0.472575306892395 0.13708358261006107 0.021004239718119266 0.022599870844404842
0 0.5240921378135681 0.13755072707956315 0.020460804303487068 0.022491610327432323
0 0.5499719381332397 0.13786516032180451 0.020460804303487068 0.022491610327432323
0 0.5774715542793274 0.13819927393003953 0.020460804303487068 0.022491610327432323
0 0.6044216752052307 0.13852671130578645 0.020460804303487068 0.022491610327432323
0 0.6309585571289062 0.1382816558660463 0.02054516474405932 0.022491366364235103
0 0.6582679152488708 0.13843091875735186 0.02054516474405932 0.022491366364235103
0 0.6847074031829834 0.138575427258663 0.02054516474405932 0.022491366364235103
0 0.7117965817451477 0.13872348672961504 0.02054516474405932 0.022491366364235103
0 0.7381191253662109 0.1388673560563908 0.02054516474405932 0.022491366364235103
0 0.7640945911407471 0.13874921727330064 0.02068285147349047 0.022599745166394125
0 0.791251540184021 0.1387590095390502 0.02068285147349047 0.022599745166394125
0 0.8174360394477844 0.13876845115839048 0.02068285147349047 0.022599745166394125
0 0.12131378188863531 0.2025493515529349 0.02153737346331279 0.024581746537556046
0 0.17529673874378204 0.20148923694953508 0.021537373463312803 0.024581746537556046
0 0.20262719690799713 0.20130501299411319 0.021537373463312803 0.024581746537556046
0 0.22956478595733643 0.20112343721611556 0.02087752024332684 0.023377411125242276
0 0.2560261860489845 0.20141051611066502 0.020877520243326814 0.023377411125242276
0 0.28331515192985535 0.20170657324034616 0.020877520243326786 0.023377411125242276
0 0.33747488260269165 0.20229415044929216 0.020877520243326786 0.023377411125242276
0 0.36374810338020325 0.20257918779240097 0.020877520243326786 0.023377411125242276
0 0.391014963388443 0.20317536731098973 0.02019478877385461 0.023065818372622914
0 0.4180523455142975 0.2033020924116454 0.02019478877385461 0.023065818372622914
0 0.4447937607765198 0.2034274303058618 0.02019478877385461 0.023065818372622914
0 0.4714711010456085 0.20355246787847475 0.02019478877385461 0.023065818372622914
0 0.49772584438323975 0.20367552472534928 0.020194788773854555 0.023065818372622914
0 0.5232762098312378 0.2035436092880841 0.020800749460856194 0.022864112558290968
0 0.5493157505989075 0.20373661573543106 0.020800749460856194 0.022864112558290968
0 0.6039279103279114 0.2041414039390818 0.020800749460856194 0.022864112558290968
0 0.6305418610572815 0.20454923496689909 0.020555456479390388 0.022648389949355016
0 0.6577088236808777 0.20453340903055406 0.020555456479390388 0.022648389949355016
0 0.6846746206283569 0.20451770028195757 0.020555456479390388 0.022648389949355016
0 0.7113454937934875 0.20450216333928106 0.020555456479390388 0.022648389949355016
0 0.7379043102264404 0.2044866916745208 0.020555456479390388 0.022648389949355016
0 0.7640352249145508 0.20430640287177507 0.020324428876240974 0.022761470587678686
0 0.12003457173705101 0.2666349261811188 0.02123609185218811 0.024742880532907886
0 0.14659276604652405 0.26708236960477605 0.02123609185218811 0.024742880532907886
0 0.17386628687381744 0.26754186460627927 0.02123609185218811 0.024742880532907886
0 0.2008993923664093 0.2679973091720033 0.02123609185218811 0.024742880532907886
0 0.22811688482761383 0.26845586022665335 0.02123609185218811 0.024742880532907886
0 0.2548709586262703 0.2689066037613138 0.02123609185218811 0.024742880532907886
0 0.2823377847671509 0.2682681416356286 0.02158816158771515 0.024595068406689048
0 0.3093577027320862 0.2683576719219213 0.02158816158771515 0.024595068406689048
0 0.3360636532306671 0.26799890558615524 0.020316769679387447 0.024104761522869732
0 0.390361487865448 0.2691345880197924 0.020316769679387447 0.024104761522869732
0 0.4164034426212311 0.2696792762334688 0.020316769679387447 0.024104761522869732
0 0.4707348346710205 0.2708156605471534 0.020316769679387447 0.024104761522869732
0 0.4964291900396347 0.2713530784429506 0.020316769679387392 0.024104761522869732
0 0.5224692225456238 0.27189772645124244 0.020316769679387336 0.024104761522869732
0 0.5757216215133667 0.27087520036429613 0.02035873134930921 0.023861463679823766
0 0.6021837592124939 0.27079881623733876 0.020712971687316895 0.023347041403600385
0 0.6287578344345093 0.27077046028687624 0.020712971687316895 0.023347041403600385
0 0.6566515564918518 0.2707406962031117 0.020712971687316895 0.023347041403600385
0 0.6836622357368469 0.27071187437295463 0.020712971687316895 0.023347041403600385
0 0.7106595635414124 0.270683066789494 0.020712971687316895 0.023347041403600385
0 0.7374048829078674 0.2710258350815884 0.021063168843587166 0.023195902506510446
0 0.7631543278694153 0.27109484315392723 0.021063168843587166 0.023195902506510446
0 0.11783041805028915 0.33426398267600704 0.02178570131460826 0.024819603262021532
0 0.14465077221393585 0.3343812809434048 0.021952311197916685 0.024849499842917244
0 0.19949857890605927 0.3347155296157861 0.021952311197916685 0.024849499842917244
0 0.22695520520210266 0.3348828533692962 0.021952311197916685 0.024849499842917244
0 0.25332503765821457 0.3350435540795151 0.021952311197916657 0.024849499842917244
0 0.28033947944641113 0.3352081831111464 0.02195231119791663 0.024849499842917244
0 0.3082696497440338 0.33537687444098035 0.021680330236752865 0.025284715401109825
0 0.335036039352417 0.3379216526829919 0.02115809917449951 0.02564332651537518
0 0.3629990220069885 0.3378099090561443 0.02115809917449951 0.02564332651537518
0 0.4158984124660492 0.33759851637958527 0.02115809917449951 0.02564332651537518
0 0.44262903928756714 0.3374916974030174 0.02115809917449951 0.02564332651537518
0 0.4692403972148895 0.3373853550400845 0.02115809917449951 0.02564332651537518
0 0.4957467168569565 0.3387076133905455 0.020652741193771362 0.025387135586997362
0 0.5208534002304077 0.3392580304414681 0.020652741193771362 0.025387135586997362
0 0.5477873682975769 0.33769901895393883 0.02076854308446241 0.025170525839162426
0 0.11500706896185875 0.4008790836777798 0.021715375284353897 0.02417089772778888
0 0.16949228942394257 0.40144543769803875 0.02171537528435391 0.02417089772778888
0 0.1969306468963623 0.40173064942944064 0.02171537528435391 0.02417089772778888
0 0.22377607226371765 0.40165800705640836 0.02149243652820587 0.02337380342705305
0 0.2513558939099312 0.4020523692286292 0.02149243652820587 0.02337380342705305
0 0.2797364592552185 0.4024581811857184 0.02149243652820587 0.02337380342705305
0 0.30664578080177307 0.4028429559182825 0.02149243652820587 0.02337380342705305
0 0.3335247039794922 0.4032272959864417 0.02149243652820587 0.02337380342705305
0 0.36040979623794556 0.4036117242659065 0.02149243652820587 0.02337380342705305
0 0.1124936118721962 0.468288814874615 0.021031896273295075 0.02323147677635956
0 0.1400652378797531 0.4685785604077716 0.021031896273295103 0.02323147677635956
0 0.16758482158184052 0.4688453504469142 0.020691225926081358 0.023039677346399532
0 0.19545701146125793 0.4691428694614144 0.020691225926081358 0.023039677346399532
0 0.22253359854221344 0.46943189589023854 0.020691225926081358 0.023039677346399532
0 0.24977467954158783 0.46972267819359953 0.02069122592608133 0.023039677346399532
0 0.27742740511894226 0.4700178545574809 0.020691225926081303 0.023039677346399532
0 0.3050699234008789 0.47025507549906886 0.021167298158009884 0.023100653360056324
0 0.3591795265674591 0.47047471971488514 0.021167298158009884 0.023100653360056324
0 0.38646256923675537 0.47058546830961656 0.021167298158009884 0.023100653360056324
0 0.4134710431098938 0.4706951023619306 0.021167298158009884 0.023100653360056324
0 0.44014331698417664 0.470803371695585 0.021167298158009884 0.023100653360056324
0 0.46694114804267883 0.47089811141731786 0.021117647488911984 0.023099115652631366
0 0.11054408550262451 0.5364712388410062 0.021414409081141145 0.023661118145136814
0 0.13759467005729675 0.5365683089855106 0.02179077764352161 0.023655943168226192
0 0.1655426025390625 0.5366750476381379 0.02179077764352161 0.023655943168226192
0 0.19306743144989014 0.5367801703749865 0.02179077764352161 0.023655943168226192
0 0.22038845717906952 0.536884514747388 0.02179077764352161 0.023655943168226192
0 0.24797610193490982 0.536989877390307 0.021790777643521636 0.023655943168226192
0 0.10810563713312149 0.6039692941976896 0.0217108353972435 0.025054221929505814
0 0.13554535806179047 0.6044179057853641 0.0217108353972435 0.025054221929505814
0 0.16280728578567505 0.6048636106345888 0.0217108353972435 0.025054221929505814
0 0.19024109840393066 0.6053121256273847 0.0217108353972435 0.025054221929505814
0 0.21758821606636047 0.6051069512079776 0.02178560197353363 0.024146797121033244
0 0.24567287415266037 0.605236413042998 0.021414518356323242 0.02412429336429561
0 0.27259472012519836 0.605224609375 0.021414518356323242 0.02412429336429561
0 0.29995325207710266 0.6051829345249886 0.021532992521921757 0.024188226507615727
0 0.32772886753082275 0.6051761715911156 0.021532992521921757 0.024188226507615727
0 0.38276827335357666 0.6051627703448816 0.021532992521921757 0.024188226507615727
0 0.409853458404541 0.6051561755201604 0.021532992521921757 0.024188226507615727
0 0.4370342195034027 0.6051495574241461 0.021532992521921757 0.024188226507615727
0 0.46443337202072144 0.6051428861531903 0.021532992521921757 0.024188226507615727
0 0.49113211035728455 0.60552479907257 0.021657943725585938 0.024609558342039067
0 0.5175623893737793 0.6057891688585678 0.021657943725585938 0.024609558342039067
0 0.5446503162384033 0.6060601167900618 0.021657943725585938 0.024609558342039067
0 0.10577434301376343 0.6739185688107513 0.02148363987604776 0.024734733640685506
0 0.1327420175075531 0.6742658602323401 0.021483639876047775 0.024734733640685506
0 0.18762607872486115 0.6754958619163375 0.021465847889582335 0.024500203687091205
0 0.21509207785129547 0.6753263695295467 0.021465847889582335 0.024500203687091205
0 0.24256457388401031 0.6751568370504166 0.021465847889582307 0.024500203687091205
0 0.2699951231479645 0.674987563424348 0.02146584788958228 0.024500203687091205
0 0.3262254297733307 0.6746405668036882 0.02146584788958228 0.024500203687091205
0 0.3530532717704773 0.6744750124777155 0.02146584788958228 0.024500203687091205
0 0.3806447386741638 0.6744964918415156 0.020993192990620968 0.024420745613039058
0 0.4364599883556366 0.6748405722684638 0.020993192990620968 0.024420745613039058
0 0.4637746810913086 0.6750089572742121 0.020993192990620968 0.024420745613039058
0 0.49019889533519745 0.6751718528085094 0.020993192990620912 0.024420745613039058
0 0.51637202501297 0.6753332004990689 0.020993192990620857 0.024420745613039058
0 0.5435487627983093 0.6755007350634326 0.020993192990620857 0.024420745613039058
0 0.5707898736000061 0.6758708945932964 0.02116132775942492 0.024726187535958753
0 0.5978013277053833 0.6761223992636037 0.02116132775942492 0.024726187535958753
0 0.10302838683128357 0.7436635660570722 0.022365349034468324 0.025135823922563864
0 0.12985479459166527 0.7439022860377199 0.022365349034468338 0.025135823922563864
0 0.1576649248600006 0.7441497598634654 0.02236534903446835 0.025135823922563947
0 0.18560174107551575 0.7443983610286269 0.02236534903446835 0.025135823922563864
0 0.21317553520202637 0.7446437317714808 0.02236534903446835 0.025135823922563864
0 0.24075868725776672 0.744726491528888 0.02207040786743164 0.02454799090244976
0 0.2682437598705292 0.7448462829493984 0.02207040786743164 0.02454799090244976
0 0.2960529029369354 0.7454345921540673 0.02200615406036377 0.02469345211058621
0 0.3237820565700531 0.7453875874364099 0.02200615406036377 0.02469345211058621
0 0.3792158365249634 0.7452936195782512 0.02200615406036377 0.02469345211058621
0 0.4070235788822174 0.7452464816419304 0.02200615406036377 0.02469345211058621
0 0.4620624780654907 0.7451531831608262 0.02200615406036377 0.02469345211058621
0 0.4890553057193756 0.7454343513971482 0.02166767915089929 0.02488956894985465
0 0.5157603621482849 0.7455894115359284 0.021667679150899177 0.02488956894985465
0 0.5433407425880432 0.7457707365362337 0.021913369496663337 0.02503835692886237
0 0.5704209208488464 0.7459208466285883 0.021913369496663337 0.02503835692886237
0 0.6259041428565979 0.7462283996845357 0.021913369496663337 0.02503835692886237
0 0.6535882353782654 0.7463818573776557 0.021913369496663337 0.02503835692886237
0 0.6811417937278748 0.7465345914973769 0.021913369496663337 0.02503835692886237
0 0.7082657814025879 0.7466849444328585 0.021913369496663337 0.02503835692886237
0 0.7356491684913635 0.7468429584028415 0.021963953971862793 0.02518998375234675
0 0.7631455063819885 0.7469815098962118 0.02179638544718432 0.024721101272937862
0 0.7898244857788086 0.7471269097368858 0.02179638544718432 0.024721101272937862
0 0.1010812297463417 0.8139441734136537 0.022413333257039397 0.025005784145621365
0 0.15554936230182648 0.8146190087113572 0.02241333325703937 0.025005784145621365
0 0.18305785953998566 0.814959826434531 0.02241333325703937 0.025005784145621365
0 0.2109742909669876 0.8153056982760828 0.02241333325703937 0.025005784145621365
0 0.2379591315984726 0.8156400281329488 0.02241333325703937 0.025005784145621365
0 0.26545873284339905 0.815674583291711 0.022555182377497318 0.02479488165803669
0 0.3219882547855377 0.815704345703125 0.02253544330596924 0.024934162465176952
0 0.3494366407394409 0.8158416910022691 0.02253544330596924 0.024934162465176952
0 0.37777987122535706 0.8159835138940174 0.02253544330596924 0.024934162465176952
0 0.40505942702293396 0.8161200144065731 0.02253544330596924 0.024934162465176952
0 0.43347087502479553 0.8162621786428053 0.02253544330596924 0.024934162465176952
0 0.46101114153862 0.8163088021516377 0.022268235683441162 0.025041920270106478
0 0.4882717430591583 0.8163132778433866 0.022268235683441162 0.025041920270106478
0 0.5142817497253418 0.8163175482103532 0.022268235683441162 0.025041920270106478
