0 0.10767737030982971 0.06126318975936535 0.022608116269111633 0.024747061174969342
0 0.1356796771287918 0.06005302140879076 0.02274918556213379 0.02411937713623047
0 0.10891632735729218 0.0950479715397184 0.022985289494196565 0.025425225265266364
0 0.13664710521697998 0.0944133109824602 0.022985289494196592 0.025425225265266364
0 0.16288147866725922 0.09381289789064148 0.022985289494196592 0.025425225265266364
0 0.19078117609024048 0.0931743713551293 0.022985289494196592 0.025425225265266364
0 0.2199530005455017 0.09250673027925714 0.022985289494196592 0.025425225265266353
0 0.24848314374685287 0.09185377504394268 0.022985289494196565 0.025425225265266353
0 0.2774583399295807 0.09102564458375824 0.023876269658406613 0.025888603787089504
0 0.30468979477882385 0.08982220915860908 0.023876269658406613 0.025888603787089504
0 0.3342941105365753 0.088513910262446 0.023876269658406613 0.025888603787089515
0 0.39103958010673523 0.08600616660073146 0.023876269658406613 0.025888603787089494
0 0.41951459646224976 0.08474777465642885 0.023876269658406613 0.025888603787089504
0 0.44794511795043945 0.08349134906683892 0.023876269658406613 0.025888603787089515
0 0.4772765040397644 0.08265339656421632 0.022803743680318234 0.024270312730656114
0 0.5058790296316147 0.08161630299349017 0.022803743680318178 0.024270312730656125
0 0.5345357060432434 0.08057724597842195 0.022803743680318123 0.024270312730656114
0 0.5648577213287354 0.08037763832398818 0.02289320031801867 0.024521883143935094
0 0.5946968197822571 0.07945823114971783 0.02289320031801867 0.024521883143935094
0 0.6231071949005127 0.07858284603216398 0.02289320031801867 0.024521883143935094
0 0.10914946347475052 0.16515034298564113 0.022312849760055542 0.0251642715099246
0 0.13663534820079803 0.1645070801058261 0.022312849760055542 0.0251642715099246
0 0.163749560713768 0.16387251561576696 0.022312849760055542 0.0251642715099246
0 0.19176983833312988 0.16321674613065498 0.022312849760055542 0.0251642715099246
0 0.2203821837902069 0.16254712025102888 0.022312849760055542 0.0251642715099246
0 0.2486547827720642 0.1629848702009334 0.021965712308883667 0.025277662646862875
0 0.3066187798976898 0.16059100350668265 0.022477924823760986 0.025675692299539744
0 0.3350846469402313 0.16198590222969053 0.022541026274363163 0.02522199468095172
0 0.36370646953582764 0.1605853701746741 0.022541026274363163 0.02522199468095172
0 0.39357244968414307 0.15899777966876363 0.022496163845062256 0.025167945743531206
0 0.42139044404029846 0.15775997790853716 0.022496163845062256 0.025167945743531206
0 0.47907620668411255 0.1549400617909986 0.022560954093933105 0.025444984436035156
0 0.5075581073760986 0.1539642532707912 0.022560954093933105 0.025444984436035156
0 0.5372239351272583 0.15294788263627337 0.022560954093933105 0.025444984436035156
0 0.5666832327842712 0.1519385878576729 0.022560954093933105 0.025444984436035156
0 0.5962246656417847 0.15092647907345794 0.022560954093933105 0.025444984436035156
0 0.6254446506500244 0.15004111491688268 0.022624452908833748 0.025437621183173602
0 0.6533578038215637 0.14919534770283013 0.022624452908833748 0.025437621183173602
0 0.6827493906021118 0.1483047840207122 0.022624452908833748 0.025437621183173602
0 0.10931535810232162 0.23620711925417878 0.02267591655254364 0.02568976823673692
0 0.13637623190879822 0.23550592038600193 0.022605607906977354 0.02515251691951308
0 0.16402636468410492 0.23525852380796922 0.022605607906977354 0.02515251691951308
0 0.19254566729068756 0.23500335042670242 0.022605607906977354 0.02515251691951308
0 0.22202566266059875 0.2353492238209623 0.022622247536977114 0.02610395860302353
0 0.2510755956172943 0.23428762238398415 0.022501051425933838 0.025662917499394353
0 0.3086647689342499 0.2326446355775345 0.022501051425933838 0.025662917499394353
0 0.3663932681083679 0.23099767388254375 0.022501051425933838 0.025662917499394353
0 0.39500510692596436 0.23018139417269531 0.022501051425933838 0.025662917499394353
0 0.4235045611858368 0.22936832073122956 0.022501051425933838 0.025662917499394353
0 0.45243868231773376 0.22894279854101396 0.02328619360923767 0.026126965071803867
0 0.5100339502096176 0.2268097899680914 0.02328619360923767 0.026126965071803867
0 0.5397913455963135 0.22570774145280678 0.02328619360923767 0.026126965071803867
0 0.5694372653961182 0.224609821373611 0.02328619360923767 0.026126965071803867
0 0.5986186265945435 0.22352910596270895 0.02328619360923767 0.026126965071803867
0 0.6271989941596985 0.2224706480152923 0.02328619360923767 0.026126965071803867
0 0.6554996371269226 0.22175636049669992 0.023272474606831794 0.026203406873599476
0 0.6849808096885681 0.22084433533424555 0.023272474606831794 0.026203406873599476
0 0.7156660556793213 0.2198904126309084 0.022764404614766365 0.026371800622274708
0 0.7455601692199707 0.2188861979994663 0.02317567666371656 0.02691178728443705
0 0.7758446931838989 0.2177194374849256 0.024782339731852288 0.02756834399792578
0 0.8070331811904907 0.21645182232524074 0.024782339731852288 0.02756834399792578
0 0.11043976992368698 0.3076059873714003 0.02259005606174469 0.02529188644054324
0 0.13923971354961395 0.3071073486340794 0.022975191473960876 0.02516533607660338
0 0.16630256175994873 0.30683841261752814 0.022975191473960876 0.02516533607660338
0 0.1944953203201294 0.306558248160194 0.022975191473960876 0.02516533607660338
0 0.22379574179649353 0.30626707634509603 0.022975191473960876 0.02516533607660338
0 0.2521333023905754 0.30598547292310135 0.022975191473960876 0.02516533607660338
0 0.28167274594306946 0.3056919258352855 0.022975191473960876 0.02516533607660338
0 0.3096226155757904 0.30493414185886575 0.022839844226837158 0.025061673896257266
0 0.3391742706298828 0.304477336794831 0.02286253372828162 0.026044002799100654
0 0.39691224694252014 0.3031056131609154 0.02286253372828162 0.026044002799100654
0 0.4256259500980377 0.30242344056410686 0.02286253372828162 0.026044002799100654
0 0.4544675052165985 0.30173823049403464 0.02286253372828162 0.026044002799100654
0 0.48362720012664795 0.3010454621425895 0.02286253372828162 0.026044002799100654
0 0.5122848749160767 0.3000617313672752 0.02327861388524366 0.025723464729249912
0 0.5425246953964233 0.2990236903445797 0.02327861388524366 0.025723464729249912
0 0.5724416971206665 0.2979967307075011 0.02327861388524366 0.025723464729249912
0 0.6017268896102905 0.2969914591589639 0.02327861388524366 0.025723464729249912
0 0.11252113431692123 0.3808348120558272 0.02295359472433725 0.025205124256222747
0 0.14147669076919556 0.38023128065952033 0.022783120473225893 0.02507989720780719
0 0.19760578870773315 0.3792550619258437 0.02285571893056232 0.02534980921782263
0 0.22610993683338165 0.37856608767842137 0.022945736845334352 0.025231982386389445
0 0.2549756094813347 0.37784523668646197 0.02294573684533438 0.025231982386389445
0 0.28413838148117065 0.377116966350248 0.022945736845334408 0.025231982386389445
0 0.34156227111816406 0.37568294233453087 0.022945736845334408 0.025231982386389445
0 0.3707771897315979 0.37495336976162225 0.022945736845334408 0.025231982386389445
0 0.42768046259880066 0.3750714556307171 0.02332359552383423 0.025771584621695584
0 0.4559982120990753 0.3742816392765489 0.02332359552383423 0.025771584621695584
0 0.4853399693965912 0.3734632621038365 0.02332359552383423 0.025771584621695584
0 0.514946699142456 0.3726374945283979 0.02332359552383423 0.025771584621695584
0 0.5441893935203552 0.37182188034057617 0.02332359552383423 0.025771584621695584
0 0.5742985010147095 0.3709821008408593 0.02332359552383423 0.025771584621695584
0 0.6033341288566589 0.37038471329646344 0.02348901828130079 0.02572140952413395
0 0.11505357548594475 0.45319787846055143 0.022636008759339646 0.02624307676803234
0 0.14177866280078888 0.45179176330566406 0.022302329540252686 0.02499253620472984
0 0.16960634291172028 0.45143715280505786 0.022302329540252686 0.02499253620472984
0 0.22789689898490906 0.4507834306857598 0.02200255791346234 0.02480301376461064
0 0.2567583918571472 0.45038822085358377 0.02200255791346231 0.02480301376461064
0 0.31533801555633545 0.44958607096641123 0.022002557913462284 0.02480301376461064
0 0.3442409336566925 0.449460273565248 0.02249266703923547 0.02534233507259866
0 0.37354204058647156 0.44879353521107324 0.02249266703923547 0.02534233507259866
0 0.40149372816085815 0.44815750251051967 0.02249266703923547 0.02534233507259866
0 0.4295679032802582 0.44751868264071804 0.02249266703923547 0.02534233507259866
0 0.48734089732170105 0.4462040745934775 0.02249266703923547 0.02534233507259866
0 0.5165786147117615 0.4460207916969477 0.02327597141265869 0.02529454785724019
0 0.5462841987609863 0.4454310718107301 0.02327597141265869 0.02529454785724019
0 0.5760040283203125 0.44484106912042487 0.02327597141265869 0.02529454785724019
0 0.6060157418251038 0.444245271904524 0.02327597141265869 0.02529454785724019
0 0.6354552507400513 0.44366083418335833 0.02327597141265869 0.02529454785724019
0 0.11510734260082245 0.5260580992517812 0.021816939115524292 0.02400473661200945
0 0.14361095428466797 0.5254313890324083 0.02210696538289386 0.02435491990673455
0 0.17113779485225677 0.5249943400538245 0.022503932317097963 0.024713146594143708
0 0.19973859190940857 0.5245068309570213 0.022503932317097963 0.024713146594143708
0 0.22987551987171173 0.5239931380518213 0.022503932317097963 0.024713146594143708
0 0.2586647570133209 0.5235024169377029 0.02250393231709799 0.024713146594143708
0 0.28818395733833313 0.5229992533839026 0.02250393231709802 0.024713146594143708
0 0.3166947364807129 0.5218835567022116 0.022305270036061642 0.025462424108224378
0 0.3453279733657837 0.5214745721151662 0.022533615430196163 0.025438767070918064
0 0.3752395808696747 0.5211275196493543 0.022533615430196163 0.025438767070918064
0 0.43239545822143555 0.5204643627739508 0.022533615430196163 0.025438767070918064
0 0.4892160892486572 0.519805095628097 0.022533615430196108 0.025438767070918064
0 0.5193822979927063 0.5189645635401354 0.022944847742716545 0.025113719378330856
0 0.5482718348503113 0.5182703594828761 0.022944847742716545 0.025113719378330856
0 0.577928364276886 0.5175577248998561 0.022944847742716545 0.025113719378330856
0 0.6076584458351135 0.5168433228884255 0.022944847742716545 0.025113719378330856
0 0.637640655040741 0.516122862350109 0.022944847742716545 0.025113719378330856
0 0.6663174033164978 0.5154337715176682 0.022944847742716545 0.025113719378330856
0 0.11717291176319122 0.5993929131086483 0.023325125376383468 0.026910560075626817
0 0.14517563581466675 0.5988520894589451 0.023325125376383482 0.026910560075626817
0 0.1728658378124237 0.5983173016262358 0.023325125376383482 0.026910560075626817
0 0.2019938826560974 0.5977547443731587 0.023325125376383482 0.026910560075626817
0 0.23177416622638702 0.5971795902695767 0.023325125376383482 0.026910560075626817
0 0.26115697622299194 0.5966271117626565 0.023130108912785857 0.02619928167771929
0 0.319477379322052 0.5955017888268759 0.023130108912785885 0.02619928167771929
0 0.34828948974609375 0.5949458439608339 0.023130108912785885 0.02619928167771929
0 0.376913845539093 0.5945433789723988 0.02233344316482544 0.025438826213511442
0 0.4059147834777832 0.5941261912501136 0.02233344316482544 0.025438826213511442
0 0.43442192673683167 0.5937161069214534 0.02233344316482544 0.025438826213511442
0 0.4921458959579468 0.5928857292525817 0.02233344316482544 0.025438826213511442
0 0.5217922329902649 0.5924592572589253 0.02233344316482544 0.025438826213511442
0 0.5519094467163086 0.5920260115541653 0.02233344316482544 0.025438826213511442
0 0.5806278586387634 0.5919034957408453 0.022718946139017815 0.02558044315308558
0 0.6107041835784912 0.5912504417951717 0.02271052201588941 0.02524406965388808
0 0.6403809189796448 0.5911885195000227 0.023094336191813225 0.025684829830199304
0 0.6701034307479858 0.5906959799833076 0.0233381986618042 0.02573102019553961
0 0.7002445459365845 0.5905250255195146 0.022975564002990723 0.02546298596286029
0 0.11920763179659843 0.672822341308836 0.022756069898605347 0.02575639236805051
0 0.14727096259593964 0.6725103245225064 0.02281975746154785 0.025845401970915147
0 0.1750970035791397 0.672216460477175 0.02281975746154785 0.025845401970915147
0 0.20423227548599243 0.6719087699627556 0.02281975746154785 0.025845401970915147
0 0.23352482914924622 0.6715994184339928 0.02281975746154785 0.025845401970915147
0 0.2626999616622925 0.6712913069614145 0.02281975746154785 0.025845401970915147
0 0.2915825843811035 0.6710442452306911 0.022311151027679443 0.026644211406855564
0 0.3205345869064331 0.6704455974490143 0.022311151027679443 0.026644211406855564
0 0.3498780429363251 0.66983885548553 0.022311151027679443 0.026644211406855564
0 0.378249853849411 0.6692522044706163 0.022311151027679443 0.026644211406855564
0 0.40711507201194763 0.6686553511508676 0.022311151027679443 0.026644211406855564
0 0.4364287257194519 0.6682187013847883 0.02347044150034583 0.027116169301114285
0 0.46602940559387207 0.6680704627710883 0.02347044150034583 0.027116169301114285
0 0.4956269860267639 0.6679222396792248 0.023470441500345884 0.027116169301114285
0 0.525057315826416 0.6677748541695425 0.02347044150034594 0.027116169301114285
0 0.5550724267959595 0.6676245401071947 0.02347044150034594 0.027116169301114285
0 0.5844694972038269 0.6674641860652184 0.023381312688191658 0.027071013931156074
0 0.6143245100975037 0.6669829940080924 0.0237994988759358 0.02741129084150926
0 0.6440168023109436 0.6668365389801735 0.0237994988759358 0.02741129084150926
0 0.6729289293289185 0.6666939320591863 0.0237994988759358 0.02741129084150926
0 0.7032584547996521 0.6665443339255139 0.0237994988759358 0.02741129084150926
0 0.7337122559547424 0.6663941228112509 0.0237994988759358 0.02741129084150926
0 0.7650410532951355 0.6662395958432361 0.0237994988759358 0.02741129084150926
0 0.12024852260947227 0.7477673676463793 0.022803803284962967 0.02573826516321466
0 0.14848634600639343 0.747443443120912 0.022803803284962954 0.02573826516321466
0 0.1765274554491043 0.7471217751601021 0.022803803284962954 0.02573826516321466
0 0.23529350757598877 0.7464476521839363 0.022803803284962954 0.02573826516321466
0 0.2639714777469635 0.7461186786030614 0.02280380328496301 0.02573826516321466
0 0.29349344968795776 0.7457800232252224 0.02280380328496301 0.02573826516321466
0 0.35165315866470337 0.7450470703643527 0.02291843295097351 0.026084131048631273
0 0.38088101148605347 0.7454577379448469 0.022605647643407223 0.02615604844204215
0 0.40895697474479675 0.7451302437139795 0.022605647643407223 0.02615604844204215
0 0.43845003843307495 0.7444935953894327 0.02308184901873267 0.026459937871888627
0 0.46807268261909485 0.7442864636013489 0.02308184901873267 0.026459937871888627
0 0.49800242483615875 0.744077184477467 0.023081849018732725 0.026459937871888543
0 0.5280895233154297 0.743866805064099 0.02308184901873278 0.02645993787188871
0 0.5573140382766724 0.74380148843414 0.02397211392720533 0.026902960252392253
0 0.6182864904403687 0.7436795123787813 0.02397211392720533 0.026902960252392253
0 0.6480746865272522 0.7436199207677178 0.02397211392720533 0.026902960252392173
0 0.6771141886711121 0.7435618269270505 0.02397211392720533 0.026902960252392173
0 0.7067892551422119 0.7435024616330168 0.02397211392720533 0.026902960252392253
0 0.7373741269111633 0.7434412762635649 0.02397211392720533 0.026902960252392173
0 0.7686306834220886 0.7435785946852357 0.02358543872833252 0.027226115381994914
0 0.8006540536880493 0.7439616890840752 0.02484981218973803 0.027595623519069492
0 0.12220270931720734 0.8221319331679233 0.022513250509897872 0.02637221462042768
0 0.17727696895599365 0.821497243394051 0.022513250509897886 0.02637221462042768
0 0.2065579891204834 0.8211598014712935 0.022513250509897886 0.02637221462042768
0 0.23634837567806244 0.8208164894806865 0.022513250509897886 0.02637221462042768
0 0.2663326561450958 0.8215876020445215 0.02287181218465173 0.026839795962784532
0 0.3250797986984253 0.8208630584007086 0.02287181218465173 0.026839795962784532
0 0.35398241877555847 0.8204932101937228 0.023007988929748535 0.02708671628966823
0 0.38313379883766174 0.8208868337232013 0.02301911513010657 0.026954296023346657
0 0.4122093617916107 0.8207062422842772 0.02301911513010657 0.026954296023346657
0 0.44113531708717346 0.8205265800745601 0.02301911513010657 0.026954296023346657
0 0.47075456380844116 0.8203426117574648 0.02301911513010657 0.026954296023346657
0 0.500812292098999 0.8201559199843296 0.023019115130106627 0.026954296023346657
0 0.5306844711303711 0.8199822202148448 0.022517720858256096 0.026209040205607933
0 0.5909229516983032 0.8196150313976199 0.022517720858256096 0.026209040205607933
0 0.6211181282997131 0.8199956078829937 0.023235440254211426 0.026954828306686048
0 0.680503785610199 0.8207440977838537 0.023235440254211426 0.026954828306686048
0 0.7109699845314026 0.8211280902029472 0.023235440254211426 0.026954828306686048
0 0.7405779957771301 0.8215012661246366 0.023235440254211426 0.026954828306686048
0 0.7719610929489136 0.821013517157976 0.02505207061767578 0.02845870616824128
0 0.8033970594406128 0.820922194281532 0.02505207061767578 0.02845870616824128
0 0.8348056077957153 0.8208309510559906 0.02505207061767578 0.02845870616824128
0 0.8661093711853027 0.8207400122354197 0.02505207061767578 0.02845870616824128
0 0.12469381839036942 0.8964030243629633 0.02321262160936992 0.027481019958969125
0 0.15234701335430145 0.8965309984040086 0.023212621609369932 0.027481019958969125
0 0.18015047907829285 0.896500077358512 0.022960036993026733 0.026348557583121365
0 0.20909832417964935 0.8964334497789144 0.022960036993026733 0.026348557583121365
0 0.2386576160788536 0.8963654148676119 0.022960036993026733 0.026348557583121365
0 0.2680704891681671 0.8962977169600096 0.022960036993026733 0.026348557583121365
0 0.3270792067050934 0.8961619000102199 0.022960036993026733 0.026348557583121365
0 0.3562459945678711 0.89627310621535 0.023262083530426025 0.02658749365991389
0 0.38565799593925476 0.8963852473627806 0.023262083530426025 0.02658749365991389
0 0.41551631689071655 0.8964990902233723 0.023262083530426025 0.02658749365991389
0 0.4443710744380951 0.8966091067291969 0.023262083530426025 0.02658749365991389
