0 0.0964207574725151 0.062224049900853354 0.023125246167182922 0.02471916065659634
0 0.12399084120988846 0.06157500244850336 0.022099599242210388 0.02289275235907976
0 0.15035659074783325 0.06062863039415936 0.021528691053390503 0.022760291432225428
0 0.09590035676956177 0.09454800084579823 0.02186259627342224 0.02229202625363372
0 0.12229185178875923 0.09333958420402812 0.02186259627342224 0.02229202625363372
0 0.1498592048883438 0.09207732724469865 0.02186259627342224 0.02229202625363372
0 0.17642833292484283 0.09086077712302984 0.02186259627342224 0.02229202625363371
0 0.20250579714775085 0.09047302534413892 0.021386603514353453 0.021521862163100123
0 0.2292414754629135 0.08976402247606928 0.021386603514353453 0.021521862163100133
0 0.28411418199539185 0.08830885437254646 0.021386603514353397 0.021521862163100133
0 0.3134620189666748 0.0875305797262481 0.021386603514353397 0.021521862163100133
0 0.3410325050354004 0.08679943860963334 0.021386603514353397 0.021521862163100123
0 0.36817342042922974 0.0851172735524732 0.021135667959849003 0.02087533196737599
0 0.3958980143070221 0.08431366775445545 0.021135667959849003 0.020875331967376
0 0.12069737166166306 0.1608653024733152 0.02254362404346466 0.023924169614333527
0 0.14824574173968516 0.15996767431751815 0.02254362404346466 0.023924169614333527
0 0.17349850653130333 0.159234434648591 0.02202455202738446 0.023994460586429553
0 0.20132752241175852 0.15873687786481436 0.02202455202738446 0.023994460586429553
0 0.22950619459152222 0.15730177382323296 0.02202455202738446 0.023994460586429553
0 0.28513696789741516 0.15581349870974612 0.022024552027384403 0.023994460586429553
0 0.3136757016181946 0.15528014648792354 0.022024552027384403 0.023994460586429553
0 0.3413160741329193 0.15467263081289392 0.02230372031529748 0.02515684172164562
0 0.36983728408813477 0.1542047234468682 0.02269270022710168 0.025665926378826764
0 0.39725741744041443 0.1538560081607692 0.02269270022710168 0.025665926378826764
0 0.42559176683425903 0.1534956663408239 0.02269270022710168 0.025665926378826764
0 0.4817390441894531 0.15278161387306055 0.02269270022710168 0.025665926378826764
0 0.5104254484176636 0.15241679479909498 0.022692700227101625 0.025665926378826764
0 0.5392866730690002 0.15218285627143327 0.022606352965037102 0.026005996290103424
0 0.5665475726127625 0.15187411362894465 0.02307615677515673 0.026597451794055094
0 0.5978420376777649 0.1504355345270672 0.022860030333201165 0.02695392638213876
0 0.09068086743354797 0.2295179145280705 0.02329723040262857 0.025371270586353835
0 0.11902517825365067 0.2288129359316355 0.023297230402628585 0.025371270586353835
0 0.17351080477237701 0.22745777154775465 0.0232972304026286 0.025371270586353835
0 0.20169159770011902 0.22604620733926462 0.02243627111117047 0.025213448576224838
0 0.22900494933128357 0.22581344300935238 0.02243627111117047 0.025213448576224838
0 0.2861761152744293 0.22532623044347047 0.022436271111170414 0.025213448576224838
0 0.31412723660469055 0.22508803104141284 0.022436271111170414 0.025213448576224838
0 0.3422003984451294 0.22484879161036292 0.022436271111170414 0.025213448576224838
0 0.3702479898929596 0.22421450947606286 0.022888710101445553 0.025373384934063135
0 0.3980948328971863 0.22384337713216054 0.022471964359283447 0.025338416875794877
0 0.09046737849712372 0.29853128832440046 0.022803122798601777 0.024113958196122543
0 0.11817773059010506 0.29795019463549227 0.02280312279860179 0.024113958196122543
0 0.14511537551879883 0.29738530482790027 0.022803122798601805 0.024113958196122543
0 0.17328058183193207 0.296794672721154 0.022803122798601805 0.024113958196122543
0 0.2012324333190918 0.2962085147236669 0.022803122798601805 0.024113958196122543
0 0.22897671163082123 0.296136456866597 0.022966690361499786 0.024323988330456667
0 0.25692054629325867 0.29551166649908656 0.022959550221761077 0.024104391881661795
0 0.2861565053462982 0.2948579857919851 0.022959550221761105 0.024104391881661795
0 0.3139677047729492 0.29423616098803146 0.022959550221761105 0.024104391881661795
0 0.08983974158763885 0.3677220135673303 0.022348942855993897 0.02510828565257467
0 0.11780529841780663 0.36717265632758783 0.02230759461720784 0.024884748828503542
0 0.14453011751174927 0.36699459164641623 0.022307594617207827 0.0248847488285035
0 0.17150652408599854 0.36681485066411396 0.022307594617207827 0.0248847488285035
0 0.19960957765579224 0.36662760295043395 0.022307594617207827 0.024884748828503542
0 0.2284105271100998 0.3664357052292935 0.022307594617207827 0.0248847488285035
0 0.08976652473211288 0.43928660902866096 0.02270867923895517 0.024806887604469478
0 0.11776713281869888 0.43889781110345605 0.022708679238955184 0.024806887604469478
0 0.14515329897403717 0.43849909582803415 0.022661040226618467 0.024899564048116465
0 0.17186126112937927 0.43813922459122556 0.022661040226618467 0.024899564048116465
0 0.20011471211910248 0.43775852896597917 0.022661040226618467 0.024899564048116465
0 0.22841009497642517 0.43731423311455303 0.02293799320856732 0.02558073886605196
0 0.2566126585006714 0.43683958278765295 0.022937993208567292 0.02558073886605196
0 0.28579017519950867 0.43634852395793594 0.022937993208567264 0.02558073886605196
0 0.3153500556945801 0.4358510299294923 0.022937993208567264 0.02558073886605196
0 0.3441990911960602 0.435365499452103 0.022937993208567264 0.02558073886605196
0 0.09050355851650238 0.5105148128582333 0.02266453703244528 0.024194052053052327
0 0.11894920468330383 0.5101997020632721 0.022758404413859054 0.024288029633751266
0 0.14556154608726501 0.5099031601731526 0.022758404413859068 0.024288029633751266
0 0.20004680752754211 0.50929602973822 0.022758404413859068 0.024288029633751266
0 0.22941266000270844 0.5089688054152726 0.022758404413859068 0.024288029633751266
0 0.25787538290023804 0.5086516446845476 0.022624393304189055 0.02459358984185738
0 0.2871101498603821 0.5082565289292399 0.022624393304189083 0.02459358984185738
0 0.3158632516860962 0.5078679230080503 0.022624393304189083 0.02459358984185738
0 0.34442317485809326 0.5074819279484345 0.022624393304189083 0.02459358984185738
0 0.3729582726955414 0.5070962684099064 0.022624393304189083 0.02459358984185738
0 0.4289833903312683 0.5063932551894077 0.022431492805480957 0.024693895680035785
0 0.4576420783996582 0.5061379005758693 0.02254354953765869 0.02503854914229051
0 0.4868471622467041 0.5058073862264415 0.02254354953765869 0.02503854914229051
0 0.5160745978355408 0.505476618922034 0.02254354953765869 0.02503854914229051
0 0.5452263355255127 0.5047228731939004 0.02278435230255127 0.02494052029395294
0 0.574824869632721 0.504212312920149 0.02278435230255127 0.02494052029395294
0 0.6036385297775269 0.503987802180353 0.022420167922973633 0.025196075439453125
0 0.6321226954460144 0.5037658588009084 0.022420167922973633 0.025196075439453125
0 0.6604382991790771 0.503545228825059 0.022420167922973633 0.025196075439453125
0 0.6902016997337341 0.503313317882687 0.022420167922973633 0.025196075439453125
0 0.6358173489570618 0.5786904623342115 0.023847222328186035 0.02750260700551109
0 0.692831814289093 0.5778273205424465 0.023745457331339592 0.027376367140185872
0 0.7215651273727417 0.5777265064814351 0.023745457331339592 0.027376367140185872
0 0.7516471147537231 0.5776209604449464 0.023745457331339592 0.027376367140185872
0 0.7824319005012512 0.5775129485613345 0.023745457331339592 0.027376367140185872
0 0.8125291466712952 0.5774073489876681 0.023745457331339592 0.027376367140185872
0 0.8433951735496521 0.5780023086902707 0.02417381604512525 0.028180617694706936
0 0.8737747669219971 0.5768348909295675 0.024945219357808357 0.028218735096066497
0 0.9041457176208496 0.576601681547211 0.024945219357808357 0.028218735096066497
0 0.934855077947889 0.5762509064024866 0.025167981783549065 0.02711472030757939
0 0.08877230435609818 0.6555891702341479 0.023081327478090913 0.02598231707432468
0 0.1184929832816124 0.6553810627952581 0.02194793025652568 0.025143586387930045
0 0.1462472379207611 0.6550654477851335 0.021947930256525694 0.025143586387930045
0 0.17296120524406433 0.6547616626834677 0.021947930256525694 0.025143586387930045
0 0.20143285393714905 0.6544378896329078 0.021947930256525694 0.025143586387930045
0 0.2297360897064209 0.6541160317354424 0.021947930256525694 0.025143586387930045
0 0.25867006182670593 0.6537870012490388 0.021947930256525666 0.025143586387930045
0 0.28716179728507996 0.6539685892504316 0.023795723915100098 0.026534620181534695
0 0.3165256083011627 0.653798638378568 0.023795723915100098 0.026534620181534695
0 0.3454500734806061 0.6536312303376725 0.023795723915100098 0.026534620181534695
0 0.37465953826904297 0.6534621727856831 0.023795723915100098 0.026534620181534695
0 0.4313890039920807 0.6531338359034339 0.023795723915100098 0.026534620181534695
0 0.4894866347312927 0.6529140472412109 0.02351975440979004 0.026786538057549054
0 0.5187544226646423 0.6528508589428769 0.02351975440979004 0.026786538057549054
0 0.5485996603965759 0.6527864239473129 0.02351975440979004 0.026786538057549054
0 0.5782175660133362 0.6527224797551381 0.02351975440979004 0.026786538057549054
0 0.6081774830818176 0.6526577971702399 0.02351975440979004 0.026786538057549054
0 0.6378809213638306 0.6524116161257721 0.02343451976776123 0.026581638543180772
0 0.6665278673171997 0.6521324181712691 0.02343451976776123 0.026581638543180772
0 0.09066072106361389 0.7293608022290606 0.021862025062243134 0.024978460267532702
0 0.1189456582069397 0.7292939258664645 0.02186202506224315 0.024978460267532702
0 0.14630630612373352 0.7292292348755786 0.021862025062243162 0.024978460267532702
0 0.17343200743198395 0.7291650993879452 0.021862025062243162 0.024978460267532702
0 0.09097225964069366 0.8021743242130723 0.021969969073931367 0.02524826877800982
0 0.1481473445892334 0.8024130228713922 0.021969969073931395 0.02524826877800982
0 0.17488721013069153 0.8025246583859548 0.021969969073931395 0.02524826877800982
0 0.23191596567630768 0.802762746137755 0.021969969073931395 0.02524826877800982
0 0.2618393898010254 0.8028876726017442 0.02196996907393134 0.02524826877800982
0 0.2902284562587738 0.8030775893181096 0.021705985069274902 0.02543202481528596
0 0.3193851411342621 0.8032186641249546 0.022876262664794922 0.02648316612539354
0 0.34803563356399536 0.8034529386249294 0.022876262664794922 0.02648316612539354
0 0.37748298048973083 0.8036937289880803 0.022876262664794922 0.02648316612539354
0 0.40579545497894287 0.8039252395221586 0.022876262664794922 0.02648316612539354
0 0.46362558007240295 0.8043981152911519 0.022876262664794922 0.02648316612539354
0 0.49324747920036316 0.8045734260029037 0.0232783357302348 0.026989071868186772
0 0.5232340097427368 0.804802650629088 0.023278335730234856 0.026989071868186772
0 0.5534090995788574 0.8054578914198764 0.023815731207529778 0.026934305826823025
0 0.5829777717590332 0.805806910628601 0.023815731207529778 0.026934305826823025
0 0.09208472073078156 0.8753210555675418 0.023084426919619233 0.026332529940346305
0 0.12082366272807121 0.8757418925606032 0.023084426919619247 0.026332529940346305
0 0.1488858014345169 0.8761528188248061 0.02308442691961926 0.026332529940346305
0 0.17614924907684326 0.87655204950377 0.02308442691961926 0.026332529940346305
0 0.20475059747695923 0.8769708716531498 0.02308442691961926 0.026332529940346305
0 0.23348112404346466 0.8768961267022017 0.023086518049240112 0.026057102883509074
0 0.2918924391269684 0.8772466821595691 0.023086518049240112 0.026057102883509074
0 0.3212193548679352 0.8774226876192315 0.023086518049240112 0.026057102883509074
0 0.37849634885787964 0.8785607093988463 0.02370242277781165 0.02663658201232448
0 0.4075832664966583 0.8789798966625274 0.02370242277781165 0.02663658201232448
0 0.46530285477638245 0.8798117247913189 0.02370242277781165 0.02663658201232448
0 0.4949234575033188 0.8802386032787505 0.023702422777811705 0.02663658201232448
0 0.5252125859260559 0.8806751162506813 0.024689793586730957 0.026434491771136253
0 0.5554304718971252 0.8809736767732024 0.024689793586730957 0.026434491771136253
0 0.5853365659713745 0.8812691567112074 0.024689793586730957 0.026434491771136253
0 0.6158707737922668 0.881570842575351 0.024689793586730957 0.026434491771136253
0 0.6455927491188049 0.8818645033725473 0.024689793586730957 0.026434491771136253
0 0.67438805103302 0.8826458066008812 0.024894436200459724 0.026928805565649337
0 0.7053496241569519 0.8834429896155069 0.025351643562316895 0.02758942833242479
0 0.09381480703567281 0.16142026178082972 0.02186259627342224 0.02229202625363372
