0 0.9094738960266113 0.05129518065341683 0.022296786308288574 0.023723447045614552
0 0.9371403455734253 0.05186900427175123 0.022243618965148926 0.023772539094437
0 0.9648445248603821 0.05222959851109704 0.0231248140335083 0.025228644526282023
0 0.15913450717926025 0.07062605222133328 0.024406343698501587 0.025853293810703965
0 0.21888412535190582 0.07100900938344556 0.024406343698501587 0.025853293810703965
0 0.24816323071718216 0.0715839142023131 0.023818865418434143 0.02564917793569638
0 0.3091858923435211 0.07211364793579415 0.023818865418434143 0.02564917793569638
0 0.33945992588996887 0.07237645484048623 0.023818865418434143 0.02564917793569638
0 0.36884549260139465 0.07263154902270691 0.023818865418434143 0.02564917793569638
0 0.39812517166137695 0.07288572400115258 0.023818865418434143 0.02564917793569638
0 0.42766496539115906 0.07304446087327114 0.024411499500274658 0.02556251555450202
0 0.15749837458133698 0.14176019402437431 0.02466456095377606 0.027197349903195403
0 0.18693231046199799 0.1422322628109954 0.0237894554932912 0.025945441667423692
0 0.25010889768600464 0.1423072958840087 0.02378945549329123 0.025945441667423692
0 0.27813947200775146 0.1417982966400856 0.023484428723653195 0.025958002075668465
0 0.3091025650501251 0.1424130152662819 0.023484428723653195 0.025958002075668465
0 0.3399275839328766 0.14302499266899638 0.023484428723653195 0.025958002075668465
0 0.3699718713760376 0.14362147000014772 0.023484428723653195 0.025958002075668465
0 0.3986760973930359 0.14419134273085482 0.023484428723653195 0.025958002075668465
0 0.42836594581604004 0.14425883975350368 0.02305471897125244 0.025745768879735193
0 0.4578908085823059 0.14465426289758018 0.02305471897125244 0.025745768879735193
0 0.1555793732404709 0.213057017945468 0.02397946516672772 0.026855453964351655
0 0.18672674894332886 0.2135814622391102 0.02397946516672772 0.026855453964351655
0 0.21717770397663116 0.2142158106476318 0.02348226805528003 0.02630235243213272
0 0.24801167100667953 0.21442586322163426 0.02348226805528006 0.02630235243213272
0 0.2787507176399231 0.21463526916221282 0.023482268055280087 0.02630235243213272
0 0.30931779742240906 0.21484350359996107 0.023482268055280087 0.02630235243213272
0 0.36961865425109863 0.21525429570397667 0.023482268055280087 0.02630235243213272
0 0.3994818925857544 0.21545773530920587 0.023482268055280087 0.02630235243213272
0 0.42867299914360046 0.21604085391370467 0.02318320671717322 0.025834652804589114
0 0.4582327902317047 0.21643456747365553 0.02318320671717322 0.025834652804589114
0 0.4876497685909271 0.21682637887848877 0.02318320671717322 0.025834652804589114
0 0.5171965956687927 0.2169307827774271 0.02225317557652784 0.0247316730114841
0 0.546379029750824 0.217176370223581 0.02225317557652784 0.0247316730114841
0 0.5744461417198181 0.21741257157436636 0.02225317557652784 0.0247316730114841
0 0.6034655570983887 0.2176989364419821 0.022260169188181633 0.024639942849329303
0 0.6329602003097534 0.2181998186333235 0.022860248883565193 0.02504302919373029
0 0.6622908711433411 0.21752985133681185 0.023304899533589607 0.02533235475998519
0 0.15625804662704468 0.2868621293888536 0.0247003783782323 0.02780213466910429
0 0.2178284078836441 0.28729995704231803 0.0247003783782323 0.02780213466910429
0 0.2483898624777794 0.28762364941974017 0.02380828559398651 0.02712968338367551
0 0.2790040075778961 0.28807132188663925 0.023289183775583866 0.02665976590888445
0 0.3094298839569092 0.2881809982203821 0.023289183775583866 0.02665976590888445
0 0.3692530393600464 0.28839664309699364 0.023289183775583866 0.02665976590888445
0 0.40003305673599243 0.2885075960048502 0.023289183775583866 0.02665976590888445
0 0.43002066016197205 0.2886156924935274 0.023289183775583866 0.02665976590888445
0 0.459635853767395 0.28872836579556826 0.023090382417043087 0.0263949697331865
0 0.4890546053647995 0.28883778286522344 0.02309038241704303 0.0263949697331865
0 0.5188415050506592 0.28894856918689815 0.023090382417042976 0.0263949697331865
0 0.5470619201660156 0.2885893173525819 0.022720466057459587 0.02590713205263599
0 0.5761038661003113 0.2885966767501572 0.022720466057459587 0.02590713205263599
0 0.6051082015037537 0.2886040266170058 0.022720466057459587 0.02590713205263599
0 0.6348915100097656 0.2894111450064262 0.022728244463602776 0.02564492336539335
0 0.6643099784851074 0.2897759814595067 0.022728244463602776 0.02564492336539335
0 0.15614637732505798 0.36094544654668764 0.02468575040499371 0.026078401609908704
0 0.187180295586586 0.36117507914555597 0.02468575040499371 0.026078401609908663
0 0.21784000098705292 0.3614019427910782 0.02468575040499371 0.026078401609908743
0 0.24890638142824173 0.3616318155908331 0.024685750404993684 0.026078401609908704
0 0.2796049416065216 0.3618589667386787 0.024685750404993656 0.026078401609908704
0 0.3099171817302704 0.36173170424752926 0.02381705741087592 0.025011254835498452
0 0.34104853868484497 0.3616510879161746 0.02381705741087592 0.02501125483549841
0 0.37157365679740906 0.36157204147306604 0.02381705741087592 0.02501125483549841
0 0.4306446611881256 0.36215152319300153 0.022840281327565548 0.025174887605415745
0 0.4606185853481293 0.36203067247257675 0.023051083087921143 0.025650142699249045
0 0.5200759172439575 0.3622516819682816 0.023051083087921143 0.025650142699249003
0 0.5489079356193542 0.3626534994258437 0.022955099741617913 0.025196844293165564
0 0.5776186585426331 0.36261964882641 0.022955099741617913 0.025196844293165564
0 0.6064002513885498 0.36258571466971556 0.022955099741617913 0.025196844293165602
0 0.635741114616394 0.36255112112044074 0.022955099741617913 0.025196844293165564
0 0.6651780605316162 0.36251641428747844 0.022955099741617913 0.025196844293165564
0 0.6944732069969177 0.36212293491807096 0.023247480392456055 0.025403481121211074
0 0.15617626905441284 0.43584965550622273 0.024375657240549742 0.026453949684320494
0 0.1876307874917984 0.4357376782610643 0.023762375116348267 0.026075437087421324
0 0.2488025277853012 0.4356892607932867 0.023762375116348267 0.026075437087421324
0 0.28009337186813354 0.4356644940721202 0.023762375116348267 0.026075437087421324
0 0.31075263023376465 0.43564022725141377 0.023762375116348267 0.026075437087421324
0 0.3414953052997589 0.43561589440634085 0.023762375116348267 0.026075437087421324
0 0.3720948100090027 0.43559167488068795 0.023762375116348267 0.026075437087421324
0 0.4024363160133362 0.4353479784588481 0.02330104509989417 0.025790399359178227
0 0.4317757487297058 0.4351374195491784 0.023246000210444095 0.025680305421814494
0 0.4616326689720154 0.4352361989575763 0.023246000210444095 0.025680305421814494
0 0.49181048572063446 0.4353360400282887 0.02324600021044415 0.025680305421814494
0 0.5498018264770508 0.435527900082361 0.023246000210444207 0.025680305421814494
0 0.5787719488143921 0.43562374558559686 0.023246000210444207 0.025680305421814494
0 0.6079884171485901 0.4357204061063104 0.023246000210444207 0.025680305421814494
0 0.6372631192207336 0.4350925014088172 0.02262016137440992 0.02566309492717423
0 0.6672679781913757 0.4349706782851108 0.02262016137440992 0.02566309492717423
0 0.6962855458259583 0.4350758486015852 0.023263533910115486 0.02559301095415461
0 0.7252705097198486 0.4350501486373355 0.023263533910115486 0.02559301095415461
0 0.1558382511138916 0.5097540034804233 0.02477934459845227 0.026616236960241093
0 0.1873452216386795 0.5097875835581813 0.02477934459845227 0.026616236960241093
0 0.21845340728759766 0.5101264243902162 0.024404466152191162 0.026710096255753445
0 0.25020066648721695 0.5097648265749909 0.02428622543811798 0.02665509364401653
0 0.2802776098251343 0.5098866307458212 0.023607750733693478 0.026240208352258907
0 0.31121015548706055 0.5095715844100362 0.023607750733693478 0.026240208352258907
0 0.3421801030635834 0.5092561571377363 0.023607750733693478 0.026240208352258907
0 0.3726820945739746 0.5087095221575109 0.023022909959157345 0.026306921197462398
0 0.40381136536598206 0.5086284460023393 0.023022909959157345 0.026306921197462398
0 0.4339129328727722 0.5085500464993634 0.023022909959157345 0.026306921197462398
0 0.4632549583911896 0.5084736252227495 0.023022909959157345 0.026306921197462398
0 0.4924401342868805 0.5083976124608239 0.02302290995915729 0.026306921197462398
0 0.5215692520141602 0.5083217457023428 0.023022909959157234 0.026306921197462398
0 0.5500346422195435 0.508040051127589 0.022513071695963616 0.02575260724208157
0 0.5794585347175598 0.507955392463593 0.022513071695963616 0.02575260724208157
0 0.6094271540641785 0.5078691665070558 0.022513071695963616 0.02575260724208157
0 0.6388037800788879 0.5077846438385719 0.02270452181498217 0.025774312573809955
0 0.6984484195709229 0.507190625259183 0.02270452181498217 0.025774312573809955
0 0.7273250222206116 0.5068599789641625 0.022555629412333245 0.026250055594037616
0 0.7561517953872681 0.5067808018174282 0.023020386695861816 0.026421391686727833
0 0.7861674427986145 0.5066871612751309 0.023020386695861816 0.026421391686727833
0 0.8145269751548767 0.506598687355087 0.023020386695861816 0.026421391686727833
0 0.8439235091209412 0.5065069782760017 0.023020386695861816 0.026421391686727833
0 0.8732531070709229 0.5064154780188272 0.023020386695861816 0.026421391686727833
0 0.9029820561408997 0.5058623469153116 0.022931178410847908 0.026768351710119914
0 0.15516377985477448 0.5861440259356832 0.025266860922177614 0.02707725347474564
0 0.18697050213813782 0.5862485661812609 0.024963979919751467 0.02719207881957067
0 0.2181275337934494 0.5856382680493731 0.024963979919751467 0.02719207881957067
0 0.2499319389462471 0.5850152892860145 0.024963979919751494 0.02719207881957067
0 0.2803266644477844 0.5844199230650587 0.024963979919751522 0.02719207881957067
0 0.3115456700325012 0.5838084109993869 0.02434442440668738 0.026839825534081218
0 0.34238266944885254 0.5835025411648167 0.02434442440668738 0.026839825534081218
0 0.3730638921260834 0.5831982164677868 0.02434442440668738 0.026839825534081218
0 0.4045569896697998 0.5828858388461599 0.02434442440668738 0.026839825534081218
0 0.434578001499176 0.5825880627299465 0.02434442440668738 0.026839825534081218
0 0.4633767902851105 0.5823490675105605 0.023502210776011112 0.026340573333030522
0 0.49320006370544434 0.5820582975435218 0.023445069789886475 0.026469356329866103
0 0.5228251218795776 0.581379337229022 0.02294115225474047 0.025803174159323577
0 0.5519596934318542 0.5813400357268578 0.02314305305480957 0.02612159788146494
0 0.5812889933586121 0.5820716591768487 0.02269967397054029 0.025438116502392253
0 0.6402058601379395 0.5812949247138445 0.02276456356048584 0.026108142941497093
0 0.6696993708610535 0.5811126326934701 0.02306564648946119 0.025698817053506542
0 0.6992039680480957 0.5808377820391988 0.02306564648946119 0.025698817053506542
0 0.7298089265823364 0.5805526809471974 0.02306564648946119 0.025698817053506542
0 0.7589271068572998 0.5802814299672557 0.02306564648946119 0.025698817053506542
0 0.7885462045669556 0.5800055126811183 0.02306564648946119 0.025698817053506542
0 0.8177510499954224 0.5797334543702379 0.02306564648946119 0.025698817053506542
0 0.8471701741218567 0.5798033282264277 0.0228923956553142 0.025601527487584843
0 0.1547495722770691 0.6632768349560929 0.025046894947687803 0.02762651073840243
0 0.18568362295627594 0.6626852612162746 0.024724642435709654 0.027888275856195494
0 0.21695363521575928 0.6620798349840722 0.024724642435709654 0.027888275856195494
0 0.24912311881780624 0.6615020799062626 0.024475236733754485 0.027377106422601744
0 0.2804248631000519 0.6608734574428824 0.024475236733754513 0.027377106422601744
0 0.3426297903060913 0.6596242166906083 0.024475236733754513 0.027377106422601744
0 0.37374255061149597 0.6588798042557955 0.02383517225583398 0.026562091916106468
0 0.4043184816837311 0.658385343329851 0.02383517225583398 0.026562091916106468
0 0.43467065691947937 0.6578945008879301 0.02383517225583398 0.026562091916106468
0 0.46457433700561523 0.6574109113184218 0.02383517225583398 0.026562091916106468
0 0.49468593299388885 0.656923959421557 0.023835172255833925 0.026562091916106468
0 0.5543962717056274 0.6559583492722498 0.02383517225583387 0.026562091916106468
0 0.5832642912864685 0.6561238191184096 0.02389705181121826 0.026924340299857734
0 0.6125401854515076 0.6561187957817537 0.02389705181121826 0.026924340299857734
0 0.6425486207008362 0.6561136467512264 0.02389705181121826 0.026924340299857734
0 0.672135055065155 0.6561085701301873 0.02389705181121826 0.026924340299857734
0 0.7022686004638672 0.655288968974445 0.024095257123311287 0.027142162470854474
0 0.7325946688652039 0.6548701939720594 0.024095257123311287 0.027142162470854474
0 0.7618096470832825 0.6544667620991551 0.024095257123311287 0.027142162470854474
0 0.7916846871376038 0.6541552432747775 0.024633725484212166 0.027514967807503635
0 0.15410926938056946 0.7411031057668287 0.02471095323562622 0.027711823929187945
0 0.18608471751213074 0.7403089804691756 0.02471095323562622 0.027711823929187782
0 0.2481798529624939 0.7387668185667239 0.02471095323562622 0.027711823929187862
0 0.27940526604652405 0.7379913207423412 0.02471095323562622 0.027711823929187862
0 0.31086215376853943 0.7372100741364235 0.02471095323562622 0.027711823929187945
0 0.3429686725139618 0.7365787357218679 0.024328748385111454 0.027754066526427694
0 0.37361612915992737 0.7359760881149305 0.024328748385111454 0.027754066526427777
0 0.40449845790863037 0.7352609689885296 0.024151921272277832 0.027696047642434236
0 0.43519505858421326 0.7347652080447175 0.024151921272277832 0.02769604764243432
0 0.46543824672698975 0.7341845312783885 0.024411102135976193 0.02732970363409947
0 0.4961441159248352 0.7337833394678773 0.024411102135976137 0.027329703634099388
0 0.5552747845649719 0.7330107594814385 0.02441110213597608 0.027329703634099388
0 0.584557056427002 0.7326281678801876 0.02441110213597608 0.02732970363409947
0 0.6143484115600586 0.7322389247805573 0.02441110213597608 0.02732970363409947
0 0.6444839835166931 0.732048644374045 0.02434309323628736 0.02772468744322303
0 0.6744163632392883 0.7317878590073696 0.02434309323628736 0.02772468744322311
0 0.7047103047370911 0.7310151441476702 0.024031122525532966 0.02716098460116133
0 0.734610378742218 0.7306102042974427 0.024031122525532966 0.02716098460116125
0 0.15407460927963257 0.8192668679955687 0.024011189738909422 0.02675191006919221
0 0.18518683314323425 0.8188514709472656 0.024011189738909422 0.02675191006919221
0 0.21633659303188324 0.8183424306470294 0.024045993884404482 0.02690112683200108
0 0.24823715537786484 0.8175341092053546 0.02404599388440451 0.02690112683200108
0 0.279983252286911 0.8167297017299391 0.024045993884404537 0.02690112683200108
0 0.34249255061149597 0.815145792155186 0.024045993884404537 0.02690112683200108
0 0.37363100051879883 0.8143567817155705 0.024045993884404537 0.02690112683200108
0 0.4048119783401489 0.8134404583388226 0.024308760960896847 0.02695725315300982
0 0.435323029756546 0.8125998031261356 0.024308760960896847 0.02695725315300982
0 0.46654900908470154 0.8117394498746128 0.024308760960896847 0.02695725315300982
0 0.15366269648075104 0.8984439191843314 0.02549294630686444 0.028492772301962208
0 0.18516847491264343 0.8976513175077216 0.02549294630686444 0.028492772301962208
0 0.24839656800031662 0.8961724569631178 0.024887765447298676 0.02827820297359485
0 0.2801261842250824 0.89530731910883 0.024877607822418213 0.0277761414993641
0 0.3110842704772949 0.8945019243600181 0.024877607822418213 0.0277761414993641
0 0.34295353293418884 0.8936728247696177 0.024877607822418213 0.0277761414993641
0 0.37408480048179626 0.8928629245967702 0.024877607822418213 0.0277761414993641
0 0.4052398204803467 0.892052406488463 0.024877607822418213 0.0277761414993641
0 0.4359341263771057 0.8913471310637718 0.02454221248626709 0.027293656223504006
