0 0.13251982629299164 0.11988985815713572 0.02189624309539795 0.023140996001487554
0 0.15954614403071227 0.12027905295745335 0.02174194653828937 0.023145535195520667
0 0.8110917210578918 0.12757992189983988 0.021741946538289314 0.023145535195520667
0 0.8362129330635071 0.12804238982438854 0.021741946538289314 0.023145535195520667
0 0.8623886704444885 0.12852427099068767 0.021741946538289314 0.023145535195520667
0 0.889253556728363 0.1290188390155171 0.021741946538289314 0.023145535195520667
0 0.16080507636070251 0.1535120786622513 0.021659101049105345 0.02375526576079138
0 0.18822892010211945 0.1526818164559298 0.02173564831415814 0.02362887064615884
0 0.21558643877506256 0.15213556405190953 0.021712973713874817 0.023831204850544286
0 0.24362558871507645 0.15262591561605765 0.021712973713874817 0.023831204850544286
0 0.27102160453796387 0.15310501998401882 0.021712973713874817 0.023831204850544286
0 0.3272891938686371 0.15408903342587302 0.021712973713874817 0.023831204850544286
0 0.35497891902923584 0.15457327421321426 0.021712973713874817 0.023831204850544286
0 0.382249653339386 0.15590806653927117 0.02115742365519202 0.02301257525303566
0 0.4368007779121399 0.15680107959481174 0.02115742365519202 0.02301257525303566
0 0.49086032807826996 0.1576860454768738 0.021157423655192076 0.02301257525303566
0 0.5174722671508789 0.15812168835703835 0.02115742365519213 0.02301257525303566
0 0.5447870492935181 0.15856883692186932 0.02115742365519213 0.02301257525303566
0 0.5711036324501038 0.15899964476533932 0.02115742365519213 0.02301257525303566
0 0.5974160432815552 0.1595706385235454 0.02118261655171705 0.022874388583870822
0 0.6244063973426819 0.16006066036303648 0.02118261655171705 0.022874388583870822
0 0.6509313583374023 0.16046460981340455 0.02090541521708178 0.022635615149209667
0 0.677355170249939 0.16055240187534067 0.021078427632649666 0.023154857546784157
0 0.16053615510463715 0.18619587803520288 0.021691903471946716 0.02362512987713481
0 0.1886572539806366 0.1857226617055866 0.021541282534599304 0.023656797039416422
0 0.24414759129285812 0.18646149302637854 0.02141706645488739 0.02361364512480507
0 0.27147045731544495 0.1867412726908586 0.021319786707560184 0.023753384287043128
0 0.29890185594558716 0.18707960705424465 0.021319786707560184 0.023753384287043128
0 0.32709452509880066 0.18742733080317608 0.021319786707560184 0.023753384287043128
0 0.35458746552467346 0.18776642421295858 0.021319786707560184 0.023753384287043128
0 0.38173148036003113 0.1881012140318405 0.021319786707560184 0.023753384287043128
0 0.436922162771225 0.1887819268401883 0.021319786707560184 0.023753384287043128
0 0.46438026428222656 0.19026136566661442 0.02104729413986206 0.023206832797028298
0 0.4909495711326599 0.19086061522018077 0.02104729413986206 0.023206832797028298
0 0.517878532409668 0.19118235832036928 0.02033674716949463 0.02297905618830244
0 0.5448935627937317 0.19168320450459903 0.02033674716949463 0.02297905618830244
0 0.5713546872138977 0.19217378152812464 0.02033674716949463 0.02297905618830244
0 0.5980053544044495 0.1926678725870575 0.02033674716949463 0.02297905618830244
0 0.6244227886199951 0.19315763961437138 0.02033674716949463 0.02297905618830244
0 0.6519829630851746 0.19385909479717875 0.02059328556060791 0.023038317066754476
0 0.6780807971954346 0.19443080671956925 0.02059328556060791 0.023038317066754476
0 0.21562451124191284 0.22127603930096293 0.021444459756215395 0.023638318675433045
0 0.24353379011154175 0.2210781942453558 0.021444459756215423 0.023638318675433045
0 0.2709479331970215 0.22088385913951145 0.02144445975621545 0.023638318675433045
0 0.2992401421070099 0.22068329954529214 0.02144445975621545 0.023638318675433045
0 0.32715100049972534 0.22078417053108199 0.020922303199768066 0.02342555319616034
0 0.35497093200683594 0.22133949191071267 0.020922303199768066 0.02342555319616034
0 0.38208165764808655 0.22187081753316124 0.020791252454121945 0.02335060474484466
0 0.40976405143737793 0.22242880976477333 0.020791252454121945 0.02335060474484466
0 0.4372071325778961 0.2229819781867121 0.020791252454121945 0.02335060474484466
0 0.4651106894016266 0.22354442838738844 0.020791252454121945 0.02335060474484466
0 0.5188379883766174 0.22462740609812182 0.020791252454121834 0.02335060474484466
0 0.5452079772949219 0.22515894426913804 0.020791252454121834 0.02335060474484466
0 0.5715383291244507 0.22540436234585073 0.020306070645650154 0.02318422184434048
0 0.5979717373847961 0.22585582733154297 0.02025473117828369 0.023116015648657066
0 0.6252464652061462 0.2262792225985619 0.02025473117828369 0.023116015648657066
0 0.652064859867096 0.2267939796241498 0.020175377527872795 0.022275377613629455
0 0.6785677671432495 0.22697790278944857 0.020175377527872795 0.022275377613629455
0 0.7041545510292053 0.2271554683007748 0.020175377527872795 0.022275377613629455
0 0.7311459183692932 0.22734278124969795 0.020175377527872795 0.022275377613629455
0 0.7555785775184631 0.22751233744066815 0.020175377527872795 0.022275377613629455
0 0.21600376069545746 0.2535870130672011 0.02154440184434253 0.02384088205736737
0 0.24393726140260696 0.2540508314620617 0.021374518672625215 0.02386096096778098
0 0.27124959230422974 0.25348707687023075 0.021061380704244015 0.023683754972709213
0 0.2992539703845978 0.2544366259907567 0.021160423755645752 0.023678550424501905
0 0.327461838722229 0.2547614292570347 0.021160423755645752 0.023678550424501905
0 0.3548470735549927 0.25507676019998315 0.021160423755645752 0.023678550424501905
0 0.38238614797592163 0.25539386254941016 0.021160423755645752 0.023678550424501905
0 0.4098204970359802 0.25570975902468657 0.021160423755645752 0.023678550424501905
0 0.43735969066619873 0.256167169086498 0.02069428563117981 0.022688148557677777
0 0.49179400503635406 0.2568816473317701 0.02069428563117981 0.022688148557677777
0 0.5171952843666077 0.25721505212787227 0.02069428563117981 0.022688148557677777
0 0.545412540435791 0.2575854180603907 0.02069428563117981 0.022688148557677777
0 0.5719730257987976 0.2579340380291606 0.02069428563117981 0.022688148557677777
0 0.5989994406700134 0.25828877356127133 0.02069428563117981 0.022688148557677777
0 0.6253546476364136 0.25917769626317805 0.020363370577494377 0.02273398406745849
0 0.6522167921066284 0.25970929167991463 0.020363370577494377 0.02273398406745849
0 0.6787318587303162 0.2595438956511698 0.020354628562927246 0.022868799608807232
0 0.7052822709083557 0.25990637351924023 0.020354628562927246 0.022868799608807232
0 0.731010913848877 0.2602576322333757 0.020354628562927246 0.022868799608807232
0 0.21594363451004028 0.288028362185456 0.021406362454096495 0.023912710736888353
0 0.27223050594329834 0.2879513141720794 0.020914077758789062 0.02386897478916851
0 0.2997469902038574 0.28831993035073267 0.020914077758789062 0.02386897478916851
0 0.327610582113266 0.28869319645100694 0.020914077758789062 0.02386897478916851
0 0.35506895184516907 0.28906103411612355 0.020914077758789062 0.02386897478916851
0 0.3824159801006317 0.28942738022915154 0.020914077758789062 0.02386897478916851
0 0.4101313352584839 0.2893898155873747 0.020970245202382443 0.023315784543059593
0 0.4373217523097992 0.28975502280301824 0.020970245202382443 0.023315784543059593
0 0.2160761058330536 0.322392929432004 0.021419028441111265 0.023590679316557683
0 0.27224186062812805 0.32239885635117205 0.02141902844111121 0.023590679316557683
0 0.29990535974502563 0.3219214594641397 0.021274924278259277 0.02391664371934048
0 0.3278203308582306 0.3231921306876249 0.021115024884541866 0.023419387580812412
0 0.3552097678184509 0.32313600705539314 0.021115024884541866 0.023419387580812412
0 0.383743554353714 0.3230775385390812 0.021115024884541866 0.023419387580812412
0 0.4108976721763611 0.3230218970987526 0.021115024884541866 0.023419387580812412
0 0.4380471706390381 0.32296626512394394 0.021115024884541866 0.023419387580812412
0 0.21627695858478546 0.3573328960746467 0.021315641701221466 0.024095830991286614
0 0.2722385823726654 0.356570787867637 0.021315641701221466 0.024095830991286614
0 0.30027031898498535 0.3559231111201671 0.021128912766774532 0.0234095107677371
0 0.3279325067996979 0.3561893507491711 0.021128912766774532 0.0234095107677371
0 0.3558894693851471 0.35645842749019696 0.021128912766774532 0.0234095107677371
0 0.3839170038700104 0.3567168435385061 0.021029333273569706 0.023103299991104928
0 0.41127336025238037 0.35699850069080635 0.021029333273569706 0.023103299991104928
0 0.4388665556907654 0.35728259630432335 0.021029333273569706 0.023103299991104928
0 0.46632587909698486 0.3575653135904482 0.021029333273569706 0.023103299991104928
0 0.49324485659599304 0.3578424675520076 0.02102933327356976 0.023103299991104928
0 0.1615724265575409 0.3908973959989326 0.02187336484591168 0.024387951045073224
0 0.18899384140968323 0.3906661535606143 0.02187336484591168 0.024387951045073224
0 0.21702799201011658 0.3904297439743117 0.02187336484591168 0.024387951045073224
0 0.24527857452630997 0.3901915092362362 0.021873364845911653 0.024387951045073224
0 0.27287882566452026 0.3899587586868641 0.021873364845911625 0.024387951045073224
0 0.30070266127586365 0.3901911890783975 0.021729931235313416 0.023925101110177503
0 0.3288448750972748 0.39016379866685047 0.021729931235313416 0.023925101110177503
0 0.38446757197380066 0.39046713363292607 0.020401020844777462 0.023206370745518356
0 0.41181543469429016 0.3905383785517504 0.020401020844777462 0.023206370745518356
0 0.4393085837364197 0.39055478295614554 0.020631750424703 0.023193448088889897
0 0.4667236804962158 0.39071843684266666 0.020631750424703 0.023193448088889897
0 0.4935288578271866 0.3908784498270284 0.020631750424702944 0.023193448088889897
0 0.5204475522041321 0.39103914044918664 0.020631750424702888 0.023193448088889897
0 0.5470600128173828 0.39119800301485286 0.020631750424702888 0.023193448088889897
0 0.5732969045639038 0.3914724394332531 0.020812024672826057 0.02296817395114154
0 0.16222913563251495 0.4248110749000727 0.021494746208190918 0.02377455363902016
0 0.18958374857902527 0.4247049347627139 0.021494746208190918 0.02377455363902016
0 0.21783661842346191 0.42459530924938904 0.021494746208190918 0.02377455363902016
0 0.273311585187912 0.42438005778142396 0.021494746208190918 0.02377455363902016
0 0.3011019825935364 0.42427222673283066 0.021494746208190918 0.02377455363902016
0 0.32894638180732727 0.4242198949928065 0.021457691987355587 0.023710443067920247
0 0.3576432466506958 0.4239347549747446 0.02035340666770935 0.022985591444858285
0 0.385427862405777 0.42410713018373003 0.02035340666770935 0.022985591444858285
0 0.4399269223213196 0.4244452412782026 0.02035340666770935 0.022985591444858285
0 0.4671361744403839 0.42461404694252064 0.02035340666770935 0.022985591444858285
0 0.4940040558576584 0.4247807347497275 0.02035340666770935 0.022985591444858285
0 0.5208595395088196 0.4249473456414374 0.02035340666770935 0.022985591444858285
0 0.547714114189148 0.42489340138989823 0.02044896284739184 0.02310186578321821
0 0.5741286277770996 0.4249796137503315 0.02044896284739184 0.02310186578321821
0 0.6004124283790588 0.42469672269599384 0.0203340550263722 0.022865502409232734
0 0.626863420009613 0.4248704688493596 0.020719846089680916 0.023010638333106282
0 0.16254682838916779 0.45910360646802323 0.02102683981259662 0.023806934208833026
0 0.18949565291404724 0.4588870311762089 0.02102683981259662 0.023806934208833026
0 0.24592210352420807 0.45833241662313773 0.021247198184331267 0.023614158926084115
0 0.27379050850868225 0.4582831491733322 0.021247198184331295 0.023614158926084115
0 0.301617830991745 0.458210967307867 0.02117421229680383 0.023448323094567586
0 0.3298052251338959 0.4581621508147847 0.02117421229680383 0.023448323094567586
0 0.35750067234039307 0.45813516128894893 0.020721733570098877 0.0233516840971717
0 0.38580888509750366 0.458031181626286 0.020721733570098877 0.0233516840971717
0 0.41328781843185425 0.45793024801232174 0.020721733570098877 0.0233516840971717
0 0.440470427274704 0.4578304028358696 0.020721733570098877 0.0233516840971717
0 0.4677431285381317 0.4577302267385084 0.020721733570098877 0.0233516840971717
0 0.5211867690086365 0.45773002438088994 0.020132700602213616 0.022863491561061596
0 0.5477980971336365 0.45762638713038245 0.020352045694987053 0.023068095362463664
0 0.5739809274673462 0.45761817281635125 0.020352045694987053 0.023068095362463664
0 0.6272725462913513 0.45760145368833216 0.020352045694987053 0.023068095362463664
0 0.6538020372390747 0.4575931306168019 0.020352045694987053 0.023068095362463664
0 0.6801355481147766 0.4575848690299101 0.020352045694987053 0.023068095362463664
0 0.1629631072282791 0.49265200592750724 0.02122126022974652 0.023827752401662426
0 0.18949861824512482 0.4932209195038231 0.02128031849861145 0.023909724035928417
0 0.24559681117534637 0.49277168096498003 0.02128031849861145 0.023909724035928417
0 0.2737836539745331 0.49254595861257805 0.02128031849861145 0.023909724035928417
0 0.30185359716415405 0.4923211724010222 0.02128031849861145 0.023909724035928417
0 0.3295906186103821 0.4920990522517714 0.02128031849861145 0.023909724035928417
0 0.35800260305404663 0.49187152694818487 0.02128031849861145 0.023909724035928417
0 0.3858627378940582 0.4918896431146666 0.02080409725507104 0.023247090420981654
0 0.4134300649166107 0.49174592589986243 0.02080409725507104 0.023247090420981654
0 0.44056469202041626 0.49160446448690365 0.02080409725507104 0.023247090420981654
0 0.46747010946273804 0.4914641980165712 0.02080409725507104 0.023247090420981654
0 0.49485523998737335 0.4913214306498683 0.020804097255070986 0.023247090420981654
0 0.521068274974823 0.49113942435832064 0.02061152458190918 0.023353901944419154
0 0.5747709274291992 0.49081088221350383 0.02061152458190918 0.023353901944419154
0 0.6011798977851868 0.49049142619488034 0.020125269889831543 0.022913644480150798
0 0.6273126006126404 0.49017531204546083 0.020125269889831543 0.022913644480150798
0 0.6540461778640747 0.48985192942064865 0.020125269889831543 0.022913644480150798
0 0.6806692481040955 0.48952988354351806 0.020125269889831543 0.022913644480150798
0 0.7068405747413635 0.4902640600518002 0.020710309346516853 0.023259185081304506
0 0.7330489754676819 0.49013094423938663 0.020710309346516853 0.023259185081304506
0 0.7588923573493958 0.48999968240427416 0.020710309346516853 0.023259185081304506
0 0.18999651074409485 0.5273621581321539 0.021083563566207886 0.023946096730786702
0 0.2176695168018341 0.5271359298418687 0.021083563566207886 0.023946096730786702
0 0.2461257427930832 0.526903298687142 0.021083563566207886 0.023946096730786702
0 0.27364423871040344 0.5268176766329034 0.021156132221221924 0.023665524268335205
0 0.3018295466899872 0.5265337938080101 0.021156132221221924 0.023665524268335205
0 0.3584374189376831 0.5263439233038362 0.020896633466084835 0.02342330577761628
0 0.3864865005016327 0.5258915036223656 0.020896633466084835 0.02342330577761628
0 0.4134661853313446 0.5254563328525489 0.020896633466084835 0.02342330577761628
0 0.4682644009590149 0.5245724610864484 0.020896633466084835 0.02342330577761628
0 0.49511027336120605 0.5241394486538199 0.02089663346608478 0.02342330577761628
0 0.5215951800346375 0.5243358612060547 0.020432035128275627 0.0229600122732709
0 0.5755435824394226 0.5240541946056277 0.020470897356669182 0.023109820462012532
0 0.6022497415542603 0.523884795432867 0.020077427228291755 0.022853496462799782
0 0.6286435127258301 0.5237043381216191 0.020077427228291755 0.022853496462799782
0 0.6547287702560425 0.5235259901543464 0.020077427228291755 0.022853496462799782
0 0.7081596851348877 0.5231494903564453 0.020068248112996345 0.022694580314695317
0 0.733845591545105 0.5229750355210833 0.020068248112996345 0.022694580314695317
0 0.7597371339797974 0.522799184036593 0.020068248112996345 0.022694580314695317
0 0.7856974601745605 0.5226228653830901 0.020068248112996345 0.022694580314695317
0 0.8110737204551697 0.5224505136179369 0.020068248112996345 0.022694580314695317
0 0.8371374011039734 0.5220498816911564 0.02023382981618238 0.022515289543210942
0 0.1906868815422058 0.561256630476131 0.021224056680997194 0.023574267246926423
0 0.21756795048713684 0.5610832964503357 0.021224056680997194 0.023574267246926423
0 0.24628397077322006 0.5608981303242713 0.021224056680997222 0.023574267246926423
0 0.2740609645843506 0.560719019211851 0.02122405668099725 0.023574267246926423
0 0.3023878335952759 0.560536362404047 0.02122405668099725 0.023574267246926423
0 0.329701691865921 0.5605979742005814 0.02125086883703864 0.0239053770553234
0 0.35823750495910645 0.5604964161437965 0.02125086883703864 0.0239053770553234
0 0.38616254925727844 0.559449954847911 0.02107200026512146 0.023631546848504173
0 0.4415379464626312 0.5585566232370776 0.020906229813893673 0.023300348326217298
0 0.46921199560165405 0.5583632713140443 0.020707905292510986 0.023474020551341394
0 0.49549631774425507 0.5579806483069132 0.020372281471888243 0.02321465070857558
0 0.5225563645362854 0.5577841026838436 0.020251035690307617 0.022797872853833577
0 0.5762349963188171 0.5571974619743505 0.020251035690307617 0.022797872853833577
0 0.6027328372001648 0.5568819267805233 0.01996358235677076 0.022891939148422413
0 0.6291736960411072 0.5566050700963451 0.01996358235677076 0.022891939148422413
0 0.655723512172699 0.5563270725432417 0.01996358235677076 0.022891939148422413
0 0.6819090843200684 0.5560528889124586 0.01996358235677076 0.022891939148422413
0 0.7083215117454529 0.5557763299276662 0.01996358235677076 0.022891939148422413
0 0.734696090221405 0.5552475951438727 0.019928256670634026 0.022902229959650612
0 0.7601386308670044 0.5548992798091499 0.019928256670634026 0.022902229959650612
0 0.19066540896892548 0.5958732782408248 0.021282007296880068 0.024230690889580304
0 0.21759922802448273 0.5955962691196176 0.021365841229756655 0.024234623872032516
0 0.245743528008461 0.5953432355827963 0.021365841229756682 0.024234623872032516
0 0.2744235694408417 0.5950853854204563 0.02136584122975671 0.024234623872032516
0 0.30246835947036743 0.5948332465356868 0.02136584122975671 0.024234623872032516
0 0.3301471173763275 0.5945843984914381 0.02136584122975671 0.024234623872032516
0 0.3585721552371979 0.5939093301462572 0.021585941314697266 0.023898398229318128
0 0.38667023181915283 0.59342632082333 0.021585941314697266 0.023898398229318128
0 0.41375747323036194 0.593376825022143 0.020781417687734005 0.02340553342833994
0 0.4413066506385803 0.5924758467563364 0.02067844072977698 0.023170589476592836
0 0.49566876888275146 0.5916116273034443 0.020678440729777037 0.023170589476592836
0 0.5497919917106628 0.5908581046170966 0.02033468087514234 0.023121678551962208
0 0.5766849517822266 0.5902619916339253 0.02028389771779371 0.022965808247410974
0 0.6031098365783691 0.5902237880641594 0.02021400133768725 0.02298692215320676
0 0.6559604406356812 0.5894655183304188 0.020328323046366448 0.023000850233920785
0 0.6824982762336731 0.589059793915498 0.020328323046366448 0.023000850233920785
0 0.7348553538322449 0.5882593313232417 0.020328323046366448 0.023000850233920785
0 0.7608286142349243 0.5878622384314138 0.020328323046366448 0.023000850233920785
0 0.786511242389679 0.5874695888785428 0.020328323046366448 0.023000850233920785
0 0.812658429145813 0.5874005876912195 0.020561854044596428 0.023205868033475654
0 0.8385984301567078 0.5871201448662337 0.020561854044596428 0.023205868033475654
0 0.8643457293510437 0.586841785381252 0.020561854044596428 0.023205868033475654
0 0.8906477093696594 0.5862553175105605 0.021052281061808342 0.02299762696258776
0 0.19098183512687683 0.6305014588112055 0.021164625883102417 0.024130118909732372
0 0.2182357758283615 0.6302210595287772 0.021164625883102417 0.024130118909732372
0 0.24643397331237793 0.6300555828005768 0.021442174911499023 0.024085170538850478
0 0.27446696162223816 0.6296425309292105 0.021272122859954834 0.02416374147400381
0 0.32985371351242065 0.6286840865649238 0.021272122859954834 0.02416374147400381
0 0.35866042971611023 0.6281855984995146 0.021272122859954834 0.02416374147400381
0 0.3866596817970276 0.6277010832599423 0.021272122859954834 0.02416374147400381
0 0.414456844329834 0.6272200650947038 0.021272122859954834 0.02416374147400381
0 0.4414583146572113 0.6266500708148188 0.02097574869791663 0.023924687112024532
0 0.49732227623462677 0.6255533147380419 0.020975748697916685 0.023924687112024532
0 0.5506997108459473 0.6245053757068723 0.02097574869791674 0.023924687112024532
0 0.577166736125946 0.6238670349121094 0.02031175295511889 0.0233251290727956
0 0.6043493747711182 0.6233795878268654 0.02031175295511889 0.0233251290727956
0 0.630403459072113 0.622912378310637 0.02031175295511889 0.0233251290727956
0 0.6565996408462524 0.6224426206606528 0.02031175295511889 0.0233251290727956
0 0.6832585334777832 0.6219645655432413 0.02031175295511889 0.0233251290727956
0 0.709168553352356 0.6215693008067996 0.020335952440897698 0.02301427560259211
0 0.7349157929420471 0.6211306129012671 0.020106395085652595 0.022866389548131718
0 0.16471746563911438 0.6639251708984375 0.02106554309527081 0.023793390554975116
0 0.19135431945323944 0.6647196037824764 0.021420031785964966 0.02417143001112827
0 0.2190084010362625 0.6645013476937843 0.021420031785964966 0.02417143001112827
0 0.24719859659671783 0.6642788603982283 0.021420031785964966 0.02417143001112827
0 0.27471572160720825 0.6644305295722429 0.021462976932525635 0.024225131485813404
0 0.30298343300819397 0.6641739929247711 0.0214365919431051 0.02410669844279923
0 0.33138662576675415 0.6634893195573673 0.0214365919431051 0.02410669844279923
0 0.3591032028198242 0.6628211974097926 0.0214365919431051 0.02410669844279923
0 0.38692614436149597 0.6621505112922724 0.0214365919431051 0.02410669844279923
0 0.4149187207221985 0.6614757360414018 0.0214365919431051 0.02410669844279923
0 0.4420141875743866 0.6608225860702431 0.0214365919431051 0.02410669844279923
0 0.4691910147666931 0.6601122170217476 0.021428068478902218 0.024108029151147705
0 0.4969792068004608 0.6593832567860293 0.021196107069651304 0.02401878297791006
0 0.5236452221870422 0.6587032939112464 0.02119610706965136 0.02401878297791006
0 0.5508795380592346 0.6584070167803484 0.021087268988291497 0.02379108399383776
0 0.57725590467453 0.657962444216706 0.021087268988291497 0.02379108399383776
0 0.1646956205368042 0.6984147360158521 0.021154314279556274 0.0240980931954791
0 0.1913788914680481 0.6986789176831083 0.021154314279556274 0.0240980931954791
0 0.21888571977615356 0.698951253101884 0.021154314279556274 0.0240980931954791
0 0.24683572351932526 0.6992279762445495 0.021154314279556274 0.0240980931954791
0 0.2747223377227783 0.6995040717897089 0.021154314279556274 0.0240980931954791
0 0.30282866954803467 0.6984770575235056 0.021467268466949463 0.02424991223239154
0 0.33094432950019836 0.6978443861370416 0.021467268466949463 0.02424991223239154
0 0.3588259220123291 0.6972169818427272 0.021467268466949463 0.02424991223239154
0 0.3867605924606323 0.6965883831645168 0.021467268466949463 0.02424991223239154
0 0.41449862718582153 0.6959642092729121 0.021467268466949463 0.02424991223239154
0 0.4700045883655548 0.6940379919007768 0.021063725153605106 0.023545937944752356
0 0.4969591647386551 0.6933753035775776 0.02106372515360516 0.023545937944752356
0 0.5240782499313354 0.6927085707436326 0.021063725153605217 0.023545937944752356
0 0.5511142611503601 0.6922119613020921 0.020477573076884026 0.023010135621063414
0 0.5785092115402222 0.6913703652315362 0.020477573076884026 0.023010135621063414
0 0.6048017144203186 0.6905626372818934 0.020477573076884026 0.023010135621063414
0 0.6314272880554199 0.6897494293922601 0.020408789316813225 0.023022969563802138
0 0.6576218008995056 0.6892572737811893 0.020408789316813225 0.023022969563802138
0 0.6839753985404968 0.6887621292053722 0.020408789316813225 0.023022969563802138
0 0.7102546691894531 0.6882683811222634 0.020408789316813225 0.023022969563802138
0 0.7367167472839355 0.687771198361419 0.020408789316813225 0.023022969563802138
0 0.7623378038406372 0.6868734137956486 0.021133502324422127 0.023138948189195683
0 0.16549287736415863 0.7326688988264217 0.02132663130760193 0.0241344363190407
0 0.21930226683616638 0.7344545532145932 0.021824335058530153 0.02411494883455977
0 0.24708429723978043 0.7344756605253189 0.021701494852701814 0.024189734643743917
0 0.2748652994632721 0.7337499884671943 0.02167002360026038 0.02397330232368886
0 0.303531289100647 0.7330603286185169 0.02167002360026038 0.02397330232368886
0 0.331270694732666 0.7323929609632369 0.02167002360026038 0.02397330232368886
0 0.3591134250164032 0.7317231074749341 0.02167002360026038 0.023973302323688776
0 0.38774025440216064 0.7309296281745798 0.021040717760721805 0.02401422899822856
0 0.4149145185947418 0.7301012970680414 0.021040717760721805 0.02401422899822856
0 0.4421681761741638 0.7292705458771354 0.021040717760721805 0.02401422899822856
0 0.4701404571533203 0.7284178894706302 0.021040717760721805 0.02401422899822856
0 0.5245649218559265 0.7267589125522348 0.021040717760721916 0.02401422899822856
0 0.551171064376831 0.7256868939067043 0.020864804585774666 0.023864479952080304
0 0.5787374973297119 0.7247690825276816 0.020769158999125237 0.023467012154039433
0 0.6054906845092773 0.7240917294524437 0.020769158999125237 0.023467012154039433
0 0.6317462921142578 0.723426974392267 0.020769158999125237 0.023467012154039433
0 0.6586302518844604 0.7227463103389453 0.020769158999125237 0.023467012154039433
0 0.6846718788146973 0.7220869729685229 0.020769158999125237 0.023467012154039433
0 0.16517913341522217 0.7672495287518168 0.021202454964319883 0.024017747982527968
0 0.19158439338207245 0.7673655894099015 0.021202454964319883 0.024017747982527968
0 0.21938177943229675 0.7674877689651142 0.021202454964319883 0.024017747982527968
0 0.2754392921924591 0.7677341619879325 0.021202454964319828 0.024017747982527968
0 0.30357757210731506 0.7678578398948492 0.021202454964319828 0.024017747982527968
0 0.33154138922691345 0.7671296762865644 0.021754582722981808 0.02402046854181796
0 0.3600708842277527 0.7661538430147271 0.021754582722981808 0.02402046854181796
0 0.38743603229522705 0.7652178354908574 0.021754582722981808 0.02402046854181796
0 0.4425426423549652 0.7633329488641273 0.021754582722981808 0.02402046854181796
0 0.4981336295604706 0.7614314944245094 0.021754582722981752 0.02402046854181796
0 0.5258124470710754 0.7608165297397348 0.020926912625630623 0.023571457973746365
0 0.5525112748146057 0.7599336730123936 0.020926912625630623 0.023571457973746365
0 0.578825831413269 0.7590895364450854 0.020760973294575935 0.02342003814933847
0 0.6061512231826782 0.7581821044141427 0.020760973294575935 0.02342003814933847
0 0.63299161195755 0.757290778547608 0.020760973294575935 0.02342003814933847
0 0.6592621803283691 0.7564183754943629 0.020760973294575935 0.02342003814933847
0 0.6852923631668091 0.7555539552555528 0.020760973294575935 0.023420038149338386
0 0.21943818032741547 0.8031057885498691 0.021529694398244204 0.02424254897953015
0 0.24707600474357605 0.8027550453363463 0.02152969439824423 0.02424254897953015
0 0.2756364047527313 0.8024469419967296 0.021312912305196163 0.024336289989855753
0 0.3035036027431488 0.8017438096662574 0.021312912305196163 0.024336289989855753
0 0.33183541893959045 0.8010289543027735 0.021312912305196163 0.024336289989855753
0 0.3597956597805023 0.8003234743578652 0.021312912305196163 0.024336289989855753
0 0.4157170355319977 0.7989124919092933 0.021589994430541992 0.02384854102319514
0 0.4437881410121918 0.7977543651752509 0.021383484204610226 0.023601738981498196
0 0.47094303369522095 0.7967167344204215 0.021383484204610226 0.023601738981498196
0 0.5258772373199463 0.7946176129162992 0.021383484204610115 0.023601738981498196
0 0.5799901485443115 0.7925498742743103 0.021383484204610115 0.023601738981498196
0 0.6334330439567566 0.7905077379803325 0.021383484204610115 0.023601738981498196
0 0.6599802374839783 0.7894933283569989 0.021383484204610115 0.023601738981498196
0 0.6855242252349854 0.7885499111441678 0.021061380704243904 0.02333831787109375
0 0.7376761436462402 0.7865718126498444 0.021061380704243904 0.02333831787109375
0 0.7640990614891052 0.7858350741228388 0.020927389462788826 0.023409170697825932
0 0.7902705669403076 0.7849308231528076 0.020927389462788826 0.023409170697825932
0 0.8156359791755676 0.7840544234874637 0.020927389462788826 0.023409170697825932
0 0.21947146952152252 0.8373894802359647 0.021737227837244688 0.024271410565043606
0 0.24712041020393372 0.8370905721942313 0.02173722783724466 0.024271410565043606
0 0.27579715847969055 0.8367805526976857 0.021737227837244633 0.024271410565043606
0 0.3034661114215851 0.8364814283067851 0.021737227837244633 0.024271410565043606
0 0.33172160387039185 0.8361759629360465 0.021737227837244633 0.024271410565043606
0 0.35974183678627014 0.8350546295830023 0.021500925223032596 0.024220902790394974
0 0.4162167012691498 0.8330299022585846 0.02129487196604407 0.023942932602046885
0 0.4434555172920227 0.8318770683830053 0.02129487196604407 0.023942932602046885
0 0.4705640375614166 0.8307297490407423 0.02129487196604407 0.023942932602046885
0 0.49818357825279236 0.8296066106751908 0.021073520183563232 0.023716179899466946
0 0.5258451104164124 0.828390077103016 0.02068110307057691 0.02358062507570241
0 0.5800297260284424 0.8260571822728436 0.02068110307057691 0.02358062507570241
0 0.6072273254394531 0.8248862015739429 0.02068110307057691 0.02358062507570241
0 0.633348286151886 0.8237615750814069 0.02068110307057691 0.02358062507570241
0 0.6597136855125427 0.8226264243902162 0.02068110307057691 0.02358062507570241
0 0.6860662698745728 0.8215028616121024 0.02074853579203295 0.02368767316951308
0 0.7120848298072815 0.8206948568654615 0.020772337913513184 0.023199096206546865
0 0.7382937073707581 0.8196879720347703 0.020772337913513184 0.023199096206546865
0 0.7646366953849792 0.818675934988836 0.020772337913513184 0.023199096206546865
0 0.790826678276062 0.8176697760480256 0.020772337913513184 0.023199096206546865
0 0.816180944442749 0.816695723422738 0.020772337913513184 0.023199096206546865
0 0.8418276906013489 0.8162587188010992 0.020911693572998047 0.023101096929505814
0 0.21985885500907898 0.8737392744616852 0.021987080574035645 0.02441684220188337
0 0.2759573459625244 0.8725594803854893 0.022045671939849854 0.024778854015261628
0 0.30418673157691956 0.8715091971463935 0.022045671939849854 0.024778854015261628
0 0.33229517936706543 0.8704634134373803 0.022045671939849854 0.024778854015261628
0 0.38864946365356445 0.8684686172840207 0.021482447783152225 0.024299385011658077
0 0.4157642722129822 0.8673539244864498 0.021482447783152225 0.024299385011658077
0 0.443819522857666 0.8662005700100888 0.021482447783152225 0.024299385011658077
0 0.47150918841362 0.8650622447774126 0.021482447783152225 0.024299385011658077
0 0.4995512366294861 0.8639094330543695 0.02148244778315228 0.024299385011658077
0 0.553347647190094 0.8616372929062954 0.021525661150614495 0.02426395859829215
0 0.6074208617210388 0.8593866767909144 0.021683355172475105 0.024049507555111545
0 0.6341434717178345 0.8575870602629906 0.0211983323097229 0.023709437643834676
0 0.6599858999252319 0.8560909005098565 0.020600557327270508 0.023621492607648984
0 0.6861895322799683 0.8553933279935223 0.020600557327270508 0.023621492607648984
0 0.7129217386245728 0.85468168419565 0.020600557327270508 0.023621492607648984
0 0.7388250231742859 0.8539921073026435 0.020600557327270508 0.023621492607648984
0 0.2202802151441574 0.9064861563749091 0.021796459952990233 0.024091676224109737
0 0.24655402451753616 0.9063427060149437 0.022206321358680725 0.024100843326065782
0 0.3044709861278534 0.905795696169831 0.02199651797612512 0.02415046396181576
0 0.3325597941875458 0.9048099254795152 0.02199651797612512 0.02415046396181576
0 0.36098501086235046 0.9038123486010533 0.02199651797612512 0.02415046396181576
0 0.3896094858646393 0.9028077787943544 0.02199651797612512 0.02415046396181576
0 0.4174754023551941 0.9018298304358194 0.02199651797612512 0.02415046396181576
0 0.4443112313747406 0.9004864086679085 0.021979014078776005 0.02401473171027143
0 0.4720503091812134 0.8990977695869306 0.021979014078776005 0.02401473171027143
0 0.49993206560611725 0.8977019879070905 0.02197901407877606 0.02401473171027143
0 0.5544925332069397 0.8949706498966661 0.021979014078776116 0.02401473171027143
0 0.6077979803085327 0.8923089705287212 0.021869570016860962 0.023742616638656625
0 0.6346485614776611 0.8906305064086014 0.021327972412109375 0.023553360340207122
0 0.6611641645431519 0.889582168224246 0.021327972412109375 0.023553360340207122
0 0.687603235244751 0.8885368558733672 0.021327972412109375 0.023553360340207122
0 0.7140498161315918 0.8874912465949044 0.021327972412109375 0.023553360340207122
0 0.7392183542251587 0.8864961668502452 0.021327972412109375 0.023553360340207122
