0 0.10434357821941376 0.07627434508745061 0.020239531993865967 0.022647724595180777
0 0.13204599406432221 0.07631574592951758 0.022611312568187714 0.024093250895655432
0 0.1609592487414678 0.07632639734627972 0.022830039262771606 0.02415044917616733
0 0.10456965118646622 0.10895535003307254 0.023439064621925354 0.026775145715521302
0 0.13113446906208992 0.10883833817665677 0.023439064621925354 0.026775145715521302
0 0.15904583036899567 0.108696416366932 0.0243043800195058 0.027600436247596432
0 0.18687139451503754 0.10858085323234626 0.0243043800195058 0.027600436247596432
0 0.21355703473091125 0.10847002434795823 0.0243043800195058 0.027600436247596432
0 0.240837961435318 0.10835672316247937 0.024304380019505828 0.027600436247596432
0 0.2698092758655548 0.10823640158010084 0.024304380019505856 0.027600436247596432
0 0.10433094203472137 0.17801354652227358 0.022636825839678437 0.02618892802748569
0 0.13183065131306648 0.17775890903059477 0.02263682583967845 0.02618892802748569
0 0.1589929610490799 0.17746888759524324 0.022504031658172607 0.02565299632937409
0 0.18672558665275574 0.17725542089182983 0.022504031658172607 0.02565299632937407
0 0.2149284929037094 0.17703833429101157 0.022504031658172607 0.02565299632937409
0 0.2426709458231926 0.17682479194367112 0.022504031658172607 0.025652996329374112
0 0.27076321840286255 0.1766085569248643 0.022504031658172607 0.02565299632937409
0 0.1036393865942955 0.2460077862406886 0.023403691748778016 0.026525334794391984
0 0.13143367692828178 0.24613102705721188 0.02340369174877803 0.026525334794391984
0 0.18641097843647003 0.24637479825794045 0.023403691748778044 0.026525334794391984
0 0.21481037139892578 0.24650072211983445 0.023403691748778044 0.026525334794391984
0 0.2427864894270897 0.24662476916645848 0.023403691748778016 0.026525334794391984
0 0.27173754572868347 0.24717323429272467 0.02288838227589929 0.025647436925607107
0 0.3000318109989166 0.247188035831895 0.02288838227589929 0.025647436925607107
0 0.10288649052381516 0.3152658329453579 0.022763729095458984 0.025133399076240008
0 0.131284698843956 0.3154473561379539 0.022763729095458984 0.025133399076240008
0 0.15898564457893372 0.31562442238280486 0.022763729095458984 0.025133399076240008
0 0.1866239458322525 0.31580108820005903 0.022763729095458984 0.025133399076240008
0 0.21540656685829163 0.31598506858364617 0.022763729095458984 0.025133399076240008
0 0.2438720539212227 0.31623378852047934 0.022943362593650818 0.025914170021234556
0 0.2722330391407013 0.3163237218481755 0.022943362593650818 0.025914170021234556
0 0.3006945848464966 0.3164139740554556 0.022943362593650818 0.025914170021234556
0 0.33010992407798767 0.31650725076364916 0.022943362593650818 0.025914170021234556
0 0.3590662181377411 0.3165648812043733 0.022514760494232178 0.02531543997831123
0 0.4146707057952881 0.31636938139616744 0.022514760494232178 0.02531543997831123
0 0.4427644908428192 0.31627060646234556 0.022514760494232178 0.02531543997831123
0 0.46917790174484253 0.31547554018244206 0.022446413834889767 0.027075331340464484
0 0.4974543595755542 0.31526317152866096 0.02244641383488971 0.027075331340464484
0 0.5272827921090303 0.31534311342198307 0.022669772307078118 0.026577069777850928
0 0.10165875405073166 0.3858971733684094 0.02261268099149069 0.025185577629148442
0 0.15904292464256287 0.38602655987406886 0.022378305594126402 0.024866444195887894
0 0.18662768602371216 0.3860624505716459 0.022378305594126402 0.024866444195887894
0 0.21581675112247467 0.38610042863835964 0.022378305594126402 0.024866444195887894
0 0.24444226920604706 0.3861376734706904 0.022378305594126374 0.024866444195887894
0 0.27287518978118896 0.386174667713254 0.022378305594126346 0.024866444195887894
0 0.3020283877849579 0.3862898626992869 0.022730330626169803 0.024754842122395888
0 0.3302745819091797 0.38631394390262414 0.022730330626169803 0.024754842122395888
0 0.09940597414970398 0.45638214238698593 0.02300808330376944 0.025385302166606106
0 0.15786311030387878 0.4572085940848782 0.02278810739517212 0.024803900903509625
0 0.18631823360919952 0.45723765672894046 0.022923613588015257 0.024897168773089215
0 0.2149248868227005 0.45716600639875543 0.02250609795252484 0.02394263688908067
0 0.24486254900693893 0.45715868750283883 0.022609159350395203 0.024360568024391353
0 0.27364709973335266 0.45705063945398444 0.022609159350395203 0.024360568024391353
0 0.30226898193359375 0.45694320201104266 0.022609159350395203 0.024360568024391353
0 0.3317466676235199 0.4568325521539783 0.022609159350395203 0.024360568024391353
0 0.35904940962791443 0.4567300663437954 0.022609159350395203 0.024360568024391353
0 0.38675224781036377 0.45674149558847144 0.02217888832092285 0.0238494873046875
0 0.4436471164226532 0.45660293933957125 0.02217888832092285 0.0238494873046875
0 0.47105517983436584 0.45665394982626273 0.022286832332611084 0.02438324920890862
0 0.4993942379951477 0.45673207209474803 0.02232205867767334 0.02409164665281305
0 0.5278285145759583 0.45609203604764714 0.02232205867767334 0.02409164665281305
0 0.5561079978942871 0.4554554842906269 0.02232205867767334 0.02409164665281305
0 0.5841418504714966 0.4548244615129756 0.02232205867767334 0.02409164665281305
0 0.612379252910614 0.45418885696765987 0.02232205867767334 0.02409164665281305
0 0.09878278523683548 0.5282749855568839 0.023223576446374267 0.025594252948613186
0 0.1282915212213993 0.5283114411110101 0.023345994452635452 0.02559865907181141
0 0.15703681111335754 0.5282645361765772 0.023345994452635466 0.02559865907181141
0 0.21549855172634125 0.5287607737998978 0.023287326097488403 0.025307440942572125
0 0.24476562440395355 0.5284553350404252 0.023119499286015838 0.025073975555656436
0 0.2739965617656708 0.5281525495132828 0.023119499286015865 0.025073975555656436
0 0.30290457606315613 0.5278531089500401 0.023119499286015865 0.025073975555656436
0 0.33195996284484863 0.5275521418447381 0.023119499286015865 0.025073975555656436
0 0.36132344603538513 0.5272479833558549 0.023119499286015865 0.025073975555656436
0 0.3897545039653778 0.5269791583138498 0.02324191729227698 0.025078381678854827
0 0.41763579845428467 0.5269619254178779 0.02292865514755249 0.025060698043468388
0 0.4444443881511688 0.5267029965143888 0.022582729657491085 0.024693540824476192
0 0.4727950394153595 0.5265171139739281 0.022582729657491085 0.024693540824476192
0 0.5009205937385559 0.5258401883115543 0.021977543830871582 0.023786027302113558
0 0.5573472380638123 0.5256171559178552 0.021977543830871582 0.023786027302113558
0 0.5857542157173157 0.5255048742768046 0.021977543830871582 0.023786027302113558
0 0.6144827008247375 0.5253913218428883 0.021977543830871582 0.023786027302113558
0 0.642759382724762 0.5252795552098474 0.021977543830871582 0.023786027302113558
0 0.6681435704231262 0.5251792214719089 0.021977543830871582 0.023786027302113558
0 0.09825742244720459 0.602013343988463 0.023174524307250977 0.025620334832243272
0 0.12769120931625366 0.6017795302677644 0.023174524307250977 0.025620334832243272
0 0.15703727304935455 0.6014686850614326 0.022996644179026304 0.025309481362039785
0 0.214638352394104 0.6009037241772092 0.022996644179026304 0.025309481362039785
0 0.2439860925078392 0.600615876702939 0.022996644179026277 0.025309481362039785
0 0.27336356043815613 0.6003277376533419 0.02299664417902625 0.025309481362039785
0 0.3031079173088074 0.6000360000965207 0.02299664417902625 0.025309481362039785
0 0.3325527608394623 0.5993069831796503 0.022780125339825985 0.02495356123576798
0 0.36154064536094666 0.5988000825394032 0.022780125339825985 0.02495356123576798
0 0.38982561230659485 0.5984466464020485 0.022471388181050655 0.02464604932208394
0 0.4453798830509186 0.5978505011639836 0.022246291240056393 0.02432599917862772
0 0.4738609790802002 0.5975279180980336 0.022246291240056393 0.02432599917862772
0 0.5024102181196213 0.597204563229583 0.022246291240056337 0.02432599917862772
0 0.5301464796066284 0.5968985645238867 0.022152533133824592 0.024393717447916612
0 0.09688817709684372 0.6769458859465843 0.02344184120496115 0.02424713253050817
0 0.1564241349697113 0.6753725451092387 0.02287808060646057 0.0244348806928294
0 0.18484553694725037 0.675060289255743 0.02287808060646057 0.0244348806928294
0 0.2140887826681137 0.6747390040968063 0.02287808060646057 0.0244348806928294
0 0.24340862780809402 0.6744168773672459 0.02287808060646057 0.0244348806928294
0 0.303234338760376 0.6737595935200535 0.02287808060646057 0.0244348806928294
0 0.3327418565750122 0.6725882153178371 0.02261970440546668 0.023554336192996003
0 0.3626030385494232 0.6719496527383494 0.021675268809000614 0.023027641828670058
0 0.3907415270805359 0.6715453585879346 0.021675268809000614 0.023027641828670058
0 0.418613076210022 0.6714761423510175 0.021388431390126583 0.02283847424411029
0 0.4464987814426422 0.6709096059553025 0.021388431390126583 0.02283847424411029
0 0.4749462902545929 0.6703316557483792 0.021388431390126583 0.02283847424411029
0 0.5030786991119385 0.6697601072297432 0.021388431390126528 0.02283847424411029
0 0.5304291248321533 0.6692044457723928 0.021388431390126472 0.02283847424411029
0 0.0953720286488533 0.750795485748933 0.022626588741938264 0.02582598841467569
0 0.1562306135892868 0.7498665964880655 0.02262658874193829 0.02582598841467569
0 0.1831776648759842 0.7491139478461687 0.022636324167251587 0.025406016859897348
0 0.24218380451202393 0.7484911290568366 0.022902230421702058 0.025477535040803686
0 0.27176791429519653 0.7489202929416551 0.023158888022104862 0.02532793385113854
0 0.30230313539505005 0.7482383861098179 0.023158888022104862 0.02532793385113854
0 0.33120882511138916 0.7475928696672779 0.023158888022104862 0.02532793385113854
0 0.36192622780799866 0.7469068943901833 0.023158888022104862 0.02532793385113854
0 0.391357421875 0.7462496424830237 0.023158888022104862 0.02532793385113854
0 0.4190392792224884 0.74563145643546 0.023158888022104862 0.02532793385113854
0 0.5062373991935484 0.7452644411102776 0.023311491935483764 0.025787696924231152
0 0.47653815086169904 0.7447766073646173 0.021876704949204517 0.02387429499930208
0 0.564898209225747 0.744837327511068 0.02191729122592556 0.025704189689041555
0 0.5926112840252538 0.7446045050414749 0.021934690014008495 0.027107569061836426
0 0.09521237436321474 0.8296860243922981 0.022528880305828586 0.026674462843310872
0 0.12563210072857078 0.8284497743965714 0.023433379188019757 0.028209228401155396
0 0.1545905726811578 0.827791806685915 0.022220064315103705 0.026711960521643388
0 0.18326688305504862 0.8273204031751346 0.02283115324474147 0.0267170331095958
0 0.21582511067390442 0.8256331197992604 0.024068628748257936 0.027475697125575228
0 0.2430751994252205 0.8251685209052507 0.024068628748257964 0.027475697125575228
0 0.2736949324607849 0.8247245078863099 0.023187220096588135 0.026863039001937875
0 0.3331257402896881 0.8236707655090229 0.023187220096588135 0.026863039001937875
0 0.3628194332122803 0.8231442792687423 0.023187220096588135 0.026863039001937875
0 0.39231061935424805 0.8226213835900613 0.023187220096588135 0.026863039001937875
0 0.4204558730125427 0.8221223520678144 0.023187220096588135 0.026863039001937875
0 0.4489545524120331 0.822124100768029 0.021992504596710205 0.02543823478757884
0 0.4774586260318756 0.8220398481502089 0.021992504596710205 0.02543823478757884
0 0.09536376595497131 0.9048117704169695 0.02399229258298874 0.02754524881525546
0 0.12597597017884254 0.9043687332508176 0.023550696671009064 0.027512010677840468
0 0.15564218163490295 0.9036952484134487 0.023550696671009064 0.027512010677840468
0 0.2139732539653778 0.9023710114841651 0.023550696671009064 0.027512010677840468
0 0.24350543320178986 0.9017005694575636 0.023550696671009064 0.027512010677840468
0 0.27358701825141907 0.9010176547738009 0.023550696671009064 0.027512010677840468
0 0.3030738830566406 0.9003623594305161 0.023206164439519283 0.02721127059108538
0 0.3626479208469391 0.8990113317526215 0.023206164439519283 0.02721127059108538
0 0.3924811780452728 0.8983347693154978 0.023206164439519283 0.02721127059108538
0 0.4212905466556549 0.8976846765250555 0.023119628429412842 0.027354395666787792
0 0.4502858519554138 0.8975726282873819 0.022865315278371212 0.027012078336966946
0 0.47904813289642334 0.8961707713992096 0.02413441737492883 0.028739870056625375
0 0.5388488240780369 0.8955257595196923 0.02361283571489403 0.02627781329369864
0 0.5677927963195308 0.8952178473352164 0.02368860090932534 0.026893637662650422
0 0.5980089069694601 0.8943280026625919 0.023740250577208744 0.026797858140682418
0 0.6262101851483827 0.8940488901837323 0.02404132325162167 0.026418348664793184
0 0.6555241320722847 0.8932977183867716 0.023377139081237175 0.02698295782510617
0 0.6836666487237459 0.8932781568809459 0.023795734810572733 0.02702208083675811
0 0.7135206653225806 0.893192048012003 0.02457157258064524 0.027194298574643713
0 0.38455083414360325 0.17650089111952408 0.022504031658172607 0.02565299632937409
0 0.4116162583231926 0.17604421485495447 0.022504031658172607 0.025652996329374112
0 0.3266804637732329 0.17582797983614767 0.022504031658172607 0.02565299632937409
0 0.35547097303249214 0.17572031403080746 0.022504031658172607 0.02565299632937409
0 0.5357862903225806 0.7447486871717929 0.023311491935483764 0.025787696924231152
