0 0.14415764808654785 0.09932129050410071 0.02153739333152771 0.023820095284040586
0 0.17111600935459137 0.09802728475526322 0.021907150745391846 0.02445775409077489
0 0.8306565880775452 0.11111026586488236 0.0217667818069458 0.022737902264262356
0 0.8564473986625671 0.11127862264943678 0.020902633666992188 0.023000672806140987
0 0.8811527490615845 0.1119216431018918 0.02138805389404297 0.023717769356661065
0 0.17028766870498657 0.13175419855117784 0.021759281555811583 0.024209540019663744
0 0.1977289617061615 0.13093235053899452 0.021605640649795532 0.023811148118603152
0 0.22569793462753296 0.1309019687563874 0.021605640649795532 0.023811148118603152
0 0.2540384829044342 0.13087118334359674 0.021605640649795532 0.023811148118603152
0 0.2822290062904358 0.13084056089794951 0.021605640649795532 0.023811148118603152
0 0.310449481010437 0.13080990591714547 0.021605640649795532 0.023811148118603152
0 0.3386538624763489 0.13077926841791826 0.021605640649795532 0.023811148118603152
0 0.17081500589847565 0.16657640767651935 0.02133708198865253 0.023915268654047056
0 0.19871604442596436 0.16607868154447963 0.02133708198865253 0.023915268654047056
0 0.22580401599407196 0.16559545969952524 0.02133708198865253 0.023915268654047056
0 0.25421902537345886 0.16508856485056322 0.021337081988652556 0.023915268654047056
0 0.28218722343444824 0.16458964066079507 0.021337081988652584 0.023915268654047056
0 0.3104669153690338 0.16481936201839675 0.021452248096466064 0.023705238519712936
0 0.4236433506011963 0.2358399324638899 0.022084593772888184 0.024632993594620553
0 0.4518949091434479 0.23606448949769485 0.021665751934051514 0.023961385091145804
0 0.47997602820396423 0.23714011308777405 0.021587570508321163 0.024220133936682414
0 0.5075348615646362 0.23755671226167244 0.02143820126851398 0.023853878642237463
0 0.5350316166877747 0.23820249424424284 0.021438201268513923 0.023853878642237463
0 0.5627593398094177 0.2388537006840379 0.021438201268513923 0.023853878642237463
0 0.5898557305335999 0.23949007980746542 0.021438201268513923 0.023853878642237463
0 0.6171681880950928 0.24013153342313545 0.021438201268513923 0.023853878642237463
0 0.11707305535674095 0.27107879727385764 0.020744356016318008 0.023828861325286155
0 0.1435706466436386 0.270563123845878 0.020744356016318022 0.023828861325286155
0 0.16998939216136932 0.27004898484673107 0.020744356016318022 0.023828861325286155
0 0.198110893368721 0.26950170827466385 0.020744356016318022 0.023828861325286155
0 0.22557254135608673 0.2689672732008382 0.020744356016318022 0.023828861325286155
0 0.2825184464454651 0.2690603123154751 0.02174311876296997 0.02449439292730287
0 0.3107089698314667 0.2692808651489675 0.02174311876296997 0.02449439292730287
0 0.3392367660999298 0.26950405668798755 0.02174311876296997 0.02449439292730287
0 0.36731991171836853 0.2696645426195721 0.021205981572469113 0.0240781621415486
0 0.39559003710746765 0.26994494504706806 0.021062592665354374 0.023990054463231287
0 0.4519774317741394 0.271001907768564 0.021062592665354374 0.023990054463231287
0 0.47987908124923706 0.27152491479057234 0.021062592665354374 0.023990054463231287
0 0.5075769424438477 0.27204410186989975 0.02106259266535443 0.023990054463231287
0 0.5347519516944885 0.27255348826563636 0.02092444896697998 0.023642458656961577
0 0.5629070997238159 0.2729381255197189 0.02092444896697998 0.023642458656961577
0 0.5901290774345398 0.2733100144100364 0.02092444896697998 0.023642458656961577
0 0.617732048034668 0.2736871081765155 0.02092444896697998 0.023642458656961577
0 0.6448752284049988 0.27405792058900347 0.02092444896697998 0.023642458656961577
0 0.11701178550720215 0.3057098388671875 0.020733286937077836 0.024081444555474833
0 0.14279711246490479 0.30554272407709165 0.020595173041025816 0.024044657862463664
0 0.16997464001178741 0.3051662584382013 0.020595173041025816 0.024044657862463664
0 0.19805647432804108 0.3047772662578476 0.020595173041025816 0.024044657862463664
0 0.2500852644443512 0.3033166223822228 0.020939290523529053 0.02367673178975899
0 0.28240591287612915 0.3036088499911996 0.02085866530736291 0.023925308109253904
0 0.3105453848838806 0.30376640585965886 0.021038492520650265 0.02382485441459239
0 0.33942025899887085 0.30409489532841 0.021038492520650265 0.02382485441459239
0 0.36730530858039856 0.3047625194930825 0.020754128694534302 0.024077171503111373
0 0.3955557942390442 0.30505331172499545 0.020754128694534302 0.024077171503111373
0 0.42391064763069153 0.3053451782508652 0.020754128694534302 0.024077171503111373
0 0.47992509603500366 0.30592175476242256 0.020754128694534302 0.024077171503111373
0 0.5075733810663223 0.30620634833047555 0.020754128694534302 0.024077171503111373
0 0.5347740650177002 0.3064863345824414 0.020754128694534302 0.024077171503111373
0 0.5629197955131531 0.3070531176374392 0.020446131626765007 0.023969443269478287
0 0.5901223421096802 0.30746930144553963 0.020446131626765007 0.023969443269478287
0 0.11644868552684784 0.33985399645428327 0.02041991551717122 0.02377950683120612
0 0.14277993142604828 0.3394947717356127 0.020670205354690552 0.02365242418392687
0 0.16978706419467926 0.33921453374654953 0.020899176597595215 0.023766111033831482
0 0.1978531777858734 0.3385696761967349 0.020861556132634462 0.023771655651950125
0 0.2253720760345459 0.3386765635290811 0.020861556132634462 0.023771655651950125
0 0.2543010413646698 0.33878892776342406 0.02086155613263449 0.023771655651950125
0 0.3110183775424957 0.33894888436763393 0.02096136411031091 0.023946969084037338
0 0.33960071206092834 0.33912024387093476 0.02096136411031091 0.023946969084037338
0 0.3677343428134918 0.3392889132631673 0.02096136411031091 0.023946969084037338
0 0.3960701823234558 0.33945879495638265 0.02096136411031091 0.023946969084037338
0 0.4240412414073944 0.3396264896836392 0.02096136411031091 0.023946969084037338
0 0.47979435324668884 0.3399607459896137 0.02096136411031091 0.023946969084037338
0 0.5078603625297546 0.3407492615403994 0.020666003227233887 0.023763686187507543
0 0.5632438063621521 0.3413928941238758 0.020666003227233887 0.023763686187507543
0 0.5901506543159485 0.341654940781272 0.020655592282613044 0.02401102051254388
0 0.6172504425048828 0.3419188664898221 0.020655592282613044 0.02401102051254388
0 0.6447384357452393 0.34218657293985055 0.020655592282613044 0.02401102051254388
0 0.6718886494636536 0.34245098974425364 0.020655592282613044 0.02401102051254388
0 0.1160883754491806 0.3737752202806962 0.020761479934056595 0.023530191229295373
0 0.17003557085990906 0.3738043141919513 0.02076147993405658 0.023530191229295373
0 0.1978910118341446 0.37381933672873946 0.02076147993405658 0.023530191229295373
0 0.2255200296640396 0.3734396668367608 0.021317760149637877 0.023766510246335984
0 0.25407305359840393 0.3735759651294542 0.021207153797149658 0.023679688919422237
0 0.28257617354393005 0.37366973522097563 0.021207153797149658 0.023679688919422237
0 0.311156302690506 0.3737637586587919 0.021207153797149658 0.023679688919422237
0 0.339577853679657 0.37373702202428305 0.02145296335220337 0.023986749870832578
0 0.3678601384162903 0.3739503039870151 0.02145296335220337 0.023986749870832578
0 0.3962160050868988 0.3748096175613667 0.020831753810246822 0.023761313090952807
0 0.4526149332523346 0.37498695905818497 0.020831753810246822 0.023761313090952807
0 0.48045700788497925 0.37507450602672654 0.020831753810246822 0.023761313090952807
0 0.5076045840978622 0.37515986920572975 0.020831753810246767 0.023761313090952807
0 0.5352196097373962 0.3752467022385708 0.02083175381024671 0.023761313090952807
0 0.5627402663230896 0.37533323853617573 0.02083175381024671 0.023761313090952807
0 0.5901535749435425 0.37580322664837507 0.020975232124328613 0.024130296337512125
0 0.42337340116500854 0.4424905111623365 0.021416038274765015 0.024144667987675686
0 0.45210057497024536 0.4429321517585326 0.021416038274765015 0.024144667987675686
0 0.4803607165813446 0.443455319071925 0.021192292372385624 0.024006333462027615
0 0.508156880736351 0.443501881529218 0.02119229237238568 0.024006333462027615
0 0.5356457829475403 0.4435479292798392 0.021192292372385735 0.024006333462027615
0 0.5634961724281311 0.4435945825721263 0.021192292372385735 0.024006333462027615
0 0.5902508497238159 0.44363940039346383 0.021192292372385735 0.024006333462027615
0 0.11517724022269249 0.47800450965606756 0.02172844111919403 0.024274988691936224
0 0.1704644411802292 0.47774523358012355 0.021523227294286074 0.024274278980817035
0 0.1979510337114334 0.4776711943627977 0.021523227294286074 0.024274278980817035
0 0.22580751776695251 0.4775961587877414 0.021523227294286074 0.024274278980817035
0 0.2544940486550331 0.4773511664811955 0.021846766273180634 0.024098004481589202
0 0.2827709913253784 0.47743093650737667 0.021846766273180607 0.024098004481589202
0 0.3112541139125824 0.4775112881727244 0.021846766273180607 0.024098004481589202
0 0.34020164608955383 0.477592949950186 0.021846766273180607 0.024098004481589202
0 0.3682706356048584 0.47767213333484737 0.021846766273180607 0.024098004481589202
0 0.3963439166545868 0.47749460790065684 0.02151854832967126 0.0240631103515625
0 0.4530169367790222 0.4772909297499546 0.020778099695841434 0.02340760341910429
0 0.48098668456077576 0.47700216603833573 0.020691990852355957 0.02365641630897221
0 0.5077779293060303 0.4771258091103188 0.020691990852355957 0.02365641630897221
0 0.5353601574897766 0.4772531026144916 0.020691990852355957 0.02365641630897221
0 0.5632063150405884 0.4773816141672486 0.020691990852355957 0.02365641630897221
0 0.5905081033706665 0.47750761342603104 0.020691990852355957 0.02365641630897221
0 0.6175815463066101 0.4776498661484829 0.02066870530446363 0.023331427758978375
0 0.11570064723491669 0.5126554799634356 0.02095385392506917 0.024287379065225292
0 0.14231747388839722 0.5126208668360631 0.020953853925069155 0.024287379065225292
0 0.17023636400699615 0.512898467307867 0.021084725856781006 0.024033391198446583
0 0.1983131468296051 0.5127455245616824 0.021124670902888 0.024188551791878635
0 0.22590887546539307 0.5126188423990615 0.021124670902888 0.024188551791878635
0 0.25425952672958374 0.512488694655501 0.02112467090288797 0.024188551791878635
0 0.31161853671073914 0.5122253798676906 0.021124670902887943 0.024188551791878635
0 0.33967503905296326 0.512440264041397 0.02124752600987756 0.024113647697507817
0 0.36844903230667114 0.5122806637786156 0.02124752600987756 0.024113647697507817
0 0.39683517813682556 0.512123214783132 0.02124752600987756 0.024113647697507817
0 0.4250478446483612 0.5119667280226986 0.02124752600987756 0.024113647697507817
0 0.45276960730552673 0.5118129641510719 0.02073935667673743 0.02370302067246548
0 0.5085122585296631 0.5117735165935388 0.020739356676737486 0.02370302067246548
0 0.5355290770530701 0.511754397526188 0.02073935667673754 0.02370302067246548
0 0.590961217880249 0.5117151697084139 0.02073935667673754 0.02370302067246548
0 0.6178687810897827 0.511696127958076 0.02073935667673754 0.02370302067246548
0 0.6449000239372253 0.5115169612422952 0.02094002564748121 0.023391161778176423
0 0.6721892952919006 0.5113360842788398 0.02094002564748121 0.023391161778176423
0 0.6991437673568726 0.511157426410138 0.02094002564748121 0.023391161778176423
0 0.7259950041770935 0.5109794527985329 0.02094002564748121 0.023391161778176423
0 0.16987290978431702 0.5474480917287428 0.021444936593373598 0.02422380077746493
0 0.19791720807552338 0.5479165454243504 0.02123128374417621 0.024310089821039244
0 0.25447362661361694 0.5475690208820782 0.021231283744176238 0.024310089821039244
0 0.28295204043388367 0.5473732520024545 0.021219412485758427 0.024303140566330494
0 0.31088292598724365 0.5472058584523756 0.0210726261138916 0.024297758590343388
0 0.3398004472255707 0.5470462422753595 0.0210726261138916 0.024297758590343388
0 0.36829379200935364 0.5468889674271005 0.0210726261138916 0.024297758590343388
0 0.42524030804634094 0.5465746394766067 0.0210726261138916 0.024297758590343388
0 0.4529131054878235 0.5464218938073446 0.0210726261138916 0.024297758590343388
0 0.4804467558860779 0.5463152394327353 0.02108328541119897 0.02408040956009266
0 0.5085607618093491 0.5462107103924418 0.021083285411198915 0.02408040956009266
0 0.5360130667686462 0.5461086415837824 0.02108328541119886 0.02408040956009266
0 0.5636727213859558 0.5459790882925878 0.020960857470830208 0.023907240047011266
0 0.6181303262710571 0.5457422566968341 0.020960857470830208 0.023907240047011266
0 0.6452898383140564 0.5449200563652571 0.020878881216049194 0.02371070920958994
0 0.6724939942359924 0.5446685514480064 0.02080802122751879 0.023697254269622093
0 0.6994957327842712 0.5449038444819551 0.02072795232137037 0.02381074890609865
0 0.7267128229141235 0.54489570440248 0.02072795232137037 0.02381074890609865
0 0.7535480856895447 0.5448876785198201 0.02072795232137037 0.02381074890609865
0 0.17078301310539246 0.5825451695641806 0.02106940746307373 0.02427129227985702
0 0.1974709928035736 0.5825790139131768 0.021107723315556826 0.024159098780432414
0 0.2256883978843689 0.5824525216628743 0.021107723315556826 0.024159098780432414
0 0.25354456901550293 0.5823276487427351 0.021107723315556853 0.024159098780432414
0 0.28262653946876526 0.5821972808412457 0.02110772331555688 0.024159098780432414
0 0.3113819658756256 0.5820683767629224 0.02110772331555688 0.024159098780432414
0 0.34039637446403503 0.5820376374000726 0.02145042022069299 0.024234742157218936
0 0.3682401478290558 0.5817752426316036 0.021197021007537842 0.023950591567874824
0 0.4254119098186493 0.581796642220549 0.021265914042790768 0.0239467768706092
0 0.45277518033981323 0.5813191879627316 0.021265914042790768 0.0239467768706092
0 0.48100546002388 0.5807125623836074 0.02118344108263648 0.02394311002982685
0 0.5093843787908554 0.5803740698783475 0.021183441082636534 0.02394311002982685
0 0.5367442965507507 0.580047731613585 0.02118344108263659 0.02394311002982685
0 0.5643582940101624 0.5797183627867799 0.02118344108263659 0.02394311002982685
0 0.5911577343940735 0.5793987096742143 0.02118344108263659 0.02394311002982685
0 0.6187404990196228 0.5794528695039971 0.021038422981898064 0.024060360220975654
0 0.6452809572219849 0.5791001430777616 0.02094578742980957 0.023984214132146263
0 0.17002026736736298 0.6174390925917514 0.021407773097356142 0.024237876714662064
0 0.19748857617378235 0.6174209000356656 0.021407773097356142 0.024237876714662064
0 0.22580237686634064 0.6174409555834394 0.021201148629188538 0.024210434551386814
0 0.2542158141732216 0.6172897427581078 0.021274800101915986 0.024415925491687862
0 0.2822670340538025 0.6173647503520168 0.021390338738759396 0.024194081624349013
0 0.31147781014442444 0.6170622577123767 0.021390338738759396 0.024194081624349013
0 0.33994030952453613 0.6167675138636843 0.021390338738759396 0.024194081624349013
0 0.3683825135231018 0.6164729801841268 0.021390338738759396 0.024194081624349013
0 0.39656561613082886 0.6161811296329942 0.021390338738759396 0.024194081624349013
0 0.42495372891426086 0.6157351971302922 0.021258890628814697 0.02405917736911029
0 0.45233169198036194 0.6153762234769007 0.021258890628814697 0.02405917736911029
0 0.5091248750686646 0.6146315641181413 0.021258890628814697 0.02405917736911029
0 0.5363655090332031 0.6142425537109375 0.021197040875752693 0.023886303568995276
0 0.5630060434341431 0.6140736370047056 0.020990371704101562 0.023975461028343022
0 0.5914257168769836 0.6137856328210165 0.020990371704101562 0.023975461028343022
0 0.6189458966255188 0.6131595789000045 0.021101633707682366 0.023890088694964215
0 0.16965137422084808 0.6514720916748047 0.022062758604685484 0.024326856746230016
0 0.19708770513534546 0.6516666235197196 0.022062758604685484 0.024326856746230016
0 0.22532306611537933 0.6523083088009857 0.021593322356541933 0.02416072520174727
0 0.2826973497867584 0.6522736216700354 0.022210558255513546 0.024555738582167516
0 0.31097179651260376 0.651833637676836 0.022210558255513546 0.024555738582167516
0 0.33988597989082336 0.6514817171318587 0.02172231674194336 0.024545891340388808
0 0.3680677115917206 0.651085568300628 0.02172231674194336 0.024545891340388808
0 0.42523303627967834 0.6502819989244659 0.02172231674194336 0.024545891340388808
0 0.45353883504867554 0.6498728463816088 0.0214634736378988 0.024311597957167516
0 0.480697900056839 0.649495943055498 0.0214634736378988 0.024311597957167516
0 0.5357285141944885 0.6483608587516239 0.021492719650268555 0.024184766665909695
0 0.5641340613365173 0.6481567205384721 0.021492719650268555 0.024184766665909695
0 0.5915419459342957 0.6479597520886095 0.021492719650268555 0.024184766665909695
0 0.618882417678833 0.6477632681053667 0.021492719650268555 0.024184766665909695
0 0.6458047032356262 0.6475697894429051 0.021492719650268555 0.024184766665909695
0 0.6734268665313721 0.647371281065989 0.021492719650268555 0.024184766665909695
0 0.4532555043697357 0.7203002308690271 0.02205672860145569 0.024617808733799606
0 0.48062559962272644 0.7194652084581779 0.02205672860145569 0.024617808733799606
0 0.5088689774274826 0.7186035434472576 0.02205672860145569 0.024617808733799606
0 0.5366144180297852 0.7177570697873138 0.02205672860145569 0.024617808733799606
0 0.5648754835128784 0.7168948651506571 0.02205672860145569 0.024617808733799606
0 0.591902494430542 0.7175785969978885 0.022233515977859497 0.024868188902389173
0 0.11485178396105766 0.7558748112168423 0.021296881139278412 0.024726157964662064
0 0.14176982641220093 0.7564512156665563 0.021296881139278412 0.024726157964662064
0 0.16963475942611694 0.757047896179612 0.021296881139278412 0.024726157964662064
0 0.19763170182704926 0.7576474034508993 0.021296881139278412 0.024726157964662064
0 0.2537558153271675 0.7580207114995912 0.02224742869536081 0.024791998456614995
0 0.28233572840690613 0.7576279093379304 0.022247428695360782 0.024791998456614995
0 0.3111424744129181 0.7572319895858304 0.022247428695360782 0.024791998456614995
0 0.33972159028053284 0.7568391983810484 0.022247428695360782 0.024791998456614995
0 0.3676706552505493 0.7564550665921943 0.02175600330034888 0.024887218031772348
0 0.3963105082511902 0.7558546909791755 0.02175600330034888 0.024887218031772348
0 0.4248158633708954 0.7552571348376015 0.02175600330034888 0.024887218031772348
0 0.45287957787513733 0.7546688367831843 0.02175600330034888 0.024887218031772348
0 0.5097230821847916 0.753477229628452 0.021756003300348936 0.024887218031772348
0 0.5372003316879272 0.7530650648959848 0.021502047777175903 0.02500647907109221
0 0.564793050289154 0.7527282182560411 0.021375298500061035 0.02484314201414126
0 0.5928915739059448 0.7521572079619865 0.021375298500061035 0.02484314201414126
0 0.6204332709312439 0.7515975133413133 0.021375298500061035 0.02484314201414126
0 0.6474016904830933 0.7510494687042176 0.021375298500061035 0.02484314201414126
0 0.6748815178871155 0.7504910313805868 0.021375298500061035 0.02484314201414126
0 0.11412913352251053 0.7909890995469204 0.021133174498875945 0.024557601573855378
0 0.14147831499576569 0.7915631450665144 0.021133174498875917 0.024557601573855378
0 0.16951125860214233 0.7921515424082778 0.021133174498875917 0.024557601573855378
0 0.19728296995162964 0.7927344566167787 0.021133174498875917 0.024557601573855378
0 0.22569365799427032 0.7933307826236615 0.021133174498875917 0.024557601573855378
0 0.25390488654375076 0.7942817581193024 0.02184846003850302 0.024763122085453115
0 0.2821957767009735 0.7937373671420785 0.02186286449432373 0.024645901465600663
0 0.3397623896598816 0.7925541012786156 0.02158103386561072 0.024529863697613747
0 0.36795979738235474 0.7917801078021791 0.02158103386561072 0.024529863697613747
0 0.39665520191192627 0.7909924447613709 0.02158103386561072 0.024529863697613747
0 0.4250698983669281 0.790212486904693 0.02158103386561072 0.024529863697613747
0 0.4814571738243103 0.7886647069176962 0.02107226848602295 0.024579070335210756
0 0.509975016117096 0.7882765321827014 0.02107226848602295 0.024579070335210756
0 0.5374656915664673 0.7879023388777583 0.02107226848602295 0.024579070335210756
0 0.5653099417686462 0.7875233328389286 0.02107226848602295 0.024579070335210756
0 0.5926978588104248 0.7871505382449128 0.02107226848602295 0.024579070335210756
0 0.6201138496398926 0.7865275087565385 0.02123459180196119 0.024733373361040346
0 0.6479870676994324 0.7858940887610696 0.02123459180196119 0.024733373361040346
0 0.6761297583580017 0.7852545449900072 0.02123459180196119 0.024733373361040346
0 0.7036837339401245 0.7846283797926088 0.02123459180196119 0.024733373361040346
0 0.7302907109260559 0.7840649804403615 0.021718064943949456 0.024549735608950955
0 0.11412465572357178 0.8261549306470294 0.02068650225798288 0.02426727058351491
0 0.14132466912269592 0.8267532226749084 0.02068650225798291 0.02426727058351491
0 0.16924609243869781 0.8273673828494595 0.02068650225798291 0.02426727058351491
0 0.19745396077632904 0.8279878436743211 0.02068650225798291 0.02426727058351491
0 0.22545653581619263 0.8286037888637808 0.02068650225798291 0.02426727058351491
0 0.2534393072128296 0.828360424008348 0.021494189898173005 0.02441879390746113
0 0.28178754448890686 0.828113880713237 0.021494189898172977 0.02441879390746113
0 0.3396315276622772 0.8276108142941497 0.021494189898172977 0.02441879390746113
0 0.3968055844306946 0.8271135741937061 0.021494189898172977 0.02441879390746113
0 0.42525118589401245 0.8254084919774255 0.021467924118041992 0.024506738943647154
0 0.454171359539032 0.8245815328863716 0.021277805169423458 0.024797838787699856
0 0.48131731152534485 0.8240886954374091 0.021277805169423458 0.024797838787699856
0 0.5375864505767822 0.8230671236406493 0.021277805169423347 0.024797838787699856
0 0.565406858921051 0.8225620413696575 0.021277805169423347 0.024797838787699856
0 0.592967689037323 0.8220616717671239 0.021277805169423347 0.024797838787699856
0 0.620712399482727 0.821557963798989 0.021277805169423347 0.024797838787699856
0 0.6480003595352173 0.8209538127100745 0.021322528521219963 0.024552751881207497
0 0.11404368281364441 0.8618726508561955 0.021317819754282624 0.02450809922329215
0 0.1414189338684082 0.862312733831444 0.021317819754282652 0.02450809922329215
0 0.16924433410167694 0.8644223947834563 0.021430840094884218 0.024505437806595202
0 0.22544926404953003 0.8637517884720204 0.021430840094884218 0.024505437806595202
0 0.2536543235182762 0.8641170235567315 0.02179388701915741 0.024139167726501827
0 0.311514675617218 0.8625453645244083 0.02179388701915741 0.024139167726501827
0 0.339692622423172 0.8617799677889345 0.02179388701915741 0.024139167726501827
0 0.3683059513568878 0.8610027447816047 0.02179388701915741 0.024139167726501827
0 0.39703765511512756 0.8602223063624183 0.02179388701915741 0.024139167726501827
0 0.42517730593681335 0.8599352282147075 0.02160678307215369 0.024067664331243833
0 0.48222699761390686 0.8586631545488277 0.02160678307215369 0.024067664331243833
0 0.5103669762611389 0.8580356993471734 0.021606783072153746 0.024067664331243833
0 0.5375774502754211 0.8574289699081155 0.0216067830721538 0.024067664331243833
0 0.5658693313598633 0.8567981276401254 0.0216067830721538 0.024067664331243833
0 0.5930300354957581 0.8561005163796422 0.02105172475179029 0.023773489072341218
0 0.6208321452140808 0.855386430886584 0.02105172475179029 0.023773489072341218
0 0.6487811207771301 0.8546685732060836 0.02105172475179029 0.023773489072341218
0 0.6757713556289673 0.8539753403774527 0.02105172475179029 0.023773489072341218
0 0.16902777552604675 0.8982642417730287 0.021402304371198 0.024363673010537792
0 0.1972452998161316 0.8985952621674559 0.021402304371198 0.024363673010537792
0 0.22556978464126587 0.8989275373182586 0.021402304371198 0.024363673010537792
0 0.25393008440732956 0.8992602326149164 0.02190228799978891 0.024470957674721305
0 0.2826289236545563 0.8991124259169611 0.02197245756785071 0.024628513543180606
0 0.311408132314682 0.8981812942859738 0.02197245756785071 0.024628513543180606
0 0.3682895600795746 0.8963409345584672 0.02197245756785071 0.024628513543180606
0 0.3970469534397125 0.8954105087466042 0.02197245756785071 0.024628513543180606
0 0.42482611536979675 0.8945117329442224 0.02197245756785071 0.024628513543180606
0 0.45388123393058777 0.893571674436932 0.02197245756785071 0.024628513543180606
0 0.48181474208831787 0.8934621336371159 0.021217306454976437 0.024117521537366654
0 0.5379090309143066 0.8919008831645168 0.021217306454976326 0.024117521537366654
0 0.5936527848243713 0.890349388993577 0.021217306454976326 0.024117521537366654
0 0.6214038133621216 0.8895681514296421 0.021643400192260742 0.02434249996214863
0 0.648776650428772 0.8888095823069576 0.021643400192260742 0.02434249996214863
0 0.6760629415512085 0.8880534115867776 0.021643400192260742 0.02434249996214863
0 0.7036543488502502 0.8872887853415149 0.021643400192260742 0.02434249996214863
0 0.7301270365715027 0.8865551615870276 0.021643400192260742 0.02434249996214863
0 0.1684645265340805 0.9330147144406341 0.02195991575717926 0.02399917720824238
0 0.19701357185840607 0.9338923149644663 0.022314856449763 0.02396132594855268
0 0.22497916221618652 0.9344501292885856 0.022553359468777956 0.023938496907551975
0 0.2537734881043434 0.9338962643645531 0.022553359468777984 0.023938496907551975
0 0.28331947326660156 0.9333279411160449 0.02255335946877801 0.023938496907551975
0 0.3116787374019623 0.9331173556591065 0.022577981154123905 0.023934770924176247
0 0.340544730424881 0.9322136554081959 0.02260335286458337 0.02399024667665951
0 0.3683050572872162 0.9313620633857195 0.02260335286458337 0.02399024667665951
0 0.42569029331207275 0.9296016803236237 0.02260335286458337 0.02399024667665951
0 0.4540698230266571 0.9287310932723103 0.02260335286458337 0.02399024667665951
0 0.4821942150592804 0.9278683329737464 0.02260335286458337 0.02399024667665951
0 0.5108992457389832 0.9269877606644575 0.022603352864583315 0.02399024667665951
0 0.5379889607429504 0.9268324208814044 0.022264281908671135 0.02416808845460866
0 0.5659358501434326 0.926549423572629 0.022319912910461426 0.024437246396559968
