0 0.19300659000873566 0.12439223222954329 0.019336899121602358 0.02083008788352789
0 0.23814073204994202 0.12113939232633111 0.019731839497884096 0.020802475685297056
0 0.26236966252326965 0.11897053829459257 0.019819219907124874 0.02116849440936896
0 0.2861604690551758 0.11684528520914504 0.019819219907124874 0.02116849440936896
0 0.31047365069389343 0.11467336790884532 0.019819219907124874 0.02116849440936896
0 0.3344028890132904 0.1125357485934806 0.019819219907124874 0.02116849440936896
0 0.3851511478424072 0.108002363249313 0.019819219907124874 0.02116849440936896
0 0.410323828458786 0.10574779767264463 0.02001124620437622 0.021240219589351697
0 0.4357506334781647 0.10363605120782579 0.020054439703623417 0.021600501481876817
0 0.46133866906166077 0.10212943467254175 0.02146945397059119 0.02301652486934218
0 0.4871366322040558 0.09983426471089207 0.02146945397059119 0.02301652486934218
0 0.5133723020553589 0.09750015325278576 0.0214694539705913 0.02301652486934218
0 0.5667252540588379 0.09275349584701224 0.0214694539705913 0.02301652486934218
0 0.5939552783966064 0.09033091955406722 0.0214694539705913 0.02301652486934218
0 0.6214389801025391 0.0878857743213905 0.0214694539705913 0.02301652486934217
0 0.6500058174133301 0.0863673991178505 0.02230302492777514 0.023197399553402446
0 0.6780220866203308 0.08424956022306929 0.02230302492777514 0.023197399553402456
0 0.7066143155097961 0.08218120980481342 0.022243857383728027 0.02325205100599185
0 0.734551191329956 0.08157971415606774 0.022737979888916016 0.023790540621262183
0 0.7631178498268127 0.0802305227753271 0.022737979888916016 0.023790540621262193
0 0.7916204333305359 0.07888435762982036 0.022737979888916016 0.023790540621262193
0 0.19157396256923676 0.15451959670540474 0.018950690825780214 0.021223334378974383
0 0.2135705202817917 0.15275035902511241 0.018950690825780214 0.021223334378974383
0 0.2615865170955658 0.14872192782025004 0.019306182861328125 0.021547472754190135
0 0.28470176458358765 0.14703445763715156 0.019306182861328125 0.021547472754190135
0 0.3098941743373871 0.14519534947610047 0.019306182861328125 0.021547472754190135
0 0.335093230009079 0.14355546576350167 0.019856611887613895 0.02191190941389217
0 0.3597530126571655 0.14155553108037905 0.019856611887613895 0.02191190941389217
0 0.38515082001686096 0.13949574180572125 0.019856611887613895 0.02191190941389217
0 0.41023683547973633 0.13746123918655692 0.019856611887613895 0.02191190941389217
0 0.4621489346027374 0.13325111256089323 0.019856611887613895 0.02191190941389217
0 0.48796096444129944 0.13115772940125126 0.019856611887613895 0.02191190941389217
0 0.5143905282020569 0.1299055136617828 0.021727244059244866 0.02318364520405614
0 0.5412019491195679 0.12777482631594636 0.021727244059244866 0.02318364520405614
0 0.56855309009552 0.12560124774467454 0.021727244059244866 0.02318364520405614
0 0.5951171517372131 0.12349021789034077 0.021727244059244866 0.02318364520405614
0 0.622646152973175 0.12130250487216683 0.021727244059244866 0.02318364520405614
0 0.6509541869163513 0.11905288259762184 0.021727244059244866 0.02318364520405614
0 0.6780917048454285 0.11741852357397546 0.02197651068369555 0.02340382568595944
0 0.7074148058891296 0.11536442956259084 0.02197651068369555 0.02340382568595944
0 0.19005224108695984 0.18351583702619687 0.018522103627522768 0.020945282869560773
0 0.23701608180999756 0.18073026052526073 0.018522103627522768 0.020945282869560773
0 0.261018306016922 0.17930661137962747 0.018522103627522823 0.020945282869560773
0 0.2854812443256378 0.17785563579825467 0.018522103627522823 0.020945282869560773
0 0.30906248092651367 0.17645695678207723 0.018522103627522823 0.020945282869560794
0 0.333744615316391 0.17420112255007722 0.019235273202260372 0.021305930706881724
0 0.35867974162101746 0.1724554928288596 0.019235273202260372 0.021305930706881724
0 0.3841317296028137 0.16973950737384289 0.0191136201222738 0.021626479865968704
0 0.40934404730796814 0.17026127216427825 0.019224882125854492 0.02162919303243473
0 0.18837837874889374 0.21430825708256596 0.01901230216026306 0.021548781284066135
0 0.21115054190158844 0.2128970789354901 0.01901230216026306 0.021548781284066135
0 0.23550736904144287 0.21125542170756678 0.019264856974283873 0.021782098814498548
0 0.28367799520492554 0.2083693216013354 0.019264856974283817 0.021782098814498548
0 0.3079819083213806 0.20700363983349132 0.019690334796905518 0.02180946704953216
0 0.33279910683631897 0.20547474262326262 0.019690334796905518 0.02180946704953216
0 0.35853955149650574 0.2038889675807123 0.019690334796905518 0.02180946704953216
0 0.4093799293041229 0.20075687707701376 0.019690334796905518 0.02180946704953216
0 0.4347800314426422 0.1991920692976131 0.019690334796905518 0.02180946704953216
0 0.460610032081604 0.1976007770373951 0.019690334796905518 0.02180946704953216
0 0.48662933707237244 0.19634923824044162 0.019975244998931885 0.02159913750581963
0 0.5127253532409668 0.19494439588778417 0.019975244998931885 0.02159913750581963
0 0.18729428946971893 0.24486364530418653 0.018777738014856993 0.021324926568556227
0 0.2097594141960144 0.24347544825354286 0.018946737051010132 0.021660797355711026
0 0.23389124870300293 0.24203100178421214 0.018946737051010132 0.021660797355711026
0 0.25871869176626205 0.24054491864101601 0.018946737051010132 0.021660797355711026
0 0.3076888620853424 0.23761373702697688 0.018946737051010132 0.021660797355711026
0 0.3317152261734009 0.23617560364479243 0.018946737051010132 0.021660797355711026
0 0.3572578728199005 0.23491206993158634 0.019686659177144405 0.02193348906760992
0 0.3833006024360657 0.23359231652414714 0.019686659177144405 0.02193348906760992
0 0.43425196409225464 0.23112624082876065 0.021339158217112186 0.022801761479340755
0 0.4605015516281128 0.229568925014762 0.02133133014043176 0.022793688515360015
0 0.4867410659790039 0.22801128849525534 0.02133133014043176 0.022793688515360015
0 0.539772093296051 0.22486324757836304 0.021331330140431648 0.022793688515360015
0 0.5674274563789368 0.22322156309739033 0.021331330140431648 0.022793688515360015
0 0.594478964805603 0.22161572478538336 0.021331330140431648 0.022793688515360015
0 0.622050940990448 0.22028004845907523 0.0222132603327434 0.023359387419944585
0 0.6504716873168945 0.21868780258612244 0.0222132603327434 0.023359387419944585
0 0.4074828028678894 0.2967572323111601 0.02056219180425012 0.022749390713004178
0 0.4331762194633484 0.29579234283565525 0.02056219180425012 0.022749390713004178
0 0.4595911204814911 0.29480035876478594 0.02056219180425012 0.022749390713004178
0 0.48616644740104675 0.29380235006642896 0.02056219180425012 0.022749390713004178
0 0.5124850869178772 0.2928139809958912 0.020562191804250007 0.022749390713004178
0 0.5393369793891907 0.2914072968239008 0.02085258563359571 0.02292885891226835
0 0.5663103461265564 0.29031839108539054 0.020869970321655273 0.02314092946607013
0 0.5941729545593262 0.2891071674435638 0.020869970321655273 0.02314092946607013
0 0.13682936131954193 0.33933535635141227 0.01880155007044476 0.02210414502047756
0 0.15979593992233276 0.3385636751041856 0.01880155007044476 0.02210414502047756
0 0.18248583376407623 0.33780129051560304 0.01880155007044476 0.02210414502047756
0 0.2303186058998108 0.33619410061159494 0.01880155007044476 0.02210414502047756
0 0.25495558977127075 0.3353662934414176 0.018801550070444734 0.02210414502047756
0 0.28011223673820496 0.3345210254960595 0.018801550070444706 0.02210414502047756
0 0.3050276041030884 0.3332323690030346 0.019649207592010498 0.022656255914259352
0 0.32952311635017395 0.3325484076211619 0.01959991455078125 0.022582194601842572
0 0.35516488552093506 0.3320829582606667 0.02027948697408044 0.0227937180866567
0 0.4072253108024597 0.33007956660071086 0.02027948697408044 0.0227937180866567
0 0.43315285444259644 0.3290818216838973 0.02027948697408044 0.0227937180866567
0 0.4584817886352539 0.328107112483142 0.02027948697408044 0.0227937180866567
0 0.485544353723526 0.3270656896191974 0.02027948697408044 0.0227937180866567
0 0.5124252438545227 0.32603125797924426 0.02027948697408033 0.0227937180866567
0 0.5395621657371521 0.32529562004971724 0.021743734677632576 0.023867821508599833
0 0.5661413073539734 0.3242577397546103 0.021865328152974373 0.02392087241475899
0 0.6221818923950195 0.32241306167013795 0.021865328152974373 0.02392087241475899
0 0.6506141424179077 0.32147716229522877 0.021865328152974373 0.02392087241475899
0 0.6779263019561768 0.32057813274186214 0.021865328152974373 0.02392087241475899
0 0.7071950435638428 0.3196146987205328 0.021865328152974373 0.02392087241475899
0 0.7369706630706787 0.31898726973422736 0.022142251332600837 0.023958664531855647
0 0.7655659914016724 0.31833911929048303 0.022142251332600837 0.023958664531855647
0 0.13533397018909454 0.37098458241103616 0.01843676964441937 0.021763431933499135
0 0.15840651094913483 0.36928315405881007 0.018415585160255432 0.021849026051602608
0 0.1814100444316864 0.3690513669950722 0.018631890416145325 0.021871507629867684
0 0.2060181349515915 0.36828828412433 0.018631890416145325 0.021871507629867646
0 0.230229914188385 0.36741849988005876 0.01891880730787915 0.02202184070912445
0 0.25466426461935043 0.36676382277854047 0.01891880730787912 0.02202184070912445
0 0.3042928874492645 0.36543410775139334 0.018918807307879093 0.02202184070912441
0 0.3299199342727661 0.3647474743668765 0.018918807307879093 0.02202184070912445
0 0.3552831709384918 0.3640679093294365 0.018918807307879093 0.02202184070912445
0 0.38065269589424133 0.3632919028296762 0.019282400608062744 0.022295744844185318
0 0.43252670764923096 0.36196791848471 0.019282400608062744 0.022295744844185277
0 0.4586517810821533 0.36134623551942147 0.020000676314036014 0.022769735765087527
0 0.48547497391700745 0.36048790125720703 0.021323521931966183 0.02373251804085665
0 0.511678159236908 0.3596147714659225 0.021323521931966072 0.02373251804085665
0 0.5670137405395508 0.35777090615094154 0.021323521931966072 0.02373251804085665
0 0.5945213437080383 0.3568543111828101 0.021323521931966072 0.02373251804085665
0 0.6507871747016907 0.3549794485402662 0.021323521931966072 0.02373251804085665
0 0.6796835064888 0.3542109644690225 0.022370100021362305 0.02442130746767505
0 0.7080720067024231 0.35365748142502446 0.022370100021362305 0.02442130746767505
0 0.7374855875968933 0.35308401265542233 0.022370100021362305 0.02442130746767505
0 0.766410768032074 0.35252006609977526 0.022370100021362305 0.02442130746767505
0 0.794309675693512 0.3519761285116506 0.022370100021362305 0.02442130746767505
0 0.8229256272315979 0.35209451719771984 0.022427399953206306 0.02471500958583149
0 0.13393152132630348 0.40148599832868537 0.01792352398236592 0.021617504977440593
0 0.15717662870883942 0.4009033038517652 0.018171494205792726 0.021739930145500186
0 0.1803676187992096 0.40037731791651526 0.018171494205792726 0.021739930145500186
0 0.20468562841415405 0.3998257704844785 0.018171494205792726 0.021739930145500186
0 0.2288825511932373 0.39927696937643914 0.018171494205792726 0.021739930145500186
0 0.2535858824849129 0.39871668261150983 0.018171494205792754 0.021739930145500186
0 0.27862420678138733 0.39814879799895764 0.018171494205792782 0.021739930145500186
0 0.30343735218048096 0.39770782825558687 0.018158535162607792 0.02167868799017387
0 0.3287132978439331 0.397301705961319 0.019455532232920292 0.02257833554763208
0 0.35397011041641235 0.39673814108205396 0.01955580711364746 0.02266557087269859
0 0.37957659363746643 0.3961672854243635 0.01955580711364746 0.02266557087269859
0 0.4055883288383484 0.3955873953208463 0.01955580711364746 0.02266557087269859
0 0.43186429142951965 0.3950016146895529 0.01955580711364746 0.02266557087269859
0 0.45802488923072815 0.3944184059320494 0.01955580711364746 0.02266557087269859
0 0.48512884974479675 0.39389153055006987 0.020167549451192257 0.023371260295542692
0 0.5118059515953064 0.39333633371140686 0.020167549451192146 0.023371260295542692
0 0.5384697914123535 0.39278141287870183 0.020167549451192146 0.023371260295542692
0 0.1331988275051117 0.43250465393066406 0.01826854546864827 0.021723725074945494
0 0.15641263127326965 0.4328995569030638 0.018401503562927246 0.02213423381480141
0 0.18019123375415802 0.43231551591740097 0.018401503562927246 0.02213423381480141
0 0.20429545640945435 0.43172347717292253 0.018401503562927246 0.02213423381480141
0 0.22866789996623993 0.43112485048872784 0.018401503562927246 0.02213423381480141
0 0.2774883508682251 0.42992574115132176 0.018401503562927246 0.02213423381480141
0 0.3025847375392914 0.42930933325183623 0.018401503562927246 0.02213423381480141
0 0.32814735174179077 0.430145864879017 0.019301672776540157 0.022804348967796147
0 0.35372430086135864 0.4296398162841797 0.019301672776540157 0.022804348967796147
0 0.37912678718566895 0.42914124422295147 0.019502023855845096 0.022812274075293782
0 0.4049278497695923 0.4286300434801606 0.019502023855845096 0.022812274075293782
0 0.4317606985569 0.428098399785772 0.019502023855845096 0.022812274075293782
0 0.4581487476825714 0.42757556898103405 0.019502023855845096 0.022812274075293782
0 0.4849306344985962 0.4270449350046557 0.019502023855845096 0.022812274075293782
0 0.5110843181610107 0.4268824111583621 0.01991792519887281 0.02319282709166061
0 0.17941556870937347 0.46358977916628813 0.01882098118464154 0.022014085636582484
0 0.20297110080718994 0.4634442666603752 0.01882098118464154 0.022014085636582484
0 0.2276318222284317 0.4633657322373501 0.01857397953669232 0.022149906602016715
0 0.25170567631721497 0.4630950445701003 0.018573979536692292 0.022149906602016715
0 0.3026687204837799 0.4625220134513389 0.018573979536692264 0.022149906602016715
0 0.32799211144447327 0.4622372759265236 0.018573979536692264 0.022149906602016715
0 0.35331714153289795 0.4620646288817236 0.019429047902425167 0.022540573001831946
0 0.3788645565509796 0.4618300948032113 0.019429047902425167 0.022540573001831946
0 0.40490439534187317 0.46159104010467883 0.019429047902425167 0.022540573001831946
0 0.43128886818885803 0.461348821546683 0.019429047902425167 0.022540573001831946
0 0.4573173522949219 0.46110987108807233 0.021015187104543087 0.023311762846717484
0 0.511444628238678 0.46030258178496886 0.021015187104542976 0.023311762846717484
0 0.5659472942352295 0.4591722073501195 0.02165905634562182 0.024056368095930234
0 0.5939933657646179 0.45896339416503906 0.021963874499003166 0.02389733366263935
0 0.6224813461303711 0.458752969908706 0.021963874499003166 0.02389733366263935
0 0.6506674885749817 0.45854477515475506 0.021963874499003166 0.02389733366263935
0 0.6793487668037415 0.4583329231187566 0.021963874499003166 0.02389733366263935
0 0.7079540491104126 0.45812163242073944 0.021963874499003166 0.02389733366263935
0 0.1779189258813858 0.4952461193915613 0.01849554975827533 0.022200887517411526
0 0.2017439603805542 0.4952006229134493 0.01849554975827533 0.022200887517411526
0 0.22649523615837097 0.49537343757097113 0.018874218066533388 0.022434412046920423
0 0.2511851191520691 0.4951364827710529 0.018644869327545166 0.022340138753255263
0 0.3015094995498657 0.4949037274497309 0.018644869327545166 0.022340138753255263
0 0.35289084911346436 0.49466608353969965 0.018644869327545166 0.022340138753255263
0 0.37841910123825073 0.49454801280581034 0.018644869327545166 0.022340138753255263
0 0.4048246443271637 0.4944258845129678 0.018644869327545166 0.022340138753255263
0 0.4308413565158844 0.4942653714214705 0.01992897192637122 0.023154029550478385
0 0.45693641901016235 0.49413308431935865 0.02053886651992798 0.023602773976880452
0 0.5112008452415466 0.49376465865559854 0.02053886651992798 0.023602773976880452
0 0.5377528071403503 0.4936057689578034 0.020816564559936523 0.02369441542514535
0 0.5654197335243225 0.49340770604978096 0.020816564559936523 0.02369441542514535
0 0.5935394167900085 0.4932064019308133 0.020816564559936523 0.02369441542514535
0 0.6223580837249756 0.49300009390442645 0.020816564559936523 0.02369441542514535
0 0.6507141590118408 0.49279709749443584 0.020816564559936523 0.02369441542514535
0 0.6796899437904358 0.49251103303079413 0.02097431818644213 0.023834879084150974
0 0.17690719664096832 0.5274149136082579 0.018846631050109863 0.022766675135886077
0 0.22523073852062225 0.5276510992715525 0.018846631050109863 0.022766675135886077
0 0.25046658515930176 0.5278663335150888 0.01882755756378174 0.02256011962890625
0 0.27476009726524353 0.528038112910099 0.01902139186859131 0.022773920103561048
0 0.3006111979484558 0.5280195280562999 0.01902139186859131 0.022773920103561048
0 0.3263649344444275 0.5280010131994891 0.01902139186859131 0.022773920103561048
0 0.35231098532676697 0.5279823600841645 0.01902139186859131 0.022773920103561048
0 0.37798234820365906 0.5279639044473338 0.01902139186859131 0.022773920103561048
0 0.40434321761131287 0.5279449531109881 0.01902139186859131 0.022773920103561048
0 0.4308740496635437 0.5282869055424643 0.020305871963500977 0.023659994435864827
0 0.48388779163360596 0.5280527957650119 0.02076057593027747 0.02381678145061173
0 0.5108823180198669 0.527936398266362 0.02076057593027758 0.02381678145061173
0 0.5658813714981079 0.5276992482544901 0.02076057593027758 0.02381678145061173
0 0.5935341119766235 0.5275800126073646 0.02076057593027758 0.02381678145061173
0 0.6222392320632935 0.527456239212391 0.02076057593027758 0.02381678145061173
0 0.6507914662361145 0.5273293023835002 0.020691076914469475 0.023825652839601558
0 0.6797570586204529 0.5275629681995997 0.021187543869018555 0.023909103038699128
0 0.17592400312423706 0.5591033975189287 0.01871722936630249 0.022648774376211295
0 0.19967977702617645 0.5594611057015353 0.01871722936630249 0.022648774376211295
0 0.24947074800729752 0.5602108450202118 0.01871722936630249 0.022648774376211295
0 0.2748275697231293 0.5605926613588456 0.01871722936630249 0.022648774376211295
0 0.2998219430446625 0.5609690200450809 0.01871722936630249 0.022648774376211295
0 0.3253496289253235 0.5613534092112775 0.01871722936630249 0.022648774376211295
0 0.35150429606437683 0.5613660414461096 0.01915273567040765 0.022803491400193852
0 0.3771812319755554 0.561117926309275 0.01979196071624756 0.023069958354151526
0 0.4298224449157715 0.5614567167289365 0.01979196071624756 0.023069958354151526
0 0.45628681778907776 0.5618313190548919 0.020262976487477657 0.023804095364356282
0 0.4835757613182068 0.5619862040755175 0.020262976487477657 0.023804095364356282
0 0.5105042457580566 0.5621390432231168 0.020262976487477546 0.023804095364356282
0 0.5380087494850159 0.5622951517079505 0.020262976487477546 0.023804095364356282
0 0.5655820965766907 0.5624516509300055 0.020262976487477546 0.023804095364356282
0 0.5938928723335266 0.5628737516181413 0.02030448118845629 0.023718397746714567
0 0.12776125594973564 0.5914835818978244 0.018655749658743545 0.02248956251514045
0 0.15108218789100647 0.5919022133591766 0.01865574965874356 0.02248956251514045
0 0.17503616213798523 0.5923322084927098 0.01865574965874356 0.02248956251514045
0 0.19924123585224152 0.5927667110849156 0.01865574965874356 0.02248956251514045
0 0.24917712807655334 0.5936631047448446 0.019291420777638763 0.02299236327178724
0 0.2744152247905731 0.5939818665967436 0.01929142077763879 0.02299236327178724
0 0.29927724599838257 0.5942958785451068 0.01929142077763879 0.02299236327178724
0 0.3245921730995178 0.5946156107790735 0.01929142077763879 0.02299236327178724
0 0.3504485487937927 0.5949421816093977 0.01929142077763879 0.02299236327178724
0 0.3766704499721527 0.595433707125661 0.01934117078781128 0.0229547781537669
0 0.40293434262275696 0.5956828982331032 0.01935843626658118 0.023277785426886452
0 0.4559163451194763 0.5958521026302006 0.020056744416554806 0.023784578308578663
0 0.5105966925621033 0.5963238560876181 0.020056744416554695 0.023784578308578663
0 0.5379499793052673 0.5970799687025357 0.020773371060689216 0.024012159007464215
0 0.5660419464111328 0.5974883324848006 0.020773371060689216 0.024012159007464215
0 0.5944704413414001 0.5979015882625136 0.020773371060689216 0.024012159007464215
0 0.6227613687515259 0.5979169404766792 0.02121678988138842 0.024298882299615375
0 0.6508134603500366 0.5982482377872911 0.02121678988138842 0.024298882299615375
0 0.12695113942027092 0.6237780992374864 0.018624993662039444 0.022566861884538516
0 0.15044480562210083 0.6243830083326963 0.018700644373893738 0.02289640441421385
0 0.17460256814956665 0.6249658451523892 0.018700644373893738 0.02289640441421385
0 0.19838309288024902 0.6255395806292944 0.018700644373893738 0.02289640441421385
0 0.2229369878768921 0.6261319746498352 0.018700644373893738 0.02289640441421385
0 0.2478497102856636 0.6267330258391625 0.018700644373893738 0.02289640441421385
0 0.27306246757507324 0.6273413157524994 0.018700644373893738 0.02289640441421385
0 0.29792165756225586 0.627364419370571 0.019591351350148556 0.02371171463367551
0 0.3236745595932007 0.6280598226197551 0.019591351350148556 0.02371171463367551
0 0.3494270443916321 0.6284296355602342 0.019933303197224972 0.023632433987403157
0 0.37587130069732666 0.6289204885793287 0.019933303197224972 0.023632433987403157
0 0.402208149433136 0.6294093479205014 0.019933303197224972 0.023632433987403157
0 0.42902734875679016 0.6299071605572243 0.019933303197224972 0.023632433987403157
0 0.4556821584701538 0.6304019218267396 0.019933303197224972 0.023632433987403157
0 0.48259517550468445 0.6309014758891277 0.019933303197224972 0.023632433987403157
0 0.5106635689735413 0.6312370467576939 0.020230889320373535 0.02352686445842423
0 0.1255403757095337 0.6562800740086755 0.019354338447252914 0.022919470025587398
0 0.17301973700523376 0.6577298663294678 0.019354338447252928 0.022919470025587398
0 0.19721895456314087 0.6584999173186546 0.01912224292755127 0.023332374040470567
0 0.22162048518657684 0.6592587759164245 0.01912224292755127 0.023332374040470567
0 0.2468176856637001 0.6600423789008795 0.01912224292755127 0.023332374040470567
0 0.2720133662223816 0.66083193934241 0.019476791222890255 0.023703730383584667
0 0.29725125432014465 0.6613996690900554 0.019476791222890255 0.023703730383584667
0 0.3226231634616852 0.661970413659427 0.019476791222890255 0.023703730383584667
0 0.3486792743206024 0.6625565494400933 0.019476791222890255 0.023703730383584667
0 0.37513893842697144 0.6631517632063045 0.019476791222890255 0.023703730383584667
0 0.4014202058315277 0.6637930478401072 0.019938667615254757 0.02407789599987882
0 0.4543086290359497 0.6650538333626681 0.019938667615254757 0.02407789599987882
0 0.482356458902359 0.6657224541248742 0.019938667615254757 0.02407789599987882
0 0.5383716821670532 0.6672556677529978 0.021819750467936272 0.024959534637687686
0 0.5656958818435669 0.6679280448233378 0.021819750467936272 0.024959534637687686
0 0.5939867496490479 0.6686242090674007 0.021819750467936272 0.024959534637687686
0 0.6233749389648438 0.6693473755230952 0.021819750467936272 0.024959534637687686
0 0.6523925065994263 0.6700614219488099 0.021819750467936272 0.024959534637687686
0 0.6817755103111267 0.6705064108205396 0.02307693163553881 0.025020569793937686
0 0.12349934875965118 0.6884637580259743 0.019081453482309982 0.022836906965388808
0 0.1473931521177292 0.6893803352533385 0.019366592168807983 0.022912905197734926
0 0.17130543291568756 0.6903048936360364 0.019366592168807983 0.022912905197734926
0 0.1960170865058899 0.6912603594349784 0.019366592168807983 0.022912905197734926
0 0.22079862654209137 0.6922185273642623 0.019366592168807983 0.022912905197734926
0 0.27081382274627686 0.6941523441048556 0.019366592168807983 0.022912905197734926
0 0.2959921956062317 0.695086719593101 0.019889811674753788 0.023666736691497093
0 0.32172608375549316 0.6960417103876874 0.019889811674753788 0.023666736691497093
0 0.3743389844894409 0.6979941878207895 0.019889811674753788 0.023666736691497093
0 0.4004974365234375 0.698964934283516 0.019889811674753788 0.023666736691497093
0 0.4276285767555237 0.6996218711075711 0.02042059103647864 0.02400556460831522
0 0.4544815123081207 0.700442070184752 0.02042059103647864 0.02400556460831522
0 0.48276135325431824 0.7013058528204144 0.02042059103647864 0.02400556460831522
0 0.510757327079773 0.7033350319337003 0.020652492841084724 0.02432410661564317
0 0.5376864671707153 0.7027682364455358 0.0207709471384685 0.024292849755102295
0 0.1707616150379181 0.7241259730139444 0.01980641484260559 0.023411595544149708
0 0.19508883357048035 0.7251383072628071 0.01980641484260559 0.023411595544149708
0 0.21997946500778198 0.7259908643214575 0.02011812229951221 0.02383612107860955
0 0.24440091103315353 0.7270644875459893 0.020118122299512237 0.02383612107860955
0 0.29546305537223816 0.7293092974560936 0.020118122299512264 0.02383612107860955
0 0.34694620966911316 0.731572615937229 0.020118122299512264 0.02383612107860955
0 0.3730212152004242 0.7327189334603244 0.020118122299512264 0.023836121078609468
0 0.39996930956840515 0.7339036339870777 0.020118122299512264 0.02383612107860955
0 0.42675459384918213 0.734392026251124 0.020555833975474003 0.024308019830274898
0 0.45390209555625916 0.7354281891223996 0.020555833975474003 0.024308019830274977
0 0.5099839568138123 0.7371377723161564 0.022061785062154116 0.025158238965411518
0 0.5381627082824707 0.7380694922128789 0.02206178506215406 0.025158238965411438
0 0.5658636689186096 0.7397560322380946 0.023004134496052986 0.02551288752592806
0 0.6239108443260193 0.7412081651909407 0.023004134496052986 0.02551288752592814
0 0.6532686352729797 0.7419425922385556 0.023004134496052986 0.02551288752592806
0 0.6822980046272278 0.7426688033512201 0.023004134496052986 0.02551288752592814
0 0.7114955186843872 0.7433992208436478 0.023004134496052986 0.02551288752592814
0 0.7405928373336792 0.7441271318049227 0.023004134496052986 0.02551288752592806
0 0.1693122535943985 0.7569650150854401 0.019708519180615724 0.02316786891730268
0 0.19389700889587402 0.7582959906999455 0.019708519180615724 0.02316786891730268
0 0.21876874566078186 0.7597972071448038 0.019911333918571472 0.023542655530825955
0 0.24368677288293839 0.7610158642935627 0.019911333918571472 0.023542655530825955
0 0.29504460096359253 0.763527603436362 0.019911333918571472 0.023542655530825955
0 0.32131123542785645 0.7648122164427742 0.019911333918571472 0.023542655530825955
0 0.34624361991882324 0.7660315757574037 0.019911333918571472 0.023542655530825955
0 0.37287238240242004 0.767086383908294 0.021016736825307247 0.024352554203003987
0 0.3999546766281128 0.7683211478125999 0.021016736825307247 0.024352554203003987
0 0.45449793338775635 0.7706195725723115 0.021685024102528927 0.02492416736691497
0 0.48188745975494385 0.7716787471327671 0.021685024102528927 0.02492416736691497
0 0.5097636580467224 0.773327672204306 0.021697640419006348 0.02472331912018532
0 0.5379366278648376 0.7741347287987004 0.021697640419006348 0.02472331912018532
0 0.5661513209342957 0.7749429806176437 0.021697640419006348 0.02472331912018532
0 0.5953848958015442 0.7757804198200656 0.021697640419006348 0.02472331912018532
0 0.623969316482544 0.7765992630359738 0.021697640419006348 0.02472331912018532
0 0.16770049929618835 0.7907018439714298 0.01988843083381653 0.023727062136627907
0 0.19212818145751953 0.7916928048216034 0.02010770638783771 0.023685366608375728
0 0.21750593185424805 0.7931616139966388 0.02010770638783771 0.023685366608375728
0 0.2682260572910309 0.7960971848977577 0.020107706387837765 0.023685366608375728
0 0.29388412833213806 0.7975822184239661 0.020107706387837765 0.023685366608375728
0 0.32018062472343445 0.7991042026253634 0.020107706387837765 0.023685366608375728
0 0.34618309140205383 0.8006091690244352 0.020107706387837765 0.023685366608375728
0 0.3725588023662567 0.8018696790408125 0.02054850260416663 0.024297374163487272
0 0.39964747428894043 0.803299913667127 0.02054850260416663 0.024297374163487272
0 0.4544740319252014 0.8061946602754815 0.02054850260416663 0.024297374163487272
0 0.48240822553634644 0.8063138030296149 0.020894666512807247 0.02424633410549892
0 0.5378046631813049 0.8090641603833002 0.022054215272267585 0.024961131487706022
0 0.566082239151001 0.8104681033500142 0.022054215272267585 0.024961131487706022
0 0.5955442190170288 0.8119308503500648 0.022054215272267585 0.024961131487706022
0 0.6236163973808289 0.8133245956066043 0.022054215272267585 0.024961131487706022
0 0.6527075171470642 0.8148306605003627 0.022107720375061035 0.02517871708832959
0 0.1663803607225418 0.8237500652062985 0.02020403246084851 0.023888462273649356
0 0.19089819490909576 0.8254543570585029 0.02020403246084851 0.023888462273649356
0 0.2419755533337593 0.8290048634014744 0.02020403246084848 0.023888462273649356
0 0.26725995540618896 0.8307624411757597 0.020204032460848453 0.023888462273649356
0 0.2929801940917969 0.8325503149697947 0.020204032460848453 0.023888462273649356
0 0.3193700611591339 0.8343847361948263 0.020204032460848453 0.023888462273649356
0 0.34543564915657043 0.835250514578852 0.02072574694951379 0.024537788805111545
0 0.3719119727611542 0.8366134111271348 0.02072574694951379 0.024537788805111545
0 0.3991343080997467 0.8380147094124729 0.02072574694951379 0.024537788805111545
0 0.4262531101703644 0.8396509557590769 0.021552880605061886 0.024588947148285984
0 0.48222875595092773 0.8422679739864531 0.021552880605061886 0.024588947148285984
0 0.5098419785499573 0.8435589694872743 0.02155288060506183 0.024588947148285984
0 0.5380813479423523 0.8448792391045149 0.021552880605061775 0.024588947148285984
0 0.56600022315979 0.8460181480230287 0.021814266840616936 0.02521503064059483
0 0.5954815745353699 0.8474965739064855 0.021826525529225593 0.025342837784641362
0 0.11722368746995926 0.8551720907521803 0.019965146978696183 0.023155567257903343
0 0.16605696082115173 0.8584713709215628 0.01996514697869617 0.023155567257903343
0 0.19031338393688202 0.860110186636216 0.01996514697869617 0.023155567257903343
0 0.2154003083705902 0.8618051127923982 0.01996514697869617 0.023155567257903343
0 0.24085590243339539 0.8635249470555505 0.019965146978696197 0.023155567257903343
0 0.26646995544433594 0.8651713470748236 0.020761092503865597 0.024205348288365926
0 0.2922743856906891 0.8668299840127882 0.020761092503865597 0.024205348288365926
0 0.34611988067626953 0.8705791865573682 0.021302739779154423 0.02480671017668968
0 0.371684193611145 0.8719342253928961 0.021302739779154423 0.02480671017668968
0 0.39859846234321594 0.8733608187636898 0.021302739779154423 0.02480671017668968
0 0.42587095499038696 0.8748063998271316 0.021302739779154423 0.02480671017668968
0 0.4541383385658264 0.8763047151787337 0.021302739779154423 0.02480671017668968
0 0.48189181089401245 0.8777757906158573 0.021302739779154423 0.02480671017668968
0 0.5095363706350327 0.8796934979130693 0.0231858491897583 0.025217041488765635
0 0.5661252737045288 0.8823176539221476 0.0231858491897583 0.025217041488765635
0 0.5953922867774963 0.8836748318149381 0.0231858491897583 0.025217041488765635
0 0.6233975291252136 0.8849734985323722 0.0231858491897583 0.025217041488765635
0 0.6523248553276062 0.8863149243731832 0.0231858491897583 0.025217041488765635
0 0.6834642291069031 0.887758927886054 0.0231858491897583 0.025217041488765635
0 0.7133681774139404 0.8886695900345655 0.023241400718688965 0.025290023448855378
0 0.7426503300666809 0.8897082669592854 0.024353424708048577 0.026242041772650083
0 0.7725359201431274 0.8908582288165425 0.024353424708048577 0.026242041772650083
0 0.11590069532394409 0.8872977959341597 0.021000608801841736 0.023999118065649337
0 0.16562864184379578 0.8913872297420058 0.021000608801841736 0.023999118065649337
0 0.18937990069389343 0.8933404413205639 0.021000608801841736 0.023999118065649337
0 0.21380428969860077 0.8953490085171194 0.021000608801841736 0.023999118065649337
0 0.2394801750779152 0.897501114774474 0.021884759267171233 0.024637739787730026
0 0.2659539580345154 0.8992494982342387 0.02188475926717126 0.024637739787730026
0 0.29155656695365906 0.9009403475561675 0.02188475926717126 0.024637739787730026
0 0.34427914023399353 0.9044222554962107 0.02188475926717126 0.024637739787730026
0 0.37127354741096497 0.9062050220578216 0.02188475926717126 0.024637739787730026
0 0.39829567074775696 0.9079896190520336 0.02188475926717126 0.024637739787730026
0 0.4257601499557495 0.9099716173417619 0.021857738494873047 0.0245716183684593
0 0.4534194767475128 0.9116191420444223 0.021945198376973507 0.024741653324097737
0 0.4805341064929962 0.9134062282703613 0.02215123176574707 0.024693925251332474
