0 0.12689325213432312 0.11582933863004048 0.020646512508392334 0.02076145013173421
0 0.14998281002044678 0.11541940768559773 0.020591020584106445 0.02155238389968872
0 0.10140840709209442 0.1530568315986612 0.020688816905021667 0.020738403002421062
0 0.14818938076496124 0.14843655625979105 0.020688816905021667 0.020738403002421062
0 0.17193050682544708 0.14609178806361536 0.020688816905021667 0.020738403002421062
0 0.21801415085792542 0.14154038377824404 0.020688816905021667 0.020738403002421062
0 0.2439817562699318 0.13897571961085 0.020688816905021667 0.020738403002421062
0 0.29118606448173523 0.13431363406631766 0.020688816905021667 0.020738403002421062
0 0.31633126735687256 0.13047750679852407 0.022879163424173954 0.022622995906405968
0 0.3422451317310333 0.12804388999938965 0.022879163424173954 0.022622995906405968
0 0.3944646120071411 0.12371094964821362 0.023078610499699947 0.022920972771114784
0 0.4209821820259094 0.12095190087954204 0.023078610499699947 0.022920972771114784
0 0.4474690556526184 0.11819604594962163 0.023078610499699947 0.022920972771114784
0 0.4736422002315521 0.11547283329206437 0.023078610499699947 0.022920972771114784
0 0.5022479742765427 0.11249651511510213 0.023078610499699892 0.022920972771114784
0 0.5297069549560547 0.10963951627323375 0.023078610499699836 0.022920972771114784
0 0.5572718977928162 0.11004370450973511 0.022792498270670647 0.02265573872460258
0 0.3682568669319153 0.16154129803180695 0.022705892721811893 0.02327546146180894
0 0.39473485946655273 0.15915912267604856 0.022705892721811893 0.02327546146180896
0 0.42175912857055664 0.15662322938442227 0.022639364004135132 0.023361302084392983
0 0.4475899338722229 0.15451795163914506 0.022639364004135132 0.023361302084392983
0 0.47409772872924805 0.15235749748616248 0.022639364004135132 0.023361302084392983
0 0.5016488283872604 0.15011201128120136 0.022639364004135132 0.023361302084392983
0 0.529902458190918 0.14780926704406736 0.022639364004135132 0.023361302084392983
0 0.5578121542930603 0.14546169776885773 0.02268158396085096 0.023419982857174355
0 0.09761513769626617 0.22409643729527792 0.02070017158985138 0.02070603105756974
0 0.1213492825627327 0.22249261538187662 0.020784631371498108 0.021116111013624428
0 0.14425918459892273 0.2209773327730451 0.0213499516248703 0.021990153524610756
0 0.16835802793502808 0.21857110659281412 0.0213499516248703 0.021990153524610756
0 0.19220799207687378 0.21618973055267451 0.0213499516248703 0.021990153524610756
0 0.21556837856769562 0.21385723796078673 0.0213499516248703 0.021990153524610756
0 0.24047129601240158 0.21137072642644247 0.0213499516248703 0.021990153524610756
0 0.2659725844860077 0.20882446862066303 0.0213499516248703 0.021990153524610756
0 0.3164511024951935 0.2049833613195594 0.02236441771189368 0.023078242937723797
0 0.36775293946266174 0.2004891349754394 0.02236441771189368 0.023078242937723797
0 0.3935028910636902 0.1982333461443583 0.02236441771189368 0.023078242937723797
0 0.421595960855484 0.19577229169078111 0.02236441771189368 0.023078242937723797
0 0.4470739960670471 0.19259555079251064 0.023348838090896606 0.024135033289591473
0 0.4734707772731781 0.19090660387290684 0.024295220772425297 0.02421148618062337
0 0.5019416660070419 0.18891586860020956 0.024295220772425352 0.02421148618062337
0 0.5301997065544128 0.18694001605198715 0.024295220772425408 0.02421148618062337
0 0.5594233870506287 0.18489664423786265 0.024295220772425408 0.02421148618062337
0 0.5877470374107361 0.1829162041346232 0.024295220772425408 0.02421148618062337
0 0.6163871884346008 0.1809136337409997 0.024295220772425408 0.02421148618062337
0 0.3677869439125061 0.2371290922164917 0.02289172013600671 0.024262481265597897
0 0.39381909370422363 0.23556403319040933 0.02329360445340478 0.024239076508416096
0 0.42074570059776306 0.2335290780745328 0.02329360445340478 0.024239076508416096
0 0.44760555028915405 0.23149916807669027 0.02329360445340478 0.024239076508416096
0 0.47389519214630127 0.22951235104462672 0.02329360445340478 0.024239076508416096
0 0.5023647993803024 0.2273607850074768 0.023293604453404726 0.024239076508416096
0 0.5304498076438904 0.2257018286122714 0.02390519777933764 0.02458186944325765
0 0.5599174499511719 0.22369632191275793 0.02390519777933764 0.02458186944325765
0 0.5884179472923279 0.22175663709640503 0.02390519777933764 0.02458186944325765
0 0.09488620609045029 0.29718329434271573 0.021414923171202332 0.023009750578138588
0 0.11937189474701881 0.2956332194756914 0.021469950675964355 0.022954146067301433
0 0.14252924919128418 0.29401069816835 0.021477550268173218 0.02292776107788086
0 0.18988783657550812 0.29032419125239056 0.021477550268173218 0.02292776107788086
0 0.21445828676223755 0.28841156801878903 0.021477550268173218 0.02292776107788086
0 0.23825883865356445 0.2864789774369458 0.02230238914489746 0.02390134334564209
0 0.2640485465526581 0.28455134232838947 0.02230238914489746 0.02390134334564209
0 0.28943708539009094 0.28265369234299736 0.02230238914489746 0.02390134334564209
0 0.31445547938346863 0.2807837085956039 0.02230238914489746 0.02390134334564209
0 0.34041842818260193 0.27884312470753986 0.02230238914489746 0.02390134334564209
0 0.36726218461990356 0.2768367054197938 0.02230238914489746 0.02390134334564209
0 0.42135724425315857 0.2723847281794662 0.02244579792022705 0.02416104740566675
0 0.4745757281780243 0.26957494020462036 0.024335314830144283 0.02513859007093644
0 0.5029543489217758 0.2678792399457958 0.024335314830144228 0.02513859007093644
0 0.5604309439659119 0.2644448560843407 0.024335314830144172 0.02513859007093644
0 0.5892049074172974 0.2628291996905668 0.02549974123636889 0.02607399887508814
0 0.6188752055168152 0.2609526515007019 0.025794386863708496 0.026140663358900307
0 0.6484765410423279 0.2590813058037386 0.025794386863708496 0.026140663358900307
0 0.6782308220863342 0.25720029115323584 0.025794386863708496 0.026140663358900307
0 0.7381736636161804 0.25341080745024713 0.025794386863708496 0.026140663358900307
0 0.7693107724189758 0.2514423727989197 0.025794386863708496 0.026140663358900307
0 0.8000891208648682 0.2500032659474622 0.025648196538289314 0.02577861150105794
0 0.8300777673721313 0.24823490778605142 0.025648196538289314 0.02577861150105794
0 0.8619104027748108 0.24647525019234387 0.026303211847941155 0.026188015937805176
0 0.8937004208564758 0.244650058514427 0.026303211847941155 0.026188015937805176
0 0.9278590679168701 0.24268887440363565 0.026303211847941155 0.026188015937805176
0 0.09333845227956772 0.33363531061113355 0.02111997703711191 0.02191304498248629
0 0.11721090227365494 0.3321515917778015 0.021119977037111923 0.02191304498248629
0 0.14150488376617432 0.33064167394842087 0.021119977037111937 0.021913044982486325
0 0.165714830160141 0.32923868665126044 0.02140382925669354 0.022357973787519653
0 0.18948931992053986 0.32765934864679974 0.021775404612223326 0.02297835879855688
0 0.2139267921447754 0.3260365185846537 0.021775404612223326 0.02297835879855688
0 0.23827195167541504 0.3244198187725151 0.021775404612223326 0.02297835879855688
0 0.2635030448436737 0.3227442863721693 0.02177540461222327 0.02297835879855688
0 0.31475454568862915 0.3193408052126567 0.02177540461222327 0.02297835879855688
0 0.3673555552959442 0.31604260206222534 0.023001521825790405 0.024773001670837402
0 0.4206387400627136 0.3129249975777549 0.023001521825790405 0.024773001670837402
0 0.44788333773612976 0.3113309134355246 0.023001521825790405 0.024773001670837402
0 0.4755399227142334 0.3097127238747789 0.023001521825790405 0.024773001670837402
0 0.5037284940481186 0.3080634077390035 0.023001521825790405 0.024773001670837402
0 0.531818687915802 0.3064221101074594 0.02289530634880066 0.025010055965847416
0 0.5609307289123535 0.3046007291644864 0.024986624717712402 0.025404903623792885
0 0.5900469422340393 0.3031289180119832 0.024986624717712402 0.025404903623792885
0 0.6195325255393982 0.30163843537719065 0.024986624717712402 0.025404903623792885
0 0.6488156318664551 0.30015818786025145 0.024986624717712402 0.025404903623792885
0 0.6787028312683105 0.298647403717041 0.024986624717712402 0.025404903623792885
0 0.7091314792633057 0.29710924959721013 0.024986624717712402 0.025404903623792885
0 0.7703176736831665 0.29404253430055216 0.025060057640075684 0.02537110116746688
0 0.801663339138031 0.2919711073239644 0.026015758514404297 0.026865866449144127
0 0.8333106637001038 0.29034625926703733 0.026015758514404297 0.026865866449144127
0 0.8646484017372131 0.2887373061102479 0.026015758514404297 0.026865866449144127
0 0.8960999846458435 0.2871225078900655 0.026015758514404297 0.026865866449144127
0 0.9302142262458801 0.28537100251182607 0.026015758514404297 0.026865866449144127
0 0.3150392174720764 0.35872554779052734 0.02265963951746619 0.02539176411098909
0 0.34080642461776733 0.3574113330570232 0.02265963951746619 0.02539176411098909
0 0.36722230911254883 0.3561712900797526 0.023264944553375244 0.025862614313761394
0 0.3918030261993408 0.3548536026563667 0.023264944553375244 0.025862614313761394
0 0.42128270864486694 0.3532732986047508 0.023264944553375244 0.025862614313761394
0 0.44770392775535583 0.3518569482188167 0.023264944553375244 0.025862614313761394
0 0.47566208243370056 0.3502829090417873 0.02358350157737732 0.026082270675235275
0 0.5038230270147324 0.34900208314259845 0.02358350157737732 0.026082270675235275
0 0.5325946807861328 0.3476934807551016 0.02358350157737732 0.026082270675235275
0 0.5609495639801025 0.3464038340723063 0.02358350157737732 0.026082270675235275
0 0.5900056958198547 0.345082292954127 0.02358350157737732 0.026082270675235313
0 0.6199330687522888 0.34372112574482944 0.02358350157737732 0.026082270675235313
0 0.3144575357437134 0.39911420453886165 0.02227872610092163 0.02459385659959586
0 0.3400697708129883 0.3980119228363037 0.02227872610092163 0.02459385659959586
0 0.36707860231399536 0.396755576133728 0.022976239522298214 0.02511959605746794
0 0.39338111877441406 0.39569589114975606 0.022976239522298214 0.02511959605746794
0 0.42154285311698914 0.39456130134537964 0.022976239522298214 0.02511959605746794
0 0.44872212409973145 0.39346629336851713 0.022976239522298214 0.02511959605746794
0 0.47639623284339905 0.3915275565954334 0.024090419212977054 0.02590807278951009
0 0.5053434818983078 0.3905952374140422 0.02409041921297711 0.02590807278951009
0 0.5333814024925232 0.38969220544970157 0.024090419212977165 0.02590807278951009
0 0.5621151328086853 0.38876676317793796 0.024090419212977165 0.02590807278951009
0 0.5913034081459045 0.38782668113708496 0.024090419212977165 0.02590807278951009
0 0.08943994343280792 0.4466854731241862 0.020218178629875183 0.02249484592013884
0 0.11378325521945953 0.44590045413460033 0.020218178629875183 0.02249484592013884
0 0.1385951191186905 0.44510032535595995 0.020218178629875183 0.02249484592013884
0 0.1630084216594696 0.44431304931640625 0.020218178629875183 0.02249484592013884
0 0.1864730715751648 0.44355636526580366 0.020218178629875183 0.02249484592013884
0 0.21114103496074677 0.4426664227247159 0.020636131366093935 0.022738191816541835
0 0.23701369762420654 0.4417641957600911 0.022001455227533995 0.02424764633178711
0 0.2628312408924103 0.4408643287350211 0.02200145522753394 0.02424764633178711
0 0.31430166959762573 0.4390703338116126 0.02200145522753394 0.02424764633178711
0 0.34034329652786255 0.43816265638040813 0.02200145522753394 0.02424764633178711
0 0.3673412501811981 0.4372216463088989 0.02200145522753394 0.02424764633178711
0 0.42160212993621826 0.4354160737131183 0.02256232500076294 0.025028917524549648
0 0.44943058490753174 0.43450963497161865 0.02256232500076294 0.025028917524549648
0 0.47671589255332947 0.4336208878259585 0.02256232500076294 0.025028917524549648
0 0.5061984807252884 0.4327070713043213 0.023001660903294863 0.02542228168911409
0 0.5339200496673584 0.43169844150543213 0.02300029993057251 0.02536622683207194
0 0.5633260607719421 0.43072002382319435 0.023301710685094124 0.025680065155029297
0 0.3135722875595093 0.4793270007151309 0.022782186667124393 0.025688118404812332
0 0.3401975631713867 0.478687047958374 0.022782186667124393 0.025688118404812332
0 0.36691197752952576 0.47804495270411823 0.022782186667124393 0.025688118404812332
0 0.3939988911151886 0.4773939042314614 0.022782186667124393 0.025688118404812332
0 0.4491657018661499 0.4760679403940837 0.022782186667124393 0.025688118404812332
0 0.5060667842626572 0.4747002924090294 0.02278218666712445 0.025688118404812332
0 0.5347286462783813 0.4735207632935366 0.02288626631100965 0.02551836437649202
0 0.5638138055801392 0.473149071307817 0.02457217375437426 0.026478952831692215
0 0.5926237106323242 0.4724709020592784 0.02457217375437426 0.026478952831692215
0 0.623139500617981 0.4717525772218432 0.02457217375437426 0.026478952831692215
0 0.6536993384361267 0.4710332155227661 0.02457217375437426 0.026478952831692215
0 0.31322863698005676 0.519790252049764 0.023053963979085323 0.025885211096869625
0 0.36684274673461914 0.5189878940582275 0.023250281810760498 0.025954723358154297
0 0.3940211534500122 0.5185117235979538 0.02385956048965454 0.026231421364678226
0 0.42145055532455444 0.5180496772130331 0.02385956048965454 0.026231421364678226
0 0.44885343313217163 0.5175880776241923 0.02385956048965454 0.026231421364678226
0 0.47692641615867615 0.5171151901591041 0.02385956048965454 0.026231421364678226
0 0.5054364204406738 0.5166349411010742 0.02385956048965454 0.026231421364678226
0 0.5348777770996094 0.5161390034764172 0.02385956048965454 0.026231421364678226
0 0.08730333298444748 0.5620781977971395 0.021535282333691924 0.023739841249254063
0 0.1361122727394104 0.5619849382827523 0.020736863215764345 0.023887077967325848
0 0.16016773879528046 0.5618592898050944 0.020736863215764345 0.023887077967325848
0 0.18474167585372925 0.5617309332072932 0.020736863215764345 0.023887077967325848
0 0.20901110768318176 0.5616339740384995 0.020873104532559694 0.0242179499732124
0 0.23479029536247253 0.5614695151646932 0.020873104532559694 0.0242179499732124
0 0.2603670731186867 0.5613063475692782 0.020873104532559722 0.0242179499732124
0 0.2859477996826172 0.5611431547823608 0.02087310453255975 0.0242179499732124
0 0.311852365732193 0.5609778960545858 0.02087310453255975 0.0242179499732124
0 0.33917349576950073 0.560803600326848 0.02087310453255975 0.0242179499732124
0 0.39305567741394043 0.5604590177536011 0.021733616789182064 0.024577273262871586
0 0.42101380228996277 0.560219141141879 0.02366769313812256 0.025571319792005703
0 0.44915568828582764 0.5599776878866949 0.02366769313812256 0.025571319792005703
0 0.47740209102630615 0.5597353378931681 0.02366769313812256 0.025571319792005703
0 0.5059291869401932 0.5594905795933737 0.02366769313812256 0.025571319792005703
0 0.08644436299800873 0.640345056851705 0.021444544196128845 0.024192094802856445
0 0.13498404994606972 0.6409352544076876 0.021444544196128845 0.024192094802856445
0 0.1598115712404251 0.6412371340305355 0.021444544196128845 0.024192094802856445
0 0.18467915058135986 0.6415395007220622 0.021444544196128845 0.024192094802856445
0 0.20990140736103058 0.6418461799621582 0.021444544196128845 0.024192094802856445
0 0.23404309153556824 0.6424529628378004 0.02137644092241925 0.02433413929409456
0 0.2600181996822357 0.6427891650608865 0.02137644092241922 0.02433413929409456
0 0.3127954602241516 0.6434722741444906 0.021376440922419193 0.02433413929409456
0 0.33980822563171387 0.6439415731185375 0.02231057484944665 0.024612903594970703
0 0.39336350560188293 0.6448720012907586 0.02231057484944665 0.024612903594970703
0 0.42136988043785095 0.6453585624694824 0.02231057484944665 0.024612903594970703
0 0.44954267144203186 0.6458480148344964 0.02231057484944665 0.024612903594970703
0 0.47668763995170593 0.6463757503553159 0.023451944192250607 0.02555476294623486
0 0.506308913230896 0.646847128868103 0.02473270893096924 0.026539431677924313
0 0.5355684757232666 0.6468894923733618 0.02473270893096924 0.026539431677924313
0 0.564792811870575 0.6469318048760996 0.02473270893096924 0.026539431677924313
0 0.5944856405258179 0.6469747956864788 0.02473270893096924 0.026539431677924313
0 0.6249266266822815 0.6470188697179159 0.02473270893096924 0.026539431677924313
0 0.6549243330955505 0.6476215354639993 0.025226712226867676 0.026422288682725743
0 0.6861804127693176 0.6479643185933431 0.025226712226867676 0.026422288682725743
0 0.08532577753067017 0.6790908177693685 0.021932090322176606 0.024660322401258778
0 0.10989045351743698 0.6797016906593232 0.021932090322176606 0.024660322401258778
0 0.134993527084589 0.6803259523880336 0.02193209032217662 0.024660322401258778
0 0.18426722288131714 0.6815512877014859 0.021932090322176634 0.024660322401258778
0 0.23437130451202393 0.6827972730000814 0.021932090322176634 0.024660322401258778
0 0.2608948051929474 0.6834903091401431 0.021742480496565464 0.024567286173502605
0 0.286876380443573 0.6841744581858317 0.021742480496565464 0.024567286173502605
0 0.31299740076065063 0.6851287682851156 0.02244776487350464 0.024732059902614918
0 0.3398588299751282 0.6856302293011206 0.02244776487350464 0.024732059902614918
0 0.3664061427116394 0.6861258262520783 0.02244776487350464 0.024732059902614918
0 0.3935300409793854 0.6866037050882975 0.023208796977996826 0.025093184577094085
0 0.42217421531677246 0.6871897704574911 0.023208796977996826 0.025093184577094085
0 0.47745436429977417 0.6881992816925049 0.024460633595784542 0.02674012713962141
0 0.5064875483512878 0.6887882490161084 0.024460633595784487 0.02674012713962141
0 0.536168098449707 0.6893903488107272 0.02446063359578443 0.02674012713962141
0 0.595187783241272 0.6905876224452667 0.02446063359578443 0.02674012713962141
0 0.6555689573287964 0.6918125152587891 0.02446063359578443 0.02674012713962141
0 0.6857108473777771 0.6921096490146607 0.02509530385335279 0.027419937981499665
0 0.7174765467643738 0.6926430861155192 0.02509530385335279 0.027419937981499665
0 0.7496541142463684 0.693183439661694 0.02509530385335279 0.027419937981499665
0 0.7815654873847961 0.6937292416890463 0.02558378378550219 0.027632395426432293
0 0.08496146649122238 0.7580387592315674 0.021805023153622954 0.024082713656955395
0 0.13433976843953133 0.7598312695821127 0.021927647292613983 0.025142086876763337
0 0.1580350548028946 0.7616627826119635 0.022320648034413637 0.025185585021972656
0 0.21002477407455444 0.7634939510875268 0.02226252853870392 0.02567397223578549
0 0.2347993552684784 0.7645495732625326 0.02226252853870392 0.02567397223578549
0 0.26027318090200424 0.7654125228321318 0.02273939053217569 0.025778929392496746
0 0.2863207757472992 0.7665886878967285 0.022739390532175663 0.025778929392496746
0 0.34007471799850464 0.769035259882609 0.022853811581929562 0.025944497850206066
0 0.3669969439506531 0.7705125521778147 0.023240983486175537 0.026176293690999348
0 0.3946888744831085 0.771481990814209 0.023240983486175537 0.026176293690999348
0 0.42279109358787537 0.7724657928260136 0.023240983486175537 0.026176293690999348
0 0.44998639822006226 0.7734178455912789 0.023240983486175537 0.026176293690999348
0 0.478411465883255 0.7744129498799642 0.023240983486175537 0.026176293690999348
0 0.5070896148681641 0.775416914035286 0.023240983486175537 0.026176293690999348
0 0.5367029309272766 0.7763156096140543 0.023738960425059075 0.026601579454209972
0 0.08478846400976181 0.7980114618937174 0.021354809403419495 0.02304914262559669
0 0.11043892800807953 0.7991698582647441 0.021354809403419495 0.02304914262559669
0 0.13453935086727142 0.8002582534837205 0.021354809403419495 0.02304914262559669
0 0.15894408524036407 0.8013603916647495 0.021354809403419495 0.02304914262559669
0 0.18334460258483887 0.8027301951620043 0.022036224603652954 0.02424552705552833
0 0.2084534615278244 0.8040980446489313 0.02215187748273212 0.02481026119656023
0 0.23363280296325684 0.8052374521891276 0.02215187748273212 0.02481026119656023
0 0.26002833247184753 0.8064318942847116 0.022151877482732146 0.02481026119656023
0 0.2864550054073334 0.8076277456727318 0.022151877482732174 0.02481026119656023
0 0.313441663980484 0.8088489373524984 0.022151877482732174 0.02481026119656023
0 0.3405836820602417 0.8100771593111832 0.022151877482732174 0.02481026119656023
0 0.367709755897522 0.8123517036437988 0.022172848383585575 0.02468532986111101
0 0.42247846722602844 0.814567039068701 0.02341417471567786 0.02508544921875
0 0.45089244842529297 0.8156666839953672 0.02384452025095618 0.02578232023451073
0 0.478437602519989 0.8171901702880859 0.02384452025095618 0.02578232023451073
0 0.5066447854042053 0.8187502725235856 0.023844520250956236 0.02578232023451073
0 0.536261260509491 0.8203883208607426 0.02384452025095629 0.02578232023451073
0 0.5656787753105164 0.8220153649648031 0.02384452025095629 0.02578232023451073
0 0.5955948233604431 0.8231790065765381 0.024924874305725098 0.026611275143093433
0 0.6255943179130554 0.824475947922643 0.024924874305725098 0.026611275143093433
0 0.6558014154434204 0.8257818643828102 0.024924874305725098 0.026611275143093433
0 0.6871412992477417 0.8271367535799153 0.024924874305725098 0.026611275143093433
0 0.717873752117157 0.8284653822580973 0.024924874305725098 0.026611275143093433
0 0.7497215867042542 0.8293402194976807 0.024930278460184807 0.026375452677408855
0 0.7823852896690369 0.8305779579067657 0.024930278460184807 0.026375452677408855
