0 0.15227356553077698 0.12271610526151436 0.020134061574935913 0.022323009579680687
0 0.17686204612255096 0.12201759427092797 0.019761085510253906 0.021416752837425054
0 0.20149607956409454 0.12100261865660202 0.020339995622634888 0.02226175263870594
0 0.15118582546710968 0.1536215309198492 0.02107084790865582 0.025165077327757857
0 0.20144614577293396 0.15332274104273597 0.02107084790865582 0.025165077327757857
0 0.25308606028556824 0.1530157496901643 0.021070847908655793 0.025165077327757857
0 0.27950888872146606 0.15285867003740228 0.021070847908655765 0.025165077327757857
0 0.3060290217399597 0.15183969596828317 0.020963072776794434 0.02403031578359679
0 0.3316759169101715 0.15152032985243685 0.021150211493174198 0.024148268293040655
0 0.3579327166080475 0.15118030602753543 0.021150211493174198 0.024148268293040655
0 0.38405275344848633 0.15074084605123514 0.02056751648584998 0.02302095132280691
0 0.40972980856895447 0.15054836938547533 0.02056751648584998 0.02302095132280691
0 0.4618684947490692 0.15015753482808694 0.02056751648584998 0.02302095132280691
0 0.487753301858902 0.14996350084159737 0.02056751648584998 0.02302095132280691
0 0.5148962736129761 0.14976003558136697 0.02056751648585009 0.02302095132280691
0 0.5413936376571655 0.14956140983325367 0.02056751648585009 0.02302095132280691
0 0.1496652066707611 0.2178025578343591 0.020779271920522036 0.023911276529001636
0 0.17585867643356323 0.2176803157099947 0.020779271920522036 0.023911276529001636
0 0.20094656944274902 0.2175632331941981 0.020779271920522036 0.023911276529001636
0 0.22667798399925232 0.21744314743210652 0.020779271920522036 0.023911276529001636
0 0.25341740250587463 0.21731835742329442 0.020779271920522063 0.023911276529001636
0 0.27975064516067505 0.21685183325479196 0.020281632741292355 0.02384954644728079
0 0.3060114085674286 0.2162917746975239 0.020281632741292355 0.02384954644728079
0 0.3582287132740021 0.21585890304210575 0.02034185330073035 0.023549383000810043
0 0.38397106528282166 0.21569584691247276 0.02036561568578088 0.023763656616210938
0 0.4100538194179535 0.21533164161739046 0.02036561568578088 0.023763656616210938
0 0.4355039894580841 0.21497626938018966 0.02036561568578088 0.023763656616210938
0 0.46218958497047424 0.21460364633824844 0.02036561568578088 0.023763656616210938
0 0.48843348026275635 0.21423719095629315 0.02036561568578088 0.023763656616210938
0 0.5146008133888245 0.21347267683162247 0.02019266287485766 0.02302119528600409
0 0.5411999225616455 0.21298905306084212 0.020325402418772454 0.023081239803816947
0 0.15003664617065912 0.2822670124372845 0.02045538524786633 0.023065803586974652
0 0.20066843926906586 0.2814451483793037 0.020741909742355347 0.023908452470173234
0 0.25286050885915756 0.28139817437460257 0.020781521995862334 0.02392402175785038
0 0.2795194685459137 0.2811040800923034 0.020600557327270508 0.02365042812140416
0 0.3059616982936859 0.2807917927586755 0.020600557327270508 0.02365042812140416
0 0.33181601762771606 0.2804864487493161 0.020600557327270508 0.02365042812140416
0 0.35883069038391113 0.2801674007641676 0.020600557327270508 0.02365042812140416
0 0.3840753436088562 0.27986925701762355 0.020600557327270508 0.02365042812140416
0 0.40977147221565247 0.2795657812682741 0.020600557327270508 0.02365042812140416
0 0.4622015058994293 0.2793647314100757 0.020378390947977665 0.023275153581486192
0 0.4885784983634949 0.2794095695342558 0.020378390947977665 0.023275153581486192
0 0.515399694442749 0.279455162758051 0.020378390947977776 0.023275153581486192
0 0.5414511561393738 0.27949944751402594 0.020378390947977776 0.023275153581486192
0 0.14955613017082214 0.34613494591543476 0.021151413520177187 0.02374496755673901
0 0.17492222785949707 0.3463894403547454 0.020815799633661924 0.02370949678642805
0 0.20031464099884033 0.3462126975835756 0.020815799633661924 0.02370949678642805
0 0.22587457299232483 0.34603478880481353 0.020815799633661924 0.02370949678642805
0 0.25272461771965027 0.34584790025329626 0.020815799633661897 0.02370949678642805
0 0.27921193838119507 0.3456635364266329 0.02081579963366187 0.02370949678642805
0 0.30572426319122314 0.3454789985596974 0.02081579963366187 0.02370949678642805
0 0.33200517296791077 0.34561281426008356 0.021467268466949463 0.023833459661912523
0 0.14888359606266022 0.41038215992062593 0.020724833011627197 0.022250508153161336
0 0.17481109499931335 0.41011155895620854 0.02061892549196881 0.02245038054710211
0 0.20045790076255798 0.41005019254462666 0.02061892549196881 0.02245038054710211
0 0.22659960389137268 0.40998764196704335 0.02061892549196881 0.02245038054710211
0 0.25305575132369995 0.40992433900264325 0.02061892549196878 0.02245038054710211
0 0.27750205993652344 0.40986584508141805 0.020618925491968754 0.02245038054710211
0 0.14783640205860138 0.47522163002023177 0.020853767792383848 0.023056207701217298
0 0.20016218721866608 0.47514019456020623 0.02049476901690167 0.022409306016079215
0 0.2531232237815857 0.4749671692817436 0.020415544509887695 0.0219834497732709
0 0.27936020493507385 0.47492089382437774 0.020415544509887695 0.0219834497732709
0 0.3059588074684143 0.47497554158055505 0.020602285861968994 0.022226791973261814
0 0.3321278393268585 0.4748363196539725 0.020602285861968994 0.022226791973261814
0 0.3584042489528656 0.4746965264666817 0.020602285861968994 0.022226791973261814
0 0.41101154685020447 0.47441665026013385 0.020602285861968994 0.022226791973261814
0 0.4363590478897095 0.4742817989615507 0.020602285861968994 0.022226791973261814
0 0.4629838168621063 0.47413928372704633 0.020544111728668213 0.02203602753868404
0 0.14713777601718903 0.5407438943552416 0.021114413936932863 0.023076493610707308
0 0.17341797053813934 0.5406396939406273 0.021114413936932863 0.023076493610707308
0 0.22605213522911072 0.5404310005925127 0.021114413936932863 0.023076493610707308
0 0.2524203583598137 0.5403264511463254 0.020870491862297058 0.023469791855922965
0 0.27939581871032715 0.5402668407466173 0.020870491862297058 0.023469791855922965
0 0.30582988262176514 0.5402084267253108 0.020870491862297058 0.023469791855922965
0 0.33202821016311646 0.5401443658873092 0.020713885625203488 0.023225207661473474
0 0.38482069969177246 0.5399361076028086 0.020746370156606075 0.023169731908990375
0 0.41064751148223877 0.5398284557253815 0.020746370156606075 0.023169731908990375
0 0.43661370873451233 0.5397202228584475 0.020746370156606075 0.023169731908990375
0 0.46340736746788025 0.5396085409486093 0.020746370156606075 0.023169731908990375
0 0.48930028080940247 0.5395006135452626 0.020746370156606075 0.023169731908990375
0 0.5159105658531189 0.5393896959776174 0.020746370156605964 0.023169731908990375
0 0.5424318909645081 0.539266654099964 0.02091747522354126 0.023468579432761077
0 0.14615488052368164 0.6066857271416243 0.02098563313484192 0.02296607438908067
0 0.17260366678237915 0.606488435340339 0.02098563313484192 0.02296607438908067
0 0.19785453379154205 0.6063000792854514 0.02098563313484192 0.02296607438908067
0 0.22432106733322144 0.606102655100268 0.02098563313484192 0.02296607438908067
0 0.25201914459466934 0.6058960443506631 0.02098563313484192 0.02296607438908067
0 0.2785060405731201 0.6060031164115919 0.020995820562044742 0.02305307314377417
0 0.33131247758865356 0.6059061101166748 0.020995820562044742 0.02305307314377417
0 0.35816338658332825 0.6058567845544149 0.020995820562044742 0.02305307314377417
0 0.38488873839378357 0.6056478225812224 0.020952264467875126 0.023392433343931686
0 0.41051793098449707 0.605447431331256 0.020952264467875126 0.023392433343931686
0 0.437288373708725 0.6052381167982026 0.020952264467875126 0.023392433343931686
0 0.46309807896614075 0.605036314143691 0.020952264467875126 0.023392433343931686
0 0.4896220713853836 0.6051211246224337 0.02117620905240375 0.023358219353727647
0 0.5157576203346252 0.6047167223553325 0.020948310693104988 0.023057715837345567
0 0.14512664079666138 0.6723487321720567 0.02154075105985004 0.023465326590131366
0 0.17158155143260956 0.6720058529876 0.021506706873575865 0.023565543714419872
0 0.19745223224163055 0.6718652944911979 0.021506706873575865 0.023565543714419872
0 0.22374223172664642 0.6717224577863851 0.021506706873575865 0.023565543714419872
0 0.2505456805229187 0.6714944365748007 0.02152476708094278 0.02305404899656305
0 0.27748724818229675 0.6714304546977199 0.021524767080942753 0.02305404899656305
0 0.33130645751953125 0.6713026427574521 0.021524767080942753 0.02305404899656305
0 0.3586757481098175 0.6712376451074089 0.021524767080942753 0.02305404899656305
0 0.3842686712741852 0.6711768660434457 0.02127811312675476 0.023398850315301048
0 0.4108427166938782 0.6711836547631612 0.02127811312675476 0.023398850315301048
0 0.43681198358535767 0.671190288983558 0.02127811312675476 0.023398850315301048
0 0.463652640581131 0.6711971458130113 0.02127811312675476 0.023398850315301048
0 0.49001096189022064 0.6712038794229197 0.02127811312675476 0.023398850315301048
0 0.5168896317481995 0.6713254618090253 0.02102678020795179 0.023468786431837398
0 0.5431981086730957 0.6713708272507581 0.02102678020795179 0.023468786431837398
0 0.14431418478488922 0.7399664146955623 0.021424387892087282 0.02424200191054233
0 0.17092885076999664 0.7397873275809126 0.021424387892087282 0.024242001910542252
0 0.1970234513282776 0.7396117399284307 0.021424387892087282 0.02424200191054233
0 0.2233285903930664 0.7394347355858548 0.021424387892087282 0.02424200191054233
0 0.25027426332235336 0.7392534211624501 0.02142438789208731 0.02424200191054233
0 0.27744242548942566 0.7397789201551148 0.02088080843289697 0.023558032605075042
0 0.30392521619796753 0.7400031200675077 0.021041393280029297 0.023524794467659885
0 0.3575593829154968 0.7398425841846783 0.021041393280029297 0.023524794467659885
0 0.38429349660873413 0.7393061215173241 0.02143048246701562 0.023968275203261266
0 0.4104733169078827 0.7394627415856649 0.02161344885826111 0.024415629778721564
0 0.4363885521888733 0.7396152633746355 0.02161344885826111 0.024415629778721564
0 0.4636780321598053 0.7397758731572638 0.02161344885826111 0.02441562977872148
0 0.48988984525203705 0.7399301404282972 0.02161344885826111 0.02441562977872148
0 0.5169979333877563 0.7403319415546896 0.02143617471059156 0.024250666300455675
0 0.5710572004318237 0.7406402188678121 0.02143617471059156 0.024250666300455758
0 0.5980526208877563 0.7407941624216153 0.02143617471059156 0.024250666300455758
0 0.625359296798706 0.7409498809346553 0.02143617471059156 0.024250666300455758
0 0.6517542004585266 0.7411003999931868 0.02143617471059156 0.024250666300455758
0 0.6789347529411316 0.7412553992772446 0.02143617471059156 0.024250666300455675
0 0.7060215473175049 0.741673935291379 0.021567265192667717 0.024216452310251636
0 0.7337746620178223 0.7420175129996234 0.02182980378468824 0.02466967678809348
0 0.7610586285591125 0.7423225890758426 0.02182980378468824 0.02466967678809348
0 0.7898920774459839 0.7416522669237714 0.022355318069458008 0.024830869926038612
0 0.14315102994441986 0.8079278260072453 0.02101948857307434 0.023949142574339763
0 0.17038604617118835 0.8078463354776072 0.020910819371541323 0.023848777593568314
0 0.19612456858158112 0.8077621001727702 0.020910819371541323 0.023848777593568314
0 0.22279226779937744 0.8076748239205792 0.020910819371541323 0.023848777593568314
0 0.24996434152126312 0.8075858969854383 0.02091081937154135 0.023848777593568314
0 0.2768351435661316 0.8074979560319767 0.020910819371541378 0.023848777593568314
0 0.30331021547317505 0.8074129538867013 0.020825207233428955 0.023578614227531602
0 0.3297586143016815 0.8079500356171178 0.020798146724700928 0.023763020833333225
0 0.384199857711792 0.8084150802257449 0.020798146724700928 0.023763020833333225
0 0.40956971049308777 0.8086317930066917 0.020798146724700928 0.023763020833333225
0 0.43588879704475403 0.8084072895666864 0.021038373311360714 0.023600142131480026
0 0.48902490735054016 0.8084887127543605 0.021038373311360714 0.023600142131480026
0 0.5170401930809021 0.8089350323344386 0.021750569343566895 0.024311509243277615
0 0.5448228716850281 0.80906888385424 0.021750569343566895 0.024311509243277615
0 0.5717684626579285 0.8091987024493099 0.021750569343566895 0.024311509243277615
0 0.5985277891159058 0.8093276236583228 0.021750569343566895 0.024311509243277615
0 0.6257918477058411 0.8094589765681777 0.021750569343566895 0.024311509243277615
0 0.6535577178001404 0.8101669491197587 0.021979053815205818 0.02423911870912064
0 0.6801614761352539 0.8104444991710574 0.021979053815205818 0.02423911870912064
0 0.7073623538017273 0.8113756401594295 0.022229790687561035 0.024335875991703115
0 0.1453929841518402 0.8753756146098293 0.021700680255889893 0.024041641590207122
0 0.1711001992225647 0.8747233013774074 0.021853049596150698 0.024005446323128635
0 0.19711974263191223 0.8744438526242279 0.021742473045984922 0.02412243037260791
0 0.2231018841266632 0.8746137980245905 0.021742473045984922 0.02412243037260791
0 0.2500467896461487 0.8747900407241065 0.021742473045984895 0.02412243037260791
0 0.27683761715888977 0.8749652756218389 0.021742473045984867 0.02412243037260791
0 0.3032234311103821 0.8751378613849019 0.021742473045984867 0.02412243037260791
0 0.3572249114513397 0.8755503028889076 0.021787265936533573 0.02433605341948291
0 0.38435879349708557 0.8757425352584484 0.021787265936533573 0.02433605341948291
0 0.4107375741004944 0.8757829750663118 0.021504004796346066 0.024208955986555234
0 0.43665608763694763 0.8755081492714116 0.02171093225479126 0.024354032767835404
0 0.46357986330986023 0.8758639845737192 0.02171093225479126 0.024354032767835404
0 0.49017080664634705 0.8762154210318046 0.02171093225479126 0.024354032767835404
0 0.517393171787262 0.8765628725983375 0.02149796485900879 0.02394577144652363
0 0.5445718169212341 0.8768500862582712 0.02149796485900879 0.02394577144652363
0 0.5719536542892456 0.877139447177015 0.02149796485900879 0.02394577144652363
0 0.5992943048477173 0.8774283728491062 0.02149796485900879 0.02394577144652363
0 0.6265601515769958 0.8777165080225745 0.02149796485900879 0.02394577144652363
0 0.6525098085403442 0.8779640465254596 0.021605094273885017 0.02406234149784994
