0 0.13718120753765106 0.07443855529607729 0.020639091730117798 0.02233644973400027
0 0.16348110139369965 0.07410255143808764 0.02106839418411255 0.02270017668258312
0 0.7952601909637451 0.09216475209524465 0.019867420196533203 0.021378068036811297
0 0.8194566965103149 0.09234534307967784 0.019893884658813477 0.02107202175051667
0 0.8439232110977173 0.09291089690008829 0.020476579666137695 0.020857683447904365
0 0.11092617362737656 0.10617251666215692 0.020243510603904724 0.02254827632460483
0 0.16261060535907745 0.10561397463776344 0.020243510603904724 0.02254827632460483
0 0.1890193670988083 0.1046236234923184 0.020761931935946165 0.022753996442454717
0 0.2158246785402298 0.10476922988891602 0.020761931935946165 0.022753996442454717
0 0.24226760119199753 0.10491286779035386 0.020761931935946137 0.022753996442454717
0 0.2699117064476013 0.10436950939523933 0.02130601803461707 0.02256612999494686
0 0.2967891991138458 0.10520902899808662 0.021037598450978634 0.022475745326788837
0 0.3242357671260834 0.10590980219286542 0.020907898743947384 0.02227579161178234
0 0.37849295139312744 0.10773848365721878 0.020977497100830078 0.02220454696536987
0 0.40553173422813416 0.10860560661138491 0.020977497100830078 0.02220454696536987
0 0.4324699938297272 0.10946950582564925 0.020977497100830078 0.02220454696536987
0 0.4585306644439697 0.11030526111198986 0.020977497100830078 0.02220454696536987
0 0.48519784212112427 0.11116046683732854 0.020977497100830078 0.02220454696536987
0 0.5382795333862305 0.1128627754516919 0.020977497100830078 0.02220454696536987
0 0.5642814040184021 0.11414904927098474 0.020573655764261956 0.021947890289070085
0 0.5902507305145264 0.11517770928755833 0.020447373390197754 0.021923457005227246
0 0.6165933609008789 0.11622115608676051 0.020447373390197754 0.021923457005227246
0 0.6422638297080994 0.11723797817772341 0.020447373390197754 0.021923457005227246
0 0.6680612564086914 0.11825982914414516 0.020447373390197754 0.021923457005227246
0 0.6934697031974792 0.11912414764144182 0.02025151252746582 0.021750516669694766
0 0.7180681228637695 0.12089433226474496 0.02055426438649488 0.021983227988546194
0 0.10967636853456497 0.1392824954407271 0.020384470621744782 0.022242383439411473
0 0.1351744681596756 0.13872992715170218 0.020384470621744796 0.022242383439411473
0 0.18852932751178741 0.1375736761456732 0.02038447062174481 0.022242383439411473
0 0.2145262211561203 0.1359064736764517 0.0206308861573537 0.022423773772956804
0 0.24189762771129608 0.13641713386358217 0.02063088615735373 0.022423773772956804
0 0.2690763771533966 0.13692419970428338 0.020630886157353756 0.022423773772956804
0 0.3238113224506378 0.13794537329109632 0.020630886157353756 0.022423773772956804
0 0.3506834805011749 0.13844671914743822 0.020630886157353756 0.022423773772956804
0 0.4051688611507416 0.13946323668088303 0.020630886157353756 0.022423773772956804
0 0.4321576654911041 0.14087640616460914 0.020502130190531376 0.022092656571735692
0 0.45861122012138367 0.14166529234065567 0.020502130190531376 0.022092656571735692
0 0.4855441451072693 0.1424684740868828 0.020502130190531376 0.022092656571735692
0 0.5382263660430908 0.14433019105778183 0.01972087224324537 0.02189470631207608
0 0.5644152760505676 0.14534888717210273 0.019532442092895508 0.021724168644394984
0 0.5907924771308899 0.1463964484458746 0.019532442092895508 0.021724168644394984
0 0.6163639426231384 0.14741201021384615 0.019532442092895508 0.021724168644394984
0 0.6419144868850708 0.14842674110250595 0.019532442092895508 0.021724168644394984
0 0.6681824326515198 0.14946996333987214 0.019532442092895508 0.021724168644394984
0 0.6930893063545227 0.15045913107842562 0.019532442092895508 0.021724168644394984
0 0.21383200585842133 0.1682343373300533 0.020545904835065187 0.022711421168127726
0 0.24074234813451767 0.16874425355778183 0.0206516832113266 0.02263384826423587
0 0.2679624855518341 0.16913462609622495 0.0206516832113266 0.02263384826423587
0 0.2959546148777008 0.1695360700130516 0.0206516832113266 0.02263384826423587
0 0.32292240858078003 0.1699228236110472 0.0206516832113266 0.02263384826423587
0 0.3496520221233368 0.17030616139256677 0.0206516832113266 0.02263384826423587
0 0.37713637948036194 0.17116328491359298 0.020503342151641846 0.022674523582754222
0 0.4041634202003479 0.1719660426295081 0.020503342151641846 0.022674523582754222
0 0.45813578367233276 0.17356913087258274 0.020503342151641846 0.022674523582754222
0 0.4852654039859772 0.1743749354096855 0.020503342151641846 0.022674523582754222
0 0.5118938088417053 0.17516585283501204 0.020503342151641846 0.0226745235827542
0 0.5384787917137146 0.1759554805396906 0.020503342151641846 0.022674523582754222
0 0.5644827485084534 0.17717229898605222 0.019993027051289802 0.022163546362588573
0 0.5909609794616699 0.1779559832218716 0.019993027051289802 0.022163546362588573
0 0.6166596412658691 0.1787165943130426 0.019993027051289802 0.022163546362588552
0 0.6427761912345886 0.17948957376701888 0.019993027051289802 0.022163546362588573
0 0.21282406151294708 0.20047662576543304 0.020761663715044676 0.022814698921617638
0 0.2398076131939888 0.2009341883104901 0.02083044747511545 0.02282952892687891
0 0.2672143578529358 0.2013701218772037 0.020787616570790646 0.022874048513959574
0 0.2942781150341034 0.20183004334915516 0.020787616570790646 0.022874048513959574
0 0.32221555709838867 0.20230481222144267 0.020787616570790646 0.022874048513959574
0 0.37657347321510315 0.20322302884833757 0.02038077513376868 0.023064162380011535
0 0.40419819951057434 0.20409887219090495 0.02038077513376868 0.023064162380011535
0 0.45810553431510925 0.20580800696382914 0.02038077513376868 0.023064162380011535
0 0.4850006103515625 0.2066607167080786 0.02038077513376868 0.023064162380011535
0 0.5118468999862671 0.20751187967699627 0.02038077513376879 0.023064162380011535
0 0.537712574005127 0.20785638092544317 0.019928276538848877 0.022448310556337843
0 0.5642210245132446 0.20872775197922952 0.019928276538848877 0.022448310556337843
0 0.5909944772720337 0.20960783403973246 0.019928276538848877 0.022448310556337843
0 0.6172218918800354 0.21060307658550628 0.019779880841573005 0.022174923918968022
0 0.6431787610054016 0.2115037164022756 0.019779880841573005 0.022174923918968022
0 0.15727384388446808 0.23384748285833648 0.020889262358347593 0.022883673971013534
0 0.18423281610012054 0.2339063245196675 0.020889262358347593 0.022883673971013534
0 0.21144503355026245 0.23396571892352158 0.020889262358347593 0.022883673971013534
0 0.23865044116973877 0.23402509846398453 0.020889262358347593 0.022883673971013534
0 0.26659029722213745 0.23408608103907386 0.020889262358347538 0.022883673971013534
0 0.3218277096748352 0.23420664428200258 0.020889262358347538 0.022883673971013534
0 0.34882256388664246 0.23547216220197562 0.02065630753835046 0.022765551426614006
0 0.3763194680213928 0.23612909538801327 0.02065630753835046 0.022765551426614006
0 0.40367987751960754 0.23678276755761002 0.02065630753835046 0.022765551426614006
0 0.43095269799232483 0.23742673563402752 0.02052241563796997 0.022652515145235284
0 0.45692020654678345 0.2380942785831024 0.02052241563796997 0.022652515145235284
0 0.5119438767433167 0.2395087640349849 0.02052241563796997 0.022652515145235284
0 0.5387681126594543 0.2401983307491957 0.02052241563796997 0.022652515145235284
0 0.5649983286857605 0.240872627080873 0.02052241563796997 0.022652515145235284
0 0.6178760528564453 0.24225129083075164 0.020366569360097175 0.022500341252763168
0 0.6435863375663757 0.24334641744257476 0.019711852073669434 0.02215959120166397
0 0.6699491739273071 0.24412753211497587 0.020162105560302734 0.022363781004913066
0 0.6949610114097595 0.24477087065230968 0.020162105560302734 0.022363781004913066
0 0.7212985754013062 0.24544830868168854 0.020162105560302734 0.022363781004913066
0 0.7465600967407227 0.24609806942800433 0.020162105560302734 0.022363781004913066
0 0.7719443440437317 0.24675098685331123 0.020162105560302734 0.022363781004913066
0 0.7974423170089722 0.24740682945759582 0.020162105560302734 0.022363781004913066
0 0.8225618004798889 0.24768261576807776 0.020106236139933342 0.021881251372108192
0 0.15654553472995758 0.26654106784992937 0.020573894182841 0.022996089255162885
0 0.18333929777145386 0.2666790540828261 0.020726998647054018 0.023015177527139354
0 0.2107991725206375 0.2665730363923485 0.020726998647054018 0.023015177527139354
0 0.23785482347011566 0.26663369910661566 0.020465274651845278 0.022846665493277615
0 0.26569777727127075 0.26707104124298586 0.020465274651845333 0.022846665493277615
0 0.2938576340675354 0.266252362450888 0.020885805288950565 0.02308571985525681
0 0.3485151529312134 0.26834363697842734 0.02049221595128381 0.022611839826716933
0 0.3757365643978119 0.26879947130070175 0.02049221595128381 0.022611839826716933
0 0.4307101368904114 0.26972002757644514 0.02049221595128381 0.022611839826716933
0 0.45781323313713074 0.27017388065913045 0.02049221595128381 0.022611839826716933
0 0.4852088987827301 0.27063263294308687 0.02049221595128381 0.022611839826716933
0 0.5117940306663513 0.27107781248822604 0.0204922159512837 0.022611839826716933
0 0.5652182102203369 0.27288297165271846 0.02031652132670092 0.022623490917590208
0 0.5918934345245361 0.2736071000567514 0.0200767914454143 0.022475383078405072
0 0.6178774237632751 0.2743315585823946 0.0200767914454143 0.022475383078405072
0 0.6439672112464905 0.2751116945529558 0.01961493492126465 0.02215973905814708
0 0.670169472694397 0.2759606705316759 0.01961493492126465 0.02215973905814708
0 0.695697546005249 0.2767878022304801 0.01961493492126465 0.02215973905814708
0 0.7214257121086121 0.2775998626943763 0.01958012580871582 0.022084761035534792
0 0.10402782261371613 0.301917830178904 0.020080608626206725 0.023226819297139985
0 0.1294986791908741 0.30127430806682065 0.02008060862620671 0.023226819297139985
0 0.15591420233249664 0.3006069189198405 0.020080608626206697 0.023226819297139985
0 0.18231205642223358 0.29993997618209484 0.02065508564313251 0.023046197817307136
0 0.23768724501132965 0.29999857207865355 0.02065508564313251 0.023046197817307136
0 0.26450997591018677 0.30002695486172337 0.020655085643132565 0.023046197817307136
0 0.29234546422958374 0.30005640930577643 0.020655085643132565 0.023046197817307136
0 0.32026708126068115 0.30008595488792245 0.020749827226003048 0.02312994372937109
0 0.34786099195480347 0.30084862819937774 0.02071126302083337 0.023211708364560595
0 0.3755660951137543 0.3014014392324589 0.02071126302083337 0.023211708364560595
0 0.4028273820877075 0.3019453946232304 0.02071126302083337 0.023211708364560595
0 0.430606484413147 0.3024996821913542 0.02071126302083337 0.023211708364560595
0 0.45756736397743225 0.3030376434326172 0.02071126302083337 0.023211708364560595
0 0.48490574955940247 0.3037678665161707 0.02079939842224121 0.023078652315361554
0 0.538709282875061 0.30494028256201433 0.02079939842224121 0.023078652315361554
0 0.5655590891838074 0.3055253583331441 0.02079939842224121 0.023078652315361554
0 0.5916761755943298 0.3062632524151518 0.019290288289387947 0.022549163463503816
0 0.6174986958503723 0.30674947694290516 0.019290288289387947 0.022549163463503816
0 0.6443264484405518 0.3072546294688594 0.019290288289387947 0.022549163463503816
0 0.6708233952522278 0.30775355309531677 0.019290288289387947 0.022549163463503816
0 0.6960124373435974 0.30822784956111465 0.019290288289387947 0.022549163463503816
0 0.7210828065872192 0.3086999114793633 0.019290288289387947 0.022549163463503816
0 0.10284983366727829 0.3344379469405773 0.020497187972068787 0.02371209906053171
0 0.12789112329483032 0.33403922894237453 0.020497187972068787 0.02371209906053171
0 0.15443055331707 0.3336166569195556 0.020497187972068787 0.02371209906053171
0 0.1813151091337204 0.3331885896579561 0.020497187972068787 0.02371209906053171
0 0.2088766098022461 0.33274974379428596 0.020497187972068787 0.02371209906053171
0 0.2366715967655182 0.33259722500869765 0.02093742291132611 0.023308569146681227
0 0.2642378807067871 0.3331164030866392 0.020743529001871708 0.023372310076573127
0 0.29234203696250916 0.33358254543570587 0.02063729365666711 0.0234960068103879
0 0.3198503851890564 0.33404111679497095 0.02063729365666711 0.0234960068103879
0 0.3754397928714752 0.33496780675947657 0.02063729365666711 0.0234960068103879
0 0.40281692147254944 0.33542419065326684 0.02063729365666711 0.0234960068103879
0 0.43045175075531006 0.33588487048481785 0.02063729365666711 0.0234960068103879
0 0.45724210143089294 0.3366350714908884 0.020599424839019775 0.02311734635700554
0 0.4849105477333069 0.3371000289916992 0.020599424839019775 0.02311734635700554
0 0.5117353200912476 0.33755080887933897 0.020599424839019775 0.02311734635700554
0 0.5385274291038513 0.33800103987213836 0.020599424839019775 0.02311734635700554
0 0.5914924144744873 0.33889109589332755 0.020599424839019775 0.02311734635700554
0 0.617727518081665 0.3393319666264863 0.020599424839019775 0.02311734635700554
0 0.6446786522865295 0.3396767774917694 0.019991159439086914 0.022670257923214934
0 0.6705887317657471 0.3400595282464463 0.019991159439086914 0.022670257923214934
0 0.6970829367637634 0.3404509078624637 0.019991159439086914 0.022670257923214934
0 0.7218738794326782 0.3409801527511242 0.019664247830708748 0.022533904674441316
0 0.10060571879148483 0.36800635138223337 0.02020953098932901 0.023132235504860103
0 0.1266593337059021 0.36717645398406057 0.020783603191375732 0.02333148690157154
0 0.1531330645084381 0.36704759819563043 0.020783603191375732 0.023331486901571583
0 0.17994843423366547 0.366627433625692 0.020631362994511904 0.02332005759542301
0 0.20750193297863007 0.3667593002319336 0.020631362994511904 0.02332005759542301
0 0.26398196816444397 0.3670296045816388 0.02063136299451196 0.023320057595423053
0 0.31963708996772766 0.36729596102878526 0.02063136299451196 0.02332005759542301
0 0.34724584221839905 0.3674280920694041 0.02063136299451196 0.02332005759542301
0 0.37481507658958435 0.36756003398381787 0.02063136299451196 0.023320057595423053
0 0.40271663665771484 0.36846803356001856 0.02066483100255334 0.023641519768293515
0 0.4303964078426361 0.36898696145346 0.02066483100255334 0.023641519768293515
0 0.4850189685821533 0.3703912247058957 0.020087242126464844 0.022955133009326535
0 0.5112079381942749 0.370756646155695 0.02009197076161695 0.02286582030067151
0 0.538311779499054 0.3711922002393146 0.02009197076161695 0.02286582030067147
0 0.5648233890533447 0.3716182372602244 0.02009197076161695 0.02286582030067147
0 0.5911746025085449 0.37204169674331694 0.02009197076161695 0.02286582030067151
0 0.61830073595047 0.3724776090577591 0.02009197076161695 0.02286582030067147
0 0.6441519260406494 0.37289303325108997 0.02009197076161695 0.02286582030067147
0 0.10011234134435654 0.4011492618294649 0.020540505647659302 0.023744420487751276
0 0.125619575381279 0.4009383889131768 0.020613263050715133 0.023376198702080304
0 0.15267662703990936 0.40076670930273495 0.020613263050715147 0.023376198702080304
0 0.17961947619915009 0.39997144562941217 0.020876149336497007 0.023404232291288154
0 0.20693527162075043 0.4001103778218114 0.020876149336497007 0.023404232291288154
0 0.23549309372901917 0.40025562714640217 0.020876149336497007 0.023404232291288154
0 0.2911131680011749 0.40053851910472776 0.020876149336496952 0.023404232291288154
0 0.3186092972755432 0.400678368501885 0.020876149336496952 0.023404232291288154
0 0.3468134105205536 0.4012220072191815 0.020480036735534668 0.023230175639307776
0 0.37460795044898987 0.40163296227727047 0.020480036735534668 0.023230175639307776
0 0.4024326801300049 0.4020443637047384 0.020480036735534668 0.023230175639307776
0 0.45751434564590454 0.40285877146647886 0.020480036735534668 0.023230175639307776
0 0.4847131669521332 0.4032609185507131 0.020480036735534668 0.023230175639307776
0 0.5119248032569885 0.4036294632069947 0.020205815633137947 0.02307392090790026
0 0.5383625626564026 0.4040052280869595 0.020205815633137947 0.02307392090790026
0 0.5650095343589783 0.4043839665410005 0.020205815633137947 0.02307392090790026
0 0.5915510654449463 0.4045057555226587 0.019925832748413086 0.02250257388565897
0 0.6181361079216003 0.4048065035823214 0.019925832748413086 0.02250257388565897
0 0.6446805596351624 0.40510679245169867 0.019925832748413086 0.02250257388565897
0 0.6708528399467468 0.40540287106536155 0.019925832748413086 0.02250257388565897
0 0.6971646547317505 0.40582071348678234 0.01980201403299975 0.022515585256177327
0 0.09857379645109177 0.4339984184087709 0.020757342378298432 0.023833282234132808
0 0.1243162751197815 0.4340124115395467 0.020757342378298446 0.023833282234132808
0 0.17880408465862274 0.4340420300954898 0.02075734237829846 0.023833282234132808
0 0.20614595711231232 0.4340568926268654 0.02075734237829846 0.023833282234132808
0 0.23452156782150269 0.43407231707905614 0.02075734237829846 0.023833282234132808
0 0.2625506520271301 0.43412256600329424 0.02105192343393958 0.024055747098700946
0 0.2908683121204376 0.4341525587924691 0.02105192343393958 0.024055747098700946
0 0.3469020128250122 0.4342119071625811 0.02105192343393958 0.024055747098700946
0 0.37513357400894165 0.43500106990735216 0.020619531472524044 0.02307226491528888
0 0.4024507701396942 0.43534944223803146 0.020619531472524044 0.02307226491528888
0 0.4298742711544037 0.43569917025982957 0.020619531472524044 0.02307226491528888
0 0.4572986960411072 0.43603045441383537 0.020242849985758427 0.02281922333000237
0 0.4846927225589752 0.43634370105104503 0.020242849985758427 0.02281922333000237
0 0.511376678943634 0.4366488281414161 0.020242849985758538 0.02281922333000237
0 0.5386325716972351 0.4369604952394837 0.020242849985758538 0.02281922333000237
0 0.5649786591529846 0.43726175884867824 0.020242849985758538 0.02281922333000237
0 0.6188874840736389 0.43784156262945234 0.020401815573374504 0.022716817929763256
0 0.6448529362678528 0.43787287548854154 0.019758979479471916 0.022780573645303417
0 0.6712237596511841 0.43815327440354507 0.019758979479471916 0.022780573645303417
0 0.6978611946105957 0.43843650817871094 0.019758979479471916 0.022780573645303417
0 0.7238523960113525 0.438712870602685 0.019758979479471916 0.022780573645303417
0 0.7500874996185303 0.438055437664653 0.02006065845489502 0.02285713373228561
0 0.0972958654165268 0.46878167085869366 0.02108393112818399 0.023816367452458763
0 0.15015745162963867 0.4685380021214602 0.02108393112818402 0.023816367452458763
0 0.17763879895210266 0.4684113251584849 0.02108393112818402 0.023816367452458763
0 0.2052142322063446 0.46805704968013395 0.021358966827392578 0.023850167444509997
0 0.23346827924251556 0.4680782729178704 0.02101922035217285 0.02388612614121548
0 0.26197198033332825 0.4682443751845249 0.02101922035217285 0.02388612614121548
0 0.2900829017162323 0.46840818856948035 0.02101922035217285 0.02388612614121548
0 0.3465549051761627 0.46873727312405555 0.02101922035217285 0.02388612614121548
0 0.374421089887619 0.4688996603322584 0.02101922035217285 0.02388612614121548
0 0.40258318185806274 0.46906377190833465 0.02101922035217285 0.02388612614121548
0 0.4299038350582123 0.4691117998446861 0.020823518435160282 0.023538456406704215
0 0.4569467604160309 0.469296699346498 0.020823518435160282 0.023538456406704215
0 0.48443299531936646 0.4698578780538094 0.020185033480326298 0.023118248281552865
0 0.5384243130683899 0.4703248922154408 0.02018503348032641 0.023118248281552865
0 0.5654699802398682 0.4701035184392098 0.020116011301676506 0.023065404374470026
0 0.5924307107925415 0.4703827791435774 0.020116011301676506 0.023065404374470026
0 0.6192558407783508 0.4705978659696357 0.01979684829711914 0.022713417230650436
0 0.6454768180847168 0.4707152969812395 0.01979684829711914 0.022713417230650436
0 0.6724423766136169 0.47083606261020555 0.01979684829711914 0.022713417230650436
0 0.6983320713043213 0.4709520099680069 0.01979684829711914 0.022713417230650436
0 0.7245593070983887 0.47106946900833485 0.01979684829711914 0.022713417230650436
0 0.7513557076454163 0.47115791675656343 0.01982669035593676 0.02274420095044513
0 0.14920523762702942 0.5029973318410474 0.020891964435577393 0.023937521054763256
0 0.17614124715328217 0.5028623980145122 0.02101468046506244 0.023716120756873734
0 0.20422174036502838 0.5025052358937818 0.021367281675338745 0.023511635240658253
0 0.232618048787117 0.502538762927569 0.021367281675338745 0.023511635240658253
0 0.2610913813114166 0.5023804611571693 0.021248141924540165 0.02358251763868696
0 0.2891232967376709 0.5025068327437999 0.021014491717020634 0.023744893628497455
0 0.317867636680603 0.5027375871003007 0.021014491717020634 0.023744893628497455
0 0.3456716239452362 0.502960792475764 0.021014491717020634 0.023744893628497455
0 0.37437114119529724 0.503191187003802 0.021014491717020634 0.023744893628497455
0 0.4295956492424011 0.5036345193552416 0.021014491717020634 0.023744893628497455
0 0.45755070447921753 0.5032829905665198 0.021050254503885868 0.02333287675251327
0 0.4850013852119446 0.5033298262488942 0.0200252731641134 0.02324070302090898
0 0.511945903301239 0.5034333473739957 0.019866983095804924 0.023376139559487096
0 0.538498044013977 0.5034549624420875 0.019866983095804924 0.023376139559487096
0 0.565467894077301 0.5034769175511635 0.019866983095804924 0.023376139559487096
0 0.5928966403007507 0.5034992462298079 0.019866983095804924 0.023376139559487096
0 0.645676851272583 0.5035422125528025 0.019866983095804924 0.023376139559487096
0 0.6727582216262817 0.5035642584462222 0.019866983095804924 0.023376139559487096
0 0.6992506980895996 0.5031861593556959 0.020185629526774163 0.023311762846717484
0 0.7249454855918884 0.5040726772574491 0.020201365152994866 0.023239697596823577
0 0.14825573563575745 0.5373291636622229 0.021114925543467222 0.024326028749924244
0 0.17529191076755524 0.5373963819228411 0.021114925543467222 0.024326028749924244
0 0.20323745906352997 0.5375375969465389 0.02127823233604431 0.02404226258743641
0 0.23119862377643585 0.5374929449094702 0.02127823233604431 0.02404226258743641
0 0.2601330950856209 0.5374467385694008 0.02127823233604431 0.02404226258743641
0 0.28869545459747314 0.537254910136378 0.021286288897196415 0.023841680482376452
0 0.3173150420188904 0.537226919526062 0.021286288897196415 0.023841680482376452
0 0.3457924425601959 0.5371990679777631 0.021286288897196415 0.023841680482376452
0 0.37392452359199524 0.5371715541598331 0.021286288897196415 0.023841680482376452
0 0.40189826488494873 0.537144195201785 0.021286288897196415 0.023841680482376452
0 0.4574500620365143 0.5372496316599291 0.020628949006398556 0.02347609054210574
0 0.48472458124160767 0.5371410278106105 0.020628949006398556 0.02347609054210574
0 0.5118036866188049 0.5370332020756102 0.020628949006398445 0.02347609054210574
0 0.5390681028366089 0.5369246384551698 0.020628949006398445 0.02347609054210574
0 0.5926303267478943 0.5367113601329715 0.020628949006398445 0.02347609054210574
0 0.6195736527442932 0.5367280703459206 0.02025473117828369 0.023267967756404433
0 0.6462685465812683 0.5366654233794191 0.02025473117828369 0.023267967756404433
0 0.6728131175041199 0.5366031291872956 0.02025473117828369 0.023267967756404433
0 0.6995958685874939 0.5371560828630314 0.02018972237904859 0.02321964825770657
0 0.7256211042404175 0.5369485810745595 0.020199060440063477 0.023218554119731106
0 0.09349310398101807 0.5720242814576751 0.02114705244700113 0.024151853812757442
0 0.11952817440032959 0.5720854027326717 0.021147052447001144 0.024151853812757442
0 0.17468735575675964 0.5722148972736111 0.021147052447001158 0.024151853812757442
0 0.20277148485183716 0.5722808290245076 0.021147052447001158 0.024151853812757442
0 0.2309093475341797 0.5723468869231468 0.021147052447001158 0.024151853812757442
0 0.259129099547863 0.5724131370694067 0.02114705244700113 0.024151853812757442
0 0.2877431809902191 0.5712643556816633 0.02125522991021478 0.024598409963208577
0 0.3165656328201294 0.5722257481064907 0.02109086513519287 0.023906205051629173
0 0.34493422508239746 0.572018643557382 0.02109086513519287 0.023906205051629173
0 0.4017661511898041 0.5712955386139625 0.02059948444366455 0.023789664571599388
0 0.43042075634002686 0.5712270467571545 0.02059948444366455 0.023789664571599388
0 0.4566209316253662 0.5711644216173356 0.02059948444366455 0.023789664571599388
0 0.48450058698654175 0.571097782089314 0.02059948444366455 0.023789664571599388
0 0.5119971036911011 0.5710320583609647 0.02059948444366455 0.023789664571599388
0 0.5389496684074402 0.5707399939899185 0.020351548989613777 0.023730462835740727
0 0.5664467215538025 0.570663666358431 0.020351548989613777 0.023730462835740727
0 0.6200395822525024 0.5705149007398028 0.020351548989613777 0.023730462835740727
0 0.6735824942588806 0.5706030379894168 0.021177927652994866 0.02363426740779433
0 0.7000253796577454 0.5705654590746008 0.021177927652994866 0.02363426740779433
0 0.7269964218139648 0.5705271295776341 0.021177927652994866 0.02363426740779433
0 0.7534475326538086 0.5704895389733546 0.021177927652994866 0.02363426740779433
0 0.7794859409332275 0.5704525348752044 0.021177927652994866 0.02363426740779433
0 0.8057295680046082 0.5704801205858282 0.020941972732543945 0.023458584334499096
0 0.8323590755462646 0.5701334753701853 0.021501660346984863 0.02351219709529433
0 0.09221766144037247 0.6068988179051599 0.02096806714932123 0.024220932361691497
0 0.1184617169201374 0.6071257822529474 0.020968067149321243 0.024220932361691497
0 0.14561207592487335 0.6073605845123946 0.020968067149321257 0.024220932361691497
0 0.1732562780380249 0.6075996576353561 0.020968067149321257 0.024220932361691497
0 0.23029085993766785 0.6080929052087797 0.020968067149321257 0.024220932361691497
0 0.2584342062473297 0.6075012629005085 0.02141702175140381 0.024195708045663705
0 0.28656601905822754 0.6072041267572448 0.02141702175140381 0.024195708045663705
0 0.31581953167915344 0.6068951429041413 0.02141702175140381 0.024195708045663705
0 0.3444082736968994 0.6065629471180051 0.02118208010991418 0.024113706840101192
0 0.37316516041755676 0.6063763472842173 0.02118208010991418 0.024113706840101192
0 0.401577889919281 0.6061919806434894 0.02118208010991418 0.024113706840101192
0 0.42926061153411865 0.6060123509324467 0.02118208010991418 0.024113706840101192
0 0.45706984400749207 0.6058319003082985 0.02118208010991418 0.024113706840101192
0 0.5122718811035156 0.6053081678605897 0.02106008927027392 0.023949527001196045
0 0.5393944978713989 0.60505084050067 0.02106008927027392 0.023949527001196045
0 0.5660511255264282 0.6047979342388025 0.02106008927027392 0.023949527001196045
0 0.5939993262290955 0.6045327741046285 0.02106008927027392 0.023949527001196045
0 0.6206391453742981 0.6045298465462619 0.020880301793416267 0.024166935174040147
0 0.6472161412239075 0.6039973414221476 0.020704229672749763 0.02383286823597984
0 0.09030596911907196 0.6423445962615699 0.021411418914794922 0.02492626692897584
0 0.1445866823196411 0.6425475630649301 0.021411418914794922 0.02492626692897584
0 0.17211732268333435 0.6426505058182508 0.021411418914794922 0.02492626692897584
0 0.19966453313827515 0.6427535105305667 0.021411418914794922 0.02492626692897584
0 0.22849129140377045 0.6428612997365553 0.021411418914794922 0.02492626692897584
0 0.25706665962934494 0.6429681489432367 0.021411418914794922 0.02492626692897584
0 0.31490063667297363 0.6422151946299554 0.02168109019597375 0.024257127628769984
0 0.34344494342803955 0.6418871325115825 0.02168109019597375 0.024257127628769984
0 0.37233036756515503 0.6415551499024467 0.02168109019597375 0.024257127628769984
0 0.40065398812294006 0.6412296241491009 0.02168109019597375 0.024257127628769984
0 0.4286460876464844 0.6409079085948856 0.02168109019597375 0.024257127628769984
0 0.4567047953605652 0.640585427507134 0.02168109019597375 0.024257127628769984
0 0.5121215581893921 0.6397811189884527 0.021158238252003914 0.024384372918180772
0 0.5393204092979431 0.6394262979196947 0.021158238252003914 0.024384372918180772
0 0.5662376880645752 0.639260917653955 0.02056829134623217 0.02394311002982685
0 0.5941725969314575 0.6390892850497873 0.02056829134623217 0.02394311002982685
0 0.6208794713020325 0.6389251975126045 0.02056829134623217 0.02394311002982685
0 0.6476109027862549 0.6387609590960545 0.02056829134623217 0.02394311002982685
0 0.14313189685344696 0.6778537395388581 0.02172894279162091 0.024952969809835215
0 0.17050474882125854 0.6780234281741655 0.02172894279162091 0.024952969809835215
0 0.1995846927165985 0.6782036993421177 0.02172894279162091 0.024952969809835215
0 0.22805295884609222 0.6783400690832804 0.021591474612553896 0.02460278651511028
0 0.2851649522781372 0.6778111398670247 0.02159147461255395 0.02460278651511028
0 0.3144467771053314 0.6775399531735535 0.02159147461255395 0.02460278651511028
0 0.3432445824146271 0.6772732491123435 0.02159147461255395 0.02460278651511028
0 0.4006718099117279 0.6767414004303688 0.02159147461255395 0.02460278651511028
0 0.42818817496299744 0.6751880807325015 0.021558264891306522 0.024501238682473298
0 0.48483413457870483 0.674979941789494 0.021558264891306522 0.024501238682473298
0 0.5121477842330933 0.6748795809834046 0.021558264891306633 0.024501238682473298
0 0.539918839931488 0.6747775394923877 0.021558264891306633 0.024501238682473298
0 0.5674303770065308 0.6746764515721521 0.021558264891306633 0.024501238682473298
0 0.5945611000061035 0.6745767629086274 0.021558264891306633 0.024501238682473298
0 0.6216505169868469 0.673655532127203 0.0214268763860066 0.02473183565361555
0 0.6490383744239807 0.6732438216601369 0.0214268763860066 0.02473183565361555
0 0.6755775213241577 0.6722178225725839 0.02176423867543531 0.02480286590812737
0 0.7297016978263855 0.6718286469925282 0.02176423867543531 0.02480286590812737
0 0.7557370662689209 0.6716414417495039 0.02176423867543531 0.02480286590812737
0 0.7826677560806274 0.6714477987694886 0.02176423867543531 0.02480286590812737
0 0.8087005615234375 0.6712606119555097 0.02176423867543531 0.02480286590812737
0 0.1415105164051056 0.7142961780013347 0.021771053473154722 0.025233187416727285
0 0.1696358323097229 0.7141546648602153 0.021771053473154722 0.025233187416727285
0 0.22695045173168182 0.7138662851010699 0.021771053473154722 0.025233187416727285
0 0.2845720648765564 0.7135763606963041 0.021771053473154667 0.025233187416727285
0 0.31362447142601013 0.7134301828783612 0.021771053473154667 0.025233187416727285
0 0.3423541188240051 0.7132856290301367 0.021771053473154667 0.025233187416727285
0 0.37119409441947937 0.7130073281221612 0.021843264500300053 0.02510827825975054
0 0.3999795913696289 0.7128163672363242 0.02167123556137085 0.025269767110661888
0 0.42802536487579346 0.7117816570193268 0.02178168296813965 0.02475753311038936
0 0.4559936225414276 0.7113617298214935 0.02130502462387085 0.024886759676674596
0 0.5129217505455017 0.710371436817059 0.02130502462387085 0.024886759676674596
0 0.5402697324752808 0.7098262229897995 0.02115488052368164 0.024610563766124638
0 0.5953034162521362 0.7088978789573492 0.02116703987121582 0.024645221325778167
0 0.6219315528869629 0.7084703574206982 0.02116703987121582 0.024645221325778167
0 0.6497735977172852 0.7080233462778383 0.02116703987121582 0.024645221325778167
0 0.6765748858451843 0.7075269388598066 0.02080678939819336 0.024244500685107747
0 0.7034630179405212 0.7071576499120635 0.02080678939819336 0.024244500685107747
0 0.7300498485565186 0.7067924991211053 0.02080678939819336 0.024244500685107747
0 0.7568906545639038 0.7064238601627763 0.02080678939819336 0.024244500685107747
0 0.7832987904548645 0.7060611636139625 0.02080678939819336 0.024244500685107747
0 0.809721827507019 0.7056983125905237 0.0206831693649292 0.023978004159853385
0 0.8356165289878845 0.7053049664164699 0.0206831693649292 0.023978004159853385
0 0.14031469821929932 0.7501572897267896 0.022019416093826294 0.02521869748137718
0 0.1970692276954651 0.7503454566533214 0.022019416093826294 0.02521869748137718
0 0.2256624400615692 0.7512117951191101 0.02200251817703247 0.025274779445441223
0 0.2544095516204834 0.7505355657533158 0.022036075592041016 0.02518108279206032
0 0.2832648754119873 0.7499663256392383 0.022036075592041016 0.02518108279206032
0 0.3123316466808319 0.7493929142191309 0.022036075592041016 0.02518108279206032
0 0.34153804183006287 0.7488167483848237 0.022036075592041016 0.02518108279206032
0 0.37056684494018555 0.7482440859772438 0.022036075592041016 0.02518108279206032
0 0.42781102657318115 0.7473121465638627 0.02193927764892578 0.025174414464669607
0 0.4561904966831207 0.7468373249631783 0.021743516127268436 0.024965478468310952
0 0.4842635989189148 0.7463676292539866 0.021743516127268436 0.024965478468310952
0 0.5123488306999207 0.7458977306033711 0.021743516127268547 0.024965478468310952
0 0.5404414534568787 0.7454277082931163 0.021743516127268547 0.024965478468310952
0 0.5679243803024292 0.7440195748972339 0.021051565806071038 0.024763299513232747
0 0.5947242379188538 0.7434287413411753 0.021051565806071038 0.024763299513232827
0 0.6230655908584595 0.7428039237551834 0.021051565806071038 0.024763299513232747
0 0.6501718759536743 0.7422063346543919 0.021051565806071038 0.024763299513232747
0 0.6769277453422546 0.7416164708691975 0.021051565806071038 0.024763299513232747
0 0.08460277318954468 0.7846731591714146 0.02183919648329416 0.025436578794967298
0 0.11158040165901184 0.7852627953817678 0.021846666932106018 0.025513937306958577
0 0.1393858790397644 0.7856107689935891 0.021846666932106018 0.025513937306958577
0 0.16729867458343506 0.7859600856461447 0.021846666932106018 0.025513937306958577
0 0.1958640217781067 0.7884094145708506 0.022365848223368345 0.025554568268531978
0 0.2539953589439392 0.78684395181141 0.022474785645802825 0.025593424952307414
0 0.28279930353164673 0.7862658833348474 0.022474785645802853 0.025593424952307414
0 0.31210166215896606 0.7856778121503676 0.022474785645802853 0.025593424952307414
0 0.34141936898231506 0.7850894329418158 0.022474785645802853 0.025593424952307414
0 0.3700939118862152 0.7845139614371366 0.022474785645802853 0.025593424952307414
0 0.42692622542381287 0.7833733895683715 0.022474785645802853 0.025593424952307414
0 0.4555177390575409 0.7826653388980219 0.02213762203852332 0.025484366010325932
0 0.48396021127700806 0.7822353753771044 0.02213762203852332 0.025484366010325932
0 0.5125183463096619 0.781803663386855 0.02213762203852343 0.025484366010325932
0 0.541496217250824 0.781365606268528 0.02213762203852343 0.025484366010325932
0 0.5681836605072021 0.7800929351222403 0.022080183029174805 0.025442729624666798
0 0.0834169089794159 0.8210056258356185 0.02188931405544281 0.02561004402101491
0 0.10973422974348068 0.8217214539993641 0.02188931405544281 0.02561004402101491
0 0.1380341798067093 0.8227209933968478 0.022116144498189272 0.025508555330971305
0 0.1666669100522995 0.8235201281170512 0.022168894608815493 0.025421379148498173
0 0.194818377494812 0.8233681535761899 0.022168894608815493 0.025421379148498173
0 0.223921537399292 0.8232110413626568 0.022168894608815493 0.025421379148498173
0 0.25379565358161926 0.8230497671733195 0.02216889460881552 0.025421379148498173
0 0.28301388025283813 0.8228920337765716 0.022168894608815548 0.025421379148498173
0 0.31214624643325806 0.8226006084089795 0.022682130336761475 0.025162630302961484
0 0.341691792011261 0.8216963479685229 0.022682130336761475 0.025162630302961484
0 0.37106940150260925 0.8207461981493952 0.02270275354385376 0.024856981380965468
0 0.39880725741386414 0.8197455549129284 0.022707382837931278 0.025136903274890987
0 0.4275573790073395 0.8190683764080668 0.022707382837931278 0.025136903274890987
0 0.4567593038082123 0.8183805561596743 0.022707382837931278 0.025136903274890987
0 0.48464199900627136 0.8177238089600374 0.022707382837931278 0.025136903274890987
0 0.5129269361495972 0.817057587379633 0.02270738283793139 0.025136903274890987
0 0.5414978265762329 0.8163846304740849 0.02270738283793139 0.025136903274890987
0 0.5685656666755676 0.8147951585221865 0.0227200984954834 0.024465043415394974
0 0.5958841443061829 0.8133662024209666 0.022269924481709724 0.02494486727455779
0 0.623196005821228 0.8121508939862913 0.022269924481709724 0.02494486727455779
