0 0.7953672624125924 0.09890215152803586 0.019710222880045647 0.021412383678347566
0 0.8230436229214225 0.09905237233139223 0.019710222880045647 0.021412383678347566
0 0.8491261601448059 0.09956094725426425 0.019710222880045647 0.021412383678347566
0 0.873622818091481 0.1000585801822623 0.019710222880045647 0.021412383678347566
0 0.1361575971559151 0.11547190946065673 0.023448169231414795 0.024795657904573176
0 0.1637890785932541 0.11413292300641122 0.023830175399780273 0.025028228759765625
0 0.1926964604362999 0.11364813295009166 0.023830175399780273 0.025028228759765625
0 0.22227385640144348 0.11246178870977358 0.023068050543467222 0.024781862894693998
0 0.25193333625793457 0.1130787618907818 0.023068050543467195 0.024781862894693998
0 0.2800990343093872 0.11366466158983936 0.023068050543467167 0.024781862894693998
0 0.30699285864830017 0.11432703151259312 0.02255767583847046 0.024146952370340525
0 0.3362944424152374 0.11517541256664779 0.02255767583847046 0.024146952370340525
0 0.3640087842941284 0.11597783754007793 0.02255767583847046 0.024146952370340525
0 0.42075324058532715 0.11762078360138971 0.02255767583847046 0.024146952370340525
0 0.44889035820961 0.118435449378435 0.02255767583847046 0.024146952370340525
0 0.47615286707878113 0.1201571976716247 0.02267914017041528 0.024394841157188724
0 0.5033300966024399 0.1211718293123467 0.022679140170415224 0.024394841157188724
0 0.5326061844825745 0.1222958440568914 0.022825509309768677 0.024528614310331123
0 0.55838543176651 0.1236734057581702 0.02250177661577868 0.024307361868924873
0 0.585448682308197 0.12482501347511063 0.02277558048566175 0.024405982143195087
0 0.16481753286896828 0.14862027624275662 0.02362866699695587 0.02452271483665289
0 0.19458378851413727 0.14758389940099848 0.02362866699695587 0.02452271483665289
0 0.22227618098258972 0.14744556115330823 0.02362866699695587 0.02452271483665289
0 0.2509720250964165 0.1477743594900666 0.02362866699695587 0.02452271483665289
0 0.27944058179855347 0.1481005535569302 0.02362866699695587 0.02452271483665289
0 0.33677488565444946 0.14907169342041016 0.023119469483693478 0.02462296892506209
0 0.3928322196006775 0.15070186924428094 0.023119469483693478 0.02462296892506209
0 0.4207257032394409 0.15151302595599803 0.023119469483693478 0.02462296892506209
0 0.44817018508911133 0.1523111254669899 0.023119469483693478 0.02462296892506209
0 0.475713849067688 0.15311210924480867 0.023119469483693478 0.02462296892506209
0 0.5032414346933365 0.15487497610096335 0.02243743340174359 0.024274227231047874
0 0.5316143035888672 0.15590789706207986 0.022437433401743645 0.024274227231047874
0 0.5590966939926147 0.15712755779887355 0.022233744462331062 0.024205289145772756
0 0.5845125317573547 0.1579644291899925 0.022065679232279534 0.024092208507449128
0 0.6119197607040405 0.15854006035383358 0.0223405659198761 0.02438043993572856
0 0.47598007321357727 0.18849707758703896 0.021933317184448242 0.02413288382596748
0 0.5036131739616394 0.18869819197543833 0.021494030952453613 0.023413192394167878
0 0.16518498957157135 0.21586373794910518 0.02352394163608551 0.02502017058143323
0 0.19352389872074127 0.21600371353148679 0.02352394163608551 0.02502017058143323
0 0.22221237421035767 0.21614541574179985 0.02352394163608551 0.02502017058143323
0 0.25071289390325546 0.21618672304375228 0.023024027546246856 0.02498894329218904
0 0.27950912714004517 0.2167791631018147 0.023024027546246884 0.02498894329218904
0 0.3375505805015564 0.21797328046142792 0.023024027546246884 0.02498894329218904
0 0.3646622896194458 0.218531063918448 0.023024027546246884 0.02498894329218904
0 0.39300593733787537 0.2191141926965048 0.023024027546246884 0.02498894329218904
0 0.42169731855392456 0.22065920912429154 0.021741310755411747 0.024032991985942043
0 0.44887545704841614 0.22133259440577308 0.021741310755411747 0.024032991985942043
0 0.47618910670280457 0.22200933721008748 0.021741310755411747 0.024032991985942043
0 0.5031060427427292 0.22267625075000994 0.021741310755411802 0.024032991985942043
0 0.5311659574508667 0.2233714835588322 0.021741310755411858 0.024032991985942043
0 0.5584294199943542 0.22404698289086805 0.021741310755411858 0.024032991985942043
0 0.585701584815979 0.22498925120135035 0.02132968107859301 0.023796051971672144
0 0.612169623374939 0.22577441015908883 0.02132968107859301 0.023796051971672144
0 0.6381135582923889 0.22654402188736425 0.02132968107859301 0.023796051971672144
0 0.6923431158065796 0.22787955643581329 0.021807948748270745 0.02351170916889989
0 0.7178589105606079 0.228543245823002 0.021807948748270745 0.02351170916889989
0 0.7433107495307922 0.2292052716611853 0.021807948748270745 0.02351170916889989
0 0.7696772813796997 0.22989108950592752 0.021807948748270745 0.02351170916889989
0 0.13676662743091583 0.24997394307096243 0.023194829622904478 0.02523021550141561
0 0.19253288209438324 0.25068549222724384 0.023033589124679565 0.024994369625121096
0 0.2208266705274582 0.25035127834977994 0.02267246445020038 0.024509237718212486
0 0.24965880811214447 0.2509168136951535 0.022672464450200408 0.024509237718212486
0 0.2785908579826355 0.25152262793011554 0.022238651911417606 0.02454714812049573
0 0.3070177733898163 0.25196800675503045 0.022238651911417606 0.02454714812049573
0 0.3356872498989105 0.25241718590709983 0.022238651911417606 0.02454714812049573
0 0.3640834093093872 0.25286208286229817 0.022238651911417606 0.02454714812049573
0 0.3922903835773468 0.2533040157584257 0.022238651911417606 0.02454714812049573
0 0.42127302289009094 0.2537581013901289 0.022238651911417606 0.02454714812049573
0 0.4480403959751129 0.25529406791509585 0.021394719680150387 0.024011671081069854
0 0.47618362307548523 0.2557933312394411 0.021394719680150387 0.024011671081069854
0 0.5033452063798904 0.2562751801164968 0.02139471968015033 0.024011671081069854
0 0.5306859016418457 0.25676020645543485 0.021394719680150276 0.024011671081069854
0 0.5580620765686035 0.2572458622067474 0.021394719680150276 0.024011671081069854
0 0.5844741463661194 0.25769220904305284 0.021259258190790886 0.024052627326906162
0 0.6122585535049438 0.25883479451024255 0.02149486541748047 0.02354883593182231
0 0.13778863847255707 0.28554872024890987 0.02284433444341022 0.02519804193067923
0 0.16436126828193665 0.2856345106660378 0.02284433444341022 0.02519804193067923
0 0.19245730340480804 0.28564355539721115 0.022566248973210634 0.02469252061474228
0 0.2209450900554657 0.2854538185651912 0.02231752872467041 0.0247423778208651
0 0.24987885355949402 0.28634091778663234 0.02206861972808838 0.02479083039039789
0 0.2783096134662628 0.28661552695340886 0.02206861972808838 0.02479083039039789
0 0.308236300945282 0.28690458509817685 0.02206861972808838 0.02479083039039789
0 0.33606135845184326 0.287173343860955 0.02206861972808838 0.02479083039039789
0 0.36405569314956665 0.28744373765102654 0.02206861972808838 0.02479083039039789
0 0.3919990658760071 0.28771363920576853 0.02206861972808838 0.02479083039039789
0 0.42057880759239197 0.2884206771850586 0.022108832995096805 0.02495900235434838
0 0.44801077246665955 0.2893938774653235 0.021669050057729122 0.02454818311587782
0 0.47642412781715393 0.29006248212467517 0.021669050057729122 0.02454818311587782
0 0.5033289790153503 0.29069558964219205 0.021669050057729067 0.02454818311587782
0 0.1373303085565567 0.32062772587105004 0.022690599163373293 0.025004320366438047
0 0.19249160587787628 0.3207787358483603 0.022690599163373293 0.025004320366438047
0 0.22095638513565063 0.3208566612395058 0.022690599163373293 0.025004320366438047
0 0.2489635869860649 0.32093333396334184 0.02269059916337332 0.025004320366438047
0 0.27859336137771606 0.32101444865381995 0.02269059916337335 0.025004320366438047
0 0.3358617126941681 0.3211712269177994 0.02269059916337335 0.025004320366438047
0 0.3639204204082489 0.322574726634353 0.02222587664922082 0.024493535359700492
0 0.3925418555736542 0.3223863280676978 0.021745602289835575 0.024365402931390806
0 0.42063793540000916 0.32304699476375137 0.021745602289835575 0.024365402931390806
0 0.4482593238353729 0.32369649930498223 0.021745602289835575 0.024365402931390806
0 0.47588688135147095 0.32434614890937546 0.021745602289835575 0.024365402931390806
0 0.5033265948295593 0.32499138144559636 0.02174560228983563 0.024365402931390806
0 0.5304509997367859 0.32562919964241355 0.021745602289835686 0.024365402931390806
0 0.5579244494438171 0.325817942500511 0.02162104845046997 0.024078383926273345
0 0.5840311050415039 0.3255335120267646 0.021460294723510742 0.024168191954146986
0 0.1374327391386032 0.35554034210914787 0.022224550445874514 0.024667163227879724
0 0.16344194114208221 0.3555997011544065 0.022224550445874514 0.024667163227879724
0 0.19285701215267181 0.3556668331844921 0.022224550445874514 0.024667163227879724
0 0.22077085077762604 0.3555462892062641 0.022382661700248718 0.024809268093848386
0 0.24918841570615768 0.3557953945426054 0.022382661700248718 0.024809268093848386
0 0.27837589383125305 0.3560545278149982 0.022171040376027462 0.024681860162306227
0 0.3076167106628418 0.3564622139213654 0.022171040376027462 0.024681860162306227
0 0.3358970284461975 0.356856508400563 0.022171040376027462 0.024681860162306227
0 0.3644784986972809 0.35725500165702795 0.022171040376027462 0.024681860162306227
0 0.39259952306747437 0.3576470752095067 0.022171040376027462 0.024681860162306227
0 0.4200159013271332 0.3580101589823878 0.021938125292460087 0.02446077036303143
0 0.1920694261789322 0.3896081797456615 0.02209575970967609 0.024709982465403894
0 0.2204531729221344 0.39001243059025253 0.02200603485107422 0.02444798077723782
0 0.24904486536979675 0.3904542088692126 0.02200603485107422 0.02444798077723782
0 0.2786101996898651 0.39091103116249604 0.02200603485107422 0.02444798077723782
0 0.3081870377063751 0.39136803120262775 0.02200603485107422 0.02444798077723782
0 0.33573147654533386 0.3917936280716297 0.021494507789611816 0.024360390596611554
0 0.3645283877849579 0.39195697468344554 0.021494507789611816 0.024360390596611554
0 0.39252614974975586 0.39211578822831916 0.021494507789611816 0.024360390596611554
0 0.4210580885410309 0.39227763181950537 0.021494507789611816 0.024360390596611554
0 0.4489157199859619 0.3924356504928234 0.021494507789611816 0.024360390596611554
0 0.4763096272945404 0.3925717373280587 0.02151244878768921 0.024147211119186048
0 0.5038827210664749 0.39337160596944015 0.021679073572158813 0.02433120372683503
0 0.5307306051254272 0.39372723601585213 0.021679073572158813 0.02433120372683503
0 0.5578503012657166 0.39415536601767304 0.02157682180404663 0.024163534474927327
0 0.5849218964576721 0.39315232565236646 0.021783500909805298 0.02368790973988609
0 0.1922360360622406 0.42467507650685865 0.021851753195126833 0.02448677831841988
0 0.2208748757839203 0.4253035700598428 0.021852552890777588 0.024467882259871555
0 0.24907157570123672 0.42538965721994126 0.021852552890777588 0.024467882259871555
0 0.27828601002693176 0.42547885161830545 0.021852552890777588 0.024467882259871555
0 0.307954877614975 0.4255694334438907 0.021852552890777588 0.024467882259871555
0 0.33612966537475586 0.4256554537041243 0.021852552890777588 0.024467882259871555
0 0.36496996879577637 0.4261799860083539 0.02116270860036218 0.02375323273414789
0 0.3934876620769501 0.42630488373512443 0.02116270860036218 0.02375323273414789
0 0.42114993929862976 0.42642603503260906 0.02116270860036218 0.02375323273414789
0 0.44874459505081177 0.4265468901712236 0.02116270860036218 0.02375323273414789
0 0.4765368402004242 0.4266686106837073 0.02116270860036218 0.02375323273414789
0 0.5038685202598572 0.42678831407887974 0.021162708600362123 0.02375323273414789
0 0.5306037664413452 0.4276515031453818 0.02108323574066162 0.0235698611237282
0 0.5578293204307556 0.4272781638211982 0.020870407422383552 0.023341984711876266
0 0.19252647459506989 0.4599347225455351 0.021879653135935484 0.02462564512740734
0 0.22094735503196716 0.4602980052598005 0.021830091873804747 0.02418503280757939
0 0.24958710372447968 0.4602431807407113 0.02183009187380472 0.02418503280757939
0 0.27888086438179016 0.4601871042591195 0.02183009187380469 0.02418503280757939
0 0.3078601360321045 0.4601316297977741 0.02183009187380469 0.02418503280757939
0 0.36505118012428284 0.4600221500840298 0.02183009187380469 0.02418503280757939
0 0.39324530959129333 0.45996817860523775 0.02183009187380469 0.02418503280757939
0 0.44926148653030396 0.46075993914936864 0.02046821514765418 0.023835707080456583
0 0.47624698281288147 0.46073322439986547 0.02046821514765418 0.023835707080456583
0 0.5034064054489136 0.46070633746902023 0.020468215147654234 0.023835707080456583
0 0.5308541059494019 0.46067916515261625 0.02046821514765429 0.023835707080456583
0 0.5582166314125061 0.4606520771566844 0.02046821514765429 0.023835707080456583
0 0.5848512649536133 0.46036875525186227 0.02084569136301684 0.0237686393796935
0 0.19266630709171295 0.4952512341876363 0.021594797571500124 0.024622747140337384
0 0.22099904716014862 0.4952805211411317 0.021594797571500124 0.024622747140337384
0 0.2499324157834053 0.49531042895164656 0.02159479757150015 0.024622747140337384
0 0.2789088189601898 0.4953403812460682 0.02159479757150018 0.024622747140337384
0 0.3081417679786682 0.49537059872649436 0.02159479757150018 0.024622747140337384
0 0.3365684151649475 0.4949822980304097 0.02136215567588806 0.024028748504875186
0 0.39350202679634094 0.4949432929062967 0.02136215567588806 0.024028748504875186
0 0.42127081751823425 0.49492426855323807 0.02136215567588806 0.024028748504875186
0 0.4490629732608795 0.49490522819284205 0.02136215567588806 0.024028748504875186
0 0.5042589157819748 0.49486741354299146 0.02136215567588806 0.024028748504875186
0 0.531493604183197 0.49487357611116783 0.021168043216069465 0.023961030235586295
0 0.5585092306137085 0.49462936107317745 0.021204859018325806 0.023886776709741455
0 0.5854514241218567 0.4947226495538018 0.021310577789942498 0.023590324460998006
0 0.6123542189598083 0.4946746826171875 0.021310577789942498 0.023590324460998006
0 0.6389929056167603 0.4945697636268102 0.021345575650532966 0.023301442464192763
0 0.665145218372345 0.49433153729106105 0.021345575650532966 0.023301442464192763
0 0.13739550113677979 0.5306108164232831 0.021816253662109375 0.024841722591902805
0 0.1646052598953247 0.5305105669259225 0.021816253662109375 0.024841722591902805
0 0.22118452191352844 0.5302879422209984 0.021814008553822817 0.02481484228326363
0 0.2504573166370392 0.5301976231254576 0.021814008553822845 0.02481484228326363
0 0.2791130542755127 0.5301092079150205 0.021814008553822872 0.02481484228326363
0 0.3083687722682953 0.5300189415084999 0.021814008553822872 0.02481484228326363
0 0.33609405159950256 0.52993339716002 0.021814008553822872 0.02481484228326363
0 0.36485230922698975 0.529687782608693 0.02162414789199829 0.0243579953215843
0 0.3932541012763977 0.529445212509299 0.02162414789199829 0.0243579953215843
0 0.4212953746318817 0.5292057214781295 0.02162414789199829 0.0243579953215843
0 0.44907596707344055 0.5289684568344744 0.02162414789199829 0.0243579953215843
0 0.13720658421516418 0.5658104918723883 0.021655221780141176 0.025055434352667702
0 0.16434520483016968 0.5655175142509993 0.02177119255065918 0.024733343789743824
0 0.1925622671842575 0.5657958066787838 0.021915833155314146 0.02498685851577635
0 0.22066062688827515 0.5655408016470975 0.021915833155314146 0.02498685851577635
0 0.2496415078639984 0.5652777873448622 0.02191583315531412 0.02498685851577635
0 0.2787354290485382 0.5650137471527766 0.02191583315531409 0.02498685851577635
0 0.33656468987464905 0.5650386352173377 0.02152152856191003 0.02436784256336301
0 0.3651154637336731 0.5646368958229242 0.02152152856191003 0.02436784256336301
0 0.39348122477531433 0.5642377597532957 0.02152152856191003 0.02436784256336301
0 0.42168790102005005 0.5638408621739541 0.02152152856191003 0.02436784256336301
0 0.44966477155685425 0.5634471982024437 0.02152152856191003 0.02436784256336301
0 0.477164626121521 0.5630602463469943 0.02152152856191003 0.02436784256336301
0 0.5041243433952332 0.5630812111835953 0.021550933519999205 0.024070325747940945
0 0.1374555379152298 0.600765583127044 0.021414920687675476 0.025007942850275612
0 0.16472864151000977 0.6007087698952521 0.021414920687675476 0.025007942850275612
0 0.19274075329303741 0.6006504172184407 0.021414920687675476 0.025007942850275612
0 0.22189201414585114 0.600589691553901 0.021414920687675476 0.025007942850275612
0 0.2503322884440422 0.6005304469618686 0.021414920687675476 0.025007942850275612
0 0.27902552485466003 0.6004698009004241 0.021396691600481632 0.024876261866369914
0 0.3076755702495575 0.6002218518881165 0.021699488162994385 0.024373224539350116
0 0.3653829097747803 0.5989190922227017 0.02158234516779578 0.024421573609344664
0 0.3933708965778351 0.5985404478547136 0.02158234516779578 0.024421573609344664
0 0.4212999641895294 0.5981626005937177 0.02158234516779578 0.024421573609344664
0 0.44972482323646545 0.597778045860835 0.02158234516779578 0.024421573609344664
0 0.4775046408176422 0.5974022177762763 0.02158234516779578 0.024421573609344664
0 0.13716687262058258 0.6363965144031607 0.021561115980148315 0.02444520107535429
0 0.1934657096862793 0.6361775952716207 0.02165737748146057 0.02474363460097202
0 0.22163265943527222 0.6359976051589341 0.02165737748146057 0.02474363460097202
0 0.2502039968967438 0.635815030961333 0.02165737748146057 0.02474363460097202
0 0.2787570059299469 0.6356325738845384 0.02165737748146057 0.02474363460097202
0 0.308319628238678 0.6354436652604923 0.02165737748146057 0.02474363460097202
0 0.3362194299697876 0.6344624452812727 0.021843473116556766 0.024375560671784157
0 0.364594966173172 0.6341935091240462 0.02141006787618005 0.024255116780599013
0 0.4218530058860779 0.6331144875556923 0.02141006787618005 0.024255116780599013
0 0.44982877373695374 0.6326039336448492 0.021723687648773193 0.024160577345263997
0 0.4780655801296234 0.632006784209044 0.021723687648773193 0.024160577345263997
0 0.5058295130729675 0.6314196350583114 0.021723687648773193 0.024160577345263997
0 0.5329899787902832 0.6308452479780674 0.021723687648773193 0.024160577345263997
0 0.5596644878387451 0.6302811378656432 0.021723687648773193 0.024160577345263997
0 0.19312496483325958 0.6716524542222394 0.02215386430422467 0.025139061979545234
0 0.2494564801454544 0.6711110403371412 0.02215386430422464 0.025139061979545234
0 0.27875417470932007 0.6708294541140415 0.022153864304224613 0.025139061979545234
0 0.3075608015060425 0.6710308870887902 0.02225164572397864 0.024714181589525798
0 0.3359070420265198 0.6702801460443542 0.02225164572397864 0.024714181589525798
0 0.3651607930660248 0.6695053698763043 0.02225164572397864 0.024714181589525798
0 0.3937109112739563 0.6687492291970238 0.02225164572397864 0.024714181589525798
0 0.42157384753227234 0.6680112883102062 0.021651069323221805 0.024610179339268356
0 0.4495004117488861 0.6673719847484822 0.021651069323221805 0.024610179339268356
0 0.47784990072250366 0.6667229994621682 0.021651069323221805 0.024610179339268356
0 0.5051941722631454 0.666077391787856 0.02137927214304608 0.024251568225003083
0 0.5330770015716553 0.6654587235561636 0.021379272143046135 0.024251568225003083
0 0.5603780746459961 0.6648529634155653 0.021379272143046135 0.024251568225003083
0 0.5875900387763977 0.6642491804370463 0.021379272143046135 0.024251568225003083
0 0.6145114898681641 0.663651843403661 0.021379272143046135 0.024251568225003083
0 0.64201819896698 0.6630415205813409 0.021379272143046135 0.024251568225003083
0 0.6678197383880615 0.6623472169388173 0.021617094675699944 0.024219601653343022
0 0.1928737312555313 0.7070657106261097 0.022145102421442686 0.025319594745488186
0 0.22079694271087646 0.7067979768265126 0.022145102421442686 0.025319594745488186
0 0.24934349209070206 0.7061127063839935 0.022551154096921294 0.02461999700975054
0 0.2786880135536194 0.705791129166332 0.022551154096921322 0.02461999700975054
0 0.30787578225135803 0.7054712697520483 0.022551154096921322 0.02461999700975054
0 0.3359471559524536 0.7051636445531798 0.022551154096921322 0.02461999700975054
0 0.36477044224739075 0.7048477793848792 0.022551154096921322 0.02461999700975054
0 0.39349430799484253 0.7035622264063636 0.021985749403635624 0.025056173635083577
0 0.42180243134498596 0.7027684414390044 0.021985749403635624 0.025056173635083577
0 0.4502614736557007 0.7022065894548283 0.021512925624847412 0.024612012759659695
0 0.47805309295654297 0.7016510752809807 0.021512925624847412 0.024612012759659695
0 0.5056518912315369 0.7010994153198623 0.021512925624847412 0.024612012759659695
0 0.5330922603607178 0.7005509221276571 0.021512925624847412 0.024612012759659695
0 0.5601018071174622 0.7000110404500135 0.021512925624847412 0.024612012759659695
0 0.19266873598098755 0.743133199390005 0.0224848786989848 0.024958543999250547
0 0.25029993057250977 0.7421067925386651 0.022358953952789307 0.025096405384152518
0 0.2787596881389618 0.7418064073074696 0.022437870502471924 0.024960791417794607
0 0.3084523677825928 0.7411666862472154 0.022437870502471924 0.02496079141779469
0 0.3364775776863098 0.7405628903888212 0.022437870502471924 0.024960791417794607
0 0.3936964273452759 0.7393301251547744 0.022437870502471924 0.024960791417794607
0 0.4224258363246918 0.7387111575104469 0.021814942359924316 0.024557719859041965
0 0.4502872824668884 0.7378095423782461 0.021814942359924316 0.02455771985904188
0 0.4779393672943115 0.7369147023189737 0.021814942359924316 0.02455771985904188
0 0.5059425234794617 0.7360085013544921 0.021814942359924316 0.024557719859041965
0 0.5337038040161133 0.7351101276486418 0.021814942359924316 0.024557719859041965
0 0.5607971549034119 0.7341924075202945 0.021666407585144043 0.024496610774550245
0 0.5885408520698547 0.7332761133564769 0.021666407585144043 0.02449661077455033
0 0.6151704788208008 0.7323966137198514 0.021666407585144043 0.02449661077455041
0 0.641815185546875 0.7327053246465998 0.022149483362833733 0.02449959747551026
0 0.19227565824985504 0.7760761172272438 0.02276623249053955 0.024521347164183513
0 0.22119206190109253 0.7766712987145712 0.022704879442850767 0.024792338526526164
0 0.25007396936416626 0.7764211231543413 0.02270487944285074 0.024792338526526164
0 0.27878129482269287 0.7761724598263228 0.02270487944285071 0.024792338526526164
0 0.3080703914165497 0.7759187571871062 0.02270487944285071 0.024792338526526164
0 0.3363908529281616 0.7756734448809957 0.02270487944285071 0.024792338526526164
0 0.3649657070636749 0.7751632513001908 0.022996127605438232 0.024908021438953487
0 0.3932923376560211 0.7744950953633999 0.022364338239034054 0.02442157360934483
0 0.42181214690208435 0.7738223828146278 0.022364338239034054 0.02442157360934483
0 0.45057201385498047 0.7731440078916645 0.022364338239034054 0.02442157360934483
0 0.4783349335193634 0.7724891485169877 0.022364338239034054 0.02442157360934483
0 0.4781997501850128 0.8062080560728561 0.022822320461273193 0.02535957513853561
0 0.5059899091720581 0.8051371907078942 0.02212202548980713 0.02457019894622093
0 0.08578768372535706 0.8441938172510218 0.02239336570103964 0.02499283191769622
0 0.11111567169427872 0.8451683576716933 0.02239336570103964 0.02499283191769622
0 0.13784635066986084 0.8461968691810031 0.022393365701039614 0.02499283191769622
0 0.1656234860420227 0.8472656450041695 0.022393365701039614 0.02499283191769622
0 0.1932888627052307 0.8483301207076671 0.022393365701039614 0.02499283191769622
0 0.25036323070526123 0.8505261608616879 0.02239336570103964 0.02499283191769622
0 0.2794948220252991 0.8477445558691079 0.023573021094004276 0.025056410205456747
0 0.30781280994415283 0.847289176848444 0.023573021094004276 0.025056410205456747
0 0.3366392254829407 0.8468256218488827 0.023573021094004276 0.025056410205456747
0 0.36541271209716797 0.846362917994604 0.023573021094004276 0.025056410205456747
0 0.3939574658870697 0.8452975250953851 0.022850751876831055 0.024665773376937875
0 0.45077571272850037 0.8427134602352135 0.022850751876831055 0.024665773376937875
0 0.47901633381843567 0.8414290912051097 0.022850751876831055 0.024665773376937875
0 0.5339364409446716 0.8389313527701694 0.022850751876831055 0.024665773376937875
0 0.5615696907043457 0.8382284133721675 0.022595087687174553 0.024862126786579567
0 0.5893491506576538 0.8368571968965752 0.022595087687174553 0.024862126786579567
0 0.6159399151802063 0.8355446553830539 0.022595087687174553 0.024862126786579567
0 0.6434305906295776 0.8341876935427338 0.022595087687174553 0.024862126786579567
0 0.6697654724121094 0.8328877826069676 0.022595087687174553 0.024862126786579567
0 0.6969336867332458 0.8315467377071682 0.022595087687174553 0.024862126786579567
0 0.7237148284912109 0.8311050320468172 0.022682150204976326 0.02410309074461009
0 0.7493572235107422 0.8302576819131541 0.022682150204976326 0.02410309074461009
0 0.08479602634906769 0.8791804811874694 0.02241481840610504 0.024771638618883346
0 0.11032076925039291 0.8815742661596808 0.022669494152069092 0.024720598560894997
0 0.13719168305397034 0.882079190986101 0.022669494152069092 0.024720598560894997
0 0.16499565541744232 0.8826016486896999 0.022669494152069092 0.024720598560894997
0 0.19332803785800934 0.8831340356189442 0.022669494152069092 0.024720598560894997
0 0.22150661051273346 0.883663532345794 0.022669494152069092 0.024720598560894997
0 0.25019172579050064 0.8842025473922619 0.022669494152069092 0.024720598560894997
0 0.279491662979126 0.8829838065213935 0.023251473903656006 0.024960540061773256
0 0.3374291658401489 0.8817817333132721 0.0236167311668396 0.02501731695130814
0 0.36596590280532837 0.8808874085892079 0.0232851505279541 0.025056705918422965
0 0.4228094220161438 0.8783326259879178 0.023078441619873047 0.02481250615082959
0 0.45204681158065796 0.8775599280069041 0.023054838180541992 0.02493942615597747
0 0.4796832501888275 0.8761704230627062 0.023054838180541992 0.02493942615597747
0 0.5079171657562256 0.8747508781701392 0.023054838180541992 0.02493942615597747
0 0.535102128982544 0.87338407250656 0.023054838180541992 0.02493942615597747
0 0.5623171925544739 0.8720157534577125 0.023054838180541992 0.02493942615597747
0 0.5901429653167725 0.8710158708967906 0.02238849798838305 0.024553284164546885
0 0.6168045997619629 0.8700578201157697 0.02238849798838305 0.024553284164546885
0 0.6440179347991943 0.8690799446993096 0.02238849798838305 0.024553284164546885
0 0.11024081829896906 0.08166506832893791 0.02114207474226805 0.022476624310716845
0 0.136950306056701 0.0807510189403021 0.02108166881443302 0.022806281467274037
0 0.082678243057015 0.11752123240941381 0.02255767583847046 0.024146952370340525
0 0.08324203171680881 0.15128112212411055 0.02255767583847046 0.024146952370340525
0 0.1367246334462377 0.15035563039088928 0.023448169231414795 0.024795657904573176
