0 0.17781797051429749 0.10546018679936726 0.02497553825378418 0.02476567029953003
0 0.20680853724479675 0.10678211847941081 0.02527749538421631 0.02513118584950765
0 0.14548543095588684 0.14260042707125345 0.02454716960589093 0.025258574220869263
0 0.2047087550163269 0.14663856131225883 0.02454716960589093 0.025258574220869263
0 0.23354321718215942 0.14867478609085083 0.024262343843777956 0.02485897143681844
0 0.26193898171186447 0.15032620266636096 0.02393050988515219 0.02458592587047152
0 0.29044705629348755 0.15248461564381918 0.023930509885152218 0.02458592587047152
0 0.34653404355049133 0.1567310925784659 0.023930509885152218 0.02458592587047152
0 0.3743244707584381 0.15899616680004866 0.02369246880213416 0.024271057711707233
0 0.40228208899497986 0.16095190743605295 0.02342239022254944 0.024128387371699016
0 0.42996227741241455 0.16259629527727762 0.02344149351119995 0.02371730075942145
0 0.45681867003440857 0.1646102697691216 0.02344149351119995 0.02371730075942145
0 0.48552876710891724 0.1667753259340922 0.022669514020284054 0.02323553297254775
0 0.5108944028615952 0.1686831743494417 0.022669514020284 0.02323553297254775
0 0.5368558764457703 0.170635838052439 0.022669514020283943 0.02323553297254775
0 0.5886657238006592 0.17453265878026514 0.022669514020283943 0.02323553297254775
0 0.6137079000473022 0.1764161785443624 0.022669514020283943 0.02323553297254775
0 0.6392982602119446 0.17857253551483154 0.022674570480982537 0.02311842640240987
0 0.6647369265556335 0.1805492345797177 0.022362033526102776 0.022899293237262325
0 0.1429433971643448 0.1824739178021749 0.024943013985951723 0.025395446353488522
0 0.201814204454422 0.1863470907458389 0.024943013985951723 0.025395446353488522
0 0.23068922758102417 0.18824680918813178 0.024943013985951723 0.025395446353488522
0 0.2595284581184387 0.1901441727979634 0.02494301398595175 0.025395446353488522
0 0.28805482387542725 0.1920209527015686 0.02494301398595178 0.025395446353488522
0 0.3172776401042938 0.1938130551505852 0.02385036150614417 0.025145265791151283
0 0.34448564052581787 0.19544335206349692 0.02385036150614417 0.025145265791151283
0 0.3728172779083252 0.19714097703581557 0.02385036150614417 0.025145265791151283
0 0.4006493091583252 0.19905916849772134 0.02290089925130212 0.02398349179161922
0 0.4551318883895874 0.20268095607736905 0.02290089925130212 0.02398349179161922
0 0.4842389225959778 0.20461587722935073 0.02290089925130212 0.02398349179161922
0 0.5097993612289429 0.20631503465687026 0.022900899251302065 0.02398349179161922
0 0.5354739427566528 0.209107362142537 0.022050897280375237 0.0236591895421346
0 0.5622959733009338 0.21069836616516113 0.022050897280375237 0.0236591895421346
0 0.5880283713340759 0.21222473638962666 0.022050897280375237 0.0236591895421346
0 0.6136448979377747 0.2137442334614407 0.022050897280375237 0.0236591895421346
0 0.6392228007316589 0.215261439482371 0.022050897280375237 0.0236591895421346
0 0.6651939153671265 0.21680196967410448 0.022050897280375237 0.0236591895421346
0 0.14005155861377716 0.22340770792606968 0.024434576431910215 0.025390174653795006
0 0.1697586625814438 0.2251801292101542 0.024434576431910215 0.025390174653795006
0 0.22874654829502106 0.22869953602462142 0.024434576431910215 0.025390174653795006
0 0.2574250027537346 0.23041058477351986 0.024434576431910188 0.025390174653795006
0 0.2860380709171295 0.23211773236592612 0.02443457643191016 0.025390174653795006
0 0.31418320536613464 0.23379696152926469 0.02443457643191016 0.025390174653795006
0 0.342941552400589 0.23534024386828337 0.023413817087809208 0.024742378128899494
0 0.3710426688194275 0.23678262465753266 0.023413817087809208 0.024742378128899494
0 0.39942666888237 0.23792471488316855 0.02257746458053589 0.024697793854607502
0 0.4546179473400116 0.24134675659620838 0.02257746458053589 0.024697793854607502
0 0.4815603494644165 0.24301727459281483 0.02257746458053589 0.024697793854607502
0 0.5344650745391846 0.24629754243733862 0.02257746458053589 0.024697793854607502
0 0.5608665347099304 0.2479345202445984 0.02257746458053589 0.024697793854607502
0 0.5870940089225769 0.24954114495213361 0.021992286046345955 0.02359888288709855
0 0.612649142742157 0.251120133735313 0.021992286046345955 0.02359888288709855
0 0.13819995522499084 0.2643911838531494 0.02405505875746411 0.024893826908535404
0 0.1680343747138977 0.26594755519831165 0.02405505875746411 0.024893826908535404
0 0.19742411375045776 0.2674807289104834 0.02405505875746411 0.024893826908535404
0 0.22639958560466766 0.26899229155788845 0.02405505875746411 0.024893826908535404
0 0.2548918351531029 0.2704786459604899 0.02405505875746408 0.024893826908535404
0 0.28378182649612427 0.2719947298367818 0.02336142460505164 0.02456483576032853
0 0.31220105290412903 0.2732731100570975 0.02336142460505164 0.02456483576032853
0 0.340999037027359 0.2745685279111786 0.02336142460505164 0.02456483576032853
0 0.3695884943008423 0.2758545656154873 0.02336142460505164 0.02456483576032853
0 0.3978523015975952 0.2771259546279907 0.02336142460505164 0.02456483576032853
0 0.45330339670181274 0.27963385195216617 0.023219962914784786 0.024421201811896404
0 0.4802309274673462 0.28160248200098675 0.022093355655670166 0.022928873697916668
0 0.5337638854980469 0.284286011195445 0.022093355655670166 0.022928873697916668
0 0.5602180361747742 0.285612119228087 0.022093355655670166 0.022928873697916668
0 0.5865636467933655 0.2869327863057454 0.022093355655670166 0.022928873697916668
0 0.6125583052635193 0.2882358606635014 0.022093355655670166 0.022928873697916668
0 0.6386680603027344 0.2899660070737203 0.021855592727661133 0.023078031010097904
0 0.13347885385155678 0.3471763869009971 0.024594684441884354 0.025705258051554363
0 0.1634945422410965 0.3483784993489583 0.02459468444188434 0.025705258051554363
0 0.19358938932418823 0.3495837820607379 0.02459468444188434 0.025705258051554363
0 0.2232637107372284 0.3508690595626831 0.02415663997332257 0.02494674258761931
0 0.2517969012260437 0.35193630455834674 0.02415663997332254 0.02494674258761931
0 0.27997246384620667 0.35299017297233165 0.024156639973322513 0.02494674258761931
0 0.3101986348628998 0.3541207415909473 0.024156639973322513 0.02494674258761931
0 0.33907246589660645 0.35520072778066 0.024156639973322513 0.02494674258761931
0 0.36700212955474854 0.3562522286188545 0.02374412616093957 0.024903747770521328
0 0.3953559398651123 0.35687351846351995 0.023992319901784298 0.025081661012437657
0 0.13220909610390663 0.38890520731608075 0.024058334529399872 0.02597806188795297
0 0.16181065142154694 0.38986027240753174 0.024197151263554872 0.025999652014838375
0 0.1931418627500534 0.3908469683443035 0.024197151263554872 0.025999652014838375
0 0.25034620612859726 0.3932631791493068 0.02328274647394815 0.02544630898369678
0 0.2790032923221588 0.39401992162068683 0.023282746473948124 0.02544630898369678
0 0.30898308753967285 0.3948115926290767 0.023282746473948124 0.02544630898369678
0 0.33738085627555847 0.395582636197408 0.022544721762339237 0.024866289562649246
0 0.36525723338127136 0.39639066996698974 0.022544721762339237 0.024866289562649246
0 0.39335519075393677 0.3972051265345446 0.022544721762339237 0.024866289562649246
0 0.4222307503223419 0.3980421229332645 0.022544721762339237 0.024866289562649246
0 0.45019781589508057 0.39885278542836505 0.022544721762339237 0.024866289562649246
0 0.4775124788284302 0.3996302295474243 0.022755006949106815 0.024567630555894688
0 0.5047612190246582 0.40041176478068036 0.02275500694910687 0.024567630555894688
0 0.13041871786117554 0.43148212913265 0.0236236850420634 0.025983413060506184
0 0.16014161705970764 0.4321114904807651 0.024060100317001343 0.026208374235365078
0 0.19043925404548645 0.4329632918039958 0.024060100317001343 0.026208374235365078
0 0.2200687825679779 0.43379630962693705 0.024060100317001343 0.026208374235365078
0 0.24917462468147278 0.43461460429584653 0.024060100317001343 0.026208374235365078
0 0.2783331871032715 0.43543438116709393 0.024060100317001343 0.026208374235365078
0 0.33588433265686035 0.4370523998250835 0.024060100317001343 0.026208374235365078
0 0.3645137846469879 0.43753507656897556 0.023621737957000732 0.025893211364746094
0 0.1287519372999668 0.4735184907913208 0.02384023120005925 0.02560612890455453
0 0.15859034657478333 0.4740549288997002 0.023840231200059236 0.02560612890455453
0 0.18930146098136902 0.4746070565941345 0.023840231200059236 0.02560612890455453
0 0.24822133034467697 0.4756663242975871 0.023840231200059264 0.02560612890455453
0 0.277738481760025 0.4761969867978619 0.023840231200059292 0.02560612890455453
0 0.3070330023765564 0.47681822555539166 0.023030901948610905 0.02517059114244254
0 0.3347851037979126 0.477361785692853 0.023030901948610905 0.02517059114244254
0 0.36312997341156006 0.477916955947876 0.023030901948610905 0.02517059114244254
0 0.391985684633255 0.478555355554294 0.023354649543762207 0.025358094109429203
0 0.1279875449836254 0.5157485405604044 0.023978404700756073 0.02577013439602327
0 0.15781429409980774 0.5158293644587199 0.02382128437360126 0.025305006239149257
0 0.18757516145706177 0.516540010770162 0.023446311553319277 0.025180578231811523
0 0.21774514019489288 0.5168949205675134 0.023446311553319277 0.025180578231811523
0 0.24743691086769104 0.5172738234202067 0.023014803727467864 0.025213347540961422
0 0.276926189661026 0.5176429767067053 0.023014803727467892 0.025213347540961422
0 0.305490642786026 0.518000552821809 0.023014803727467892 0.025213347540961422
0 0.3335324823856354 0.5183515867457043 0.023014803727467892 0.025213347540961422
0 0.3621588349342346 0.5187099377314249 0.023014803727467892 0.025213347540961422
0 0.39132919907569885 0.519099565009478 0.023105720678965214 0.024912198384602863
0 0.4199731647968292 0.5187861881715731 0.02332063515981042 0.025030506981743656
0 0.44742336869239807 0.5188223918279012 0.02332063515981042 0.025030506981743656
0 0.12697485461831093 0.5579625765482584 0.023621079822381333 0.025583426157633465
0 0.15604239702224731 0.5580140367099361 0.023650159438451113 0.025590790642632328
0 0.18654313683509827 0.558352549870809 0.023650159438451113 0.025590790642632328
0 0.21676668524742126 0.5586879866165607 0.023650159438451113 0.025590790642632328
0 0.246399387717247 0.5590168658450585 0.02365015943845114 0.025590790642632328
0 0.2757185399532318 0.5593422651290894 0.023650159438451168 0.025590790642632328
0 0.30431923270225525 0.5596596905740139 0.023650159438451168 0.025590790642632328
0 0.3324025273323059 0.5601983467737833 0.023167461156845093 0.02522918913099496
0 0.36117902398109436 0.560660440159661 0.023167461156845093 0.02522918913099496
0 0.38924092054367065 0.55950088203096 0.023214836915334103 0.025491105185614742
0 0.4195343554019928 0.5586128632227579 0.022129038969675663 0.025052706400553387
0 0.1266060471534729 0.5999045769373575 0.024007658163706466 0.02558220757378467
0 0.18661925196647644 0.6001670757929484 0.02303283909956616 0.025292396545410156
0 0.21661178767681122 0.6001443672632917 0.02303283909956616 0.025292396545410156
0 0.24637066572904587 0.600169817606608 0.022754833102226257 0.02489312489827474
0 0.2745729684829712 0.6003718773523966 0.022816359996795654 0.0249051517910428
0 0.30328744649887085 0.6002732832572625 0.022816359996795654 0.0249051517910428
0 0.33163344860076904 0.6001759543618406 0.022816359996795654 0.0249051517910428
0 0.36064237356185913 0.6000763492530251 0.022816359996795654 0.0249051517910428
0 0.389791876077652 0.5999762614568075 0.022816359996795654 0.0249051517910428
0 0.41818273067474365 0.5999285175292367 0.02224808931350708 0.024105389912923176
0 0.4732932448387146 0.5998493035634359 0.021711687246958378 0.023631678687201656
0 0.5009908080101013 0.5997242008115405 0.021711687246958433 0.023631678687201656
0 0.5285898447036743 0.5995995430783437 0.02171168724695849 0.023631678687201656
0 0.5549830198287964 0.5994803319109577 0.02171168724695849 0.023631678687201656
0 0.5815211534500122 0.599360466003418 0.02171168724695849 0.023631678687201656
0 0.6080004572868347 0.5992362814571589 0.021093527475992913 0.02303963237338591
0 0.6338410973548889 0.59913436571757 0.021093527475992913 0.02303963237338591
0 0.6599240303039551 0.599031494372466 0.021093527475992913 0.02303963237338591
0 0.12542060017585754 0.6846595172970775 0.024038612842559814 0.024837228986952137
0 0.15570561587810516 0.684420108795166 0.024038612842559814 0.024837228986952137
0 0.18595315515995026 0.6841809965511052 0.024038612842559814 0.024837228986952137
0 0.21597999334335327 0.6839436289889648 0.024038612842559814 0.024837228986952137
0 0.2451394498348236 0.6837131182352701 0.024038612842559814 0.024837228986952137
0 0.2738238275051117 0.7241049607594808 0.024390339851379395 0.025284767150878906
0 0.30222034454345703 0.7238727410634359 0.02473992109298706 0.024979432423909504
0 0.3308177590370178 0.7635446616736153 0.023003458976745605 0.024177074432373047
0 0.35914137959480286 0.762688954671224 0.023003458976745605 0.024177074432373047
0 0.3878391981124878 0.7618219424822686 0.023003458976745605 0.024177074432373047
0 0.41623711585998535 0.7609639908295027 0.023003458976745605 0.024177074432373047
0 0.444186270236969 0.7601195971171061 0.023003458976745605 0.024177074432373047
0 0.471657931804657 0.7592896293125722 0.023003458976745605 0.024177074432373047
0 0.49870264530181885 0.7587074307116334 0.022722244262695312 0.023321893480088878
0 0.5260322093963623 0.7579994986041774 0.022722244262695312 0.023321893480088878
0 0.5529848337173462 0.7573013305664062 0.022722244262695312 0.023321893480088878
0 0.12526534497737885 0.809804360071818 0.025111580888430282 0.02531321843465169
0 0.15570653975009918 0.8089825591939306 0.025111580888430296 0.02531321843465169
0 0.1853099763393402 0.8081833747217324 0.025111580888430296 0.02531321843465169
0 0.21565397083759308 0.8073641978956104 0.025111580888430296 0.02531321843465169
0 0.2451413795351982 0.8065681457519531 0.025111580888430268 0.02531321843465169
0 0.273859441280365 0.8056579430898031 0.024754563967386845 0.025106218126084972
0 0.30221426486968994 0.8448986212412516 0.023772597312927246 0.024838606516520183
0 0.33046528697013855 0.8450134595235189 0.024135053157806396 0.025197823842366535
0 0.35906845331192017 0.8819929758707682 0.023039261500040653 0.022939787970648773
0 0.3868686556816101 0.8807407908062487 0.023039261500040653 0.022939787970648773
0 0.4149421453475952 0.8794762962532515 0.023039261500040653 0.022939787970648773
0 0.44221603870391846 0.8783619749829862 0.02267272273699439 0.02249590555826823
0 0.4695722758769989 0.8769195874532064 0.02267272273699439 0.02249590555826823
0 0.49690355360507965 0.8754785159374672 0.022672722736994444 0.02249590555826823
0 0.5233347415924072 0.8740849026379119 0.0226727227369945 0.02249590555826823
0 0.5504874587059021 0.8726532459259033 0.0226727227369945 0.02249590555826823
0 0.5774341821670532 0.8712324504545497 0.0226727227369945 0.02249590555826823
