0 0.14224915206432343 0.08642622481944949 0.020654648542404175 0.02317528391993323
0 0.16813187301158905 0.08618053724599439 0.021873414516448975 0.024248067722764124
0 0.1945156753063202 0.08460997426232626 0.022366374731063843 0.024166262427041698
0 0.14223702251911163 0.1202443145042242 0.022590716679890932 0.02551891267761705
0 0.16909939050674438 0.1199490297377812 0.022590716679890932 0.02551891267761705
0 0.19549338519573212 0.11965889356807254 0.022590716679890932 0.02551891267761705
0 0.22299949824810028 0.11935653242953988 0.022590716679890932 0.02551891267761705
0 0.2513938546180725 0.1190444072701769 0.02259071667989096 0.02551891267761705
0 0.27926239371299744 0.11776317331895028 0.023005863030751583 0.026567998782608872
0 0.30722084641456604 0.11697139296420785 0.023005863030751583 0.026567998782608872
0 0.33653709292411804 0.11614116003576876 0.023005863030751583 0.026567998782608872
0 0.1411333531141281 0.19003484415453534 0.021197080612182617 0.024908258009326556
0 0.16793961822986603 0.18989763057282588 0.021197080612182617 0.024908258009326556
0 0.19516025483608246 0.18975829594231972 0.021197080612182617 0.024908258009326556
0 0.2230670154094696 0.18961544924004134 0.021197080612182617 0.024908258009326556
0 0.25093796104192734 0.18947278586417202 0.021197080612182617 0.024908258009326556
0 0.2795217037200928 0.18878698520866397 0.02108529706796014 0.025212077207343524
0 0.3077118992805481 0.18913304081509905 0.021354009707768795 0.025183965993482015
0 0.14243929088115692 0.2613630516584529 0.02228491504987079 0.024935079175372455
0 0.17032217979431152 0.2611973675351611 0.02228491504987079 0.024935079175372455
0 0.1970251500606537 0.2610386946576251 0.02228491504987079 0.024935079175372455
0 0.22487851977348328 0.261168550772352 0.022560795148213686 0.02545340486275136
0 0.25232869386672974 0.26071007307185684 0.022560795148213714 0.02545340486275136
0 0.2808666229248047 0.26023342749405487 0.02256079514821374 0.02545340486275136
0 0.3086830973625183 0.2608535245949109 0.02256079514821374 0.02545340486275136
0 0.33669814467430115 0.26092795868873264 0.02256079514821374 0.02545340486275136
0 0.14277110993862152 0.3322059720061546 0.02213315169016522 0.02432256890821829
0 0.19542568922042847 0.331706490627555 0.021942963202794374 0.02448351069014199
0 0.22461873292922974 0.332110218261739 0.02223217487335205 0.024324372757312862
0 0.2804570198059082 0.3315433236055596 0.02223217487335205 0.024324372757312862
0 0.3095126450061798 0.3312483382186626 0.02223217487335205 0.024324372757312862
0 0.3375933766365051 0.3311390987662382 0.02239261070887244 0.024869312611661244
0 0.36537253856658936 0.3306812242020008 0.022680530945459965 0.02504322140715843
0 0.3941391408443451 0.33063518687914306 0.023355633020401 0.025878196538880814
0 0.4498273432254791 0.3302438203678575 0.023355633020401 0.025878196538880814
0 0.4779473543167114 0.3300461980678456 0.023355633020401 0.025878196538880814
0 0.5062098652124405 0.3298475743052445 0.023355633020401 0.025878196538880814
0 0.5350121855735779 0.32964515686035156 0.023355633020401 0.025878196538880814
0 0.5646203756332397 0.3294370759104616 0.023355633020401 0.025878196538880814
0 0.14317111670970917 0.4026223559712255 0.021477515498797117 0.02471521658490789
0 0.17004770040512085 0.4033683056786835 0.021443689862887083 0.02504573496737227
0 0.1972695142030716 0.40328225424123365 0.021443689862887083 0.02504573496737227
0 0.2250400185585022 0.4031944683267376 0.021443689862887083 0.02504573496737227
0 0.2531287744641304 0.4031056763806976 0.021443689862887055 0.02504573496737227
0 0.2809986472129822 0.4030175763507222 0.021443689862887028 0.02504573496737227
0 0.30989113450050354 0.402926243712822 0.021443689862887028 0.02504573496737227
0 0.1431325525045395 0.4734765429829442 0.021909326314926147 0.02407118331554324
0 0.17135697603225708 0.4734594805110149 0.021909326314926147 0.02407118331554324
0 0.19784696400165558 0.47344346655502767 0.021909326314926147 0.02407118331554324
0 0.22545266151428223 0.4737578103708666 0.022100895643234253 0.02461582745692532
0 0.25392794609069824 0.47368077570018335 0.022100895643234253 0.02461582745692532
0 0.2824709713459015 0.4736035577694919 0.022100895643234253 0.02461582745692532
0 0.3107996881008148 0.47352691961122384 0.022100895643234253 0.02461582745692532
0 0.33888164162635803 0.47345094902570856 0.022100895643234253 0.02461582745692532
0 0.14401738345623016 0.5438995804897574 0.021520967284838377 0.02471001203670058
0 0.1705971658229828 0.544072569381548 0.021520967284838377 0.02471001203670058
0 0.22546903789043427 0.5447010969157383 0.021999413768450438 0.02535851057185683
0 0.2536030784249306 0.5446127958075945 0.02199941376845041 0.02535851057185683
0 0.3109475374221802 0.5444328152865187 0.021999413768450382 0.02535851057185683
0 0.3396238684654236 0.5443428121529299 0.021999413768450382 0.02535851057185683
0 0.3673578202724457 0.5442557667576989 0.021999413768450382 0.02535851057185683
0 0.424527108669281 0.5440763360246321 0.021999413768450382 0.02535851057185683
0 0.45093002915382385 0.5438039912733921 0.022142648696899414 0.025120993917302513
0 0.4789265990257263 0.5434895448906477 0.022502879301706913 0.02532988555671638
0 0.14289571344852448 0.614760021830714 0.02151760458946228 0.023805248644924958
0 0.19640733301639557 0.615343094934441 0.02151760458946228 0.023805248644924958
0 0.22503186762332916 0.6156549934785475 0.02151760458946228 0.023805248644924958
0 0.25382199883461 0.6159686963957387 0.02151760458946228 0.023805248644924958
0 0.2825711667537689 0.6162819529688636 0.02151760458946228 0.023805248644924958
0 0.3103385865688324 0.6158653968988463 0.022189249595006344 0.025624888811924606
0 0.36783504486083984 0.6158116729955201 0.022068947553634644 0.025322344876075032
0 0.3957309424877167 0.6151172031837306 0.021828293800354004 0.024915502977001628
0 0.42357227206230164 0.6151802631103285 0.021828293800354004 0.024915502977001628
0 0.4511447548866272 0.6152427141056505 0.021828293800354004 0.024915502977001628
0 0.14365148544311523 0.6867704613264217 0.022262553373972593 0.025979419087254724
0 0.1704874336719513 0.6871388457542242 0.022179007530212402 0.02563665818798455
0 0.1981111764907837 0.6869444074324735 0.022066483894983946 0.026456049246381366
0 0.22562532126903534 0.6872857559558957 0.02215316891670227 0.0257358403168908
0 0.2537282705307007 0.6874225560925681 0.02215316891670227 0.0257358403168908
0 0.282107949256897 0.6875607032988387 0.02215316891670227 0.0257358403168908
0 0.3112730383872986 0.6877026737426506 0.02215316891670227 0.0257358403168908
0 0.3392736613750458 0.6878389757733012 0.02215316891670227 0.0257358403168908
0 0.39626556634902954 0.6876707916709773 0.022455354531606075 0.025166681570600116
0 0.424091100692749 0.6875886780354107 0.022455354531606075 0.025166681570600116
0 0.4523279666900635 0.6875053505529838 0.022455354531606075 0.025166681570600116
0 0.4801748991012573 0.6874231737713481 0.022455354531606075 0.025166681570600116
0 0.14419230818748474 0.7582537994602023 0.021815945704778017 0.024869637895924068
0 0.17135949432849884 0.7583377749420875 0.021923452615737915 0.02488803124242986
0 0.19816811382770538 0.7584330096862566 0.021923452615737915 0.02488803124242986
0 0.22650833427906036 0.7585336852784653 0.021923452615737915 0.02488803124242986
0 0.28271597623825073 0.7587333568953679 0.021923452615737915 0.02488803124242986
0 0.31113335490226746 0.7588343065838481 0.021923452615737915 0.02488803124242986
0 0.3390568196773529 0.7590773002749793 0.022097090880076053 0.025429067685622468
0 0.367620587348938 0.7592777179062814 0.022097090880076053 0.025429067685622468
0 0.39619240164756775 0.7594781919967296 0.022097090880076053 0.025429067685622468
0 0.4242258667945862 0.7597354622774346 0.022307733694712284 0.025777594987736192
0 0.4520981013774872 0.7599211568736464 0.02223571141560876 0.02605343604272639
0 0.47996386885643005 0.7601419493209484 0.02223571141560876 0.02605343604272639
0 0.5092766880989075 0.7603742073810488 0.022235711415608705 0.02605343604272639
0 0.5376180410385132 0.7603572385864266 0.0223923921585083 0.02607253910035137
0 0.1443120837211609 0.8293484532555868 0.022333532571792603 0.025566929070524356
0 0.1720704734325409 0.8297761429187863 0.022365291913350405 0.02559608636900436
0 0.19830016791820526 0.8299830300512675 0.022365291913350405 0.02559608636900436
0 0.22669930756092072 0.8302070287169335 0.022365291913350405 0.02559608636900436
0 0.254683256149292 0.8304277525565539 0.022365291913350432 0.02559608636900436
0 0.28303712606430054 0.8306513941565226 0.02236529191335046 0.02559608636900436
0 0.3115277588367462 0.830853271592818 0.022342920303344727 0.025541142899860817
0 0.34046316146850586 0.8310713657113009 0.022342920303344727 0.025541142899860817
0 0.3694441020488739 0.8312898030618752 0.022342920303344727 0.025541142899860817
0 0.42469459772109985 0.8311204364678871 0.022345701853434208 0.025129569593325955
0 0.45234939455986023 0.8320363066917242 0.023298879464467404 0.025523636692254006
0 0.4801185429096222 0.832534346469613 0.023386379082997677 0.025800424028736568
0 0.5094175934791565 0.8328434635979198 0.02338637908299762 0.025800424028736568
0 0.538081705570221 0.8331458818620894 0.023386379082997566 0.025800424028736568
0 0.5674672722816467 0.8334559117715552 0.023386379082997566 0.025800424028736568
0 0.5968126654624939 0.833765517833621 0.023386379082997566 0.025800424028736568
0 0.624686598777771 0.8340056537588276 0.023397088050842285 0.025648072708484737
0 0.6527366042137146 0.8348931436065641 0.02341659863789869 0.025916461796723484
0 0.1457221955060959 0.900078708611354 0.02188276251157123 0.02465152001196111
0 0.17278455197811127 0.9005231195545234 0.022375057140986143 0.024508040080698776
0 0.19965341687202454 0.9007644653320312 0.02248592178026837 0.024595275405765615
0 0.22785276174545288 0.9010163958071388 0.02248592178026837 0.024595275405765615
0 0.2553394138813019 0.9012619591478039 0.022485921780268342 0.024595275405765615
0 0.28434404730796814 0.9015210840002533 0.022485921780268314 0.024595275405765615
0 0.3124087452888489 0.901771811551826 0.022667745749155643 0.02538459245548692
0 0.3414391577243805 0.9021021264528759 0.022667745749155643 0.02538459245548692
0 0.3696991205215454 0.9024236749956587 0.022667745749155643 0.02538459245548692
0 0.3989161550998688 0.9027561133276027 0.022667745749155643 0.02538459245548692
0 0.4255169928073883 0.90305878395258 0.022667745749155643 0.02538459245548692
0 0.45305636525154114 0.9034286321595658 0.023389895757039425 0.025865717451701683
0 0.48065587878227234 0.9039528063310718 0.023389895757039425 0.025865717451701683
0 0.5101917386054993 0.904821706372638 0.023542404174804688 0.025738206020621365
0 0.5391224026679993 0.9052419423421968 0.023542404174804688 0.025738206020621365
0 0.5678388476371765 0.9056590666455945 0.023542404174804688 0.025738206020621365
0 0.5966717600822449 0.9060778827118411 0.023542404174804688 0.025738206020621365
0 0.6249437928199768 0.9064885516499364 0.023542404174804688 0.025738206020621365
