0 0.8263766765594482 0.0927967248655488 0.021764636039733887 0.0230960772019024
0 0.8532329201698303 0.09216200433303214 0.021764636039733887 0.02309607720190241
0 0.8803436756134033 0.0915212686671767 0.021764636039733887 0.02309607720190241
0 0.07873480021953583 0.13379413028096043 0.021774426102638245 0.023797264394834074
0 0.10637539625167847 0.1330558414864444 0.021774426102638245 0.023797264394834074
0 0.16295892000198364 0.13154447821878895 0.021774426102638245 0.023797264394834074
0 0.1908809393644333 0.13079867252083713 0.021774426102638245 0.023797264394834074
0 0.21916286647319794 0.1300432535766349 0.021774426102638245 0.023797264394834074
0 0.24716497957706451 0.12996234231763817 0.022400627533594758 0.02401581845542256
0 0.2761247158050537 0.12953202669010605 0.02240062753359473 0.02401581845542256
0 0.30408698320388794 0.1291165325520303 0.02240062753359473 0.02401581845542256
0 0.3322691023349762 0.12958447300843404 0.022292455037434933 0.023896623951520122
0 0.36076468229293823 0.12991935086029177 0.021591166655222538 0.02361928954604983
0 0.38884133100509644 0.12963731898817904 0.02150241533915198 0.023673412411711937
0 0.41691359877586365 0.12938136228853073 0.02150241533915198 0.023673412411711937
0 0.44493889808654785 0.12912583383686463 0.02150241533915198 0.023673412411711937
0 0.4724786579608917 0.12887473242588834 0.02150241533915198 0.023673412411711937
0 0.49774909019470215 0.1286443222400754 0.021502415339152037 0.023673412411711937
0 0.5531438589096069 0.12817278957889858 0.02077172199885058 0.022832892661870913
0 0.6095455884933472 0.1276431371200443 0.02147650718688965 0.022714045620703897
0 0.6370049118995667 0.1272209411443666 0.02147650718688965 0.022714045620703897
0 0.663843035697937 0.12680829631350943 0.02147650718688965 0.022714045620703897
0 0.6910852789878845 0.12638943801480698 0.02147650718688965 0.022714045620703897
0 0.7192056179046631 0.1259570787119311 0.02147650718688965 0.022714045620703897
0 0.7461041808128357 0.12554350461021918 0.02147650718688965 0.022714045620703897
0 0.7723404765129089 0.1250075660649022 0.021270354588826423 0.02246560976486796
0 0.08084002137184143 0.2003880212473315 0.02163146932919821 0.023242876511211572
0 0.10827138274908066 0.20089595649459097 0.022230486075083405 0.023514311443003547
0 0.136473149061203 0.20031895385376236 0.022468820214271545 0.02389891572700917
0 0.16489143669605255 0.19995037344999092 0.022468820214271545 0.02389891572700917
0 0.19249729812145233 0.19959233007730884 0.022468820214271545 0.02389891572700917
0 0.2203284502029419 0.19923136472276579 0.022468820214271545 0.02389891572700917
0 0.24926135689020157 0.1988561097965684 0.022468820214271545 0.02389891572700917
0 0.27822405099868774 0.19848046853253523 0.022468820214271545 0.02389891572700917
0 0.30657511949539185 0.1984087256498115 0.02268524467945099 0.02411336677018986
0 0.33414745330810547 0.1971530692521916 0.02203047275543213 0.023801197377286223
0 0.36083707213401794 0.19726266111453772 0.02203047275543213 0.023801197377286223
0 0.390290766954422 0.1973836027169412 0.02203047275543213 0.023801197377286223
0 0.41866227984428406 0.1975001007064951 0.02203047275543213 0.023801197377286223
0 0.44652217626571655 0.197614497916643 0.02203047275543213 0.023801197377286223
0 0.08178402483463287 0.2717117011280124 0.022013733784357697 0.023410708405250728
0 0.10939609259366989 0.2711862737755631 0.022013733784357697 0.023410708405250728
0 0.13764743506908417 0.27064868172669754 0.022013733784357725 0.023410708405250728
0 0.16671034693717957 0.27009564640277384 0.022013733784357725 0.023410708405250728
0 0.19506028294563293 0.2695561782271551 0.022013733784357725 0.023410708405250728
0 0.22317259013652802 0.2690212318671992 0.022013733784357725 0.023410708405250728
0 0.2516011893749237 0.27020998999064144 0.022937039534250886 0.024717123933540787
0 0.2806381583213806 0.2693139896836392 0.022937039534250858 0.024717123933540787
0 0.3102570176124573 0.26965648788270447 0.022937039534250858 0.024717123933540787
0 0.33925655433687113 0.2688521914093054 0.023289193709691403 0.02554219268089117
0 0.08441683624760579 0.341169306333548 0.021445422743757575 0.023629269858663423
0 0.11215455804840993 0.3410450291444195 0.021445422743757575 0.023629269858663423
0 0.1402472404100127 0.34091916157591284 0.021445422743757547 0.023629269858663423
0 0.1688279656030364 0.34079110736094337 0.021445422743757547 0.023629269858663423
0 0.1975149509765334 0.3402306414717992 0.022108043233553587 0.024302371712618096
0 0.22577269350068044 0.34048215106968704 0.022851526737213135 0.026499400767245006
0 0.2548137600139036 0.3396480697132632 0.02282605568567911 0.026450504628262806
0 0.3116025924682617 0.3390884047028744 0.02282605568567908 0.026450504628262806
0 0.3395794928073883 0.33823085262722935 0.02282605568567908 0.026450504628262806
0 0.3671596646308899 0.33738546113256074 0.02282605568567908 0.026450504628262806
0 0.39513498544692993 0.3365279574726903 0.02282605568567908 0.026450504628262806
0 0.42338627576828003 0.33653199027095765 0.022291719913482666 0.02555549976437591
0 0.47972673177719116 0.3365400327246222 0.022291719913482666 0.02555549976437591
0 0.5059128403663635 0.3365437707235647 0.022291719913482666 0.02555549976437591
0 0.5331698656082153 0.33654766159307603 0.022291719913482666 0.02555549976437591
0 0.5606753826141357 0.3347273709370573 0.022592027982075935 0.0254162041715873
0 0.5887058225728697 0.33444097411411694 0.022592027982075935 0.0254162041715873
0 0.08496937900781631 0.41128482433414926 0.02254361907641092 0.02426925186038936
0 0.11287698894739151 0.4108318506285202 0.02254361907641092 0.02426925186038936
0 0.14133320748806 0.41047025281329486 0.022274514039357485 0.02366652969242061
0 0.16949576139450073 0.4093948783705827 0.02172011137008667 0.023386016372562324
0 0.2270788699388504 0.4089782182560411 0.02172011137008667 0.023386016372562324
0 0.2553297057747841 0.40966224670410156 0.021576061844825745 0.023903395778448952
0 0.28401196002960205 0.408858529319411 0.021725475788116455 0.02372975312462154
0 0.31285879015922546 0.4083575315253679 0.021725475788116455 0.02372975312462154
0 0.3408385217189789 0.40787159307991777 0.021725475788116455 0.02372975312462154
0 0.36889883875846863 0.40738425506483045 0.021725475788116455 0.02372975312462154
0 0.3969319462776184 0.40689738961153255 0.021725475788116455 0.02372975312462154
0 0.42597314715385437 0.40639301608036893 0.021725475788116455 0.02372975312462154
0 0.4532501697540283 0.4059775769073773 0.022097746531168583 0.024167704027752545
0 0.48131483793258667 0.4056180022483648 0.022097746531168583 0.024167704027752545
0 0.5079513341188431 0.40521414791306776 0.02200444539388019 0.02410637315853616
0 0.5349205732345581 0.40516945220244166 0.02180752158164978 0.024155964222989285
0 0.08571416139602661 0.48151365452088213 0.022523691256841033 0.0244237618852956
0 0.11401666700839996 0.4810315065605696 0.02226179838180542 0.0242258116256359
0 0.1423002928495407 0.4808462276015171 0.02227561672528583 0.02410483545111137
0 0.1710631102323532 0.4801900869771572 0.02227561672528583 0.02410483545111137
0 0.20031672716140747 0.4795227501783607 0.02227561672528583 0.02410483545111137
0 0.22864210605621338 0.47916075240734013 0.02218964695930481 0.02388757513475054
0 0.25718405842781067 0.4786793562952905 0.02218964695930481 0.02388757513475054
0 0.2862381339073181 0.47816471720850745 0.022694726785024044 0.02431375666182176
0 0.3149881362915039 0.47740142289982285 0.022581954797109005 0.024283800938332673
0 0.34388262033462524 0.4769004295274323 0.022581954797109005 0.024283800938332673
0 0.37179094552993774 0.47640960161076035 0.022429684797922733 0.024221908214480378
0 0.4281359612941742 0.47543710981281523 0.022429684797922733 0.024221908214480378
0 0.4558996260166168 0.47495792037862544 0.022429684797922733 0.024221908214480378
0 0.48329487442970276 0.4744850896584093 0.022429684797922733 0.024221908214480378
0 0.5373624563217163 0.47355190543241277 0.022429684797922844 0.024221908214480378
0 0.5652675628662109 0.4730402114774629 0.022330542405446296 0.02416365276011391
0 0.5928289294242859 0.47265990791353457 0.022330542405446296 0.02416365276011391
0 0.6208588480949402 0.4722731390664744 0.022330542405446296 0.02416365276011391
0 0.6488707065582275 0.471688644903755 0.0224684476852417 0.02447503851365679
0 0.6770156025886536 0.4711980009021379 0.0224684476852417 0.02447503851365679
0 0.7056220769882202 0.4706993103027344 0.0224684476852417 0.02447503851365679
0 0.08731673657894135 0.5526279183321221 0.022661884625752776 0.025061378183290885
0 0.11502926424145699 0.5520281046607066 0.022661884625752762 0.025061378183290885
0 0.17310820519924164 0.5506901428493174 0.022847930590311705 0.024668257365855192
0 0.20114105939865112 0.5501312433287154 0.022847930590311705 0.024668257365855192
0 0.22930562496185303 0.5495697178386866 0.022847930590311705 0.024668257365855192
0 0.25794924050569534 0.549113402409279 0.023181696732838958 0.024500233258387894
0 0.2874574661254883 0.5484103269355242 0.023181696732838986 0.024500233258387894
0 0.31705373525619507 0.5477051536998117 0.023181696732838986 0.024500233258387894
0 0.3740604519844055 0.5463468875374434 0.023181696732838986 0.024500233258387894
0 0.4021400809288025 0.545677850412768 0.023181696732838986 0.024500233258387894
0 0.4305526912212372 0.545404922130496 0.02233254909515381 0.024191568064135173
0 0.4584636390209198 0.5448288918811737 0.02233254909515381 0.024191568064135173
0 0.4858490526676178 0.5442637076830618 0.02233254909515381 0.024191568064135173
0 0.5122609734535217 0.543718614573914 0.02233254909515381 0.024191568064135173
0 0.5680952072143555 0.5425662994384766 0.02233254909515381 0.024191568064135173
0 0.5960585474967957 0.5415456461351972 0.022016525268554688 0.023758141569388984
0 0.6235731840133667 0.5413291398869005 0.02208455403645826 0.024066925048828125
0 0.6523929238319397 0.5410276716253061 0.02208455403645826 0.024066925048828125
0 0.6801661252975464 0.5407371506553926 0.02208455403645826 0.024066925048828125
0 0.7083460092544556 0.5404423755921235 0.02208455403645826 0.024066925048828125
0 0.7355587482452393 0.5401577173277389 0.02208455403645826 0.024066925048828125
0 0.763611376285553 0.5387620706644546 0.021881818771362305 0.0239772057348443
0 0.7906544208526611 0.5381198705628861 0.021881818771362305 0.0239772057348443
