0 0.10919329658243226 0.08572027949468604 0.0208987295627594 0.02220941144366597
0 0.1363071168986907 0.08468136499163285 0.020960450172424316 0.022099245426266692
0 0.1630419309465041 0.08451647658956268 0.021723538637161255 0.02321890343067257
0 0.10798989236354828 0.1176754205988562 0.020960999031861632 0.024500107580377135
0 0.1348852775990963 0.1170418428820233 0.02096099903186162 0.024500107580377135
0 0.16176094114780426 0.11640872975126014 0.020960999031861605 0.024500107580377135
0 0.18868280947208405 0.11577452816922708 0.020960999031861605 0.024500107580377135
0 0.21521393954753876 0.11514953125354856 0.020960999031861605 0.024500107580377135
0 0.24286451190710068 0.11449816350583773 0.020960999031861632 0.024500107580377135
0 0.2707432210445404 0.11373681800310002 0.02124599615732825 0.024320831594541105
0 0.2979244291782379 0.11243194757505905 0.02291174729665124 0.026551601498626
0 0.3267258107662201 0.11141084355286907 0.02291174729665124 0.026551601498626
0 0.35378527641296387 0.11045149619913898 0.02291174729665124 0.026551601498626
0 0.38071274757385254 0.10944191245145576 0.02282802263895667 0.026128561921821995
0 0.4093313217163086 0.10848220559053642 0.022734741369883182 0.025501108908838093
0 0.4649082124233246 0.10648852323777902 0.022734741369883182 0.025501108908838093
0 0.49315011501312256 0.10547541541391033 0.022734741369883238 0.025501108908838083
0 0.5215184688568115 0.10445777146666085 0.022734741369883293 0.025501108908838083
0 0.5498140454292297 0.10344273822252141 0.022734741369883293 0.025501108908838083
0 0.5774950981140137 0.10183096702961361 0.022589802742004395 0.02424404787462811
0 0.6046379804611206 0.10088652510975682 0.022589802742004395 0.02424404787462811
0 0.6350482106208801 0.09975463290547215 0.02214062213897705 0.023747760196064793
0 0.6601912975311279 0.09741009390631387 0.02223702271779371 0.023851433465647144
0 0.106699638068676 0.18450096041657202 0.022267594933509827 0.025385250416836983
0 0.16122865676879883 0.18336533860485182 0.022267594933509827 0.025385250416836983
0 0.18831604719161987 0.18280121637929145 0.022267594933509827 0.025385250416836983
0 0.2161502242088318 0.18222154156970322 0.022267594933509827 0.025385250416837004
0 0.27217018604278564 0.18105486936347426 0.022267594933509827 0.025385250416836983
0 0.29894694685935974 0.18040822273076967 0.02172885338465369 0.02514371206594068
0 0.32599449157714844 0.1797676085572854 0.02172885338465369 0.025143712065940658
0 0.3546164035797119 0.17830999507460482 0.021986673275629642 0.025373810021452215
0 0.3829112946987152 0.17743642706637772 0.022530416647593143 0.025802896928417605
0 0.43778225779533386 0.17574235735816723 0.022530416647593143 0.025802896928417585
0 0.46589580178260803 0.17487438820706228 0.022530416647593143 0.025802896928417585
0 0.49490949511528015 0.1739786281142124 0.0225304166475932 0.025802896928417605
0 0.5227653384208679 0.17289914900146322 0.022020796934763665 0.024863420530807142
0 0.5501576066017151 0.1718376345095966 0.022020796934763665 0.024863420530807142
0 0.5792469382286072 0.1707103548379464 0.022020796934763665 0.024863420530807142
0 0.6074700355529785 0.16961664377256883 0.022020796934763665 0.024863420530807142
0 0.6368580460548401 0.1684459309245265 0.02174897988637281 0.024521081022513942
0 0.6645312905311584 0.16696275666702626 0.021942774454752678 0.024551480315452397
0 0.10769755393266678 0.2525327483871893 0.021121551593144744 0.023848629737085122
0 0.13501431047916412 0.2519584478333939 0.02112155159314473 0.023848629737085122
0 0.16155989468097687 0.25177048527917195 0.021685153245925903 0.024494525998137718
0 0.18830791115760803 0.2511250228641707 0.021685153245925903 0.024494525998137718
0 0.2162245362997055 0.2504513604900412 0.021685153245925903 0.024494525998137718
0 0.2444220930337906 0.24977091889233924 0.021685153245925903 0.024494525998137718
0 0.27208542823791504 0.24910336871479832 0.021685153245925903 0.024494525998137718
0 0.29998379945755005 0.24883507573327354 0.021782288948694828 0.02479887378308203
0 0.3279348313808441 0.24836253731313024 0.021782288948694828 0.02479887378308203
0 0.35602131485939026 0.24744776259610318 0.021886249383290646 0.025237460469090662
0 0.38466885685920715 0.24651137063669604 0.021942933400472042 0.025747092195259537
0 0.41197508573532104 0.24602462371364445 0.021942933400472042 0.025747092195259537
0 0.43938687443733215 0.24494983456380226 0.022089699904123905 0.026511731997940866
0 0.4677092134952545 0.244241758834484 0.02201058467229211 0.026400824849919784
0 0.4962250590324402 0.2435245512995153 0.022010584672292055 0.026400824849919784
0 0.5245845317840576 0.24281127672665803 0.022010584672292 0.026400824849919784
0 0.5530694127082825 0.24209484798864642 0.022010584672292 0.026400824849919784
0 0.5818422436714172 0.24137117696362873 0.022010584672292 0.026400824849919784
0 0.6113429069519043 0.23912800237788484 0.023055394490559822 0.025930833446887083
0 0.6399412155151367 0.23805363233699356 0.023055394490559822 0.025930833446887083
0 0.6956550478935242 0.2359605969311328 0.023055394490559822 0.025930833446887083
0 0.724754810333252 0.23486738846766128 0.023055394490559822 0.025930833446887083
0 0.7543538808822632 0.2337554221929506 0.023055394490559822 0.025930833446887083
0 0.7837905883789062 0.23264955550971844 0.023055394490559822 0.025930833446887083
0 0.8131412267684937 0.23160590681918833 0.023562312126159668 0.026250484377838845
0 0.8433690667152405 0.23048782323060407 0.023562312126159668 0.026250484377838845
0 0.8730783462524414 0.22971182091291562 0.02376635869344068 0.026377005170482103
0 0.9014100432395935 0.22859866592565528 0.02376635869344068 0.026377005170482103
0 0.10724818111621132 0.32301382023900915 0.02137539287408194 0.023052600003028074
0 0.13525856063925018 0.3226796515880237 0.021375392874081925 0.023052600003028074
0 0.16247111709080925 0.322355001103663 0.02137539287408191 0.023052600003028074
0 0.1897721007581829 0.3220292956673908 0.021911601225535093 0.023696988127952397
0 0.21739840657674064 0.321618632570055 0.021911601225535093 0.023696988127952397
0 0.27393086404763456 0.3202149139707941 0.021911601225535038 0.023696988127952397
0 0.3022542163845181 0.31979388932587816 0.021911601225535038 0.023696988127952397
0 0.33146284670792814 0.3193597050858163 0.021911601225535038 0.023696988127952397
0 0.3600191936012387 0.31852104832766315 0.022221535444259644 0.02411181427711664
0 0.3876077100750088 0.31772148441433073 0.02191302180290222 0.023633646410565045
0 0.41504685730897184 0.31711916926101846 0.02191302180290222 0.023633646410565045
0 0.44268120975457426 0.3165125691692577 0.02191302180290222 0.023633646410565045
0 0.4706213936325192 0.3158992557891979 0.02191302180290222 0.023633646410565045
0 0.4993628576513409 0.3152683535545436 0.02191302180290222 0.023633646410565045
0 0.5277180537696957 0.3146459302645046 0.02191302180290222 0.023633646410565045
0 0.10753037722766862 0.39185011338133924 0.02415920678497284 0.0275490971962182
0 0.16336387182159942 0.39031396549248987 0.02453194627928179 0.02724118745742148
0 0.19090120748494022 0.3906039509103602 0.02396308890608853 0.027787951793845977
0 0.21866400591855825 0.39033047740629845 0.024457356379937734 0.027208163629804303
0 0.2470330357436062 0.39033904947719145 0.023739161070927134 0.02719101948801825
0 0.2756988154940827 0.39006588896137107 0.023941516298656318 0.026610605347493897
0 0.303650189855302 0.38937962792403474 0.02254458152970601 0.026856392250001516
0 0.3327349967272707 0.3888615487351253 0.02493698328964472 0.026765815455655255
0 0.38918164372444153 0.3863754802604673 0.022218604882558224 0.023979394010795234
0 0.416215181350708 0.3863331550775572 0.022134363651275635 0.024377748947734926
0 0.4439449906349182 0.3856772133808861 0.022134363651275635 0.024377748947734926
0 0.4718325734138489 0.3850175395916949 0.022134363651275635 0.024377748947734926
0 0.5002857446670532 0.38434448694873546 0.022134363651275635 0.024377748947734926
0 0.5296366639711239 0.38492550057239516 0.02434935724293741 0.02687595837286689
0 0.10584095120429993 0.4615179549816043 0.021912261843681335 0.024425684019576673
0 0.1342659592628479 0.4610034632238598 0.021912261843681335 0.024425684019576673
0 0.16172084212303162 0.460506530701895 0.021912261843681335 0.024425684019576673
0 0.18973706662654877 0.45999943791372455 0.021912261843681335 0.024425684019576673
0 0.21903222799301147 0.4600768810632398 0.022561530272165953 0.024760164955789785
0 0.27572202682495117 0.4592351691667424 0.022561530272165897 0.024760164955789785
0 0.30450186133384705 0.4588078554421484 0.022561530272165897 0.024760164955789785
0 0.3625260889530182 0.4579734358676644 0.022445261478424072 0.024755522262218388
0 0.3907783329486847 0.4574289963521855 0.022445261478424072 0.024755522262218388
0 0.41774606704711914 0.456909310195986 0.022445261478424072 0.024755522262218388
0 0.4457477331161499 0.45636969948366296 0.022445261478424072 0.024755522262218388
0 0.47398316860198975 0.45582558387933775 0.022445261478424072 0.024755522262218388
0 0.503048837184906 0.45553513460381084 0.02202059825261432 0.024713028308957122
0 0.10908396397681197 0.5347966183321484 0.022331570585568755 0.024659001550009083
0 0.13785188128204307 0.5342355419821394 0.022331570585568755 0.024659001550009083
0 0.16618265812249144 0.533682991420557 0.022331570585568727 0.024659001550009083
0 0.19357321266980132 0.5332356087254987 0.021681000789006533 0.024036998896635724
0 0.22219636146874389 0.5328765026258565 0.021681000789006533 0.024036998896635724
0 0.25166338537783584 0.5325068092668767 0.02168100078900656 0.024036998896635724
0 0.2812129617199417 0.5321360802048565 0.021681000789006588 0.024036998896635724
0 0.3387143671974655 0.5314146674214472 0.021681000789006588 0.024036998896635724
0 0.36651966576428374 0.5307750518586329 0.021840592225392697 0.02433043487312263
0 0.3952552140221115 0.5301140374182544 0.021840592225392697 0.02433043487312263
0 0.4227970302567001 0.5294804828369404 0.021840592225392697 0.02433043487312263
0 0.4794572949871536 0.5281771058195105 0.021840592225392697 0.02433043487312263
0 0.507650262163591 0.5282941763166283 0.021784305572509766 0.0243524359178174
0 0.5372996986374374 0.5278836328187718 0.021784305572509766 0.0243524359178174
0 0.5657323062881943 0.5268571687557041 0.022788584232330322 0.024696172669876452
0 0.5949686229691025 0.5267535509323029 0.02210026979446411 0.023843957472217122
0 0.6239481032356735 0.5265181042685129 0.022564450899760002 0.02410483545111137
0 0.13456961140036583 0.6059439924306358 0.02199153105417888 0.0243422338204791
0 0.16323907673358917 0.6052625345629316 0.02159702777862549 0.023254631101623006
0 0.19046324491500854 0.6048064894964117 0.02159702777862549 0.023254631101623006
0 0.21914063394069672 0.6034359625505966 0.02162588636080426 0.024833501771438952
0 0.24802862107753754 0.6032471324122229 0.02162588636080423 0.024833501771438952
0 0.3059260845184326 0.6028686780055093 0.021625886360804203 0.024833501771438952
0 0.33479437232017517 0.6026799766344377 0.021625886360804203 0.024833501771438952
0 0.36410826444625854 0.6024883625119232 0.021625886360804203 0.024833501771438952
0 0.39292997121810913 0.602299965623898 0.021625886360804203 0.024833501771438952
0 0.42114442586898804 0.6015178325564362 0.021541814009348514 0.02428829577542096
0 0.45059721275817516 0.6010498440392659 0.022376310917758158 0.026041649581464852
0 0.4792457684990048 0.5994255262732816 0.021541814009348514 0.02428829577542096
0 0.5076627463333366 0.5998346683934763 0.02154181400934857 0.02428829577542096
0 0.10771604246178339 0.6068674504961089 0.022273825929146396 0.02567378838942974
0 0.10682538950223794 0.679786700009225 0.024055131848237307 0.029691067261160258
0 0.13633443877216458 0.6798697929457972 0.024084998424663065 0.02839814621585117
0 0.16402793524050435 0.679555878596044 0.02320381944147193 0.02789923974319225
0 0.19243173097628494 0.679222069605565 0.023930142698592893 0.026313387379820242
0 0.24841823428869247 0.6778447752966619 0.02204368511835733 0.02653405832689862
0 0.2775958776473999 0.6771697554477426 0.022043685118357303 0.02653405832689862
0 0.3069024085998535 0.6764917538061203 0.022043685118357303 0.02653405832689862
0 0.33594924211502075 0.6758197602208282 0.022043685118357303 0.02653405832689862
0 0.3645234704017639 0.675158700277639 0.022043685118357303 0.02653405832689862
0 0.3922119438648224 0.6745181321226286 0.022043685118357303 0.02653405832689862
0 0.4222433567047119 0.674376554581123 0.022387444972991943 0.026302781215933865
0 0.45080065727233887 0.6739895827560947 0.022387444972991943 0.026302781215933865
0 0.4796326756477356 0.6735988883085029 0.022387444972991943 0.026302781215933865
0 0.509241446852684 0.6723113999002773 0.02220733960469562 0.025785697523013622
0 0.10312983393669128 0.7536743297133335 0.022473663091659546 0.026917967685433322
0 0.16202162206172943 0.7531503651907662 0.022473663091659546 0.026917967685433322
0 0.1901666820049286 0.7528999565452612 0.022473663091659546 0.026917967685433322
0 0.2183113694190979 0.7526495512141738 0.022473663091659546 0.026917967685433322
0 0.24868272244930267 0.7523793350771395 0.022473663091659546 0.026917967685433322
0 0.27758532762527466 0.7526218503020531 0.023501873016357422 0.02805825166924055
0 0.3077131509780884 0.7514404714532619 0.022730569044748905 0.026470110397930322
0 0.3367442786693573 0.7510242905727652 0.022730569044748905 0.026470110397930322
0 0.3643798530101776 0.7506281158948644 0.022730569044748905 0.026470110397930322
0 0.39467257261276245 0.7501938492397446 0.022730569044748905 0.026470110397930322
0 0.42362841963768005 0.7497787475585938 0.022730569044748905 0.026470110397930322
0 0.45322751998901367 0.7493544244052831 0.022730569044748905 0.026470110397930322
0 0.5126078724861145 0.748723447640777 0.023003081480662102 0.026608755422192952
0 0.5423484444618225 0.7485786632766929 0.023003081480662102 0.026608755422192952
0 0.5717178583145142 0.7484356858009515 0.023003081480662102 0.026608755422192952
0 0.6012728214263916 0.7482918050261238 0.023003081480662102 0.026608755422192952
0 0.6316012144088745 0.7487196811409884 0.02302440007527662 0.026034288628156797
0 0.6600222587585449 0.7474800819574401 0.02335735162099195 0.02652001196099809
0 0.10528624057769775 0.828766466819729 0.02407059073448181 0.027226884235707474
0 0.13399077951908112 0.8286938334620276 0.02407059073448181 0.027226884235707474
0 0.16165271401405334 0.8288043030755027 0.024547686179478945 0.027263611786125352
0 0.22003689408302307 0.8285588996354923 0.024547686179478945 0.027263611786125352
0 0.2793826460838318 0.8283094544660338 0.024547686179479 0.027263611786125352
0 0.3091007173061371 0.8281845419143834 0.024547686179479 0.027263611786125352
0 0.3387371003627777 0.8280599727187046 0.024547686179479 0.027263611786125352
0 0.3663107454776764 0.8279440737310536 0.024547686179479 0.027263611786125352
0 0.42703751064548195 0.8277441763718838 0.02407420351523759 0.02785399447094307
0 0.456011073302853 0.8268789267698821 0.023750027020772335 0.026320405708727096
0 0.5158004760742188 0.8281751233477925 0.023750027020772224 0.026320405708727096
0 0.5444478392601013 0.8271890806867683 0.023750027020772224 0.026320405708727096
0 0.5743456482887268 0.8261599976614971 0.023750027020772224 0.026320405708727096
0 0.605181872844696 0.8250986143600109 0.023750027020772224 0.026320405708727096
0 0.10563091933727264 0.9052293466967206 0.023083935181299836 0.02799975964450108
0 0.13437846302986145 0.9053026982380489 0.02308393518129985 0.02799975964450108
0 0.16224800050258636 0.9053738094798157 0.023083935181299864 0.02799975964450108
0 0.19068081676959991 0.9054463579702117 0.023083935181299864 0.02799975964450108
0 0.22040098905563354 0.9055221912472747 0.023083935181299864 0.02799975964450108
0 0.24999813735485077 0.9043787579203761 0.023047099510828645 0.02582313478455052
0 0.31069250329751374 0.9051940936723589 0.02511450890884842 0.02731687845661618
0 0.3405675054058548 0.9047666294448521 0.023047099510828617 0.02582313478455052
0 0.36973458199306974 0.9052413847774812 0.025126281750294577 0.02722229624637168
0 0.3996024712227112 0.9051115054234913 0.02443846840729086 0.028608790126516424
0 0.4278634190559387 0.9047103988933195 0.02332150936126709 0.027386155239371365
0 0.457500696182251 0.9052328531314102 0.02332150936126709 0.027386155239371365
0 0.48690783977508545 0.9056429027901173 0.02417214711507165 0.028498627418695494
0 0.5180533528327942 0.9053519492925599 0.02417214711507154 0.028498627418695494
0 0.5481117293816204 0.9054040928508409 0.025687878446061463 0.02915035044398236
0 0.5779909491539001 0.9047920274427418 0.02417214711507154 0.028498627418695494
0 0.6083650588989258 0.9045082801996276 0.02417214711507154 0.028498627418695494
0 0.63929283618927 0.9042193607344826 0.02417214711507154 0.028498627418695494
