0 0.9059484004974365 0.03247633853624033 0.021457552909851074 0.022692532040352046
0 0.9340713024139404 0.03223292841467747 0.023174524307250977 0.024085010206976603
0 0.1429634839296341 0.06868814313134482 0.0240185409784317 0.025693597719650865
0 0.17314964532852173 0.06723211532415346 0.023854881525039673 0.025921222775481468
0 0.23197345435619354 0.06601048681256631 0.023854881525039673 0.025921222775481468
0 0.26046331971883774 0.06506033398646131 0.023507853349049895 0.025316781775895938
0 0.2904796600341797 0.06461486705513887 0.023507853349049923 0.025316781775895938
0 0.32077884674072266 0.06416520245306111 0.023507853349049923 0.025316781775895938
0 0.3506263792514801 0.0637222407670118 0.023507853349049923 0.025316781775895938
0 0.3801566958427429 0.06328398682350336 0.023507853349049923 0.025316781775895938
0 0.4412546455860138 0.062377243499823896 0.023507853349049923 0.025316781775895938
0 0.47108641266822815 0.06312899488370348 0.023111820220947266 0.024846424428067473
0 0.500124916434288 0.06305246285286437 0.022680858771006285 0.024617198825806617
0 0.5294763445854187 0.06291166923324695 0.02268085877100634 0.024617198825806617
0 0.5589211583137512 0.06277042765950047 0.02268085877100634 0.024617198825806617
0 0.5872651934623718 0.06254693631860389 0.022529711325963264 0.024069634518882107
0 0.6168292164802551 0.06279561639553742 0.022955338160197014 0.02475159667259039
0 0.6460571885108948 0.0627443790435791 0.022955338160197014 0.02475159667259039
0 0.1420888453722 0.1376663141472395 0.02379290759563446 0.02589775795160338
0 0.17142654955387115 0.1371691947759584 0.023903369903564453 0.02604990966560306
0 0.2013978213071823 0.13660015574326365 0.023903369903564453 0.02604990966560306
0 0.2304278314113617 0.13604898764453335 0.023903369903564453 0.02604990966560306
0 0.26082802563905716 0.13547180502580947 0.023903369903564453 0.02604990966560306
0 0.2909155488014221 0.13490055882653526 0.023903369903564453 0.02604990966560306
0 0.3221452236175537 0.13471219051565514 0.02392428119977319 0.026309190794479017
0 0.35184624791145325 0.1343832015991211 0.02392428119977319 0.026309190794479017
0 0.3810388743877411 0.13382000146910203 0.023774082461992863 0.02574371367461923
0 0.4115341007709503 0.1335797742676768 0.02255658308664954 0.0251489092213239
0 0.4414372444152832 0.13355187482612077 0.02255658308664954 0.0251489092213239
0 0.4712807238101959 0.1335240310509274 0.02255658308664954 0.0251489092213239
0 0.5013668388128281 0.13349596089826557 0.022556583086649595 0.0251489092213239
0 0.5305796265602112 0.13346870555434115 0.02255658308664965 0.0251489092213239
0 0.5600634813308716 0.1334411973066196 0.02255658308664965 0.0251489092213239
0 0.5891391634941101 0.13300408038196349 0.022368957599004036 0.024762360624564723
0 0.6190550923347473 0.13281666955282523 0.022368957599004036 0.024762360624564723
0 0.6491174697875977 0.13237881105999613 0.02266514301300049 0.024803050728731377
0 0.6788855195045471 0.13230638398009623 0.022566556930541992 0.024714211160822445
0 0.13972097635269165 0.21053617999811647 0.024208063880602537 0.027809911920118727
0 0.1696689873933792 0.20993758356848427 0.024208063880602537 0.027809911920118727
0 0.19976693391799927 0.20933599025050328 0.024208063880602537 0.027809911920118727
0 0.23044180870056152 0.20826726150982008 0.024380609393119812 0.02763946296632749
0 0.26064711064100266 0.20811912625334983 0.024382973710695893 0.027551517930141715
0 0.2903289794921875 0.20805390685404526 0.024414857228597042 0.02750390814256296
0 0.3213970959186554 0.20785961594692495 0.024414857228597042 0.02750390814256296
0 0.35153114795684814 0.2076711664051071 0.024414857228597042 0.02750390814256296
0 0.38145139813423157 0.20748405391755126 0.024414857228597042 0.02750390814256296
0 0.4122820198535919 0.2072912482328193 0.024414857228597042 0.02750390814256296
0 0.473147451877594 0.20691061363502505 0.024414857228597042 0.02750390814256296
0 0.5030519217252731 0.20618928687618607 0.023099064826965332 0.025405514147854562
0 0.5315889120101929 0.2056332781377724 0.023099064826965332 0.025405514147854562
0 0.5612544417381287 0.2050552811733512 0.023099064826965332 0.025405514147854562
0 0.5914167761802673 0.2044676045699903 0.023099064826965332 0.025405514147854562
0 0.6208944916725159 0.2048498261264528 0.022983233133951897 0.024676640828450492
0 0.6511486172676086 0.20474560316218887 0.022983233133951897 0.024676640828450492
0 0.6812853813171387 0.20464178449875758 0.022983233133951897 0.024676640828450492
0 0.26078638434410095 0.35526023111643834 0.023985226949056 0.026967263036920146
0 0.2918577492237091 0.35534102417701896 0.023841162522633907 0.026855498321296606
0 0.3224724531173706 0.3553343028797716 0.023841162522633907 0.026855498321296606
0 0.3536521792411804 0.3553274575348649 0.023841162522633907 0.026855498321296606
0 0.38350602984428406 0.3553209032789564 0.023841162522633907 0.026855498321296606
0 0.41338515281677246 0.3553143434746321 0.023841162522633907 0.026855498321296606
0 0.44408661127090454 0.35483771125437813 0.023578345775604248 0.026450696841690866
0 0.47593429684638977 0.3543432841538392 0.023578345775604248 0.026450696841690866
0 0.5342220664024353 0.35343838157213764 0.023578345775604248 0.026450696841690866
0 0.5626783967018127 0.35299660438715025 0.023578345775604248 0.026450696841690866
0 0.5926135778427124 0.35313649405018166 0.023540616035461426 0.02642752773077916
0 0.623099684715271 0.3527706499793771 0.023540616035461426 0.02642752773077916
0 0.6536921262741089 0.35240352985470796 0.023540616035461426 0.02642752773077916
0 0.6846035122871399 0.3522021013900909 0.023299853006998772 0.026123948799547325
0 0.13783535361289978 0.43283112104548965 0.024423539638519287 0.0271350949309593
0 0.1679595708847046 0.4326247776346514 0.024280846118927002 0.02676891356475599
0 0.19974735379219055 0.43220870439396347 0.024280846118927002 0.02676891356475599
0 0.23038476705551147 0.43180768844831335 0.024280846118927002 0.02676891356475599
0 0.26155027747154236 0.4313997601900189 0.024280846118927002 0.02676891356475599
0 0.2926458418369293 0.43099274746207306 0.024280846118927002 0.02676891356475599
0 0.35320040583610535 0.4306145157924918 0.023757557074228886 0.026346103165500904
0 0.3842273950576782 0.4303401964857978 0.023757557074228886 0.026346103165500904
0 0.44565266370773315 0.429797116492143 0.023757557074228886 0.026346103165500904
0 0.47540605068206787 0.4295268835023392 0.023654182751973507 0.02599804900413336
0 0.5056171417236328 0.4292651416470079 0.02365418275197345 0.02599804900413336
0 0.5357591509819031 0.429003998300155 0.023654182751973396 0.02599804900413336
0 0.5941105484962463 0.4284984553846223 0.023654182751973396 0.02599804900413336
0 0.6239013671875 0.4282403546710347 0.023654182751973396 0.02599804900413336
0 0.6542802453041077 0.42794874836134117 0.02308400472005201 0.026011799657067586
0 0.685319185256958 0.4275283369907113 0.02308400472005201 0.026011799657067586
0 0.715865433216095 0.42667380044626635 0.02330911159515381 0.025962918303733647
0 0.7464879751205444 0.42615216330618333 0.023548682530720955 0.02602546159611192
0 0.1376027762889862 0.509057688158612 0.024706443150838198 0.026430056076641176
0 0.2000322937965393 0.5064263953715769 0.02418673038482666 0.02673537971437445
0 0.2301897257566452 0.5063301796136901 0.02418673038482666 0.02673537971437445
0 0.29207131266593933 0.5059480445329533 0.023575981458028195 0.026510815287745276
0 0.32347801327705383 0.5063166160705073 0.02361196279525757 0.026276048763777805
0 0.3536209166049957 0.5059363786564317 0.02361196279525757 0.026276048763777805
0 0.38529354333877563 0.5055368445586305 0.02361196279525757 0.026276048763777805
0 0.4459601044654846 0.504771566706238 0.02361196279525757 0.026276048763777805
0 0.47675639390945435 0.5043830871582031 0.02361196279525757 0.026276048763777805
0 0.5068243145942688 0.5036287085954533 0.022914369901021303 0.025765943896862833
0 0.5362194180488586 0.5036182445719566 0.022914369901021248 0.025765943896862833
0 0.5652782320976257 0.5036079002602427 0.022914369901021248 0.025765943896862833
0 0.5948777198791504 0.5035973634803291 0.022914369901021248 0.025765943896862833
0 0.6254489421844482 0.5035864807838617 0.022914369901021248 0.025765943896862833
0 0.6560514569282532 0.5031825220862101 0.022217194239298577 0.025558796963950404
0 0.6868245601654053 0.5030398464453154 0.022590835889180427 0.02576869402744968
0 0.1358269900083542 0.5844019069228061 0.025187035401662186 0.02649537907090298
0 0.16669020056724548 0.5838470380365568 0.025187035401662172 0.02649537907090298
0 0.19837996363639832 0.5832773091191412 0.025187035401662172 0.02649537907090298
0 0.22953297197818756 0.5827172301536383 0.025187035401662172 0.02649537907090298
0 0.2603475749492645 0.5821632351504887 0.0251870354016622 0.02649537907090298
0 0.29155924916267395 0.5819035907124364 0.02417488892873132 0.02677252126294513
0 0.354550838470459 0.5813103200404921 0.02417488892873132 0.02677252126294513
0 0.38524049520492554 0.5813247674401503 0.0244158307711283 0.027157746544180045
0 0.4160501956939697 0.5807311035865961 0.0244158307711283 0.027157746544180045
0 0.4465082287788391 0.580144215917913 0.0244158307711283 0.027157746544180045
0 0.4764367640018463 0.5795675310014842 0.0244158307711283 0.027157746544180045
0 0.5077924728393555 0.5789633462595385 0.024415830771128355 0.027157746544180045
0 0.5383518934249878 0.5794691805448565 0.023818453152974373 0.026927327000817586
0 0.5973556041717529 0.5787399203278297 0.023818453152974373 0.026927327000817586
0 0.6580634117126465 0.5779895982151664 0.023818453152974373 0.026927327000817586
0 0.688999593257904 0.5776072404586432 0.023818453152974373 0.026927327000817586
0 0.7194671034812927 0.5772306752759356 0.023818453152974373 0.026927327000817586
0 0.7508864402770996 0.5768423459305343 0.023818453152974373 0.026927327000817586
0 0.7827273607254028 0.5773653873177462 0.02431046962738037 0.027473686277404256
0 0.1336015909910202 0.6626435656880223 0.025381793578465775 0.02779326328011446
0 0.16519023478031158 0.6618614009218623 0.02538179357846576 0.02779326328011446
0 0.19689585268497467 0.6606293823852145 0.02417518695195514 0.027842262918634987
0 0.2284456193447113 0.6600739235101745 0.02417518695195514 0.027842262918634987
0 0.2600212097167969 0.6595180099880251 0.02417518695195517 0.027842262918634987
0 0.3229435980319977 0.6584102110174228 0.024175186951955197 0.027842262918634987
0 0.3546852171421051 0.6578513744265534 0.024175186951955197 0.027842262918634987
0 0.3855057954788208 0.6573087534951333 0.024175186951955197 0.027842262918634987
0 0.4165898859500885 0.6577990743668355 0.023930976788202885 0.027639344681140987
0 0.4470670223236084 0.6572914898190713 0.023930976788202885 0.027639344681140987
0 0.4783928692340851 0.6564826727966714 0.023940513531366947 0.027584992637930045
0 0.5095617324113846 0.6562506653541742 0.023940513531367003 0.027584992637930045
0 0.5685453414916992 0.655811617057349 0.023940513531367058 0.027584992637930045
0 0.5988444089889526 0.6555860839950715 0.023940513531367058 0.027584992637930045
0 0.6293694376945496 0.6553588689759721 0.023940513531367058 0.027584992637930045
0 0.6600185632705688 0.6551307302338173 0.023940513531367058 0.027584992637930045
0 0.6912936568260193 0.6547639536303144 0.02396162350972486 0.027832386105559593
0 0.723187267780304 0.654490773684114 0.023952563603719 0.027591320895409343
0 0.13250680267810822 0.7411230220351108 0.024986465771992997 0.028259735698847835
0 0.19647729396820068 0.7406486245088799 0.024963279565175356 0.02841919891593995
0 0.22822163999080658 0.739966884941888 0.024963279565175356 0.02841919891593987
0 0.25923725962638855 0.7389266442253061 0.02443637450536093 0.02822042065997448
0 0.290603905916214 0.7387208051459734 0.024436374505360958 0.028220420659974564
0 0.3227315843105316 0.7385099719035323 0.024436374505360958 0.02822042065997448
0 0.35409921407699585 0.7383041263702764 0.024436374505360958 0.028220420659974647
0 0.3855552077293396 0.7380977009618005 0.024436374505360958 0.028220420659974564
0 0.13154113292694092 0.821849734284157 0.024949510892232254 0.028526542722716923
0 0.16404229402542114 0.8207417612594374 0.024277369181315123 0.028198597043059593
0 0.19598835706710815 0.8201839535735375 0.024277369181315123 0.028198597043059593
0 0.22734016180038452 0.819771943670066 0.024331827958424868 0.027908029482346282
0 0.25915995240211487 0.8191369522449582 0.024331827958424895 0.027908029482346282
0 0.2903015911579132 0.8185154939261013 0.024331827958424923 0.027908029482346282
0 0.32259678840637207 0.8178710153504372 0.024331827958424923 0.027908029482346282
0 0.35454270243644714 0.8172335070233012 0.024331827958424923 0.027908029482346282
0 0.13121303543448448 0.9011668715366098 0.026607153316338852 0.03056648904963046
0 0.163658007979393 0.901841540669286 0.026290317376454653 0.029760612073794705
0 0.195339635014534 0.9011567982886668 0.026290317376454653 0.029760612073794705
0 0.22720593214035034 0.9020117801971764 0.02593649923801422 0.030178691065588664
0 0.25892580300569534 0.9012951518214026 0.02593649923801422 0.030178691065588664
0 0.2902975380420685 0.9006662163099103 0.025912682215372684 0.030259479847989452
0 0.32346463203430176 0.8998614466467569 0.025912682215372684 0.030259479847989452
0 0.35245615243911743 0.8991579935158931 0.025912682215372684 0.030259479847989452
0 0.38515037298202515 0.8983646977010853 0.025912682215372684 0.030259479847989452
0 0.44914212822914124 0.8968119953953942 0.025833984216054318 0.03001167238220677
0 0.48117321729660034 0.896267702367534 0.025833984216054318 0.03001167238220677
0 0.5424855351448059 0.8952258437202537 0.025833984216054207 0.03001167238220677
0 0.5723038911819458 0.8947191508863295 0.025833984216054207 0.03001167238220677
0 0.6036650538444519 0.8941862416821856 0.025833984216054207 0.03001167238220677
0 0.635429859161377 0.8936725882596748 0.025967617829640632 0.030098020568374625
0 0.6666655540466309 0.8935483888138173 0.025258342425028557 0.030058040175327035
0 0.6989507675170898 0.8931460615799472 0.0253488222757976 0.029499260954154446
