0 0.1314384490251541 0.11690589876156185 0.019941737254460648 0.021117306494897663
0 0.1541871577501297 0.11551835677565951 0.02007955312728882 0.021605669065963392
0 0.17832601070404053 0.11287602712941724 0.02007955312728882 0.021605669065963392
0 0.20135153830051422 0.11035556626473994 0.02007955312728882 0.021605669065963392
0 0.22444307804107666 0.10782787946245614 0.02007955312728882 0.021605669065963392
0 0.27215903997421265 0.1026047107785247 0.02007955312728882 0.021605669065963392
0 0.3452700078487396 0.09613628997359165 0.021455486615498898 0.02251494577688764
0 0.37113454937934875 0.09352561711630579 0.021455486615498898 0.02251494577688764
0 0.396832674741745 0.09093174170245626 0.021455486615498898 0.02251494577688764
0 0.4218255281448364 0.08840905387795497 0.021455486615498898 0.02251494577688765
0 0.4481365382671356 0.08575331610302593 0.021455486615498898 0.02251494577688764
0 0.47440847754478455 0.08400310472000477 0.021602054437001583 0.022468637126360748
0 0.5001485198736191 0.08301536149756852 0.021535267432530703 0.02229910118635311
0 0.320704847574234 0.0976821413804822 0.020117521286010742 0.022215466166651526
0 0.13181359693408012 0.14333400060964185 0.01869109024604161 0.020694252132445357
0 0.17747056484222412 0.14141873178750924 0.01887856423854828 0.021073770153430094
0 0.20074066519737244 0.13949465197186137 0.019494195779164614 0.02156256890112114
0 0.22323176264762878 0.13737987169029905 0.019494195779164614 0.02156256890112114
0 0.2470393106341362 0.1351413089369444 0.01949419577916464 0.02156256890112114
0 0.2709956467151642 0.1336856442828511 0.020137568314870236 0.021913284479185592
0 0.3466137945652008 0.12667757268450425 0.020137568314870236 0.021913284479185592
0 0.3714522123336792 0.12437561984566516 0.020137568314870236 0.021913284479185592
0 0.3966439962387085 0.12204091805362118 0.020137568314870236 0.021913284479185592
0 0.42301708459854126 0.11959673637567564 0.020137568314870236 0.021913284479185592
0 0.4486246109008789 0.11815549052038858 0.02079109350840247 0.022189229033714116
0 0.17578229308128357 0.1724671611754052 0.019224822521209717 0.02157019090282826
0 0.22210317850112915 0.16829985241557277 0.019224822521209717 0.02157019090282826
0 0.24589231610298157 0.16615963681696105 0.019224822521209717 0.02157019090282826
0 0.26992905139923096 0.16399714582288957 0.019224822521209717 0.02157019090282826
0 0.2945600748062134 0.16237307161015818 0.020064830780029297 0.02222991174505664
0 0.3200964629650116 0.16017799599226132 0.020064830780029297 0.02222991174505664
0 0.37145403027534485 0.15576336448304498 0.020064830780029297 0.02222991174505664
0 0.3964805006980896 0.15361212074859942 0.020064830780029297 0.02222991174505664
0 0.42307010293006897 0.15132651218148166 0.020064830780029297 0.02222991174505664
0 0.44915571808815 0.1490842257055997 0.020064830780029297 0.02222991174505664
0 0.47544360160827637 0.1479253637507134 0.021095136801401737 0.022944672163142714
0 0.5018500834703445 0.1462105200489568 0.021095136801401793 0.022944672163142714
0 0.5287932753562927 0.144460822260657 0.021095136801401848 0.022944672163142714
0 0.5563108325004578 0.1426598226612768 0.02117595076560974 0.022835206615832437
0 0.17512103915214539 0.2022962964409739 0.019557307163874327 0.02212181756662768
0 0.2216518074274063 0.1986715405486351 0.019825885693232237 0.0223210800525754
0 0.24679718911647797 0.19649427990580715 0.020004242658615112 0.021974038708117573
0 0.27114811539649963 0.1947324999207265 0.02041528622309363 0.022335104240003477
0 0.2947697639465332 0.192975637524627 0.02041528622309363 0.022335104240003477
0 0.3192122280597687 0.19115772689160745 0.02041528622309363 0.022335104240003477
0 0.37167418003082275 0.18722149937651877 0.020695070425669315 0.022816081379735193
0 0.3977152407169342 0.18536913221239962 0.020695070425669315 0.022816081379735214
0 0.42314937710762024 0.18355993712370022 0.020695070425669315 0.022816081379735193
0 0.4488390386104584 0.18173256588107745 0.020695070425669315 0.022816081379735193
0 0.47575920820236206 0.17981766545495323 0.020695070425669315 0.022816081379735193
0 0.5029795169830322 0.17789888042523896 0.020742873350779234 0.022927576257276892
0 0.5295574069023132 0.17726311572762424 0.021121859550476074 0.02283179482748342
0 0.1726943403482437 0.23258659451506858 0.019356300433476747 0.021755395933639173
0 0.22256210446357727 0.22903522058742906 0.019356300433476747 0.021755395933639173
0 0.24553120136260986 0.22739945741826045 0.019356300433476775 0.021755395933639173
0 0.27125054597854614 0.22557968317076219 0.020110785961151123 0.022413460783256088
0 0.29525455832481384 0.2240753347318451 0.020110785961151123 0.022413460783256088
0 0.32038038969039917 0.22250068110119123 0.020110785961151123 0.022413460783256088
0 0.37213757634162903 0.21932160618945354 0.0206071138381958 0.022589557854704127
0 0.39743107557296753 0.2176718600960665 0.0206071138381958 0.022589557854704127
0 0.42334645986557007 0.21598155210015368 0.0206071138381958 0.022589557854704127
0 0.45019739866256714 0.21423022338999892 0.0206071138381958 0.022589557854704127
0 0.47661635279655457 0.21250707049702489 0.0206071138381958 0.022589557854704127
0 0.5039864778518677 0.21072187832284076 0.0206071138381958 0.022589557854704127
0 0.5307798981666565 0.2097017075667189 0.021039942900339836 0.022783057634220567
0 0.5583500862121582 0.20849442463794796 0.021530191103617424 0.023235454115756723
0 0.5853260159492493 0.20717006505921828 0.021530191103617424 0.023235454115756723
0 0.6129791736602783 0.20648670196533203 0.02186596393585205 0.023779092833053236
0 0.6412368416786194 0.2054643672414658 0.02186596393585205 0.023779092833053236
0 0.17318852245807648 0.2642567985899695 0.019517133633295713 0.022235781647438228
0 0.22189414501190186 0.26076585193013035 0.019517133633295713 0.022235781647438228
0 0.2460889294743538 0.2600727968437727 0.02006039520104727 0.022280094235442405
0 0.26994550228118896 0.2585210777073166 0.0200603952010473 0.022280094235442405
0 0.29558297991752625 0.25678815930048393 0.02009548743565881 0.02268189422843995
0 0.3205567002296448 0.25509570365728335 0.02009548743565881 0.02268189422843995
0 0.3717356324195862 0.25162733484737826 0.02009548743565881 0.02268189422843995
0 0.39741751551628113 0.24946821239356592 0.02070145805676782 0.02288688245669813
0 0.42344409227371216 0.2481230802314226 0.02070145805676782 0.02288688245669813
0 0.4500524699687958 0.24674787883810476 0.02070145805676782 0.02288688245669813
0 0.47704753279685974 0.2453526923882102 0.02070145805676782 0.02288688245669813
0 0.5043448656797409 0.24394188370815542 0.020701458056767763 0.02288688245669813
0 0.12616375088691711 0.2980575783308162 0.019195745388666793 0.021985711977463386
0 0.14904479682445526 0.29675684011515696 0.019195745388666807 0.021985711977463386
0 0.1723756343126297 0.295430532217911 0.019195745388666807 0.021985711977463386
0 0.1960797905921936 0.2940830019508525 0.019195745388666807 0.021985711977463386
0 0.2203487753868103 0.29270336239836936 0.019195745388666807 0.021985711977463386
0 0.2457815185189247 0.2912586994118493 0.019291122754414886 0.021937776905621643
0 0.2945577800273895 0.28883055753486103 0.019926806290944454 0.022372371466584936
0 0.3202458620071411 0.286975062170694 0.020087460676828983 0.0225038010944692
0 0.3449441194534302 0.28564513000964975 0.020087460676828983 0.0225038010944692
0 0.37116169929504395 0.28423338658232766 0.020087460676828983 0.0225038010944692
0 0.39713168144226074 0.28283497559910586 0.020087460676828983 0.0225038010944692
0 0.4233940839767456 0.28142081859499907 0.020087460676828983 0.0225038010944692
0 0.4508480727672577 0.27932552958643714 0.020243128140767452 0.022933161535928417
0 0.12528027221560478 0.3290633046349814 0.01905048141876857 0.02224784673646439
0 0.17209723591804504 0.3267664533885057 0.019050481418768583 0.02224784673646439
0 0.1948002278804779 0.3256526392650809 0.019050481418768583 0.02224784673646439
0 0.24486924707889557 0.32319624141137504 0.019050481418768556 0.02224784673646439
0 0.26958024501800537 0.3219839140426281 0.02037256956100464 0.023206903028857827
0 0.3198775351047516 0.3187638438025186 0.020587821801503536 0.02323097406431686
0 0.3451828360557556 0.3181272775760808 0.020799239476521847 0.02347739167915761
0 0.39788931608200073 0.31556209298067317 0.020799239476521847 0.02347739167915761
0 0.4230540692806244 0.314337343439057 0.020799239476521847 0.02347739167915761
0 0.4504397511482239 0.3130045029756734 0.020799239476521847 0.02347739167915761
0 0.4779786765575409 0.3116642042647961 0.020799239476521847 0.02347739167915761
0 0.5041220188140869 0.31039182753245564 0.02079923947652179 0.02347739167915761
0 0.1249433197081089 0.3605110257170921 0.018758513033390045 0.022186397582061503
0 0.1478431522846222 0.3594453956369555 0.018758513033390045 0.022186397582061503
0 0.17160555720329285 0.35833962626623567 0.018758513033390045 0.022186397582061503
0 0.19515039026737213 0.35724398147228154 0.018758513033390045 0.022186397582061503
0 0.2198847532272339 0.3565484867539517 0.019744018713633238 0.022672638412593843
0 0.24467316269874573 0.35536795170181984 0.01974401871363321 0.022672638412593843
0 0.2952899634838104 0.35254096312044303 0.02014038960138953 0.022975877273914425
0 0.32052943110466003 0.3515509006588958 0.02014038960138953 0.022975877273914425
0 0.3461253046989441 0.35054685754685827 0.02014038960138953 0.022975877273914425
0 0.3715152442455292 0.3495508925596546 0.02014038960138953 0.022975877273914425
0 0.3983877897262573 0.348496769749841 0.02014038960138953 0.022975877273914425
0 0.42463478446006775 0.34746718526712767 0.02014038960138953 0.022975877273914425
0 0.45140689611434937 0.3469795975265076 0.020483354727427128 0.023090894832167516
0 0.4782935678958893 0.3457162324772325 0.02096037069956458 0.02339465119117914
0 0.5053577423095703 0.3447744614635035 0.020960370699564634 0.02339465119117914
0 0.12346860021352768 0.3924815110482339 0.019287457068761185 0.022214638170345753
0 0.17061859369277954 0.39050350632778436 0.019323637088139833 0.022280404734057048
0 0.194636732339859 0.3895525865849262 0.019323637088139833 0.022280404734057048
0 0.22002911567687988 0.388547258112633 0.019323637088139833 0.022280404734057048
0 0.24487051367759705 0.3875637441049 0.01932363708813986 0.022280404734057048
0 0.26987117528915405 0.3865739245747411 0.01932363708813989 0.022280404734057048
0 0.2949994206428528 0.3858717541361964 0.019395291805267334 0.022296609804611744
0 0.34622329473495483 0.3842742957725784 0.019395291805267334 0.022296609804611744
0 0.3722842037677765 0.3827540585277058 0.02050294478734338 0.02362294899400813
0 0.39860406517982483 0.38195968219907744 0.02050294478734338 0.02362294899400813
0 0.42478910088539124 0.3811693751300869 0.02050294478734338 0.02362294899400813
0 0.45142242312431335 0.3803655380426451 0.02050294478734338 0.02362294899400813
0 0.478457510471344 0.3796949164811955 0.02082314093907678 0.023582643316697717
0 0.17080380022525787 0.42200459036978694 0.01926329731941223 0.02246031650277071
0 0.19532127678394318 0.4212686849194904 0.01926329731941223 0.02246031650277071
0 0.21922393143177032 0.4202145167222039 0.019801939527193724 0.02309530095536574
0 0.24400346726179123 0.4194879753645076 0.019801939527193696 0.02309530095536574
0 0.2689496576786041 0.4187565476582298 0.019801939527193668 0.02309530095536574
0 0.29434511065483093 0.41801194747640125 0.019801939527193668 0.02309530095536574
0 0.34614017605781555 0.4164933049401572 0.020296355088551876 0.02337501585021494
0 0.37226125597953796 0.41577154213384404 0.020296355088551876 0.02337501585021494
0 0.39830493927001953 0.4150519179071736 0.020296355088551876 0.02337501585021494
0 0.4250832796096802 0.41431199405525476 0.020296355088551876 0.02337501585021494
0 0.4520326852798462 0.4135673434235329 0.020296355088551876 0.02337501585021494
0 0.47940927743911743 0.4131448746452608 0.021586378415425655 0.023803799651389897
0 0.5060215592384338 0.4124235995980196 0.0215863784154256 0.023803799651389897
0 0.5337066054344177 0.4116732493216522 0.021586378415425544 0.023803799651389897
0 0.5611183643341064 0.4109303059752517 0.021586378415425544 0.023803799651389897
0 0.5891445279121399 0.4101707103640534 0.021586378415425544 0.023803799651389897
0 0.6173536777496338 0.40940615525994367 0.021586378415425544 0.023803799651389897
0 0.16988933086395264 0.45417993722449235 0.01927587389945984 0.0226598931837451
0 0.19392813742160797 0.45347253666367643 0.01927587389945984 0.0226598931837451
0 0.21846498548984528 0.452791923700377 0.019742767016092955 0.02292925812477289
0 0.26939886808395386 0.4516301808182962 0.0197427670160929 0.02292925812477289
0 0.29482296109199524 0.4510502866971111 0.0197427670160929 0.02292925812477289
0 0.32035961747169495 0.45046782513576356 0.0197427670160929 0.02292925812477289
0 0.37288594245910645 0.4492697604866915 0.0197427670160929 0.02292925812477289
0 0.3985530734062195 0.4486613421734022 0.02029939492543542 0.02340990998024164
0 0.425674706697464 0.4480425220684538 0.02029939492543542 0.02340990998024164
0 0.45269086956977844 0.44742610842682595 0.02029939492543542 0.02340990998024164
0 0.48032721877098083 0.44650063203903084 0.021434128284454346 0.023823848990506904
0 0.5068491101264954 0.4458754351189858 0.021434128284454346 0.023823848990506904
0 0.5344009399414062 0.44522595960040423 0.021434128284454346 0.023823848990506904
0 0.562179446220398 0.44447798756083184 0.02152033646901441 0.023873233055883545
0 0.1697787642478943 0.48602469059721065 0.019303480784098326 0.022997804390367558
0 0.19405663013458252 0.48562781755314316 0.019303480784098326 0.022997804390367558
0 0.2191256284713745 0.4852180117766355 0.019303480784098326 0.022997804390367558
0 0.24427883327007294 0.4848068294674859 0.019303480784098298 0.022997804390367558
0 0.26912400126457214 0.4851316377163894 0.0199870069821676 0.023059342258660423
0 0.2949196994304657 0.484460431475972 0.0199870069821676 0.023059342258660423
0 0.3469958007335663 0.4831054069309312 0.0199870069821676 0.023059342258660423
0 0.3735722303390503 0.4824138859926531 0.0199870069821676 0.023059342258660423
0 0.39936956763267517 0.481742637101994 0.0199870069821676 0.023059342258660423
0 0.4257872700691223 0.4810552462580323 0.0199870069821676 0.023059342258660423
0 0.48028799891471863 0.4806773058956324 0.0210932890574137 0.02341558766919513
0 0.5352731943130493 0.4797629422919695 0.02109328905741381 0.02341558766919513
0 0.5633751153945923 0.47929562788772256 0.02109328905741381 0.02341558766919513
0 0.59107506275177 0.4788349980126571 0.02109328905741381 0.02341558766919513
0 0.6188855767250061 0.4783725294955941 0.02109328905741381 0.02341558766919513
0 0.6462599635124207 0.4779173134548094 0.02109328905741381 0.02341558766919513
0 0.6749693751335144 0.4778970425661164 0.021255016326904297 0.02355306462724074
0 0.16954903304576874 0.5187703066093977 0.01961386203765869 0.022608350413714215
0 0.1938258707523346 0.5184583387889843 0.01961386203765869 0.022608350413714215
0 0.21841154992580414 0.518142402222705 0.01961386203765869 0.022608350413714215
0 0.24358385056257248 0.5178189273179682 0.01961386203765869 0.022608350413714215
0 0.2694748044013977 0.5174862174100654 0.01961386203765869 0.022608350413714215
0 0.29489749670028687 0.5172376380182546 0.020430788397789 0.022958237995472933
0 0.3206470012664795 0.5169176500897075 0.02096027135848999 0.023263206777646615
0 0.3467227518558502 0.5165151192696861 0.02096027135848999 0.023263206777646615
0 0.3730689287185669 0.5161084138849024 0.02096027135848999 0.023263206777646615
0 0.3998803496360779 0.515694526537312 0.02096027135848999 0.023263206777646615
0 0.45352262258529663 0.5148664518844249 0.02096027135848999 0.023263206777646615
0 0.480455607175827 0.5143983974013218 0.021137674649556515 0.0235754205274951
0 0.5076048374176025 0.5145213992096657 0.021358331044514955 0.023756189863811224
0 0.5357867479324341 0.5140524985604297 0.0213583310445149 0.023756189863811224
0 0.5634193420410156 0.5135927376329094 0.0213583310445149 0.023756189863811224
0 0.5910435914993286 0.5131331155466479 0.0213583310445149 0.023756189863811224
0 0.34644508361816406 0.5837862325269122 0.02116348346074426 0.024085200110147167
0 0.37262144684791565 0.5837702196697856 0.021328608194986942 0.024090108945388256
0 0.39930832386016846 0.5836081270028066 0.021328608194986942 0.024090108945388256
0 0.45405498147010803 0.5832756028286178 0.021328608194986942 0.024090108945388256
0 0.5088936686515808 0.582942519678619 0.021328608194986998 0.024090108945388256
0 0.5365718007087708 0.5827744062556777 0.021328608194987053 0.024090108945388256
0 0.5643652081489563 0.5826555707760362 0.021987875302632576 0.0241336674653283
0 0.5925267338752747 0.5825130919225677 0.021987875302632576 0.0241336674653283
0 0.6217905879020691 0.5823650360107422 0.021987875302632576 0.0241336674653283
0 0.6493985652923584 0.5822324140286809 0.022107084592183357 0.024087861526844112
0 0.1207452192902565 0.6167013922403025 0.01980918149153392 0.023227869078170423
0 0.14453673362731934 0.6166923679300794 0.02018249531586963 0.02325205839881596
0 0.1683131903409958 0.6169719252475473 0.02018249531586963 0.02325205839881596
0 0.19299130141735077 0.6172620839795969 0.02018249531586963 0.02325205839881596
0 0.2181512862443924 0.6175579084563253 0.02018249531586963 0.02325205839881596
0 0.24369678646326065 0.6178582657215207 0.02018249531586966 0.02325205839881596
0 0.2685374915599823 0.6181503361912493 0.020182495315869686 0.02325205839881596
0 0.29400894045829773 0.6182731368783322 0.020591040452321407 0.02373241454131849
0 0.32036080956459045 0.6181906729663263 0.020591040452321407 0.02373241454131849
0 0.3468133211135864 0.6181078941100748 0.020591040452321407 0.02373241454131849
0 0.4002048373222351 0.617940813996071 0.020591040452321407 0.02373241454131849
0 0.42708489298820496 0.6183294251907704 0.020538687705993652 0.02359206916749945
0 0.45423027873039246 0.6180074036275386 0.0209867159525553 0.02413692030795785
0 0.48173782229423523 0.6179886751396712 0.0209867159525553 0.02413692030795785
0 0.5095744580030441 0.6180331819420062 0.02153700590133667 0.024439375529917692
0 0.536998987197876 0.6179346927376681 0.02153700590133667 0.024439375529917692
0 0.12067176401615143 0.6494773155034974 0.019499272108078003 0.02357512481452888
0 0.1438007354736328 0.6497838798153422 0.019499272108078003 0.02357512481452888
0 0.19332948327064514 0.6504403615146188 0.019499272108078003 0.02357512481452888
0 0.21827368438243866 0.650770985894627 0.019499272108078003 0.02357512481452888
0 0.24363377690315247 0.6511071227317633 0.019499272108078003 0.02357512481452888
0 0.2684742212295532 0.6515146299850109 0.019896646340688107 0.023800339809683865
0 0.2941243350505829 0.6518752716284921 0.019896646340688107 0.023800339809683865
0 0.11997895687818527 0.6825106590792868 0.019386877616246537 0.02379744182261391
0 0.16846929490566254 0.6837832872257676 0.019386877616246523 0.02379744182261391
0 0.19274944067001343 0.6844205192632689 0.019386877616246523 0.02379744182261391
0 0.21729283034801483 0.6850646601330761 0.019386877616246523 0.02379744182261391
0 0.24270236492156982 0.6857315329618232 0.02042675018310547 0.02404838384583939
0 0.26836097240448 0.6859345130145056 0.02042675018310547 0.02404838384583939
0 0.2940576374530792 0.6861377941328904 0.02042675018310547 0.02404838384583939
0 0.34659841656684875 0.6865534336066844 0.02042675018310547 0.02404838384583939
0 0.37350571155548096 0.6867662917735965 0.02145906289418542 0.024081355841584853
0 0.4007066488265991 0.6871874169491231 0.02145906289418542 0.024081355841584853
0 0.427560031414032 0.6876031612796548 0.02145906289418542 0.024081355841584853
0 0.45487385988235474 0.6880260342377952 0.02145906289418542 0.024081355841584853
0 0.48232942819595337 0.6884511016135992 0.02145906289418542 0.024081355841584853
0 0.11932995915412903 0.7148837219982304 0.01961011687914531 0.02346695301144622
0 0.1432831585407257 0.7161378953147197 0.01982958118120831 0.023683769758357558
0 0.19307160377502441 0.7177064585131269 0.01982958118120831 0.023683769758357558
0 0.21709679067134857 0.718463361521909 0.01982958118120831 0.023683769758357558
0 0.24264825880527496 0.7192683493537552 0.019829581181208283 0.023683769758357558
0 0.268032431602478 0.7200680666191633 0.019829581181208256 0.023683769758357558
0 0.294421523809433 0.7208994434312009 0.019829581181208256 0.023683769758357558
0 0.3200426399707794 0.7211666591372808 0.01994731028874719 0.023821424144182965
0 0.16732555627822876 0.7506059196897534 0.019827385743459047 0.02380045809487037
0 0.1919020116329193 0.7514878206474837 0.01982170343399048 0.02375351366146593
0 0.21690353751182556 0.7523048460624844 0.01982170343399048 0.02375351366146593
0 0.24248235672712326 0.7531407368591435 0.01982170343399048 0.02375351366146593
0 0.2680718004703522 0.753976974854985 0.01982170343399048 0.02375351366146593
0 0.29409095644950867 0.7548272554264512 0.01982170343399048 0.02375351366146593
0 0.32031548023223877 0.7562748044958911 0.021591881910959843 0.024358941603076577
0 0.3742270767688751 0.7571120151253634 0.021591881910959843 0.02435894160307666
0 0.40100353956222534 0.7575633026832758 0.021655400594075558 0.024631174959877555
0 0.42784062027931213 0.7580575033159808 0.021655400594075558 0.024631174959877555
0 0.4554612338542938 0.7585661325833872 0.021655400594075558 0.024631174959877555
0 0.4827069044113159 0.7590678573339179 0.021655400594075558 0.024631174959877555
0 0.5400805473327637 0.7601243839707486 0.021655400594075447 0.024631174959877555
0 0.5977382063865662 0.7598280089702371 0.022581001122792488 0.025058539338814304
0 0.6260230541229248 0.7599499520322189 0.022581001122792488 0.025058539338814304
0 0.654547929763794 0.760822196756839 0.02261428038279223 0.02549335568450218
0 0.6832965612411499 0.7598524758982104 0.02261428038279223 0.02549335568450218
0 0.7116276025772095 0.7588968407838265 0.02261428038279223 0.02549335568450218
0 0.7396856546401978 0.7579504138779267 0.02261428038279223 0.02549335568450218
0 0.7664873003959656 0.7570463668468387 0.02261428038279223 0.02549335568450218
0 0.7932080626487732 0.7561450480993563 0.02261428038279223 0.02549335568450218
0 0.16685646772384644 0.7841263704521712 0.019924024740854918 0.023844874182412792
0 0.19091059267520905 0.7852102767589481 0.020244350035985292 0.02407020746275436
0 0.24285057187080383 0.7871852666901016 0.02024435003598532 0.02407020746275436
0 0.26800212264060974 0.7881416409569489 0.020244350035985348 0.02407020746275436
0 0.29397475719451904 0.7891292364955672 0.020244350035985348 0.02407020746275436
0 0.32086747884750366 0.7901518178540606 0.020244350035985348 0.02407020746275436
0 0.3472438454627991 0.7908625935399255 0.020635128021240234 0.02432700460271329
0 0.3735876977443695 0.7914418952409611 0.021058658758799198 0.024538853371790324
0 0.1662844866514206 0.8178293982217478 0.020732889572779356 0.024075944294301224
0 0.21661627292633057 0.8201780097429142 0.020729968945185362 0.02416489475457232
0 0.24264691770076752 0.8214208127596011 0.020729968945185334 0.02416489475457232
0 0.26884689927101135 0.822892566059911 0.021302103996276855 0.024594329124273256
0 0.2938295602798462 0.8238988310862173 0.021302103996276855 0.024594329124273256
0 0.3211728036403656 0.8250001769152202 0.021302103996276855 0.024594329124273256
0 0.3465670049190521 0.8260230181813564 0.021302103996276855 0.024594329124273256
0 0.40186530351638794 0.8282503527264262 0.022048195203145382 0.025081309237221305
0 0.4288177490234375 0.8290537529517751 0.022048195203145382 0.025081309237221305
0 0.45613282918930054 0.829867962614306 0.022048195203145382 0.025081309237221305
0 0.5130966901779175 0.8315659450383136 0.02204819520314527 0.025081309237221305
0 0.5419387817382812 0.8324256719544877 0.02204819520314527 0.025081309237221305
0 0.5702568292617798 0.8325410879265934 0.02279484272003174 0.025214971498001452
0 0.5989974141120911 0.832454149113145 0.02279484272003174 0.025214971498001452
0 0.6276916861534119 0.8323673503935978 0.02279484272003174 0.025214971498001452
0 0.6568366289138794 0.8322791884179519 0.02279484272003174 0.025214971498001452
0 0.6849560141563416 0.8321941287018532 0.02279484272003174 0.025214971498001452
0 0.16681180894374847 0.8512572355048601 0.02096955974896747 0.02408753624258104
0 0.19064229726791382 0.8527043760517096 0.02096955974896747 0.02408753624258104
0 0.24245017021894455 0.8558504833648958 0.020969559748967498 0.02408753624258104
0 0.26753348112106323 0.8573737033577853 0.020969559748967526 0.02408753624258104
0 0.294063925743103 0.8589848026192116 0.020969559748967526 0.02408753624258104
0 0.3198515772819519 0.8596117773721385 0.02116009096304572 0.024463683135749648
0 0.34705501794815063 0.860986224042956 0.02116009096304572 0.024463683135749648
0 0.37403786182403564 0.861827277350475 0.021467546621958378 0.02430476698764535
0 0.3209380565294579 0.12985413027322776 0.020117521286010742 0.022215466166651526
