0 0.8369193077087402 0.048999455086020535 0.0212399959564209 0.022759201914765114
0 0.8644468617868852 0.048821641955264776 0.021389484405517578 0.0222180305525314
0 0.8923604321909381 0.04922895172519952 0.02324092388153076 0.023423147755999896
0 0.13062280789017677 0.09657305063203324 0.02111361175775528 0.02261751566746438
0 0.1569352000951767 0.09520730584166771 0.02105103929837543 0.02244357914887658
0 0.18425732851028442 0.09418175754727698 0.02105103929837543 0.02244357914887658
0 0.21120592951774597 0.09317022977098058 0.02105103929837543 0.02244357914887658
0 0.2388000637292862 0.09169411659240723 0.021106809377670288 0.022073778995247775
0 0.2667873501777649 0.09109049303649203 0.021106809377670288 0.022073778995247765
0 0.2942447066307068 0.09049829889260223 0.021106809377670288 0.022073778995247765
0 0.32217302918434143 0.08989594705682832 0.021106809377670288 0.022073778995247765
0 0.3491831421852112 0.08931339896002481 0.021106809377670288 0.022073778995247775
0 0.40413108468055725 0.08867183951444405 0.021410683790842655 0.02241515558819439
0 0.43147796392440796 0.08807015859215585 0.021410683790842655 0.02241515558819439
0 0.4590820074081421 0.08746281959036056 0.021410683790842655 0.02241515558819438
0 0.4858129322528839 0.0868746907815563 0.021410683790842655 0.02241515558819439
0 0.5117188096046448 0.08630471451337947 0.021410683790842766 0.02241515558819439
0 0.1314542479813099 0.16071623425151027 0.020581153531869248 0.022460774857868505
0 0.15833358466625214 0.16023307622865188 0.02119237184524536 0.023222117460975338
0 0.18559680879116058 0.15965264148551467 0.02119237184524536 0.023222117460975338
0 0.21304218471050262 0.15906832872598697 0.02119237184524536 0.023222117460975338
0 0.24015837907791138 0.1584910242501702 0.02119237184524536 0.023222117460975338
0 0.26776009798049927 0.15790338294450626 0.02119237184524536 0.023222117460975338
0 0.2952166795730591 0.15692006591418436 0.021025091409683228 0.023393845373345885
0 0.32375022768974304 0.15617731005646462 0.021025091409683228 0.023393845373345885
0 0.35058367252349854 0.15670014536657997 0.021489063898722294 0.023923511652983422
0 0.3788781762123108 0.1557518963900342 0.021545906861623165 0.024051437082216708
0 0.4061386287212372 0.15483830212889912 0.021545906861623165 0.024051437082216708
0 0.4329298436641693 0.15394043367962504 0.021545906861623165 0.024051437082216708
0 0.13264581561088562 0.22992463636181745 0.021478235721588135 0.024143425993217026
0 0.15901663899421692 0.2290230019148006 0.021478235721588135 0.024143425993217026
0 0.18694451451301575 0.22806813091082337 0.021478235721588135 0.024143425993217026
0 0.21453861892223358 0.22712467174353554 0.021478235721588135 0.024143425993217026
0 0.24189545214176178 0.22618932502214298 0.021478235721588135 0.024143425993217026
0 0.29731234908103943 0.22429458770200228 0.021478235721588135 0.024143425993217026
0 0.3246084153652191 0.223966775938522 0.02219754457473755 0.02474388595699337
0 0.35189151763916016 0.22367676784576201 0.02219754457473755 0.02474388595699337
0 0.37977853417396545 0.2233803403941907 0.02219754457473755 0.02474388595699337
0 0.4367290735244751 0.22277497971589025 0.02219754457473755 0.02474388595699337
0 0.46385207772254944 0.2224866733994595 0.02219754457473755 0.02474388595699337
0 0.4915112555027008 0.22168045287835636 0.022859354813893618 0.025830010111017716
0 0.518997073173523 0.2209850133851517 0.022859354813893562 0.025830010111017716
0 0.5449158549308777 0.2205903284088701 0.02223370472590136 0.025205257327057595
0 0.5725902915000916 0.22000270666078078 0.02223370472590136 0.025205257327057595
0 0.5998883247375488 0.21942307722658158 0.02223370472590136 0.025205257327057595
0 0.6274222135543823 0.2183295626972997 0.021815141042073494 0.024266960084900348
0 0.13310900330543518 0.29772419153257856 0.021041681369145707 0.024219128512596926
0 0.16008733212947845 0.2968875530154206 0.02156380812327069 0.0248695935389792
0 0.1878824084997177 0.2962503738876661 0.02156380812327069 0.0248695935389792
0 0.2155040204524994 0.29505554089589625 0.021497120459874453 0.0244219432505526
0 0.24382446706295013 0.29470357229543287 0.02149712045987448 0.0244219432505526
0 0.27085405588150024 0.2943676465708697 0.021497120459874508 0.0244219432505526
0 0.2994655966758728 0.29401206023040644 0.021497120459874508 0.0244219432505526
0 0.3267505466938019 0.29414073304665095 0.021834472815195682 0.024235067441481926
0 0.35498663783073425 0.2934157127557799 0.021834472815195682 0.024235067441481926
0 0.38284772634506226 0.2927003214361853 0.021834472815195682 0.024235067441481926
0 0.41095665097236633 0.29197856640959435 0.021834472815195682 0.024235067441481926
0 0.43833035230636597 0.29127568976823676 0.021834472815195682 0.024235067441481926
0 0.13437597453594208 0.3653338121813397 0.021416674057642623 0.024442613586898934
0 0.16109925508499146 0.36507936341350883 0.021416674057642637 0.024442613586898896
0 0.21758604049682617 0.3645415180348178 0.021416674057642637 0.024442613586898934
0 0.24559077620506287 0.36427486774533296 0.02141667405764261 0.024442613586898934
0 0.2731668949127197 0.3640122985815717 0.021416674057642582 0.024442613586898896
0 0.30155545473098755 0.36300148372426116 0.021700282891591427 0.025092028832250816
0 0.3294009566307068 0.36233591765086626 0.021700282891591427 0.025092028832250774
0 0.3571799397468567 0.3616719415163327 0.021700282891591427 0.025092028832250774
0 0.3844127655029297 0.36102101969164474 0.021700282891591427 0.025092028832250774
0 0.4133721888065338 0.36083741520726403 0.021713435649871826 0.025208266206489964
0 0.4686833322048187 0.36012536532973216 0.02156209945678711 0.02561946247899255
0 0.4960201382637024 0.35940678175105606 0.021762808163960756 0.025637944539388034
0 0.5228954553604126 0.3587123294165874 0.0217628081639607 0.025637944539387992
0 0.5495477318763733 0.3580183206602584 0.02206810315450025 0.025378929552181774
0 0.5772407054901123 0.3572754370713135 0.02206810315450025 0.025378929552181774
0 0.6323193311691284 0.35579791401115785 0.02206810315450025 0.025378929552181774
0 0.6604392528533936 0.3550435772384794 0.02206810315450025 0.025378929552181774
0 0.6886049509048462 0.3542880124823991 0.02206810315450025 0.025378929552181774
0 0.7181116938591003 0.35346416144761655 0.022341132164001465 0.02522254174993941
0 0.7458778619766235 0.3526984242748172 0.022341132164001465 0.02522254174993941
0 0.7728850841522217 0.3519536173620889 0.022341132164001465 0.02522254174993941
0 0.800552248954773 0.35105707479077713 0.02270464102427172 0.025311063426409607
0 0.8286158442497253 0.35031577784863493 0.02270464102427172 0.025311063426409607
0 0.8560271859169006 0.34959171011802787 0.02270464102427172 0.025311063426409607
0 0.8844414949417114 0.3488411491092976 0.02270464102427172 0.025311063426409607
0 0.9134307503700256 0.3480754009512968 0.02270464102427172 0.025311063426409607
0 0.9420310854911804 0.3471188877904138 0.023490190505981445 0.025734317395114188
0 0.13524382188916206 0.434876375420149 0.022382013499736786 0.02480549775352779
0 0.16321639716625214 0.434460117448565 0.022382013499736786 0.02480549775352779
0 0.1916096806526184 0.43403759894701244 0.022382013499736786 0.02480549775352779
0 0.22036251425743103 0.43360973000484054 0.022382013499736786 0.02480549775352779
0 0.2479206994175911 0.433199638544127 0.021745915214220674 0.02477980029675382
0 0.2763189673423767 0.4325894276356961 0.021745915214220646 0.02477980029675382
0 0.3039381206035614 0.4319959580393729 0.021745915214220646 0.02477980029675382
0 0.33225172758102417 0.431387566292368 0.021745915214220646 0.02477980029675382
0 0.35981419682502747 0.43079531470010446 0.021745915214220646 0.02477980029675382
0 0.3882904052734375 0.430094696754633 0.021652499834696415 0.02565032012702888
0 0.44375309348106384 0.4294436562623589 0.021652499834696415 0.02565032012702888
0 0.4712618887424469 0.42912074837261166 0.021652499834696415 0.02565032012702888
0 0.4989277124404907 0.4287959972279842 0.02165249983469647 0.02565032012702888
0 0.5259220600128174 0.4284791281056959 0.021652499834696526 0.02565032012702888
0 0.5804484840985891 0.42645463416399326 0.023295036307326322 0.025730999847165294
0 0.6075579524040222 0.42568509374982977 0.02132968107859301 0.024805409039637894
0 0.6358852982521057 0.4247155743975972 0.02132968107859301 0.024805409039637894
0 0.664111852645874 0.4237495046896068 0.02132968107859301 0.024805409039637894
0 0.6913506388664246 0.4232119383628108 0.02149311701456713 0.024453037468962022
0 0.7200543880462646 0.4224174410797829 0.02149311701456713 0.024453037468962022
0 0.7481473684310913 0.42165039685515165 0.021400411923726326 0.02426676787147221
0 0.7757694125175476 0.4213553438721583 0.02168452739715576 0.024561593698900798
0 0.8038491606712341 0.4208200587782749 0.02168452739715576 0.024561593698900798
0 0.832422137260437 0.42027537125570985 0.02168452739715576 0.024561593698900798
0 0.860673725605011 0.4189035505607523 0.021861712137858147 0.024765280790107196
0 0.13674204051494598 0.5043030107421117 0.02213883399963379 0.024622007857921513
0 0.19290953874588013 0.5034787821215253 0.02213883399963379 0.024622007857921513
0 0.22159773111343384 0.5030577979230657 0.02213883399963379 0.024622007857921513
0 0.24997173249721527 0.5026414243127455 0.02213883399963379 0.024622007857921513
0 0.27789050340652466 0.5022317309712254 0.02213883399963379 0.024622007857921513
0 0.3062707483768463 0.5018152657395426 0.02213883399963379 0.024622007857921513
0 0.33341261744499207 0.5005649837384349 0.021634022394816044 0.02405811280243151
0 0.3616150915622711 0.5002684026604396 0.021634022394816044 0.02405811280243151
0 0.38988393545150757 0.4999711236288381 0.021634022394816044 0.02405811280243151
0 0.4455631971359253 0.4971960863753312 0.02114623785018921 0.02286417170088426
0 0.4729856550693512 0.4970532350761946 0.02114623785018921 0.02286417170088426
0 0.500662088394165 0.4969090607477841 0.02114623785018921 0.02286417170088426
0 0.5278151631355286 0.4967676127414904 0.02114623785018921 0.02286417170088426
0 0.5544655323028564 0.49662878346997635 0.02114623785018921 0.02286417170088426
0 0.5821029543876648 0.4964848123620916 0.02114623785018921 0.02286417170088426
0 0.6095833778381348 0.4959855634112691 0.020772576332092285 0.02308699142101199
0 0.6385411620140076 0.4957181528612411 0.02071070671081543 0.0233249516450158
0 0.6664294004440308 0.49382654627062733 0.021607359250386482 0.023905140484950394
0 0.6952255368232727 0.4927328663757635 0.021607359250386482 0.023905140484950394
0 0.722583532333374 0.4916938072027162 0.021607359250386482 0.023905140484950394
0 0.13664445281028748 0.5756440273551053 0.022287199894587217 0.025386514589767994
0 0.16497863829135895 0.574861770228562 0.022287199894587217 0.025386514589767994
0 0.19354864954948425 0.5740730023662558 0.022287199894587217 0.025386514589767994
0 0.22191931307315826 0.5732897381449855 0.022287199894587217 0.025386514589767994
0 0.27955901622772217 0.5716984071150314 0.022287199894587162 0.025386514589767994
0 0.30783936381340027 0.5711458251517071 0.022171815236409542 0.025470556214798327
0 0.36359357833862305 0.5697546227033748 0.022171815236409542 0.025470556214798327
0 0.39218053221702576 0.5690413090899618 0.022171815236409542 0.025470556214798327
0 0.4194553792476654 0.5685462171092512 0.022531966368357303 0.02522073790084484
0 0.44864094257354736 0.5679725404299956 0.0217989285786947 0.02526967839677199
0 0.4762080907821655 0.5673185392867687 0.0217989285786947 0.02526967839677199
0 0.5036717653274536 0.5666669929456707 0.021798928578694643 0.02526967839677199
0 0.530640184879303 0.5660271960002465 0.021798928578694587 0.02526967839677199
0 0.5574228167533875 0.5653918066690135 0.021798928578694587 0.02526967839677199
0 0.6131856441497803 0.5640688931564941 0.021798928578694587 0.02526967839677199
0 0.6408190727233887 0.5642771151896268 0.021651824315388923 0.024643328762793782
0 0.6995306611061096 0.5624878905097872 0.02164526780446363 0.02532201959181196
0 0.7275904417037964 0.5618386823077535 0.02164526780446363 0.02532201959181196
0 0.7560167908668518 0.5611809929517628 0.02164526780446363 0.02532201959181196
0 0.7846196293830872 0.5608559765273164 0.02215687433878588 0.024872506311697497
0 0.811670184135437 0.5603898514148801 0.02215687433878588 0.024872506311697497
0 0.13851487636566162 0.6455356686614281 0.021735340356826782 0.023819324582122093
0 0.16602280735969543 0.6449496109453048 0.021735340356826782 0.023819324582122093
0 0.19419153034687042 0.6443494750258293 0.021735340356826782 0.023819324582122093
0 0.2233278751373291 0.643885191096816 0.022446046272913633 0.024597345396529798
0 0.25186687707901 0.643127984775585 0.022446046272913606 0.024597345396529798
0 0.2806403636932373 0.6423645570287888 0.022446046272913578 0.024597345396529798
0 0.3094530999660492 0.6416000878969559 0.022446046272913578 0.024597345396529798
0 0.3665081262588501 0.6400862849035929 0.022446046272913578 0.024597345396529798
0 0.42181146144866943 0.6386224729736938 0.02251710494359338 0.024653797001801776
0 0.4501277208328247 0.6376873282499091 0.021020829677581787 0.024424560310304683
0 0.4790339469909668 0.6371650352726136 0.021020829677581787 0.024424560310304683
0 0.5061797499656677 0.6366745505521535 0.021020829677581787 0.024424560310304683
0 0.5331143140792847 0.63618788260712 0.021020829677581787 0.024424560310304683
0 0.5607320666313171 0.6356888704521712 0.021020829677581787 0.024424560310304683
0 0.58910071849823 0.6355001760083575 0.02135733763376879 0.024069349895152067
0 0.617266058921814 0.6350458910159001 0.02135733763376879 0.024069349895152067
0 0.6458437442779541 0.6339758052382358 0.02197897434234619 0.02456413683041116
0 0.13847529888153076 0.7185002661734238 0.02159083882967633 0.024555738582167516
0 0.16672414541244507 0.7179019395695176 0.02159083882967633 0.024555738582167516
0 0.19474776089191437 0.7173248113587846 0.02176910638809204 0.02506362560183503
0 0.22362983226776123 0.7167780123995797 0.02176910638809204 0.02506362560183503
0 0.2526545226573944 0.7162285133595087 0.02176910638809204 0.02506362560183503
0 0.2809520363807678 0.715692781318317 0.02176910638809204 0.02506362560183503
0 0.30983561277389526 0.7151459538659384 0.02176910638809204 0.02506362560183503
0 0.33833813667297363 0.7140297738630864 0.022279977798461914 0.02541821501975836
0 0.39558836817741394 0.7126586381779161 0.022279977798461914 0.02541821501975836
0 0.4241254925727844 0.7116329038556942 0.02211076021194458 0.02560829931451363
0 0.4811704456806183 0.7103756720392891 0.02211076021194458 0.02560829931451363
0 0.5089888572692871 0.7097625732421875 0.022835453351338686 0.026552510815997455
0 0.5362589359283447 0.7093641751103023 0.02283545335133863 0.026552510815997455
0 0.5632786154747009 0.7089694351467698 0.02283545335133863 0.026552510815997455
0 0.5919574499130249 0.7085504560082156 0.02283545335133863 0.026552510815997455
0 0.6209245324134827 0.708127265752748 0.02283545335133863 0.026552510815997455
0 0.6502407193183899 0.7069098893986192 0.022842725118001228 0.025759260783823942
0 0.13771045207977295 0.7916300985073457 0.02168379227320355 0.022621332212936048
0 0.19580116868019104 0.7900621281113736 0.021697948376337706 0.023431230885113747
0 0.22488443553447723 0.7898062649624175 0.021697948376337706 0.023431230885113747
0 0.2536638081073761 0.789553075355886 0.021697948376337678 0.023431230885113747
0 0.28209027647972107 0.7893029904617821 0.02169794837633765 0.023431230885113747
0 0.31045472621917725 0.7890534511832303 0.02169794837633765 0.023431230885113747
0 0.13969124853610992 0.8647471583166788 0.022676318883895874 0.0256296202193859
0 0.16710181534290314 0.8659725721472447 0.022482300798098265 0.024476339650708577
0 0.22566618025302887 0.8643174282340116 0.022482300798098265 0.024476339650708577
0 0.25448165088891983 0.8635030464695524 0.022482300798098237 0.024476339650708577
0 0.2833966612815857 0.8626858515161717 0.02248230079809821 0.024476339650708577
0 0.31126317381858826 0.8618982891703761 0.02248230079809821 0.024476339650708577
