0 0.20103426277637482 0.1426722060802371 0.019888480504353823 0.021676048751949353
0 0.22500452399253845 0.14165455381460704 0.019888480504353823 0.021676048751949353
0 0.24800343811511993 0.14067813988015673 0.01988848050435385 0.021676048751949353
0 0.27283281087875366 0.13962401421922957 0.019888480504353878 0.021676048751949353
0 0.2976306080818176 0.13857122909191044 0.019888480504353878 0.021676048751949353
0 0.32260268926620483 0.13716087784878042 0.020775556564331055 0.021892163180565635
0 0.37337034940719604 0.13491995025967782 0.020775556564331055 0.021892163180565635
0 0.3985896408557892 0.13380674933948924 0.020775556564331055 0.021892163180565635
0 0.4247795343399048 0.1322519742218966 0.021038462718327877 0.02241332031959711
0 0.45046234130859375 0.13151704433352449 0.021038462718327877 0.02241332031959711
0 0.5030906647443771 0.1300110513197925 0.02103846271832782 0.02241332031959711
0 0.5572289824485779 0.1284618488577909 0.021038462718327766 0.02241332031959711
0 0.5843345522880554 0.1270778678184332 0.021444479624430413 0.023242366406344615
0 0.610218346118927 0.12664534608782582 0.021444479624430413 0.023242366406344615
0 0.6373875141143799 0.12619134557934777 0.021444479624430413 0.023242366406344615
0 0.6651092767715454 0.1257281111385888 0.021444479624430413 0.023242366406344615
0 0.6921998858451843 0.12527542336042538 0.021444479624430413 0.023242366406344615
0 0.7207928895950317 0.12449924335923306 0.021669109662373787 0.02352389993593673
0 0.19961850345134735 0.173066494076751 0.019795551896095276 0.021908286930054643
0 0.22289028763771057 0.1719225950019304 0.019786531726519285 0.02160376171733058
0 0.2474062815308571 0.1710104586601584 0.019786531726519258 0.02160376171733058
0 0.27138522267341614 0.17011830377756745 0.01978653172651923 0.02160376171733058
0 0.29618334770202637 0.16919567053067613 0.01978653172651923 0.02160376171733058
0 0.32105207443237305 0.16827041049336278 0.01978653172651923 0.02160376171733058
0 0.34621626138687134 0.16731699122938998 0.019974326093991635 0.021749814351399752
0 0.3715701103210449 0.16557154544564182 0.019834578037261963 0.022086845811947357
0 0.3976652920246124 0.1648022962170978 0.020008881886800167 0.022754329119541835
0 0.4234451651573181 0.1642221913958176 0.020008881886800167 0.022754329119541835
0 0.4495279788970947 0.16363526973312711 0.020008881886800167 0.022754329119541835
0 0.5024955123662949 0.16244338172892195 0.02000888188680011 0.022754329119541835
0 0.5286890864372253 0.16185396771098293 0.020008881886800056 0.022754329119541835
0 0.5823618769645691 0.16113745888998343 0.02107747395833326 0.022955510043358603
0 0.6091505885124207 0.16048858988726775 0.02107747395833326 0.022955510043358603
0 0.6362330317497253 0.15983260619416984 0.02107747395833326 0.022955510043358603
0 0.665071964263916 0.1591340772878265 0.02107747395833326 0.022955510043358603
0 0.6917194724082947 0.15848862847616507 0.02107747395833326 0.022955510043358603
0 0.14778193831443787 0.20421567136765365 0.01946416993935901 0.021579594575157433
0 0.17271101474761963 0.20346661501152571 0.019718180100123106 0.02164596735044967
0 0.22116030752658844 0.20203979300238856 0.019718180100123106 0.02164596735044967
0 0.24470432847738266 0.20119383168774982 0.01972288390000662 0.021926569384197857
0 0.26945337653160095 0.20050488909171615 0.01972288390000665 0.021926569384197857
0 0.2941097915172577 0.19981852513493328 0.01972288390000665 0.021926569384197857
0 0.319438099861145 0.199113457591917 0.01972288390000665 0.021926569384197857
0 0.3449591100215912 0.19840302578238553 0.01972288390000665 0.021926569384197857
0 0.3709593713283539 0.19766036202978368 0.019774556159973145 0.021917150926220298
0 0.39660775661468506 0.19721639433572458 0.0200444062550863 0.022247177685878045
0 0.4221856892108917 0.19659386354137084 0.0200444062550863 0.022247177685878066
0 0.44869646430015564 0.1957049711729458 0.019806981086730957 0.022470348565153366
0 0.47437354922294617 0.19529363166454228 0.019806981086730957 0.022470348565153366
0 0.5279887914657593 0.19480950887813125 0.020140131314595466 0.022752835769061886
0 0.5539849400520325 0.19350078494049783 0.02082482973734545 0.023172245469204215
0 0.5812204480171204 0.19399687855742698 0.020967443784077888 0.023311555847641104
0 0.6088196635246277 0.19339969202273746 0.020967443784077888 0.023311555847641104
0 0.6361645460128784 0.19280800869716583 0.020967443784077888 0.023311555847641104
0 0.6631964445114136 0.1922230976591681 0.020967443784077888 0.023311555847641104
0 0.6906782984733582 0.19162845057110453 0.020967443784077888 0.023311555847641104
0 0.718420147895813 0.19157489510469658 0.020826220512390137 0.023236001184744434
0 0.7457588315010071 0.19123199724067605 0.020826220512390137 0.023236001184744434
0 0.1459338515996933 0.23457367475642715 0.019535849491755186 0.0218629319538442
0 0.17094415426254272 0.2340178861877786 0.019535849491755186 0.0218629319538442
0 0.194387748837471 0.23349691360906083 0.019535849491755186 0.0218629319538442
0 0.24291475117206573 0.232380889182867 0.019723206758499146 0.02209632341251817
0 0.292953759431839 0.23103087395796776 0.019723206758499146 0.02209632341251817
0 0.3177218735218048 0.2301176684057647 0.01991802453994751 0.022320370341456213
0 0.34328216314315796 0.22964384389478107 0.01991802453994751 0.022320370341456213
0 0.3686877489089966 0.22917288721040546 0.01991802453994751 0.022320370341456213
0 0.39450162649154663 0.22869436180622046 0.01991802453994751 0.022320370341456213
0 0.42114928364753723 0.22820038019224656 0.01991802453994751 0.022320370341456213
0 0.44748398661613464 0.22771219997438347 0.01991802453994751 0.022320370341456213
0 0.4736717641353607 0.2277053693925984 0.019970327615737915 0.022317472354386178
0 0.5003349334001541 0.22760434964017787 0.020300984382629395 0.0223772655161776
0 0.5273688435554504 0.22719928830168967 0.020300984382629395 0.0223772655161776
0 0.5541933178901672 0.2267973650351017 0.020300984382629395 0.0223772655161776
0 0.58119136095047 0.22639284110956717 0.020300984382629395 0.0223772655161776
0 0.6083504557609558 0.2259859040726063 0.020300984382629395 0.0223772655161776
0 0.6631141304969788 0.22516535509313282 0.020300984382629395 0.0223772655161776
0 0.6909223794937134 0.22485239364129186 0.021044015884399414 0.022929524266442586
0 0.7180718779563904 0.22447969747144123 0.021044015884399414 0.022929524266442586
0 0.7457722425460815 0.22409943925782314 0.021044015884399414 0.022929524266442586
0 0.7724433541297913 0.2241589302240416 0.021290818850199456 0.02334599162256995
0 0.14365631341934204 0.265089770968197 0.019277706742286682 0.021753266800281612
0 0.16746674478054047 0.2647085189819336 0.01935249070326489 0.022018831829692043
0 0.19161708652973175 0.264322428487298 0.01935249070326489 0.022018831829692043
0 0.2162005752325058 0.26392941329059 0.01935249070326489 0.022018831829692043
0 0.24062175303697586 0.2635389929513653 0.019352490703264863 0.022018831829692043
0 0.2660444676876068 0.263132561084836 0.019352490703264835 0.022018831829692043
0 0.29162245988845825 0.2625735083291697 0.019196803371111515 0.02177871290103407
0 0.31661319732666016 0.26203337381052416 0.01944722731908166 0.021874997042870364
0 0.34215280413627625 0.26169508556986965 0.019439831376075745 0.021839481915614373
0 0.394493967294693 0.2605358168136242 0.01950879891713464 0.02206241992092869
0 0.4201340973377228 0.26110019826827296 0.019906719525655148 0.02229459895644077
0 0.4463866055011749 0.26089992865103084 0.019906719525655148 0.02229459895644077
0 0.4723176956176758 0.2607021110002385 0.019906719525655148 0.02229459895644077
0 0.5263997316360474 0.26017029705428374 0.0201987624168396 0.022662155387937588
0 0.5527770519256592 0.25994409789160083 0.0201987624168396 0.022662155387937588
0 0.5802382230758667 0.2597086041472679 0.0201987624168396 0.022662155387937588
0 0.6068106293678284 0.25918128878571267 0.0201759934425354 0.022526615349821314
0 0.14129334688186646 0.2965742469836243 0.01943741242090863 0.022015623344007362
0 0.1657315492630005 0.29616788376209346 0.01943741242090863 0.022015623344007362
0 0.2146073281764984 0.295355167725768 0.01943741242090863 0.022015623344007362
0 0.23941200971603394 0.2949427106169246 0.01943741242090863 0.022015623344007362
0 0.2647225558757782 0.2945218418919763 0.019506335258483887 0.022229719531628542
0 0.2903635799884796 0.2943032453603363 0.019506335258483887 0.022229719531628542
0 0.31517142057418823 0.29413403663306065 0.01965341965357459 0.022379217221755364
0 0.3404460549354553 0.2939071877058162 0.01965341965357459 0.022379217221755364
0 0.3664880096912384 0.2936542644057163 0.019986053307851193 0.022545260052348293
0 0.4186735153198242 0.2931962723927262 0.019986053307851193 0.022545260052348293
0 0.44519591331481934 0.29296350572120056 0.019986053307851193 0.022545260052348293
0 0.4717753231525421 0.2927302387006162 0.019986053307851193 0.022545260052348293
0 0.4980112910270691 0.29249998580577763 0.019986053307851137 0.022545260052348293
0 0.5247779488563538 0.2925087352070968 0.020841042200724358 0.023145705230476293
0 0.578750729560852 0.2925263776606938 0.020841042200724358 0.023145705230476293
0 0.6057841181755066 0.2925352142501372 0.020841042200724358 0.023145705230476293
0 0.6325570940971375 0.29254396571669466 0.020841042200724358 0.023145705230476293
0 0.6601781845092773 0.29288911087196196 0.021146933237711663 0.023120968840843022
0 0.6870639324188232 0.2930135061574537 0.021146933237711663 0.023120968840843022
0 0.1399116814136505 0.3272751652917197 0.01910803715387982 0.021944400876067405
0 0.16365590691566467 0.32691241055246184 0.01954766114552814 0.021986717401548873
0 0.18809136748313904 0.32671435460641934 0.019405176242192568 0.02209278964257058
0 0.2125682383775711 0.3266034237174101 0.019405176242192568 0.02209278964257058
0 0.23757271468639374 0.32649010168380077 0.019405176242192568 0.02209278964257058
0 0.26290807127952576 0.32637528007762556 0.019405176242192623 0.02209278964257058
0 0.28831252455711365 0.3262601453204488 0.019405176242192623 0.02209278964257058
0 0.3137136995792389 0.3261450254205548 0.019405176242192623 0.02209278964257058
0 0.3391305208206177 0.3259467106664887 0.019550879796346066 0.022251070007797333
0 0.38986265659332275 0.325497940962222 0.019779741764068604 0.022640464841857465
0 0.41780710220336914 0.3259939371153366 0.020339051882425907 0.02325639059377271
0 0.4441370964050293 0.32609915581831284 0.020339051882425907 0.02325639059377271
0 0.4708375036716461 0.3262058547488183 0.020339051882425907 0.02325639059377271
0 0.5239934921264648 0.32641827424719727 0.020339051882426018 0.02325639059377271
0 0.5499237775802612 0.32652189565259354 0.020339051882426018 0.02325639059377271
0 0.5769280195236206 0.3262376824114117 0.0207559267679851 0.023446164389913423
0 0.6046643853187561 0.3262390092361805 0.0207559267679851 0.023446164389913423
0 0.6320399641990662 0.3262403188019825 0.0207559267679851 0.023446164389913423
0 0.658810019493103 0.32591087103659755 0.02097253004709887 0.023695805276087115
0 0.6861469149589539 0.3275588815243648 0.020999550819396973 0.023433300875878176
0 0.13746486604213715 0.3583921388138172 0.018992841243743896 0.021903976913570405
0 0.16178631782531738 0.35798856594711304 0.01906678080558777 0.021887535272642623
0 0.18626071512699127 0.35810270974802416 0.01895649234453839 0.021763084470763715
0 0.23619773983955383 0.35828769734310395 0.01895649234453839 0.021763084470763715
0 0.261164128780365 0.3583801832746261 0.018956492344538334 0.021763084470763715
0 0.28677183389663696 0.35847504490909954 0.018956492344538334 0.021763084470763715
0 0.312605082988739 0.3585707420526549 0.018956492344538334 0.021763084470763715
0 0.36485055088996887 0.3587719373774332 0.01909172534942627 0.022147703540417604
0 0.39107683300971985 0.35921817533474437 0.019651512304941776 0.02266154917635656
0 0.4173114001750946 0.35946065326069676 0.01992654800415039 0.02301996807719386
0 0.44362175464630127 0.35964323863550424 0.01992654800415039 0.02301996807719386
0 0.4701986610889435 0.3598276737950291 0.01992654800415039 0.02301996807719386
0 0.5226104855537415 0.36019139495373564 0.01992654800415039 0.02301996807719386
0 0.548633873462677 0.3603719888731491 0.01992654800415039 0.02301996807719386
0 0.6036472916603088 0.35990963732428183 0.020503441492716545 0.023341319357701947
0 0.6303243041038513 0.35989874462748683 0.020503441492716545 0.023341319357701947
0 0.657581627368927 0.3604423715562146 0.02078878879547119 0.02333045190618941
0 0.6858026385307312 0.3604606029599212 0.02078878879547119 0.023330451906189452
0 0.7128158807754517 0.36003926742908565 0.021107912063598633 0.023638008176818402
0 0.7403948307037354 0.36018985925718794 0.021290262540181404 0.023582428924797144
0 0.13550779223442078 0.3897430952205214 0.019073009490966797 0.02226112424865244
0 0.15979984402656555 0.38988403090249707 0.019073009490966797 0.02226112424865244
0 0.18446539342403412 0.3896916107692854 0.019373049338658632 0.022199615951656426
0 0.20937886834144592 0.3900041358415471 0.019373049338658632 0.022199615951656426
0 0.23443268239498138 0.39031842138675765 0.019373049338658632 0.022199615951656426
0 0.26048704981803894 0.39064525829283425 0.019373049338658688 0.022199615951656426
0 0.2861982583999634 0.39096779047056684 0.019373049338658688 0.022199615951656426
0 0.3121657967567444 0.3912935381564402 0.019373049338658688 0.022199615951656426
0 0.3383636474609375 0.3913454454998637 0.0194224317868551 0.0224407107331032
0 0.3647337555885315 0.391541244702935 0.0194224317868551 0.0224407107331032
0 0.3903317153453827 0.392066290212232 0.01981288194656372 0.02269697558972257
0 0.41635259985923767 0.3922944600825697 0.01981288194656372 0.02269697558972257
0 0.4426891505718231 0.39252539794165875 0.01981288194656372 0.02269697558972257
0 0.4690917432308197 0.3927569149041346 0.01981288194656372 0.02269697558972257
0 0.5217071175575256 0.3932182844295058 0.01981288194656372 0.02269697558972257
0 0.5754933953285217 0.3935547825290579 0.020341873168945312 0.02317150618678834
0 0.6030991077423096 0.39372748958648934 0.020341873168945312 0.02317150618678834
0 0.6291500329971313 0.3938904695732649 0.020341873168945312 0.02317150618678834
0 0.6555253863334656 0.3940554792493477 0.020341873168945312 0.02317150618678834
0 0.13416428864002228 0.42119744766590206 0.019490430752436325 0.022076037503028157
0 0.15847480297088623 0.4214898485682006 0.01949043075243634 0.022076037503028157
0 0.18345892429351807 0.4218631147491896 0.019499093294143677 0.02212420914524291
0 0.2084604948759079 0.4220989170444181 0.01939171552658081 0.022151592165924782
0 0.234157532453537 0.42240014187125274 0.01939171552658081 0.022151592165924782
0 0.28565648198127747 0.42300382087926286 0.01939171552658081 0.022151592165924782
0 0.3119713366031647 0.4233122878573226 0.01939171552658081 0.022151592165924782
0 0.3372684121131897 0.4236088242641715 0.019606033960978153 0.022608793983163705
0 0.3898804485797882 0.42466394291367643 0.019890109697977665 0.02256804473640388
0 0.41606438159942627 0.42496116351382623 0.019890109697977665 0.02256804473640388
0 0.44213852286338806 0.4252571378393431 0.019890109697977665 0.02256804473640388
0 0.4684786796569824 0.425556131775982 0.019890109697977665 0.02256804473640388
0 0.5211350917816162 0.4261538483375727 0.019890109697977776 0.02256804473640388
0 0.5481505990028381 0.42629568263324286 0.020240823427836174 0.022468803464904256
0 0.5742384195327759 0.4264326464747926 0.020240823427836174 0.022468803464904256
0 0.6013984084129333 0.4265752393145894 0.020240823427836174 0.022468803464904256
0 0.6275373101234436 0.42671247133778795 0.020240823427836174 0.022468803464904256
0 0.6553390622138977 0.4269052549850109 0.02033432324727369 0.022466851759326497
0 0.6831178069114685 0.42706040819082935 0.02033432324727369 0.022466851759326497
0 0.7099177837371826 0.427540801292242 0.02082582314809156 0.02294105707212936
0 0.18211369216442108 0.4536079584166061 0.01984742283821106 0.022378344868504724
0 0.23349705338478088 0.4544959982935859 0.01984742283821106 0.022378344868504724
0 0.25888022035360336 0.4551789607387138 0.019388894240061433 0.022282740866491093
0 0.311191201210022 0.45583875789198763 0.019388894240061405 0.022282740866491093
0 0.3373299241065979 0.4561684449801482 0.019388894240061405 0.022282740866491093
0 0.3632596731185913 0.4564927123313726 0.019424796104431152 0.02229666894720512
0 0.3892599940299988 0.4568231168075561 0.019424796104431152 0.02229666894720512
0 0.41577160358428955 0.45716001859032307 0.019424796104431152 0.02229666894720512
0 0.44176778197288513 0.4574903704245379 0.019424796104431152 0.02229666894720512
0 0.4679728150367737 0.45782337632290154 0.019424796104431152 0.02229666894720512
0 0.49402785301208496 0.45814919454258907 0.019982794920603453 0.022553199945494186
0 0.5471426844596863 0.45881339544828953 0.019982794920603508 0.022553199945494186
0 0.5733997225761414 0.45914173967950805 0.019982794920603508 0.022553199945494186
0 0.5998128056526184 0.4594720352527707 0.019982794920603508 0.022553199945494186
0 0.6267997026443481 0.4597240372750536 0.0206183592478435 0.022656108057776164
0 0.6539127826690674 0.45997721758691534 0.0206183592478435 0.022656108057776164
0 0.6818566918373108 0.46023815613138913 0.0206183592478435 0.022656108057776164
0 0.7088390588760376 0.4604901158532431 0.0206183592478435 0.022656108057776164
0 0.7370941638946533 0.4608797279455574 0.020967841148376465 0.022831968558851192
0 0.763094961643219 0.46127350385798965 0.020967841148376465 0.022831968558851192
0 0.18100370466709137 0.4858075235602333 0.019523565967877687 0.022336324055989638
0 0.20581647753715515 0.48675183064317334 0.019744416077931704 0.022328162378119
0 0.23213620483875275 0.4870598371638808 0.019744416077931704 0.022328162378119
0 0.25815603882074356 0.48736433418401875 0.01974441607793173 0.022328162378119
0 0.2839333713054657 0.4876659933311961 0.01974441607793176 0.022328162378119
0 0.3099300265312195 0.4879702191020167 0.01974441607793176 0.022328162378119
0 0.336445152759552 0.4882805122780107 0.01974441607793176 0.022328162378119
0 0.36255204677581787 0.4888804236123728 0.019740720589955685 0.022180424180141715
0 0.38855066895484924 0.4892943627733192 0.019740720589955685 0.022180424180141715
0 0.41504189372062683 0.48971614494610044 0.019740720589955685 0.022180424180141715
0 0.4410800039768219 0.49013071281965387 0.019740720589955685 0.022180424180141715
0 0.49294690787792206 0.4909565159154436 0.01974072058995563 0.022180424180141715
0 0.5192765593528748 0.4908845852932784 0.02031334241231275 0.02282111589298692
0 0.545850396156311 0.4914797242695826 0.02006375789642334 0.02281186007714081
0 0.5722293853759766 0.4918809491534566 0.02006375789642334 0.02281186007714081
0 0.5988720059394836 0.49228618387464607 0.02006375789642334 0.02281186007714081
0 0.626157820224762 0.49270120158350716 0.02006375789642334 0.02281186007714081
0 0.6529291868209839 0.49310839453408883 0.02006375789642334 0.02281186007714081
0 0.1796499788761139 0.5177849170773529 0.01940441628297168 0.02214612147604778
0 0.20499566197395325 0.51842369440377 0.01940441628297168 0.02214612147604778
0 0.23120218515396118 0.5190841671456958 0.01940441628297168 0.02214612147604778
0 0.2573968395590782 0.5197443407635356 0.01940441628297171 0.02214612147604778
0 0.2835994362831116 0.520404714548529 0.019404416282971737 0.02214612147604778
0 0.30938664078712463 0.5198683184246684 0.01945606867472327 0.02260950369428289
0 0.3620326519012451 0.5208047499140109 0.01945606867472327 0.02260950369428289
0 0.38836246728897095 0.5212730867873249 0.01945606867472327 0.02260950369428289
0 0.4142698049545288 0.5220237554505814 0.019809583822886112 0.022770016692405522
0 0.4399438798427582 0.5223783066789062 0.019809583822886112 0.022770016692405522
0 0.46585220098495483 0.5227360927773259 0.019809583822886112 0.022770016692405522
0 0.5185086727142334 0.5234632627654223 0.019809583822886223 0.022770016692405522
0 0.5719475746154785 0.5242012378781341 0.019809583822886223 0.022770016692405522
0 0.5984413623809814 0.5247524628943767 0.02018050352732348 0.02280488125113554
0 0.6252992749214172 0.5253112638256511 0.02018050352732348 0.02280488125113554
0 0.6520270705223083 0.525867357567121 0.02018050352732348 0.02280488125113554
0 0.6790161728858948 0.5264288880104242 0.02018050352732348 0.02280488125113554
0 0.7063332796096802 0.5267591398790467 0.02060035864512133 0.022832678269970378
0 0.7339915633201599 0.527207751606786 0.02060035864512133 0.022832678269970378
0 0.7609489560127258 0.527851193450218 0.020721912384033203 0.02277004626370221
0 0.1786302775144577 0.5501243236453034 0.019519150257110596 0.022524811500726744
0 0.20506200194358826 0.5507456523784536 0.019519150257110596 0.022524811500726744
0 0.23065859079360962 0.5513473496368294 0.019519150257110596 0.022524811500726744
0 0.25678303837776184 0.5519614552342614 0.019519150257110596 0.022524811500726744
0 0.28273606300354004 0.5525715312039693 0.019519150257110596 0.022524811500726744
0 0.3353992998600006 0.5527221369264403 0.019777963558832767 0.022556837214980016
0 0.3609301447868347 0.5530572492022847 0.019777963558832767 0.022556837214980016
0 0.3866881728172302 0.5538828994549891 0.01994168758392334 0.022452805393426048
0 0.41297993063926697 0.5543514517850654 0.01994168758392334 0.022452805393426048
0 0.43895524740219116 0.5546339625715538 0.019988596439361572 0.022414599278176423
0 0.465079128742218 0.5550935753036556 0.019988596439361572 0.022414599278176423
0 0.5179494023323059 0.5560237529665925 0.02037060260772705 0.022629730461179692
0 0.5713000893592834 0.5571893123484651 0.02037060260772705 0.022629730461179692
0 0.5976073145866394 0.5577640497114399 0.02037060260772705 0.022629730461179692
0 0.6243322491645813 0.5583479128247959 0.02037060260772705 0.022629730461179692
0 0.6513118147850037 0.558937338895576 0.020820538202921623 0.023180525432261442
0 0.6785727739334106 0.5594721456735482 0.020820538202921623 0.023180525432261442
0 0.7058196067810059 0.560006675321087 0.020820538202921623 0.023180525432261442
0 0.7334253787994385 0.5605482466541514 0.020820538202921623 0.023180525432261442
0 0.7607930302619934 0.5610851465269576 0.020820538202921623 0.023180525432261442
0 0.12741874158382416 0.5812473297119141 0.019606252511342362 0.022570794866990727
0 0.15244419872760773 0.5816032498381859 0.019702553749084473 0.0224959203439166
0 0.20426690578460693 0.5831594245378361 0.01953589916229248 0.022533446319343564
0 0.22977647185325623 0.583239315459739 0.019880597790082277 0.022611366685970753
0 0.25556065887212753 0.5836981839911882 0.019880597790082305 0.022611366685970753
0 0.3077978789806366 0.5846278241795966 0.019880597790082333 0.022611366685970753
0 0.33370429277420044 0.5850888679210133 0.019880597790082333 0.022611366685970753
0 0.3601264953613281 0.585559090902639 0.019832750161488888 0.022554885509402253
0 0.38579365611076355 0.5860587819822861 0.019832750161488888 0.022554885509402253
0 0.41187435388565063 0.5865665238457631 0.019832750161488888 0.022554885509402253
0 0.4379962384700775 0.587075067538532 0.019832750161488888 0.022554885509402253
0 0.46449050307273865 0.5875908607660338 0.019832750161488888 0.022554885509402253
0 0.4904838800430298 0.5883537115052689 0.019988954067230225 0.02245487538419023
0 0.5171565413475037 0.5889511135747844 0.02004883686701464 0.02256624088730923
0 0.5702729225158691 0.5900140806686046 0.020579516887664795 0.022830489994019446
0 0.5971240401268005 0.5906291749625677 0.020579516887664795 0.022830489994019446
0 0.6236366629600525 0.5913819779557279 0.02051866054534912 0.023146902867990003
0 0.6509898900985718 0.59216738856116 0.021685560544331794 0.023718397746714567
0 0.6778693795204163 0.5928375589193212 0.021685560544331794 0.023718397746714567
0 0.7047956585884094 0.5935088958559626 0.021685560544331794 0.023718397746714567
0 0.7328323721885681 0.5942079185978086 0.021685560544331794 0.023718397746714567
0 0.7610460519790649 0.5949113535326581 0.021685560544331794 0.023718397746714567
0 0.7890160083770752 0.5952774757562682 0.021826227506001716 0.023845317751862282
0 0.12652672827243805 0.613172668935611 0.019362688064575195 0.02224843816239699
0 0.15181171894073486 0.6137716160264126 0.019320666790008545 0.02242231738659757
0 0.17763403058052063 0.6145653781185826 0.019310961167017637 0.022259704826414067
0 0.20336642861366272 0.6151123046875 0.019310961167017637 0.022259704826414067
0 0.2290792018175125 0.6156588141425311 0.019310961167017637 0.022259704826414067
0 0.2809743285179138 0.6169513476873866 0.01982369025548303 0.022241429765095026
0 0.30695030093193054 0.617313917293105 0.01982369025548303 0.022241429765095026
0 0.3329869210720062 0.6176773334127392 0.01982369025548303 0.022241429765095026
0 0.35891541838645935 0.6180392403665325 0.01982369025548303 0.022241429765095026
0 0.3852540850639343 0.6184068724166515 0.01982369025548303 0.022241429765095026
0 0.4109730124473572 0.61876585421769 0.01982369025548303 0.022241429765095026
0 0.4636755883693695 0.620298663819473 0.02026689052581787 0.022926093996033244
0 0.48963645100593567 0.6209249274675236 0.02026689052581787 0.022926093996033244
0 0.5430670380592346 0.6222138536035281 0.02026689052581787 0.022926093996033244
0 0.5696133375167847 0.6232136018881869 0.02059626579284668 0.023124576539032164
0 0.5962149500846863 0.6240758643098625 0.02059626579284668 0.023124576539032164
0 0.6233236789703369 0.6249545643570052 0.02059626579284668 0.023124576539032164
0 0.6503674983978271 0.6258311604344567 0.02059626579284668 0.023124576539032164
0 0.12558554112911224 0.6452900642572448 0.019456664721171066 0.022280079449794144
0 0.15032051503658295 0.6458641766521985 0.01945666472117108 0.022280079449794144
0 0.17638997733592987 0.6463957498239916 0.019746234019597353 0.022736364556837398
0 0.20228396356105804 0.6470296562243181 0.019746234019597353 0.022736364556837398
0 0.22804172337055206 0.6476602276882614 0.019746234019597353 0.022736364556837398
0 0.2800048589706421 0.6489323286290567 0.01974623401959741 0.022736364556837398
0 0.30556973814964294 0.6495581782141397 0.01974623401959741 0.022736364556837398
0 0.3574599325656891 0.6504492205242778 0.020328183968861935 0.02299762696258776
0 0.3836587965488434 0.6508434043508466 0.020214637120564816 0.023128568664077587
0 0.40985363721847534 0.6519317634931953 0.020393013954162598 0.02320876602054561
0 0.4349480867385864 0.6526216906170512 0.020393013954162598 0.02320876602054561
0 0.4619430601596832 0.653363869255242 0.020393013954162598 0.02320876602054561
0 0.48849013447761536 0.6540937337065935 0.020393013954162598 0.02320876602054561
0 0.5152039527893066 0.6548281824866007 0.020393013954162598 0.02320876602054561
0 0.5680444240570068 0.6562809369825979 0.020393013954162598 0.02320876602054561
0 0.594857394695282 0.6571146228674073 0.02068052689234423 0.023323473080184055
0 0.6223222017288208 0.658047340777008 0.020714441935221428 0.023179401722989285
0 0.6491631269454956 0.6588539744532386 0.020714441935221428 0.023179401722989285
0 0.6752753257751465 0.6601551854333212 0.020629247029622322 0.023336188737736192
0 0.12498399615287781 0.6768754471180051 0.020258059104283646 0.02238360855930541
0 0.17554007470607758 0.678067423093733 0.020183722178141295 0.022550715956577035
0 0.2015397995710373 0.6788178820942723 0.020183722178141295 0.022550715956577035
0 0.25252702832221985 0.680244623228561 0.020596404870351165 0.022774422815603747
0 0.2783754765987396 0.6810060018786148 0.020596404870351193 0.022774422815603747
0 0.30409178137779236 0.6817634881775055 0.020596404870351193 0.022774422815603747
0 0.3306845724582672 0.6825467918078595 0.020596404870351193 0.022774422815603747
0 0.35684657096862793 0.6833174062329669 0.020596404870351193 0.022774422815603747
0 0.38273704051971436 0.6838416471144336 0.020274539788564083 0.02330782986426544
0 0.40854498744010925 0.6846858866976102 0.020274539788564083 0.02330782986426544
0 0.43469950556755066 0.6855414634527162 0.020274539788564083 0.02330782986426544
0 0.48726657032966614 0.6875995317454487 0.020626703898111942 0.023329446482103923
0 0.5137325525283813 0.6884863276703397 0.020626703898112053 0.023329446482103923
0 0.5404362678527832 0.6893810893214026 0.020626703898112053 0.023329446482103923
0 0.567392110824585 0.6898129485374274 0.020751555760701423 0.023286390674206583
0 0.5942755341529846 0.6905399575480794 0.020751555760701423 0.023286390674206583
0 0.45807889103889465 0.7532182072484216 0.021099090576171875 0.023291580436765713
0 0.4845963418483734 0.7545173103112641 0.021099090576171875 0.023291580436765713
0 0.5113561153411865 0.7558282848825099 0.021099090576171875 0.023291580436765713
0 0.5385466814041138 0.7571603641953579 0.021099090576171875 0.023291580436765796
0 0.11979642137885094 0.774191656778025 0.020482378701368972 0.023047277169634096
0 0.14491134881973267 0.7745872717348979 0.020750115315119444 0.02324623285337936
0 0.17135915160179138 0.7757178018259447 0.020750115315119444 0.02324623285337936
0 0.19657890498638153 0.7767958380743623 0.020750115315119444 0.02324623285337936
0 0.24768009036779404 0.7789801944928484 0.020750115315119416 0.02324623285337936
0 0.273874968290329 0.780099913131359 0.02081034580866492 0.023427800614704567
0 0.29977837204933167 0.7808956075740866 0.02081034580866492 0.023427800614704567
0 0.32606518268585205 0.7817030794158224 0.02081034580866492 0.023427800614704567
0 0.35203099250793457 0.7825006908327843 0.02081034580866492 0.023427800614704567
0 0.3783033490180969 0.7833077186761901 0.02081034580866492 0.023427800614704567
0 0.40489041805267334 0.7844622395198398 0.02127319574356079 0.023847299028736568
0 0.43107494711875916 0.7856518945028615 0.02127319574356079 0.023847299028736568
0 0.4838435649871826 0.788049357868955 0.02127319574356079 0.023847299028736568
0 0.510753333568573 0.789271963026528 0.02127319574356079 0.023847299028736568
0 0.5374921560287476 0.7904868015023165 0.02127319574356079 0.023847299028736568
0 0.5638538599014282 0.7916845061581433 0.02127319574356079 0.023847299028736568
0 0.592327356338501 0.7930355515590933 0.021494686603546143 0.024002666621245266
0 0.6188979148864746 0.7939001571300418 0.02120232582092285 0.02397682130798802
0 0.11821023374795914 0.8073052694631178 0.020411431789398193 0.0232351731884386
0 0.143759086728096 0.808200024054167 0.02030609051386517 0.023081106732982182
0 0.16925910115242004 0.809240651685138 0.020482227206230164 0.023279056992641715
0 0.19484323263168335 0.8102423556936398 0.020482227206230164 0.023279056992641715
0 0.2462427243590355 0.8122548170875304 0.020482227206230164 0.023279056992641715
0 0.27187085151672363 0.8132582436734614 0.020482227206230164 0.023279056992641715
0 0.3245008587837219 0.8153188838515171 0.020482227206230164 0.023279056992641715
0 0.35080045461654663 0.8163412300766801 0.020630424221356747 0.02334689354711736
0 0.37707921862602234 0.8177215221316315 0.02043571074803674 0.02360783066860465
0 0.40335994958877563 0.8186892704379364 0.02043571074803674 0.02360783066860465
0 0.4293968975543976 0.8196480418028115 0.02043571074803674 0.02360783066860465
0 0.4559863209724426 0.8206271572435084 0.02043571074803674 0.02360783066860465
0 0.4828439950942993 0.8216161506120548 0.02043571074803674 0.02360783066860465
0 0.5097111463546753 0.823175459743361 0.020808041095733643 0.023618358050206022
0 0.5639898777008057 0.8257728399232377 0.020808041095733643 0.023618358050206022
0 0.5913610458374023 0.8272203844647075 0.021243015925089592 0.023887220279190782
0 0.6190469861030579 0.828650191878536 0.021243015925089592 0.023887220279190782
0 0.6462903618812561 0.8293200648108194 0.021363695462544685 0.024308552113614452
0 0.1155308447778225 0.8401556027632672 0.02049807210763295 0.023387287938317586
0 0.16722388565540314 0.8423450381256813 0.02064902583758038 0.023676199506419682
0 0.19301456212997437 0.8433914184570312 0.020903468132019043 0.02408150369806796
0 0.21902064979076385 0.8444910471149522 0.020903468132019043 0.02408150369806796
0 0.2448941394686699 0.8455850690647875 0.020903468132019043 0.02408150369806796
0 0.27034899592399597 0.8466613897327263 0.020903468132019043 0.02408150369806796
0 0.29667195677757263 0.8477744169013445 0.020903468132019043 0.02408150369806796
0 0.3228570818901062 0.8489618626536948 0.021045029163360596 0.024452032044876452
0 0.3759099245071411 0.8503132673346905 0.020985325177510616 0.02391040417575108
0 0.40189430117607117 0.8516930868459303 0.020985325177510616 0.02391040417575108
0 0.4284631907939911 0.8531039450994828 0.020985325177510616 0.02391040417575108
0 0.45503947138786316 0.8545151958278273 0.020985325177510616 0.02391040417575108
0 0.4820430278778076 0.855949135713799 0.020985325177510616 0.02391040417575108
0 0.5081349611282349 0.8573346666827967 0.02098532517751056 0.02391040417575108
0 0.5629076957702637 0.8595709329802793 0.021842241287231445 0.024282233659611192
0 0.5903862714767456 0.8609624463458394 0.021842241287231445 0.024282233659611192
0 0.6175479888916016 0.8623379140272089 0.021842241287231445 0.024282233659611192
0 0.6450417637825012 0.8637301970785232 0.021842241287231445 0.024282233659611192
0 0.6727830767631531 0.865135015443314 0.021842241287231445 0.024282233659611192
0 0.7019073963165283 0.8666098691749724 0.021842241287231445 0.024282233659611192
0 0.7283523678779602 0.8676443797823762 0.022125641504923577 0.023958073105922965
0 0.11311937123537064 0.8736858811489371 0.021305670340855926 0.023673833802688952
0 0.16517630219459534 0.8758033660506734 0.021305670340855898 0.023673833802688952
0 0.1906348168849945 0.8768389249951638 0.021305670340855898 0.023673833802688952
0 0.2425985187292099 0.8789526176786536 0.021305670340855926 0.023673833802688952
0 0.2688690423965454 0.8800212061682413 0.021305670340855953 0.023673833802688952
0 0.29453718662261963 0.8812810895127804 0.02126457293828332 0.023914248444313228
0 0.32045069336891174 0.8829708542934683 0.02176866928736365 0.024022538532582474
0 0.34591415524482727 0.8840402232803228 0.02176866928736365 0.024022538532582474
0 0.40017348527908325 0.8863189097004527 0.02176866928736365 0.024022538532582474
0 0.4266655147075653 0.8871427967244191 0.02231087287267053 0.024268216865007266
0 0.4531216025352478 0.8885425301485284 0.02231087287267053 0.024268216865007266
0 0.5075325220823288 0.8914212922399843 0.022310872872670473 0.024268216865007266
0 0.5344131588935852 0.8928434876171362 0.022310872872670418 0.024268216865007266
0 0.5618312358856201 0.8942941177723019 0.022310872872670418 0.024268216865007266
0 0.5893790125846863 0.895751610053728 0.022310872872670418 0.024268216865007266
0 0.6162194609642029 0.8972993832679917 0.022582729657490974 0.024618577587512003
0 0.6443537473678589 0.8988337849461755 0.022582729657490974 0.024618577587512003
0 0.6721088290214539 0.900954756625863 0.022481322288513184 0.024765251218810673
