0 0.14982916414737701 0.07455105086167653 0.02485746145248413 0.025661955277125042
0 0.17956183850765228 0.07546497881412506 0.024844616651535034 0.02544376254081726
0 0.11746064200997353 0.11339582999547322 0.0250864898165067 0.025265124109056274
0 0.1778998076915741 0.11694950097775349 0.025086489816506685 0.025265124109056274
0 0.20745731890201569 0.11868740832164898 0.025086489816506685 0.025265124109056274
0 0.2361385077238083 0.12037379011239453 0.025086489816506685 0.025265124109056274
0 0.2651369571685791 0.12207882603009541 0.02508648981650674 0.025265124109056274
0 0.32243332266807556 0.12563881919777742 0.02478579680124915 0.024486581484476726
0 0.3496454060077667 0.1273295866648438 0.02478579680124915 0.024486581484476726
0 0.40615057945251465 0.13084042072296143 0.02478579680124915 0.024486581484476726
0 0.4337903559207916 0.13255776203292965 0.02478579680124915 0.024486581484476726
0 0.46128690242767334 0.13421517610549927 0.023867805798848507 0.024461481306287964
0 0.5130342245101929 0.1374094178980442 0.023867805798848396 0.024461481306287964
0 0.5391172766685486 0.13915135463078818 0.022971272468566895 0.024254295561048706
0 0.5650395750999451 0.1407882686881536 0.022971272468566895 0.024254295561048706
0 0.5909430384635925 0.14259710644657167 0.02261110146840406 0.02381632725397746
0 0.6170291900634766 0.14433150264507963 0.02261110146840406 0.02381632725397746
0 0.6419311165809631 0.14598716298739114 0.02261110146840406 0.02381632725397746
0 0.20681631565093994 0.1591817488272985 0.024378528197606386 0.025823275248209637
0 0.26469987630844116 0.16223098452601667 0.02437852819760644 0.025823275248209654
0 0.2932288348674774 0.16373385542575614 0.02437852819760644 0.025823275248209654
0 0.3215729892253876 0.16517859957633574 0.02325725555419922 0.024379548099305887
0 0.3495814800262451 0.1661671659096256 0.022152503331502316 0.02409506175253125
0 0.4057396948337555 0.16963733939600267 0.022631684939066532 0.024161444769965273
0 0.43278488516807556 0.17116773128509521 0.022631684939066532 0.024161444769965273
0 0.4598080813884735 0.17269687860488955 0.022631684939066532 0.024161444769965273
0 0.5135855078697205 0.17573995340990325 0.022631684939066643 0.024161444769965273
0 0.5391765236854553 0.1771880586942037 0.022631684939066643 0.024161444769965273
0 0.5649232864379883 0.17864497714808733 0.022631684939066643 0.024161444769965273
0 0.5910571217536926 0.17987846720312525 0.020897229512532478 0.022479017575581867
0 0.6167672276496887 0.1814116636912028 0.020897229512532478 0.022479017575581867
0 0.6664192080497742 0.1846167246500651 0.020865877469380623 0.022162503666347904
0 0.6915750503540039 0.18598921973854113 0.020865877469380623 0.022162503666347904
0 0.7160706520080566 0.1873256922983886 0.020865877469380623 0.022162503666347904
0 0.7399095296859741 0.18862633419827132 0.020865877469380623 0.022162503666347904
0 0.7635995745658875 0.18991885582605997 0.020865877469380623 0.022162503666347904
0 0.7883722186088562 0.19130495310204987 0.020691752433776855 0.022011717160542805
0 0.8116670846939087 0.19281587998072305 0.02126820882161451 0.021976113319396973
0 0.11595681309700012 0.19619928755129026 0.024236847956975296 0.02538775073157414
0 0.176594540476799 0.19901891549428305 0.02392628788948059 0.025515582826402428
0 0.20576204359531403 0.20032506973744535 0.02405129869778949 0.025564259952968998
0 0.23468849062919617 0.201575497786204 0.02405129869778949 0.025564259952968998
0 0.2641368508338928 0.20284848701805713 0.024051298697789547 0.025564259952968998
0 0.3210519254207611 0.20530880319782338 0.024051298697789547 0.025564259952968998
0 0.34869396686553955 0.20650370915730795 0.024051298697789547 0.025564259952968998
0 0.3771725296974182 0.2077347761359661 0.024051298697789547 0.025564259952968998
0 0.4049120545387268 0.20935649508400433 0.023195823033650753 0.024640745586819095
0 0.4328066408634186 0.2112452431919695 0.021509647369384766 0.024012592103746178
0 0.48665082454681396 0.21363502740859985 0.021509647369384766 0.024012592103746178
0 0.5128315687179565 0.2147970160380073 0.021509647369384766 0.024012592103746178
0 0.5389145016670227 0.21595466347958844 0.021509647369384766 0.024012592103746178
0 0.564610481262207 0.21709513664245605 0.021509647369384766 0.024012592103746178
0 0.591702938079834 0.21829759011585637 0.021509647369384766 0.024012592103746178
0 0.20575837790966034 0.24145581023862273 0.023453702529271425 0.025201718012491863
0 0.23476946353912354 0.242568572362264 0.023453702529271425 0.025201718012491863
0 0.26387447118759155 0.24368493700070462 0.02345370252927148 0.025201718012491863
0 0.32087141275405884 0.24585725863774618 0.02288828293482459 0.025286144680447025
0 0.34844887256622314 0.24689299629553288 0.02288828293482459 0.025286144680447025
0 0.3769605755805969 0.24796382169789977 0.02288828293482459 0.025286144680447025
0 0.4046422243118286 0.24900347242047696 0.02288828293482459 0.025286144680447025
0 0.4317972660064697 0.25002334515253705 0.02288828293482459 0.025286144680447025
0 0.4588949680328369 0.2510293881848456 0.02273041009902954 0.024783876207139732
0 0.48640504479408264 0.25256868203481037 0.021916071573893192 0.024304257498847088
0 0.539236843585968 0.25442425591208834 0.021916071573893303 0.024304257498847088
0 0.5648355484008789 0.255323341103827 0.021916071573893303 0.024304257498847088
0 0.5913286209106445 0.25625383853912354 0.021916071573893303 0.024304257498847088
0 0.6173945069313049 0.2571693322057043 0.021916071573893303 0.024304257498847088
0 0.6671940684318542 0.2596766419381156 0.021171847979227776 0.023582590950859943
0 0.6921238899230957 0.26080139478047687 0.021171847979227776 0.023582590950859943
0 0.7162827849388123 0.26189136591592127 0.021171847979227776 0.023582590950859943
0 0.7409988641738892 0.2629556053741647 0.020982305208842034 0.02251565456390381
0 0.7654483914375305 0.2639148434003194 0.020982305208842034 0.02251565456390381
0 0.7901214361190796 0.2641923824946086 0.020963668823242188 0.022197789616054935
0 0.11579392850399017 0.28133628765741986 0.024720191955566406 0.026322219106886147
0 0.14554157853126526 0.28225053848168075 0.024720191955566406 0.026322219106886147
0 0.17552435398101807 0.28317201554435406 0.024720191955566406 0.026322219106886147
0 0.2051284909248352 0.28408185570240363 0.024720191955566406 0.026322219106886147
0 0.26356393098831177 0.285877784093221 0.024720191955566406 0.026322219106886147
0 0.29281890392303467 0.2861345335277951 0.022992829481760624 0.025110695097181557
0 0.3206988275051117 0.2869457999865214 0.022992829481760624 0.025110695097181557
0 0.348554790019989 0.28775636921198317 0.022992829481760624 0.025110695097181557
0 0.37723004817962646 0.28859077878530015 0.022992829481760624 0.025110695097181557
0 0.404933899641037 0.2893969217936198 0.022992829481760624 0.025110695097181557
0 0.4326781928539276 0.29020424159987473 0.022992829481760624 0.025110695097181557
0 0.45962727069854736 0.29152397705786487 0.022273540496826172 0.02407659424675838
0 0.48682379722595215 0.29231533992194475 0.022273540496826172 0.02407659424675838
0 0.5130789279937744 0.29307931010983906 0.022273540496826172 0.02407659424675838
0 0.5655977725982666 0.2946075002352397 0.022273540496826172 0.02407659424675838
0 0.5915866494178772 0.2957959355407025 0.02154926458994555 0.023757722642686607
0 0.6171122193336487 0.296697457631429 0.02154926458994555 0.023757722642686607
0 0.642532229423523 0.29759525151881855 0.02154926458994555 0.023757722642686607
0 0.6679549217224121 0.2983158420503546 0.02122243245442701 0.023506879806518555
0 0.20541277527809143 0.32511337598164874 0.02354015906651813 0.025374988714853924
0 0.23462031781673431 0.32586189851526653 0.02354015906651813 0.025374988714853924
0 0.26370969414711 0.3266073927191478 0.023540159066518185 0.02537498871485396
0 0.2927236557006836 0.32735095421473187 0.023540159066518185 0.025374988714853924
0 0.32070276141166687 0.32806799472121867 0.023540159066518185 0.025374988714853924
0 0.34857845306396484 0.32782781390465826 0.022716661294301388 0.024571789635552288
0 0.3772733509540558 0.32807279626528424 0.022716661294301388 0.024571789635552288
0 0.4330255091190338 0.3297774891058604 0.022059420744578007 0.023815433184305828
0 0.4602690637111664 0.3304513794696011 0.022059420744578007 0.02381543318430579
0 0.5136734247207642 0.3317723775847478 0.022059420744578118 0.023815433184305828
0 0.5399109125137329 0.33242138210919975 0.022059420744578118 0.023815433184305828
0 0.5665062665939331 0.3330792387326558 0.022059420744578118 0.023815433184305828
0 0.5925955772399902 0.33351683616638184 0.021699865659077888 0.023417260911729614
0 0.6188001036643982 0.33399710059165955 0.0211981932322185 0.023230817582872192
0 0.11608997732400894 0.40792496999104816 0.023931796352068588 0.025510311126708984
0 0.14545536041259766 0.4081409772237142 0.023601144552230835 0.02528601222568083
0 0.1756298840045929 0.40836168458949634 0.023601144552230835 0.02528601222568083
0 0.20549355447292328 0.40858011826323964 0.023601144552230835 0.02528601222568083
0 0.26465722918510437 0.4090128627523419 0.023601144552230835 0.02528601222568083
0 0.29361483454704285 0.4092246691385905 0.023601144552230835 0.02528601222568083
0 0.3211554288864136 0.40915203376612047 0.022950013478597042 0.024969763225979325
0 0.34945863485336304 0.4092922608057658 0.022950013478597042 0.024969763225979325
0 0.37792912125587463 0.40977299213409424 0.021711428960164425 0.024472263124254063
0 0.43352144956588745 0.41026668151362217 0.021711428960164425 0.024472263124254063
0 0.46094149351119995 0.4105101860563083 0.021711428960164425 0.024472263124254063
0 0.5140091180801392 0.4109814547266968 0.021711428960164314 0.024472263124254063
0 0.5403644442558289 0.4112155040105184 0.021711428960164314 0.024472263124254063
0 0.5662817358970642 0.41128305594126385 0.0212289492289226 0.02308570014105908
0 0.5927014350891113 0.4114634009909577 0.0212289492289226 0.02308570014105908
0 0.6188236474990845 0.4116417153487762 0.0212289492289226 0.02308570014105908
0 0.6444675326347351 0.41181676456888705 0.0212289492289226 0.02308570014105908
0 0.6693402528762817 0.4119865496953328 0.0212289492289226 0.02308570014105908
0 0.6943491697311401 0.4122434880907211 0.02140740553538012 0.023295243581136067
0 0.2062443643808365 0.45046548103854045 0.023511568705240904 0.025854772991604325
0 0.23622791469097137 0.45040849844614667 0.023264666398366274 0.02566846211751302
0 0.26535147428512573 0.4503515002731764 0.02326466639836633 0.02566846211751302
0 0.2942593991756439 0.45029492412224975 0.02326466639836633 0.02566846211751302
0 0.32237228751182556 0.4502399039497705 0.02326466639836633 0.02566846211751302
0 0.350313663482666 0.45018521944681805 0.02326466639836633 0.02566846211751302
0 0.3786616623401642 0.4501010730916601 0.022785623868306515 0.0255276362101237
0 0.4067753553390503 0.45002929659112256 0.022785623868306515 0.0255276362101237
0 0.43458956480026245 0.4499582846959432 0.022785623868306515 0.0255276362101237
0 0.4881632924079895 0.45013805230458576 0.02189040184020996 0.024821413887871586
0 0.5148844122886658 0.4500741324309345 0.02189040184020996 0.024821413887871586
0 0.5413219332695007 0.4500108909572129 0.02189040184020996 0.024821413887871586
0 0.5674477219581604 0.44994839518160634 0.02189040184020996 0.024821413887871586
0 0.5930147767066956 0.4498872359593709 0.02189040184020996 0.024821413887871586
0 0.6187297105789185 0.4504388968149821 0.02155093351999926 0.024278587765163895
0 0.6439176201820374 0.45049374560330263 0.021206339200337654 0.023929225073920406
0 0.11833666265010834 0.4933495058491668 0.023656725883483887 0.025218592749701656
0 0.1779039204120636 0.49303925037384033 0.023656725883483887 0.025218592749701656
0 0.20728884637355804 0.49288619927640603 0.023656725883483887 0.025218592749701656
0 0.23704731464385986 0.49273120258753567 0.023656725883483887 0.025218592749701656
0 0.26599788665771484 0.4925804138183594 0.023656725883483887 0.025218592749701656
0 0.2947373688220978 0.4924307245085848 0.023656725883483887 0.025218592749701656
0 0.32309412956237793 0.49234211444854736 0.02348177631696069 0.0256068971421984
0 0.3506685793399811 0.4913634459177653 0.022638559341430664 0.0251337157355415
0 0.37918153405189514 0.4911324581396366 0.022638559341430664 0.0251337157355415
0 0.43470245599746704 0.49066758155822754 0.022165020306905148 0.02489802572462289
0 0.46210625767707825 0.4904525712070639 0.022165020306905148 0.02489802572462289
0 0.48846080899238586 0.49024579327897516 0.022165020306905148 0.02489802572462289
0 0.5149211883544922 0.4900381850235554 0.022165020306905037 0.02489802572462289
0 0.541822612285614 0.48982711633046466 0.022165020306905037 0.02489802572462289
0 0.567371129989624 0.48938918113708496 0.021885792414347405 0.024515072504679363
0 0.20894059538841248 0.5343564361632019 0.023369431495666504 0.02550853623284229
0 0.2666632831096649 0.5332135359446207 0.02336386839548743 0.025489621692233566
0 0.2957609295845032 0.532681199610528 0.02336386839548743 0.025489621692233566
0 0.32350945472717285 0.5321735452143656 0.02336386839548743 0.025489621692233566
0 0.3515714704990387 0.531532367070516 0.02263178428014123 0.025113423665364582
0 0.3798898458480835 0.5311256597214437 0.02263178428014123 0.025113423665364582
0 0.40760090947151184 0.5306788608186606 0.021811922391255734 0.02448444896274138
0 0.43560317158699036 0.530254085858663 0.02182602882385254 0.024434540006849453
0 0.4889422655105591 0.5294391925756309 0.02182602882385254 0.024434540006849453
0 0.5153259038925171 0.5290361139307216 0.02182602882385254 0.024434540006849453
0 0.5415526032447815 0.5286354329373607 0.02182602882385254 0.024434540006849453
0 0.5677371621131897 0.52823539574941 0.02182602882385254 0.024434540006849453
0 0.5938572287559509 0.5278890125317243 0.021256645520528084 0.022990359200371586
0 0.6194701194763184 0.5275178819109168 0.021256645520528084 0.022990359200371586
0 0.6454597115516663 0.527141292889913 0.021256645520528084 0.022990359200371586
0 0.12032952159643173 0.5771159106027002 0.02410578727722168 0.025714291466606937
0 0.1507360190153122 0.5765022039413452 0.02410578727722168 0.025714291466606937
0 0.20995894074440002 0.5753068837086545 0.02410578727722168 0.025714291466606937
0 0.23875242471694946 0.5749198921903421 0.023236175378163665 0.025161478254530117
0 0.26796430349349976 0.5741361379623413 0.023236175378163693 0.025161478254530117
0 0.2966063618659973 0.5733676720064265 0.023236175378163693 0.025161478254530117
0 0.3532246947288513 0.5718486030652242 0.023236175378163693 0.025161478254530117
0 0.3810347318649292 0.5711024602254232 0.023236175378163693 0.025161478254530117
0 0.4362070858478546 0.5696221868738308 0.023236175378163693 0.025161478254530117
0 0.4631655514240265 0.5691688855489095 0.021561861038208008 0.024381319681803387
0 0.4898495376110077 0.5684949878266005 0.021561861038208008 0.024381319681803387
0 0.5160983204841614 0.5678320810604355 0.021561861038208008 0.024381319681803387
0 0.5419628620147705 0.5671788782179551 0.021561861038208008 0.024381319681803387
0 0.5673985481262207 0.5665365060170492 0.021561861038208008 0.024381319681803387
0 0.5941027998924255 0.5657971926902478 0.021966179211934334 0.02429986000061035
0 0.620277464389801 0.5650999148686727 0.021966179211934334 0.02429986000061035
0 0.21132461726665497 0.6166084210077921 0.023917088905970274 0.02580714225769043
0 0.26882070302963257 0.6149417476705433 0.02391708890597022 0.02580714225769043
0 0.2979089915752411 0.6140753825505575 0.022874196370442745 0.025245931413438633
0 0.3260754942893982 0.613263330728561 0.022874196370442745 0.025245931413438633
0 0.35417377948760986 0.6124532456455197 0.022874196370442745 0.025245931413438633
0 0.3816734850406647 0.611660417859076 0.022874196370442745 0.025245931413438633
0 0.40875592827796936 0.6108796199162801 0.022874196370442745 0.025245931413438633
0 0.43629929423332214 0.6099473343946707 0.021865765253702762 0.024710814158121746
0 0.46402737498283386 0.6090087966623293 0.021865765253702762 0.024710814158121746
0 0.49121981859207153 0.6081413654646242 0.0213930606842041 0.023716449737548828
0 0.5427281856536865 0.6063449382781982 0.0213930606842041 0.023716449737548828
0 0.5685181617736816 0.6054454763677903 0.0213930606842041 0.023716449737548828
0 0.5943969488143921 0.6045429170508536 0.0213930606842041 0.023716449737548828
0 0.6197903752326965 0.6036572853724161 0.0213930606842041 0.023716449737548828
0 0.6449577808380127 0.6027795364896548 0.0213930606842041 0.023716449737548828
0 0.6701997518539429 0.6016628899939337 0.0211259126663208 0.023447804980807785
0 0.6952714323997498 0.6012610844908296 0.021396319071451897 0.02347585890028207
0 0.7203654646873474 0.6004026730855306 0.02188332875569654 0.0231655703650581
0 0.12373422086238861 0.661187986532847 0.0247003436088562 0.025545756022135418
0 0.18289382755756378 0.6590060881472688 0.0247003436088562 0.025545756022135418
0 0.21201181411743164 0.6580703747465254 0.02361684044202167 0.02532965607113306
0 0.24134747684001923 0.656895915667216 0.023616840442021697 0.02532965607113306
0 0.2701947093009949 0.6557410109903682 0.023616840442021725 0.02532965607113306
0 0.2978542447090149 0.6546336560007563 0.023616840442021725 0.02532965607113306
0 0.3265756666660309 0.6534837881724039 0.023616840442021725 0.025329656071133133
0 0.3551051616668701 0.6523416041778337 0.023616840442021725 0.025329656071133133
0 0.410296767950058 0.6502205000331737 0.022737840811411503 0.024768458472357906
0 0.43755871057510376 0.6491578817367554 0.022737840811411503 0.024768458472357906
0 0.4918603003025055 0.6470413097975304 0.022737840811411558 0.024768458472357906
0 0.5173376798629761 0.6460250448732822 0.02215576171875 0.02434147728814014
0 0.5438134074211121 0.6448739484014409 0.02107071876525879 0.023496919208102707
0 0.5696995854377747 0.6438695987065634 0.02107071876525879 0.023496919208102707
0 0.5952476859092712 0.6428783659762338 0.02107071876525879 0.023496919208102707
0 0.6200053691864014 0.641917800394507 0.02107071876525879 0.023496919208102707
0 0.6449739933013916 0.6409490505854288 0.02107071876525879 0.023496919208102707
0 0.6711241006851196 0.6399344607778892 0.02107071876525879 0.023496919208102707
0 0.21407166123390198 0.698898712793986 0.02364392081896466 0.024997128380669587
0 0.27126553654670715 0.6963630517323812 0.02359914779663086 0.024691528744167652
0 0.29997536540031433 0.6947376344033692 0.023027916749318478 0.02432107925415039
0 0.3275885581970215 0.6935402552286783 0.023027916749318478 0.02432107925415039
0 0.3556613028049469 0.6923502286275228 0.022941211859385136 0.02403370539347331
0 0.38370248675346375 0.6911146606861767 0.022941211859385136 0.02403370539347331
0 0.4111235737800598 0.6899064158378446 0.022941211859385136 0.02403370539347331
0 0.4387643039226532 0.6886884929390721 0.022941211859385136 0.02403370539347331
0 0.4916517436504364 0.6863581339518229 0.02294121185938519 0.02403370539347331
0 0.5181187391281128 0.6844321091969808 0.02230445543924975 0.023541927337646484
0 0.544187068939209 0.6830955346578557 0.02230445543924975 0.023541927337646484
0 0.5702036023139954 0.682323694229126 0.021988173325856453 0.022903601328531902
0 0.5956946611404419 0.6810144681706632 0.021988173325856453 0.022903601328531902
0 0.6207354664802551 0.6798248410027533 0.0212860107421875 0.022251182132297192
0 0.6458964943885803 0.6785806020100912 0.0212860107421875 0.022251182132297192
0 0.6713160276412964 0.6773235796593533 0.0212860107421875 0.022251182132297116
0 0.12967509031295776 0.7847052415211996 0.024720976750055954 0.025277826521131825
0 0.15874505043029785 0.7832281589508057 0.024203399817148863 0.025000360276963878
0 0.21778655052185059 0.7796147617356778 0.024203399817148863 0.025000360276963878
0 0.24697048962116241 0.7778286762855386 0.024203399817148835 0.025000360276963878
0 0.2744014859199524 0.7761498726392807 0.024203399817148807 0.025000360276963878
0 0.3030470311641693 0.7743967374165853 0.024203399817148807 0.025000360276963878
0 0.3308863341808319 0.7727655986306377 0.023689905802408817 0.024525165557861328
0 0.35836151242256165 0.7711557943602475 0.023689905802408817 0.024525165557861328
0 0.3858332633972168 0.7695461908976237 0.022673487663269043 0.02409129672580305
0 0.44040152430534363 0.7661710944617245 0.022673487663269043 0.02409129672580305
0 0.46709194779396057 0.7645202675581376 0.022673487663269043 0.02409129672580305
0 0.49424366652965546 0.7628409091250795 0.022673487663269043 0.02409129672580305
0 0.5200048685073853 0.7612475554148356 0.022673487663269043 0.02409129672580305
0 0.5459897518157959 0.7595344799160398 0.022125691175460815 0.02324480480617937
0 0.5711395740509033 0.7578948781172358 0.022125691175460815 0.02324480480617937
0 0.5965083241462708 0.7562410036722819 0.022125691175460815 0.02324480480617937
0 0.6223399639129639 0.7545234362284342 0.021818359692891365 0.02302747302585188
0 0.6466134786605835 0.7532550826965476 0.021325310071309334 0.022551483578152027
0 0.6710906028747559 0.7518242994944254 0.021325310071309334 0.022551483578152027
0 0.6957711577415466 0.7503627363503332 0.021537144978841072 0.022535959879557293
0 0.13108687102794647 0.8243253231048584 0.024682223796844482 0.02425437503390852
0 0.16146588325500488 0.8226588189441587 0.024682223796844482 0.02425437503390852
0 0.19051237404346466 0.821065413029875 0.024682223796844482 0.02425437503390852
0 0.21956053376197815 0.8194719155629476 0.024682223796844482 0.02425437503390852
0 0.24877168238162994 0.8178694769994546 0.024682223796844482 0.02425437503390852
0 0.2767375707626343 0.815626092788197 0.02454175551732385 0.023822254604763355
0 0.3050752878189087 0.8137773439006519 0.023248672485351562 0.02346266640557193
0 0.33286622166633606 0.8118507862091064 0.023248672485351562 0.02346266640557193
0 0.36043059825897217 0.8099399342014432 0.023248672485351562 0.02346266640557193
0 0.38757750391960144 0.8079221572029897 0.02226186792055762 0.022912555270724926
0 0.4414587616920471 0.8043227990468343 0.02226186792055762 0.022912555270724926
0 0.4681037962436676 0.8025428661648024 0.02226186792055762 0.022912555270724926
0 0.4952143281698227 0.8007318372794296 0.022261867920557676 0.022912555270724926
0 0.5212222933769226 0.7989944616953532 0.022261867920557732 0.022912555270724926
0 0.5463504791259766 0.7973158568508408 0.022261867920557732 0.022912555270724926
0 0.5721518397331238 0.7952563643721215 0.02107318242390943 0.021899912092420887
0 0.5971931219100952 0.7936264832855827 0.02107318242390943 0.021899912092420887
0 0.6227503418922424 0.7919630209604899 0.02107318242390943 0.021899912092420887
0 0.6473357677459717 0.7903628105431357 0.02107318242390943 0.021899912092420887
