0 0.15286408364772797 0.12530523122743117 0.019315361976623535 0.021150455918422965
0 0.1757972091436386 0.1226758608839193 0.01967842380205792 0.02130608225977698
0 0.1993139237165451 0.12020470375238462 0.01967842380205792 0.02130608225977698
0 0.22336749732494354 0.11770211818606355 0.020266711711883545 0.021437556244606196
0 0.24683581292629242 0.11505538298159602 0.020266711711883545 0.021437556244606196
0 0.27071067690849304 0.11236279762195771 0.020266711711883545 0.021437556244606196
0 0.29419228434562683 0.10971456337638721 0.020266711711883545 0.021437556244606196
0 0.31916362047195435 0.1068983188895292 0.021064738432566288 0.022453197213106377
0 0.3440782129764557 0.10461881691419687 0.021064738432566288 0.022453197213106377
0 0.36936458945274353 0.10230529943979781 0.021064738432566288 0.022453197213106377
0 0.39501914381980896 0.09995809639622281 0.021064738432566288 0.022453197213106377
0 0.42129242420196533 0.0975542844727982 0.021064738432566288 0.022453197213106377
0 0.44636544585227966 0.09424630708472673 0.02105214198430383 0.022796401681826093
0 0.499778613448143 0.08867908078570698 0.021858702103296934 0.023002304772073903
0 0.5269137024879456 0.08630053733264152 0.02185870210329699 0.023002304772073913
0 0.55412358045578 0.08391543820861913 0.02185870210329699 0.023002304772073913
0 0.5816741585731506 0.08150047479673872 0.02185870210329699 0.023002304772073903
0 0.1532495617866516 0.15508546385654184 0.01869411269823712 0.021276067393694722
0 0.17588727176189423 0.15326489802364215 0.018725057442982973 0.021253630172374638
0 0.19901350140571594 0.15075650326041287 0.018725057442982973 0.021253630172374638
0 0.22190187871456146 0.14758868785554943 0.01956269145011902 0.02165532666583394
0 0.24549777805805206 0.1453454439030137 0.01956269145011902 0.02165532666583394
0 0.26931482553482056 0.14308117556800506 0.01956269145011902 0.02165532666583394
0 0.29447078704833984 0.14068961770814367 0.01956269145011902 0.02165532666583394
0 0.3446037173271179 0.13592351869095204 0.01956269145011902 0.02165532666583394
0 0.3700532019138336 0.13350405581889796 0.01956269145011902 0.02165532666583394
0 0.39556360244750977 0.13192828685537636 0.020237356424331665 0.022508007611415196
0 0.44720032811164856 0.12648511487384176 0.02148538827896118 0.023205099179763215
0 0.4733855128288269 0.12415294907783642 0.02148538827896118 0.023205099179763215
0 0.4996993988752365 0.12180932058484518 0.02148538827896118 0.023205099179763215
0 0.5275798439979553 0.11856466083242788 0.02128831545511889 0.02290688743887023
0 0.5548866987228394 0.11689410098763399 0.02128831545511889 0.02290688743887023
0 0.5821942090988159 0.1152235010318717 0.02128831545511889 0.02290688743887023
0 0.6105750799179077 0.11348723577436287 0.02128831545511889 0.02290688743887023
0 0.638609766960144 0.11177214910817701 0.02128831545511889 0.02290688743887023
0 0.10634222626686096 0.18954951818599258 0.01812774936358133 0.02082149002903191
0 0.12944364175200462 0.1874624261765577 0.018127749363581344 0.02082149002903191
0 0.15189874172210693 0.1854337253920192 0.018127749363581358 0.02082149002903191
0 0.17520208656787872 0.18332839012146 0.018127749363581358 0.02082149002903193
0 0.220923513174057 0.17919769846790806 0.018127749363581358 0.02082149002903191
0 0.24553890526294708 0.17702427021292752 0.018429567416509002 0.02115894288055655
0 0.26988887786865234 0.17482804651171305 0.01842956741650903 0.02115894288055655
0 0.29474490880966187 0.17249977526089325 0.019748369852701786 0.02187008081480514
0 0.3192363381385803 0.17067822472040375 0.019748369852701786 0.02187008081480514
0 0.34458908438682556 0.16879261371701262 0.020687003930409786 0.023067089938378135
0 0.39556366205215454 0.16431556317328194 0.020687003930409786 0.023067089938378135
0 0.4477812945842743 0.1594289735306141 0.02110024293263757 0.02343249505804492
0 0.47363942861557007 0.1573214097051198 0.02110024293263757 0.02343249505804492
0 0.5014820098876953 0.15501285153766012 0.02163879076639813 0.023427904114242684
0 0.5274463891983032 0.15316081368410445 0.021638790766398186 0.023427904114242684
0 0.5838304758071899 0.14913893965859454 0.021638790766398186 0.023427904114242684
0 0.6394191384315491 0.14517380318538073 0.021638790766398186 0.023427904114242684
0 0.6675820350646973 0.1431649452032045 0.021638790766398186 0.023427904114242684
0 0.69614577293396 0.14207091442374295 0.022195061047871834 0.02340401050656341
0 0.7246070504188538 0.14048221895602817 0.022195061047871834 0.02340401050656341
0 0.7537420392036438 0.14084548728410587 0.022795240084330315 0.02392440618470658
0 0.10559891909360886 0.2186409040938976 0.018120403091112763 0.021147010862365277
0 0.12786877155303955 0.21707951535043432 0.018120403091112777 0.021147010862365277
0 0.15068639814853668 0.21583463979321857 0.01846961180369061 0.02126495597898501
0 0.17382648587226868 0.2138544125774661 0.01846961180369061 0.02126495597898501
0 0.1973128765821457 0.21184455027103255 0.01846961180369061 0.02126495597898501
0 0.2218017876148224 0.20974889667239413 0.01846961180369061 0.02126495597898501
0 0.24560439586639404 0.20771197385566179 0.018469611803690583 0.02126495597898501
0 0.2698132395744324 0.20622073772341706 0.019310951232910156 0.021854696347731926
0 0.29389700293540955 0.20421098740182073 0.019310951232910156 0.021854696347731926
0 0.34486567974090576 0.19995773540520137 0.019310951232910156 0.021854696347731926
0 0.3703061640262604 0.19783476896064225 0.019310951232910156 0.021854696347731926
0 0.39584848284721375 0.1957033045920834 0.019310951232910156 0.021854696347731947
0 0.4217706024646759 0.19434841843538506 0.020685752232869503 0.02227680442869202
0 0.4476544260978699 0.19230110757919158 0.020685752232869503 0.02227680442869202
0 0.4738751947879791 0.19022714566545962 0.020685752232869503 0.02227680442869202
0 0.5011759400367737 0.18806776176136167 0.020685752232869448 0.02227680442869202
0 0.5281612277030945 0.18593332933825116 0.020685752232869392 0.02227680442869202
0 0.10471692681312561 0.24874392221140307 0.01861123243967691 0.02138967292253361
0 0.1496419906616211 0.24475505740143533 0.018580744663874327 0.021726312563400886
0 0.173502117395401 0.2445411903913631 0.018915683031082153 0.021737564441769622
0 0.19663570821285248 0.24275269561644996 0.018915683031082153 0.021737564441769622
0 0.22076645493507385 0.24088710912933675 0.018915683031082153 0.021737564441769622
0 0.24472053349018097 0.23903518113978536 0.018915683031082153 0.021737564441769622
0 0.2938236594200134 0.23523894021677416 0.018915683031082153 0.021737564441769622
0 0.31879565119743347 0.2336259237046419 0.019823968410491943 0.022075401720150524
0 0.3439258933067322 0.23200268532472093 0.019823968410491943 0.022075401720150524
0 0.39526960253715515 0.2286862397836138 0.019823968410491943 0.022075401720150524
0 0.42133480310440063 0.22700260960778526 0.019823968410491943 0.022075401720150524
0 0.4474041759967804 0.22551150654637536 0.020206908384958866 0.022086771883705763
0 0.47367966175079346 0.22214517442679374 0.021889100472132328 0.023756988288820224
0 0.5004060119390488 0.22063120021376498 0.021889100472132383 0.023756988288820224
0 0.5292332172393799 0.21899821833816402 0.02188910047213244 0.023756988288820224
0 0.5569071769714355 0.21743056465138638 0.02188910047213244 0.023756988288820224
0 0.6134485006332397 0.2142276542131291 0.02188910047213244 0.023756988288820224
0 0.6420023441314697 0.21261015753158913 0.02188910047213244 0.023756988288820224
0 0.6698288917541504 0.21112368701409456 0.02249058087666822 0.023899862008501364
0 0.10394265502691269 0.2799208855700927 0.018456317484378815 0.02149852486543877
0 0.12657805159687996 0.278492106947788 0.018456317484378815 0.02149852486543877
0 0.14963294565677643 0.27703684904362624 0.018456317484378815 0.02149852486543877
0 0.17286859452724457 0.2755701816371647 0.018456317484378815 0.02149852486543877
0 0.19623732566833496 0.2740951138873433 0.018456317484378815 0.02149852486543877
0 0.24494336545467377 0.2710207189586423 0.018456317484378815 0.02149852486543877
0 0.2936258018016815 0.2676243888341534 0.019131561120351193 0.021972153537957215
0 0.3192155659198761 0.2659241432367369 0.019131561120351193 0.021972153537957215
0 0.34442415833473206 0.2642492236058854 0.019131561120351193 0.021972153537957215
0 0.36956462264060974 0.263315245162609 0.020911037921905518 0.023018400798472297
0 0.39565056562423706 0.26151583674740864 0.020911037921905518 0.023018400798472297
0 0.42191317677497864 0.25970424176157886 0.020911037921905518 0.023018400798472297
0 0.44843578338623047 0.2578747122882035 0.020911037921905518 0.023018400798472297
0 0.4746062755584717 0.2560694716697515 0.020911037921905518 0.023018400798472297
0 0.5017749071121216 0.25472110495265393 0.0215415358543396 0.02342175328454306
0 0.5291064977645874 0.25288324577863824 0.0215415358543396 0.02342175328454306
0 0.37041303515434265 0.3288051445753952 0.02084283034006751 0.022826143013414513
0 0.3956008553504944 0.3275520413420921 0.02091003457705176 0.02269230332485465
0 0.4222273528575897 0.3262566530311302 0.02091003457705176 0.02269230332485465
0 0.44873976707458496 0.32496681491168083 0.02091003457705176 0.02269230332485465
0 0.47505849599838257 0.32368639964872037 0.02091003457705176 0.02269230332485465
0 0.5029525607824326 0.3223293437514194 0.020910034577051817 0.02269230332485465
0 0.5297849774360657 0.3210272439939283 0.021342506011327034 0.022938735725343662
0 0.10157569497823715 0.3728076912635981 0.01858637233575186 0.021750627562057142
0 0.14796602725982666 0.370260722666049 0.018910273909568787 0.021879425344541063
0 0.17186522483825684 0.36935214109198994 0.01884587605794269 0.02185053418773092
0 0.19521045684814453 0.3684808961658438 0.01884587605794269 0.021850534187730877
0 0.21921499073505402 0.3675850460691467 0.01884587605794269 0.021850534187730877
0 0.24408962577581406 0.3666567237650539 0.018845876057942718 0.021850534187730877
0 0.26853254437446594 0.36574451313462375 0.018845876057942745 0.02185053418773092
0 0.2937111258506775 0.36489183432186284 0.019427085916201237 0.022395259650178644
0 0.31855446100234985 0.36403344130643445 0.019427085916201237 0.022395259650178686
0 0.34443411231040955 0.36313924124074537 0.020193437735239628 0.023079428561898208
0 0.3966015875339508 0.3608564594727872 0.020193437735239628 0.023079428561898124
0 0.4226062595844269 0.35971852839630364 0.020193437735239628 0.023079428561898166
0 0.4489254057407379 0.3585668363365212 0.020193437735239628 0.023079428561898166
0 0.4761814475059509 0.3573741469272347 0.020193437735239628 0.023079428561898166
0 0.5031484365463257 0.3564106952652457 0.021134356657664 0.0235827098521151
0 0.5304203033447266 0.355354530866756 0.021134356657664055 0.0235827098521151
0 0.5582415461540222 0.3545333285664403 0.02086993058522535 0.02310522212538608
0 0.10189489275217056 0.4043327540646548 0.018072230120499938 0.021886633348095378
0 0.12450459226965904 0.4033847187840661 0.01810157547394435 0.021922680758690593
0 0.14773842692375183 0.40249283369197403 0.018662224213282286 0.021910526955774532
0 0.19503286480903625 0.40075390791958027 0.018662224213282286 0.021910526955774532
0 0.21956893801689148 0.3998517635668349 0.018662224213282286 0.021910526955774532
0 0.2436959147453308 0.39896466090700855 0.018662224213282258 0.021910526955774532
0 0.26882219314575195 0.39804081584131995 0.01866222421328223 0.021910526955774532
0 0.293996661901474 0.3972355937440549 0.019579986731211307 0.022696118022120276
0 0.3192850351333618 0.396426728336495 0.019579986731211307 0.022696118022120276
0 0.3449467122554779 0.3956059225561581 0.019579986731211307 0.022696118022120276
0 0.3970393240451813 0.3939397057821584 0.019579986731211307 0.022696118022120276
0 0.45021021366119385 0.39233531508334846 0.020730018615722656 0.023478840672692586
0 0.47654709219932556 0.39133632912467503 0.020730018615722656 0.023478840672692586
0 0.5033746957778931 0.390318729440603 0.020730018615722656 0.023478840672692586
0 0.5305240750312805 0.3892889244611873 0.020730018615722656 0.023478840672692586
0 0.5589397549629211 0.3882110873432932 0.020730018615722656 0.023478840672692586
0 0.5869283676147461 0.38728265984113824 0.021003087361653572 0.023574178533036526
0 0.6152557730674744 0.3862245249193768 0.021657228469848633 0.02354883593182231
0 0.644165575504303 0.38517897540963597 0.0217169920603435 0.02359478972678961
0 0.14721271395683289 0.43417597925940227 0.018655280272165953 0.02214765918347257
0 0.17121395468711853 0.4334650084704808 0.018655280272165953 0.02214765918347257
0 0.19499553740024567 0.4327605444465847 0.018655280272165953 0.02214765918347257
0 0.21942278742790222 0.43203695430312045 0.018655280272165953 0.02214765918347257
0 0.2690250873565674 0.4305676225002814 0.018655280272165897 0.02214765918347257
0 0.29412373900413513 0.42990719994833304 0.019356290499369266 0.022944901340691673
0 0.31937187910079956 0.42924146641317124 0.019356290499369266 0.022944901340691673
0 0.34505224227905273 0.4285643361811049 0.019356290499369266 0.022944901340691673
0 0.3712688684463501 0.42787306596668323 0.019356290499369266 0.022944901340691673
0 0.39732474088668823 0.42718603444653885 0.019356290499369266 0.022944901340691673
0 0.42301255464553833 0.42638599040516534 0.019321640332539913 0.02292292986729343
0 0.44946351647377014 0.425897245358013 0.01964084307352698 0.02319534065187445
0 0.47654080390930176 0.42496240816564235 0.020346999168395996 0.023319185242172413
0 0.5038468390703201 0.42421957503917607 0.021398176749547304 0.02402389881222747
0 0.5308893918991089 0.4234650814226051 0.02139817674954725 0.02402389881222747
0 0.5589070320129395 0.42268338264027855 0.02139817674954725 0.02402389881222747
0 0.615985631942749 0.4210908762093028 0.02139817674954725 0.02402389881222747
0 0.673487663269043 0.41948655594226925 0.02139817674954725 0.02402389881222747
0 0.7023864388465881 0.41880474534145623 0.02185114224751783 0.024548079616339577
0 0.7315428853034973 0.4180522124243658 0.022093772888183594 0.024764275366021625
0 0.7608317732810974 0.4183222304942996 0.02211364110310865 0.024445526359617192
0 0.7899736762046814 0.4179056236806643 0.022921323776245117 0.02487031803574673
0 0.8177138566970825 0.41762085848076397 0.022921323776245117 0.02487031803574673
0 0.8467972278594971 0.4171678117395755 0.022656838099161858 0.024739287620367006
0 0.14736846089363098 0.4659969227364496 0.018582681814829527 0.02238609254822256
0 0.17090073227882385 0.46546922728072765 0.018582681814829527 0.02238609254822256
0 0.19483886659145355 0.46492146336755086 0.018823236227035522 0.02237686630367314
0 0.24419356137514114 0.46384786111516635 0.018823236227035522 0.02237686630367314
0 0.26922476291656494 0.46330336267438893 0.018823236227035522 0.02237686630367314
0 0.2943041920661926 0.4627578151486355 0.018823236227035522 0.02237686630367314
0 0.31967899203300476 0.46220584248387536 0.018823236227035522 0.02237686630367314
0 0.37149930000305176 0.4611550332820173 0.019243180751800537 0.02289921368739407
0 0.39740708470344543 0.4606207026991733 0.019243180751800537 0.02289921368739407
0 0.4232526421546936 0.4598936036575672 0.019334415594736698 0.022762978723806872
0 0.4499097168445587 0.4593526707139126 0.019427676995595333 0.02263144559638445
0 0.4767440855503082 0.4587574704977227 0.020021190245946285 0.02313933261605196
0 0.5040241628885269 0.45817805445471477 0.02002119024594623 0.02313933261605196
0 0.5317597985267639 0.4575889625671597 0.020021190245946174 0.02313933261605196
0 0.5597060918807983 0.457182950751726 0.021624883015950447 0.024248049240703676
0 0.6165205240249634 0.4559834694156063 0.021624883015950447 0.024248049240703676
0 0.6451351642608643 0.4553793495536732 0.021624883015950447 0.024248049240703676
0 0.6737533211708069 0.4547751554467865 0.021624883015950447 0.024248049240703676
0 0.7029588222503662 0.4541585611742596 0.021624883015950447 0.024248049240703676
0 0.7321717739105225 0.4540003476840409 0.021887381871541267 0.024267891580744362
0 0.761070191860199 0.4536199347917424 0.021887381871541267 0.024267891580744362
0 0.14697875082492828 0.4978174062615539 0.018469467759132385 0.02200740252354343
0 0.17029358446598053 0.49749959901321766 0.018548990289370237 0.02221271603606468
0 0.19408468902111053 0.4971704512089467 0.018548990289370237 0.02221271603606468
0 0.21906250715255737 0.49691747588807833 0.01925550401210785 0.022576856982800333
0 0.2439272329211235 0.4964958900629088 0.01925550401210785 0.022576856982800333
0 0.2689984440803528 0.4960708032414034 0.01925550401210785 0.022576856982800333
0 0.29332882165908813 0.49565827738434437 0.01925550401210785 0.022576856982800333
0 0.3453310430049896 0.49477657051973567 0.01925550401210785 0.022576856982800333
0 0.37142467498779297 0.49433414837225126 0.01925550401210785 0.022576856982800333
0 0.3976740539073944 0.4943783643053772 0.020108292500177982 0.023650561192238923
0 0.4238462746143341 0.4937960602516352 0.020108292500177982 0.023650561192238923
0 0.45059606432914734 0.4932009059022164 0.020108292500177982 0.023650561192238923
0 0.47723326086997986 0.49222018772195697 0.021213918924331665 0.024140202721884083
0 0.5044701248407364 0.49200226539789244 0.021213918924331665 0.024140202721884083
0 0.5322310328483582 0.49178015019411353 0.021213918924331665 0.024140202721884083
0 0.5597854256629944 0.491559687319724 0.021213918924331665 0.024140202721884083
0 0.5883163809776306 0.49133141096248184 0.021213918924331665 0.024140202721884083
0 0.6167362332344055 0.4906594476034475 0.02212742964426684 0.024238970852637532
0 0.6455641388893127 0.49025274902632376 0.02212742964426684 0.024238970852637532
0 0.6739778518676758 0.48985189380023014 0.02212742964426684 0.024238970852637532
0 0.7039285898208618 0.489429354519882 0.02212742964426684 0.024238970852637532
0 0.7327267527580261 0.4890230755473292 0.02212742964426684 0.024238970852637532
0 0.14671237766742706 0.5297434019765224 0.018478314081827818 0.022205914637839202
0 0.16977442800998688 0.5296710701875909 0.018618484338124575 0.022395141364992183
0 0.19395875930786133 0.5297022205318747 0.019011805454889952 0.02244925683783012
0 0.21921400725841522 0.5294570479282114 0.019011805454889952 0.02244925683783012
0 0.26815059781074524 0.5289819818610078 0.019011805454889896 0.02244925683783012
0 0.293751060962677 0.5287334579812092 0.019011805454889896 0.02244925683783012
0 0.3450866639614105 0.5282351028087527 0.019011805454889896 0.02244925683783012
0 0.3712271749973297 0.5277772461805502 0.02029883861541748 0.023646509924600292
0 0.39816397428512573 0.5275072940560275 0.02029883861541748 0.023646509924600292
0 0.4237481355667114 0.5272508976438811 0.02029883861541748 0.023646509924600292
0 0.4774753749370575 0.5267124601607263 0.02029883861541748 0.023646509924600292
0 0.5046514272689819 0.5264401103174964 0.02029883861541748 0.023646509924600292
0 0.532386302947998 0.526162160122563 0.02029883861541748 0.023646509924600292
0 0.5604434013366699 0.5262534119362055 0.021009763081868416 0.023888580558835942
0 0.589476466178894 0.5262224303043995 0.021009763081868416 0.023888580558835942
0 0.6179087162017822 0.5255071676647436 0.021822690963745117 0.024272859558578663
0 0.646369993686676 0.5252387024635492 0.021822690963745117 0.024272859558578663
0 0.09989852458238602 0.5622702753821085 0.018066381414731353 0.021899792575096843
0 0.12294378876686096 0.5622573703632436 0.01806638141473134 0.021899792575096843
0 0.14629626274108887 0.5622442933112836 0.018066381414731325 0.021899792575096843
0 0.1701783686876297 0.5622309196729818 0.018066381414731325 0.021899792575096843
0 0.21895243227481842 0.56220360689385 0.01897998650868732 0.022925532141397167
0 0.2437278777360916 0.5621108121650163 0.019485761721928924 0.02315468011900436
0 0.26866766810417175 0.5619478782620121 0.01948576172192895 0.02315468011900436
0 0.2939126789569855 0.5617829503260139 0.01948576172192895 0.02315468011900436
0 0.31918802857398987 0.5616178241841291 0.01948576172192895 0.02315468011900436
0 0.3453611135482788 0.5614468330560729 0.020691275596618652 0.023693676142729474
0 0.3712654709815979 0.5613657971651046 0.020691275596618652 0.023693676142729474
0 0.4245321452617645 0.5611991644887171 0.020691275596618652 0.023693676142729474
0 0.45105037093162537 0.561116208250579 0.020691275596618652 0.023693676142729474
0 0.4784345328807831 0.5610305431277253 0.020691275596618652 0.023693676142729474
0 0.5053216069936752 0.5609853733377265 0.020909329255421938 0.023832128953564128
0 0.5332180857658386 0.5609121100847111 0.020909329255421882 0.023832128953564128
0 0.5609933137893677 0.5609016099693854 0.021343320608139038 0.02382600769516115
0 0.5896339416503906 0.5609364620474881 0.021343320608139038 0.02382600769516115
0 0.09913472831249237 0.5944272418354832 0.01830471803744635 0.022241784620654622
0 0.12202842906117439 0.594550026671421 0.018304718037446335 0.022241784620654622
0 0.1705525666475296 0.5948102741664838 0.01830471803744632 0.022241784620654622
0 0.19404226541519165 0.5949362554938836 0.01830471803744632 0.022241784620654622
0 0.21909864246845245 0.5950706393219704 0.01830471803744632 0.022241784620654622
0 0.24414734542369843 0.5952954403189725 0.01945897936820984 0.02316677477932721
0 0.2690955400466919 0.5953294585480843 0.01945897936820984 0.02316677477932721
0 0.29440996050834656 0.5953639761461753 0.01945897936820984 0.02316677477932721
0 0.31969550251960754 0.5953984543669183 0.01945897936820984 0.02316677477932721
0 0.34547945857048035 0.5954336122024891 0.01945897936820984 0.02316677477932721
0 0.3716350793838501 0.5955485854037973 0.020697832107543945 0.023810394050539058
0 0.42454394698143005 0.5956587801684736 0.020697832107543945 0.023810394050539058
0 0.4513606131076813 0.5957146319821178 0.020697832107543945 0.023810394050539058
0 0.47845134139060974 0.5957710545926101 0.020697832107543945 0.023810394050539058
0 0.5061502456665039 0.5958287438680959 0.020697832107543945 0.023810394050539058
0 0.53395015001297 0.5957931450523527 0.021027127901713127 0.02382722011832304
0 0.5614694356918335 0.5959005134050236 0.021027127901713127 0.02382722011832304
0 0.09904845803976059 0.6267520106116007 0.01815435787041983 0.022616098093432048
0 0.12199009582400322 0.6272678010917194 0.01857321461041768 0.022727581881737468
0 0.14588028192520142 0.6274600361668786 0.018659849961598696 0.02291867160057831
0 0.17017173767089844 0.6276270208351011 0.018659849961598696 0.02291867160057831
0 0.19416573643684387 0.6277919607203515 0.018659849961598696 0.02291867160057831
0 0.2438594400882721 0.6281335658799536 0.018659849961598723 0.02291867160057831
0 0.26870015263557434 0.6283043262570404 0.01865984996159875 0.02291867160057831
0 0.29405713081359863 0.6284819981991199 0.018590619166692135 0.02281922333000237
0 0.3197406828403473 0.6291072816652264 0.019026140371958378 0.02314965299857685
0 0.3456588387489319 0.6296583920733886 0.02051597833633423 0.02414839397105141
0 0.3717307448387146 0.6298192933548329 0.02051597833633423 0.02414839397105141
0 0.3978893756866455 0.6299807298531758 0.02051597833633423 0.02414839397105141
0 0.45172733068466187 0.6303129877218444 0.02051597833633423 0.02414839397105141
0 0.4787590801715851 0.6311036219726668 0.02164272467295325 0.024625822555187138
0 0.5058875679969788 0.631084397781727 0.021642724672953306 0.024625822555187138
0 0.5347133278846741 0.6310639708447139 0.021642724672953362 0.024625822555187138
0 0.5629625916481018 0.6310883899067723 0.022693872451782227 0.025215710780417327
0 0.5912670493125916 0.6314489326391267 0.022693872451782227 0.025215710780417327
0 0.6203374862670898 0.6318192324305784 0.022693872451782227 0.025215710780417327
0 0.6493335962295532 0.6321885854433595 0.022693872451782227 0.025215710780417327
0 0.6778175830841064 0.6325514150220294 0.022693872451782227 0.025215710780417327
0 0.7072104215621948 0.6330701657449104 0.0224419037501018 0.025358362715373724
0 0.09873034805059433 0.6588078743136517 0.018488819400469453 0.02228046387665026
0 0.12186617404222488 0.6593189683071402 0.018488819400469467 0.02228046387665026
0 0.1459009051322937 0.6598499200310896 0.01848881940046948 0.02228046387665026
0 0.17044390738010406 0.6603920999833233 0.01848881940046948 0.02228046387665026
0 0.19454073905944824 0.660924423572629 0.01848881940046948 0.02228046387665026
0 0.2191932201385498 0.6614690220239088 0.01848881940046948 0.02228046387665026
0 0.24334178864955902 0.6616506183665766 0.01916895310084024 0.022851692613705128
0 0.26837295293807983 0.662105002472499 0.019168953100840214 0.022851692613705128
0 0.29414796829223633 0.662572889510107 0.019168953100840214 0.022851692613705128
0 0.32001614570617676 0.6630424676939498 0.019168953100840214 0.022851692613705128
0 0.34538039565086365 0.6632495702699174 0.02010454734166467 0.023725701856982747
0 0.3716164231300354 0.6638099629637381 0.02010454734166467 0.023725701856982747
0 0.3982917368412018 0.6643797386632407 0.02010454734166467 0.023725701856982747
0 0.42497703433036804 0.6649497276128724 0.02010454734166467 0.023725701856982747
0 0.4515010118484497 0.665516270822358 0.02010454734166467 0.023725701856982747
0 0.14506268501281738 0.692130865052689 0.01874371369679767 0.022856483163759635
0 0.1693972647190094 0.692764681439067 0.019007384777069092 0.023053191428960756
0 0.19413499534130096 0.6938512048055959 0.019219915072123228 0.022842170656189494
0 0.2186565399169922 0.6945649202549193 0.019219915072123228 0.022842170656189494
0 0.2686755359172821 0.6960207555549699 0.019219915072123173 0.022842170656189494
0 0.2939354181289673 0.6967559607997669 0.019219915072123173 0.022842170656189494
0 0.3193832337856293 0.697496635969295 0.019219915072123173 0.022842170656189494
0 0.34499305486679077 0.6973407213077989 0.020175913969675663 0.023863858954851016
0 0.3715847134590149 0.698123436689987 0.020175913969675663 0.023863858954851016
0 0.398349791765213 0.6989112566156631 0.020175913969675663 0.023863858954851016
0 0.45263707637786865 0.7005091822424601 0.020175913969675663 0.023863858954851016
0 0.4790117144584656 0.7006038843199264 0.021402955055236816 0.02463732578957722
0 0.5350615978240967 0.7016883561821319 0.021402955055236816 0.02463732578957722
0 0.5634072422981262 0.7022367971779435 0.021402955055236816 0.02463732578957722
0 0.5927625894546509 0.7028047742384639 0.021402955055236816 0.02463732578957722
0 0.621449887752533 0.7033598256665606 0.021402955055236816 0.02463732578957722
0 0.6511507034301758 0.7036127933236056 0.0221480131149292 0.025031215460725478
0 0.6803683638572693 0.7038493117637716 0.0221480131149292 0.025031215460725478
0 0.7099190950393677 0.7044696861513162 0.02262469132741285 0.025247440781704215
0 0.14474709331989288 0.7252909194591434 0.019013201196988405 0.022873871086179692
0 0.16992303729057312 0.726087951252371 0.019013201196988405 0.022873871086179692
0 0.21858429908752441 0.727628492206701 0.019013201196988405 0.022873871086179692
0 0.24349906295537949 0.7284067287001499 0.019513949751853943 0.023351772811061596
0 0.2691459059715271 0.7292639795098143 0.019513949751853943 0.023351772811061596
0 0.29442188143730164 0.730108833998121 0.019513949751853943 0.023351772811061596
0 0.3204760253429413 0.7309796989207221 0.019513949751853943 0.023351772811061596
0 0.34633490443229675 0.7318440370781477 0.019513949751853943 0.023351772811061596
0 0.39914843440055847 0.73348900140215 0.021047472953796387 0.024227438046950676
0 0.42600446939468384 0.7343110372853834 0.021047472953796387 0.024227438046950676
0 0.4528326690196991 0.7351322211563134 0.021047472953796387 0.024227438046950676
0 0.4796285033226013 0.7359524143576918 0.021047472953796387 0.024227438046950756
0 0.5360013246536255 0.7376779290132744 0.021047472953796387 0.024227438046950676
0 0.5642328858375549 0.7385420683524571 0.021047472953796387 0.024227438046950756
0 0.5935847759246826 0.7392351314855333 0.02206488450368238 0.02519991970801544
0 0.6225478053092957 0.7396859407894134 0.02206488450368238 0.025199919708015356
0 0.6523255705833435 0.7401494314504224 0.02206488450368238 0.025199919708015356
0 0.6817975640296936 0.7406081627755566 0.02206488450368238 0.025199919708015356
0 0.7106489539146423 0.7406328756986482 0.022394140561421638 0.025109431540319218
0 0.7404308319091797 0.7408559932265171 0.022394140561421638 0.025109431540319135
0 0.7701903581619263 0.7408389601596567 0.02298518021901441 0.025476174761158522
0 0.14473217725753784 0.7579091094260992 0.019455909729003906 0.023223462954972032
0 0.16917553544044495 0.7588668095706012 0.019455909729003906 0.023223462954972032
0 0.19382303953170776 0.7598847677541334 0.020047277212142944 0.023488599200581394
0 0.2437475025653839 0.7618594834251573 0.020047277212142944 0.023488599200581394
0 0.2690623700618744 0.7628607894486493 0.020047277212142944 0.023488599200581394
0 0.3207381069660187 0.7649236279864644 0.020435015360514286 0.023671704669331394
0 0.34654101729393005 0.765934903805714 0.020435015360514286 0.023671704669331394
0 0.3729182779788971 0.7669686897457405 0.020435015360514286 0.023671704669331394
0 0.3994790315628052 0.7680096671974739 0.020435015360514286 0.023671704669331394
0 0.42595258355140686 0.7690472270167151 0.020435015360514286 0.023671704669331394
0 0.45356497168540955 0.7697206541549327 0.020690282185872433 0.023757579714752907
0 0.4813026189804077 0.7711916191633358 0.021051903565724728 0.02425331293150436
0 0.5085539817810059 0.7722340674675471 0.021051903565724672 0.02425331293150436
0 0.5368308424949646 0.7729964025040356 0.02159961064656568 0.024787488833878282
0 0.5654990673065186 0.7762048373984259 0.022418737411499023 0.025762277056080318
0 0.62306809425354 0.7764593612316043 0.022418737411499023 0.025762277056080318
0 0.6529120206832886 0.7765913070183376 0.022418737411499023 0.025762277056080318
0 0.6821695566177368 0.7767206602589654 0.022418737411499023 0.025762277056080318
0 0.7115975022315979 0.7768507669138354 0.022418737411499023 0.025762277056080318
0 0.1444125920534134 0.7910815394201944 0.01946350932121277 0.023517697356468022
0 0.16856789588928223 0.7923526775195825 0.01946350932121277 0.023517697356468022
0 0.19356583058834076 0.7936681578554086 0.01946350932121277 0.023517697356468022
0 0.21913115680217743 0.7950134963530945 0.01946350932121277 0.023517697356468022
0 0.24370743334293365 0.7963067875352017 0.01946350932121277 0.023517697356468022
0 0.2692180275917053 0.7968801454056141 0.019562621911366818 0.0234729855559593
0 0.2950745224952698 0.7979797268721444 0.01953660448392236 0.02350025029145459
0 0.34759244322776794 0.799945990842659 0.020883798599243164 0.02413662459499163
0 0.37384554743766785 0.801069836283839 0.021462440490722656 0.024927538494731106
0 0.40037858486175537 0.802344112737772 0.021462440490722656 0.024927538494731106
0 0.42747941613197327 0.803645658076049 0.021462440490722656 0.024927538494731106
0 0.4542050063610077 0.8049291820767879 0.021462440490722656 0.024927538494731106
0 0.4819734990596771 0.8062627925429233 0.021462440490722656 0.024927538494731106
0 0.5097858756780624 0.8080242464407268 0.022075494130452455 0.025341832360555958
0 0.5377969741821289 0.8089721147404161 0.0220754941304524 0.025341832360555958
0 0.5957936644554138 0.8113627766453942 0.022573788960774666 0.025678117145863724
0 0.6248908042907715 0.811935128314778 0.022573788960774666 0.025678117145863724
0 0.6541691422462463 0.8125110442192423 0.022573788960774666 0.025678117145863724
0 0.6834571957588196 0.8130871512323637 0.022573788960774666 0.025678117145863724
0 0.7131129503250122 0.8136704910633176 0.022573788960774666 0.025678117145863724
0 0.7417935729026794 0.8142348128586413 0.022456049919128418 0.025842947553294682
0 0.095973439514637 0.8225181934445404 0.01961862047513327 0.02346511959105488
0 0.12005961313843727 0.8237300687952293 0.019618620475133255 0.02346511959105488
0 0.1435701847076416 0.8249129832178496 0.01961862047513324 0.02346511959105488
0 0.16845504939556122 0.8261650440304779 0.01961862047513324 0.02346511959105488
0 0.19353455305099487 0.8274268979372977 0.01961862047513324 0.02346511959105488
0 0.21787360310554504 0.8288462439248728 0.020391215880711855 0.023801286091176224
0 0.26884958148002625 0.8314660920091682 0.02039121588071191 0.023801286091176224
0 0.2945901155471802 0.8328279894451762 0.02124003569285071 0.02433108544164861
0 0.3206295371055603 0.8341540004273121 0.02124003569285071 0.02433108544164861
0 0.3465605676174164 0.8354744917892164 0.02124003569285071 0.02433108544164861
0 0.3731538653373718 0.8368287079245023 0.02124003569285071 0.02433108544164861
0 0.40026482939720154 0.8382092852925145 0.02214382092157996 0.025171383406764888
0 0.42768532037734985 0.8394526047078393 0.02214382092157996 0.025171383406764888
0 0.4821034371852875 0.8419200696858261 0.02214382092157996 0.025171383406764888
0 0.5101621150970459 0.8431923262271583 0.022143820921580015 0.025171383406764888
0 0.5379450917243958 0.8444520817246548 0.02214382092158007 0.025171383406764888
0 0.5667064189910889 0.8457987763637866 0.021951695283253914 0.025054517642472032
0 0.5958682894706726 0.8473433867509759 0.02262798945109057 0.025402394376059945
0 0.6251112818717957 0.8488030853554 0.02262798945109057 0.025402394376059945
0 0.6540959477424622 0.8502498892850654 0.02262798945109057 0.025402394376059945
0 0.6841423511505127 0.8516967396688598 0.022628188133239746 0.025486436001090115
0 0.7139996290206909 0.8504195989564408 0.02304188410441088 0.025682671125545058
0 0.09531158208847046 0.8548316955566406 0.01987670858701071 0.022741864818011253
0 0.11932625621557236 0.8563084499341664 0.019876708587010697 0.022741864818011253
0 0.1439962238073349 0.8578255008190436 0.019876708587010683 0.022741864818011253
0 0.16778439283370972 0.8592883265295694 0.019876708587010683 0.022741864818011253
0 0.1924082487821579 0.8608025418327201 0.019876708587010683 0.022741864818011253
0 0.21711871027946472 0.8622509599912732 0.020119458436965942 0.023140663324400436
0 0.242254838347435 0.8637683779694313 0.020119458436965942 0.023140663324400436
0 0.2675707936286926 0.8654021845008559 0.020619620879491207 0.023710857066073048
0 0.31969526410102844 0.8684932797454125 0.021897157033284542 0.02443760125211956
0 0.3469652831554413 0.8697449621182547 0.02199498812357581 0.024482490480408077
0 0.3729844391345978 0.8713032922079397 0.02199498812357581 0.024482490480408077
0 0.3999961316585541 0.8729210669454107 0.02199498812357581 0.024482490480408077
0 0.4263884425163269 0.8745017458951404 0.02199498812357581 0.024482490480408077
0 0.4531535804271698 0.8761047540709029 0.02199498812357581 0.024482490480408077
0 0.5094829052686691 0.8794784100765959 0.021994988123575865 0.024482490480408077
0 0.5368545651435852 0.8804467870349705 0.022384554147720337 0.02468014502710139
0 0.5670373439788818 0.8815493850942189 0.022952516873677498 0.025022403214328862
0 0.5956100821495056 0.8828255636422994 0.022952516873677498 0.025022403214328862
0 0.6244855523109436 0.8841152634731558 0.022952516873677498 0.025022403214328862
