0 0.3726133406162262 0.1017919535302324 0.021429836750030518 0.022856664287951568
0 0.3978543281555176 0.1001595369605131 0.021618127822875977 0.0231777734534685
0 0.42381972074508667 0.09892472555471021 0.022125204404195187 0.023203149322391477
0 0.4497630000114441 0.09725191141355781 0.022125204404195187 0.023203149322391477
0 0.4759761095046997 0.09510714785997258 0.022066493829091427 0.023081500400868493
0 0.5033162236213684 0.09380665018862425 0.02206649382909137 0.023081500400868493
0 0.5308864712715149 0.09249520566741604 0.022066493829091316 0.023081500400868493
0 0.5858877897262573 0.08987893690327543 0.022066493829091316 0.023081500400868493
0 0.6142193675041199 0.08853127790051836 0.022066493829091316 0.023081500400868503
0 0.6420780420303345 0.0875765140666518 0.022553006807963127 0.023907849955004324
0 0.44538232684135437 0.16172843755677688 0.021403739849726322 0.023727771847747093
0 0.47095799446105957 0.1611634003611203 0.021403739849726322 0.023727771847747093
0 0.49806033074855804 0.16056463483447456 0.021403739849726378 0.023727771847747093
0 0.5266011953353882 0.1599340882412223 0.021403739849726433 0.023727771847747093
0 0.553301215171814 0.15934421099709023 0.021403739849726433 0.023727771847747093
0 0.5807149410247803 0.15749336350198886 0.021471351385116577 0.023633328519126227
0 0.14912177622318268 0.2085261677586755 0.018916651606559753 0.021690930506979744
0 0.17124299705028534 0.20693801170171694 0.018788824478785215 0.02177900861400045
0 0.194126158952713 0.20597166227242827 0.018788824478785215 0.02177900861400045
0 0.21781882643699646 0.2049711276522832 0.018788824478785215 0.02177900861400045
0 0.24194934219121933 0.20381073619044104 0.019402409593264253 0.02219501761502998
0 0.26545828580856323 0.20278248160557358 0.019402409593264225 0.02219501761502998
0 0.28977301716804504 0.2017189827769081 0.019402409593264225 0.02219501761502998
0 0.31509676575660706 0.20061135067671415 0.019402409593264225 0.02219501761502998
0 0.3648589849472046 0.1984348075334416 0.019402409593264225 0.02219501761502998
0 0.39054039120674133 0.1973580426948015 0.02049521605173743 0.023390854975973905
0 0.4168148934841156 0.1967047125562917 0.02049521605173743 0.023390854975973905
0 0.4433923065662384 0.19604385037184874 0.02049521605173743 0.023390854975973905
0 0.4704899191856384 0.1953700531360715 0.02049521605173743 0.023390854975973905
0 0.4968113601207733 0.1947155558416836 0.020495216051737486 0.023390854975973905
0 0.5249780416488647 0.19358135474891142 0.021106064319610596 0.02364690913710483
0 0.5517836213111877 0.19270139972492897 0.021106064319610596 0.02364690913710483
0 0.5802097320556641 0.19176824702772982 0.021106064319610596 0.02364690913710483
0 0.6077433824539185 0.19130413476810898 0.02162092924118042 0.02365071274513422
0 0.14670398831367493 0.23866574349881695 0.018481085697809874 0.021454020064006454
0 0.16904927790164948 0.23790519182072128 0.018834044535954775 0.021857091622759176
0 0.19177766144275665 0.2371357964662843 0.018834044535954775 0.021857091622759176
0 0.2156711369752884 0.23632696071943782 0.018834044535954775 0.021857091622759176
0 0.2390643060207367 0.23553506121824475 0.018834044535954775 0.021857091622759176
0 0.2636052966117859 0.23470430595930233 0.01883404453595483 0.021857091622759176
0 0.28771519660949707 0.23387938103240086 0.018870433171590206 0.021773035212080582
0 0.3120728135108948 0.2329524562781127 0.019537587960561154 0.022381701210672515
0 0.3376768231391907 0.23202700395510892 0.019537587960561154 0.022381701210672515
0 0.3626704514026642 0.23112361375675644 0.0204562246799469 0.023123615471891627
0 0.4151940643787384 0.22996497862419463 0.0204562246799469 0.023123615471891627
0 0.4407918453216553 0.22940030900922362 0.0204562246799469 0.023123615471891627
0 0.4672355353832245 0.22881697921517716 0.0204562246799469 0.023123615471891627
0 0.4953331798315048 0.22819716431373774 0.0204562246799469 0.023123615471891627
0 0.5215902924537659 0.2275837285213368 0.020535935958226448 0.023143871810085117
0 0.5499946475028992 0.22678116263703396 0.02083471417427063 0.023222176603568588
0 0.5775235891342163 0.2261004558829374 0.02083471417427063 0.023222176603568588
0 0.18885880708694458 0.26801317791606105 0.01864690581957501 0.022273425908051692
0 0.236591175198555 0.26702556210874057 0.01864690581957501 0.022273425908051692
0 0.2604726254940033 0.2665314383359922 0.018646905819574955 0.022273425908051692
0 0.2846710979938507 0.26603075515392216 0.018646905819574955 0.022273425908051692
0 0.3098531663417816 0.2655097206914524 0.018646905819574955 0.022273425908051692
0 0.3352276384830475 0.2648902493853902 0.019506792227427128 0.02279297880424083
0 0.3608075678348541 0.2643832677229091 0.019506792227427128 0.02279297880424083
0 0.38672736287117004 0.2638695500891365 0.019506792227427128 0.02279297880424083
0 0.41235288977622986 0.26336166470549827 0.019506792227427128 0.02279297880424083
0 0.4656473696231842 0.26230539423569865 0.019506792227427128 0.02279297880424083
0 0.49233198165893555 0.2615403557562585 0.020929177602132143 0.023770931155182595
0 0.5200356245040894 0.26090947971787565 0.020929177602132087 0.023770931155182595
0 0.5478242039680481 0.26027666947618655 0.020929177602132087 0.023770931155182595
0 0.5759892463684082 0.2600935558940089 0.021448254585266113 0.02382843254148501
0 0.6036073565483093 0.25964093262326887 0.021448254585266113 0.02382843254148501
0 0.18722273409366608 0.2997656090314998 0.018392612536748232 0.02205949236256205
0 0.20994676649570465 0.2993997085574283 0.018392612536748232 0.02205949236256205
0 0.23402193188667297 0.29901205225268224 0.018392612536748232 0.02205949236256205
0 0.25782862305641174 0.2986287188974499 0.01839261253674826 0.02205949236256205
0 0.2825939655303955 0.2980420032414324 0.020032763481140137 0.02315899752831277
0 0.33275306224823 0.2976233903751817 0.020032763481140137 0.02315899752831277
0 0.3585081994533539 0.29740844567897307 0.020032763481140137 0.02315899752831277
0 0.3838300108909607 0.2971971173904238 0.020032763481140137 0.02315899752831277
0 0.4096736013889313 0.29698143448940545 0.020032763481140137 0.02315899752831277
0 0.4363996088504791 0.29675838719950204 0.020032763481140137 0.02315899752831277
0 0.49017754197120667 0.2952479695081552 0.021719415982564272 0.024115939472996912
0 0.5168676972389221 0.29509193952693497 0.021719415982564216 0.024115939472996912
0 0.5733257532119751 0.29373197777326715 0.0222285191218059 0.024276186329449768
0 0.6013491749763489 0.29407986652485246 0.0222285191218059 0.024276186329449768
0 0.6295360326766968 0.2944297842051035 0.0222285191218059 0.024276186329449768
0 0.6586947441101074 0.2947917666854622 0.0222285191218059 0.024276186329449768
0 0.6880787014961243 0.29515654541725334 0.0222285191218059 0.024276186329449768
0 0.7171066999435425 0.2955289219701013 0.022612134615580315 0.02481104237164635
0 0.13629181683063507 0.332652912583462 0.0188167889912923 0.022319069204404345
0 0.1599307507276535 0.3320841381332329 0.0188167889912923 0.022319069204404345
0 0.18380297720432281 0.33150975044937353 0.0188167889912923 0.022319069204404345
0 0.20727312564849854 0.33094503713208573 0.0188167889912923 0.022319069204404345
0 0.2311326563358307 0.33037095492057267 0.0188167889912923 0.022319069204404345
0 0.28013965487480164 0.33077971879826035 0.018721024195353153 0.022041453871616098
0 0.3059079051017761 0.330706817910592 0.01964149872461951 0.022502115530561136
0 0.3561834394931793 0.330564583530964 0.01964149872461951 0.022502115530561136
0 0.38214996457099915 0.3304911217044464 0.01964149872461951 0.022502115530561136
0 0.4084395468235016 0.3304167459177416 0.01964149872461951 0.022502115530561136
0 0.434870183467865 0.3303643160088118 0.02016580104827881 0.022969770801159792
0 0.46150821447372437 0.33029057258783384 0.020600060621897343 0.023557751677757085
0 0.4879383444786072 0.3301925389267357 0.020600060621897343 0.023557751677757085
0 0.5147452354431152 0.3300618460012037 0.020636359850565666 0.02367090624432231
0 0.5430799722671509 0.32995454831749893 0.020636359850565666 0.02367090624432231
0 0.5990486145019531 0.32939463049724527 0.02231276035308838 0.024511337280273438
0 0.6279470920562744 0.3298067270323288 0.02231276035308838 0.024511337280273438
0 0.6569846272468567 0.33022080654973274 0.02231276035308838 0.024511337280273438
0 0.6860763430595398 0.330635658690767 0.02231276035308838 0.024511337280273438
0 0.716330349445343 0.3310670852661133 0.02231276035308838 0.024511337280273438
0 0.7450913786888123 0.331477221768093 0.02231276035308838 0.024511337280273438
0 0.7738978266716003 0.3321611402691763 0.0221820672353108 0.024653752644856742
0 0.8024933934211731 0.3339731974648963 0.022647976875305176 0.024828548579252995
0 0.8297990560531616 0.335071696791538 0.022647976875305176 0.024828548579252995
0 0.13403785228729248 0.3629043601280035 0.01905006170272827 0.022438803384470386
0 0.15705719590187073 0.36298531650552596 0.01905006170272827 0.022438803384470428
0 0.18067117035388947 0.36306836413114685 0.01905006170272827 0.022438803384470386
0 0.20418162643909454 0.3631510476946066 0.01905006170272827 0.022438803384470345
0 0.2286636382341385 0.3632371481074843 0.01905006170272827 0.022438803384470386
0 0.2527318596839905 0.36330698513923315 0.01928509275118509 0.02274432662845585
0 0.3023685812950134 0.3634638350000328 0.019285092751185062 0.022744326628455807
0 0.35373398661613464 0.36362614742545196 0.019285092751185062 0.022744326628455807
0 0.3798343241214752 0.36381872310194857 0.020538508892059326 0.023463382277377817
0 0.40585705637931824 0.36390328191470156 0.020538508892059326 0.023463382277377817
0 0.4328143894672394 0.36399087763902116 0.020538508892059326 0.023463382277377817
0 0.48552337288856506 0.36416215131679497 0.020538508892059326 0.023463382277377817
0 0.5129629969596863 0.36425131420756496 0.020538508892059326 0.023463382277377817
0 0.5404801368713379 0.3642985987108807 0.021002689997355217 0.023867400117622777
0 0.5684970617294312 0.3643275620390716 0.021002689997355217 0.023867400117622777
0 0.597221314907074 0.3648848374300534 0.02156408627827955 0.02434116925380024
0 0.6259972453117371 0.3651821446973224 0.02156408627827955 0.02434116925380028
0 0.6548432111740112 0.3654801755571989 0.02156408627827955 0.02434116925380024
0 0.6841378211975098 0.3655789397483648 0.021888256072998047 0.02432951816292696
0 0.12978465482592583 0.39564417125047613 0.019218678275744125 0.02236932562303179
0 0.1767227053642273 0.3956314353055732 0.01933812598387402 0.022607758987781612
0 0.20164452493190765 0.39562142255741406 0.01933812598387402 0.022607758987781612
0 0.22514475882053375 0.3956119809545259 0.01933812598387402 0.022607758987781612
0 0.24996020644903183 0.39560201094303105 0.019338125983873994 0.022607758987781612
0 0.2748726010322571 0.39559200198151345 0.019338125983873966 0.022607758987781612
0 0.3259153962135315 0.3964847298555596 0.01954963306585944 0.02263082459915516
0 0.3514021933078766 0.39697571687920147 0.020178914070129395 0.023418603941451673
0 0.37765198945999146 0.3975348805272302 0.020579298337300655 0.02337853483451435
0 0.4035748541355133 0.39766334174465007 0.020579298337300655 0.02337853483451435
0 0.45643383264541626 0.39792528535373606 0.020579298337300655 0.02337853483451435
0 0.4833894371986389 0.3980588643320064 0.020579298337300655 0.02337853483451435
0 0.51112961769104 0.39819633129031157 0.020579298337300544 0.02337853483451435
0 0.5385212302207947 0.3987237797227017 0.021824200948079353 0.024385082629299958
0 0.5661963224411011 0.39913140701802413 0.021824200948079353 0.024385082629299958
0 0.6241226196289062 0.3993506764256677 0.022355278333028084 0.024652880291606106
0 0.653560996055603 0.40012873494525975 0.022355278333028084 0.024652880291606106
0 0.6819123029708862 0.4008780621352947 0.022355278333028084 0.024652880291606106
0 0.7112738490104675 0.4016540900219336 0.022355278333028084 0.024652880291606106
0 0.7402727007865906 0.40242053187170695 0.022355278333028084 0.024652880291606106
0 0.768916666507721 0.40305758631506633 0.022766828536987305 0.02499759289645404
0 0.1274927854537964 0.42597318250079486 0.019126663605372116 0.022485038106755638
0 0.17513979971408844 0.4269105264462725 0.019611497720082582 0.02277170225631359
0 0.19859981536865234 0.42731387116188224 0.019611497720082582 0.02277170225631359
0 0.22308112680912018 0.4277584358907395 0.020077129205067934 0.02303163395371548
0 0.2475680112838745 0.42817262161609737 0.02007712920506796 0.02303163395371548
0 0.2981889843940735 0.42902885485751224 0.02007712920506799 0.02303163395371548
0 0.3231326937675476 0.42945076759086226 0.02007712920506799 0.02303163395371548
0 0.34913644194602966 0.4298906104509221 0.02007712920506799 0.02303163395371548
0 0.4015801250934601 0.4307776740937981 0.02007712920506799 0.02303163395371548
0 0.4275592565536499 0.43148134429941876 0.02116815249125159 0.02386888607527853
0 0.4544300138950348 0.43194646613542426 0.02116815249125159 0.02386888607527853
0 0.48127999901771545 0.432411228412807 0.02116815249125159 0.02386888607527853
0 0.5364992022514343 0.43331540178712247 0.022214214007059807 0.024457473163456936
0 0.5644511580467224 0.4338508872098701 0.022214214007059807 0.024457473163456936
0 0.5928704738616943 0.4343953260124653 0.022214214007059807 0.024457473163456936
0 0.6222195625305176 0.434957576799787 0.022214214007059807 0.024457473163456936
0 0.6510263085365295 0.43550943773846296 0.022214214007059807 0.024457473163456936
0 0.6797199845314026 0.43605913255527035 0.022214214007059807 0.024457473163456936
0 0.709123969078064 0.43695751456327214 0.02296392122904467 0.02473650791848347
0 0.7389116287231445 0.43768476473325807 0.02296392122904467 0.02473650791848347
0 0.39621323347091675 0.49811074900072677 0.02124680082003272 0.02394473645114154
0 0.422812819480896 0.49931863296863643 0.021442989508310917 0.024370089981907154
0 0.44946229457855225 0.500175524170283 0.022024552027384403 0.02441713791484975
0 0.4769239127635956 0.5009340685467387 0.022024552027384403 0.02441713791484975
0 0.5042037218809128 0.5016875909960457 0.02202455202738446 0.02441713791484975
0 0.5315772294998169 0.5024437015838585 0.022024552027384514 0.02441713791484975
0 0.5599386692047119 0.503227100815884 0.022024552027384514 0.02441713791484975
0 0.11852565035223961 0.5219884473224019 0.01972564309835434 0.023082674011703663
0 0.14203797280788422 0.5229430575349162 0.01972564309835434 0.023082674011703663
0 0.16564305126667023 0.5239014336802957 0.01972564309835434 0.023082674011703663
0 0.18961751461029053 0.5248748070078583 0.01972564309835434 0.023082674011703663
0 0.23851649463176727 0.5268601262292196 0.01972564309835434 0.023082674011703663
0 0.2639607787132263 0.5280228512572003 0.0195921162764231 0.02303095381389298
0 0.2890729010105133 0.5288532611935638 0.020601729551951053 0.023321255232936596
0 0.31470075249671936 0.5296081920050347 0.021297534306844113 0.023782212604847933
0 0.3411257863044739 0.5305050251095794 0.021297534306844113 0.023782212604847933
0 0.39352497458457947 0.5322668386060138 0.021187126636505127 0.024067546046057414
0 0.44760358333587646 0.5343995648761128 0.02150549491246545 0.02415277052295295
0 0.4748784601688385 0.5354930967981403 0.02150549491246545 0.02415277052295295
0 0.5020508766174316 0.5365825207749061 0.021505494912465395 0.02415277052295295
0 0.5303475260734558 0.5377170186373929 0.02150549491246534 0.02415277052295295
0 0.5580572485923767 0.538827984832054 0.02150549491246534 0.02415277052295295
0 0.5864129662513733 0.539602170846594 0.022127827008565193 0.024740943612978385
0 0.6151678562164307 0.5406243967455487 0.022127827008565193 0.024740943612978385
0 0.6443766951560974 0.5416256608762964 0.022230863571166992 0.02487327516541006
0 0.11505066603422165 0.5543094014012536 0.019563024242719024 0.022986035014307776
0 0.13904905319213867 0.5554344091947467 0.019563024242718996 0.022986035014307776
0 0.1627861112356186 0.5565471662778704 0.019563024242718996 0.022986035014307776
0 0.18664279580116272 0.5576655312699234 0.019563024242718996 0.022986035014307776
0 0.2356746345758438 0.5599640691003134 0.019563024242718996 0.022986035014307776
0 0.2862827777862549 0.5620395657561895 0.020405540863672855 0.023847565170406426
0 0.3125235438346863 0.5630395820903265 0.020820200443267822 0.023899019226547413
0 0.33823275566101074 0.5641406746797784 0.020837028821309445 0.02420233201610955
0 0.3645669221878052 0.565250086229901 0.021159857511520386 0.02435707861138863
0 0.3915000855922699 0.5663940257633979 0.021159857511520386 0.02435707861138863
0 0.41796061396598816 0.5675178909414073 0.021159857511520386 0.02435707861138863
0 0.47240081429481506 0.569830144293619 0.021159857511520386 0.02435707861138863
0 0.5002540498971939 0.5710131623024164 0.021159857511520386 0.02435707861138863
0 0.5281149744987488 0.5722850444445966 0.021881481011708503 0.024829775788063228
0 0.5561518669128418 0.5735197832756712 0.021881481011708503 0.024829775788063228
0 0.5844348669052124 0.5747653606326081 0.021881481011708503 0.024829775788063228
0 0.6137397289276123 0.5761118156965389 0.022062530120213752 0.024812890577685872
0 0.6430239081382751 0.5772889603015988 0.02293308575948072 0.025225469308306134
0 0.11179137229919434 0.5863117839014808 0.019801015655199677 0.023304754449415523
0 0.13495980203151703 0.5876727021359127 0.019739041725794493 0.023610285086225116
0 0.15910926461219788 0.5890661283980968 0.019739041725794493 0.023610285086225116
0 0.1835378259420395 0.590475658684357 0.019739041725794493 0.023610285086225116
0 0.20797429978847504 0.5918856455235688 0.019739041725794493 0.023610285086225116
0 0.23279471695423126 0.5933177859284157 0.019739041725794493 0.023610285086225116
0 0.25783268362283707 0.5947624789600378 0.019739041725794465 0.023610285086225116
0 0.30934059619903564 0.5971142628716617 0.01989736656347907 0.023688412451928955
0 0.33570143580436707 0.5982869892111687 0.021055082480112675 0.024209369984708035
0 0.3618309199810028 0.5996797799329816 0.021055082480112675 0.024209369984708035
0 0.3883083760738373 0.6010911187460256 0.021055082480112675 0.024209369984708035
0 0.4155277609825134 0.6025420048981585 0.021055082480112675 0.024209369984708035
0 0.44269129633903503 0.6033723964247593 0.022147128979364994 0.0247605493826459
0 0.4977167695760727 0.6060653225242664 0.02214712897936505 0.0247605493826459
0 0.5256232619285583 0.6074310558325103 0.022147128979365105 0.0247605493826459
0 0.5825503468513489 0.6102170460973657 0.022147128979365105 0.0247605493826459
0 0.6109761595726013 0.6116081947504088 0.022147128979365105 0.0247605493826459
0 0.6403449177742004 0.6128517152092028 0.023631493250529045 0.025502936784611192
0 0.670265793800354 0.6141433616151839 0.023631493250529045 0.025502936784611192
0 0.6997847557067871 0.6154176578965298 0.023631493250529045 0.025502936784611192
0 0.10804733633995056 0.6187483765358148 0.01979909340540567 0.02284843977107558
0 0.13173949718475342 0.6209906946885758 0.020178675651550293 0.023451280224230917
0 0.15548068284988403 0.6223998846009721 0.02027219533920288 0.023504331130390074
0 0.18012896180152893 0.6234705725381541 0.020142783721288027 0.023690689441769622
0 0.20475056767463684 0.6249610993200748 0.020142783721288027 0.023690689441769622
0 0.22973905503749847 0.626807589863622 0.02052621046702069 0.023973657179248372
0 0.2810746729373932 0.6296949389885359 0.020526210467020634 0.023973657179248372
0 0.30701926350593567 0.6311541810107204 0.020526210467020634 0.023973657179248372
0 0.33277907967567444 0.6326030304785631 0.020526210467020634 0.023973657179248372
0 0.3592115640640259 0.6340897138728652 0.020526210467020634 0.023973657179248372
0 0.3860880434513092 0.6356413209403705 0.020643075307210323 0.024027802223382994
0 0.4127875566482544 0.636823961058265 0.021791378657023075 0.02488504454146984
0 0.4401100277900696 0.6382183615390442 0.021791378657023075 0.02488504454146984
0 0.4676491618156433 0.6396238193955532 0.021791378657023075 0.02488504454146984
0 0.1522732377052307 0.6552524566650391 0.020335247119267763 0.023607298385265263
0 0.17667563259601593 0.6570050291386963 0.020763278007507324 0.02392326768978616
0 0.20208700001239777 0.6586593361788018 0.020763278007507324 0.02392326768978616
0 0.22758936882019043 0.6603195675062549 0.020763278007507324 0.02392326768978616
0 0.2525399923324585 0.6619956881500954 0.020903249581654876 0.024330523587012532
0 0.2782740890979767 0.6636310357930424 0.020903249581654904 0.024330523587012532
0 0.30448466539382935 0.6652966627064818 0.020903249581654904 0.024330523587012532
0 0.3305957019329071 0.6669559640780497 0.020903249581654904 0.024330523587012532
0 0.3569117486476898 0.6686282934144486 0.020903249581654904 0.024330523587012532
0 0.3832715153694153 0.6704473827920304 0.021633028984069824 0.024911924850109013
0 0.41034597158432007 0.6721056561137355 0.022406140963236454 0.025233128274133907
0 0.437688410282135 0.6737146072917257 0.022406140963236454 0.025233128274133907
0 0.46533459424972534 0.6753414321976235 0.022406140963236454 0.025233128274133907
0 0.493635430932045 0.6770505118437069 0.023457487424214662 0.02588798463806631
0 0.5212404727935791 0.6786311837129815 0.023457487424214607 0.02588798463806631
0 0.5499709844589233 0.6802763002756393 0.023457487424214607 0.02588798463806631
0 0.5789057612419128 0.6819331131120053 0.023457487424214607 0.02588798463806631
0 0.6365548372268677 0.6852341141811636 0.023457487424214607 0.02588798463806631
0 0.6661885976791382 0.6869309510040411 0.023457487424214607 0.02588798463806631
0 0.6957945823669434 0.6883153693620548 0.023711880048115974 0.02574497784755032
0 0.7254717946052551 0.6893371214785329 0.024204015731811523 0.026138956232588474
0 0.7551437020301819 0.6904810084853061 0.024204015731811523 0.026138956232588474
0 0.14932160079479218 0.6886871249176735 0.020659983158111572 0.023995717366536513
0 0.17385806143283844 0.6906133144926146 0.020659983158111572 0.023995717366536513
0 0.19895412027835846 0.6925834342924276 0.020659983158111572 0.023995717366536513
0 0.22428521513938904 0.6945720051610192 0.020659983158111572 0.023995717366536513
0 0.24967258423566818 0.6965649937346283 0.020659983158111572 0.023995717366536513
0 0.275491863489151 0.6978865778723429 0.02088010311126709 0.02419544190399401
0 0.3012613356113434 0.6994969773885956 0.021035422881444332 0.0241755699926568
0 0.32778483629226685 0.7011939647585846 0.022008121013641357 0.024984167527782878
0 0.35460808873176575 0.7037108908412071 0.022308001915613773 0.02525178776230923
0 0.40846458077430725 0.7070808410644531 0.022308001915613773 0.02525178776230923
0 0.4361778795719147 0.7088149391077515 0.022308001915613773 0.02525178776230923
0 0.463245689868927 0.7105086471435653 0.022308001915613773 0.02525178776230923
0 0.4915119558572769 0.7122773458791334 0.02230800191561383 0.02525178776230923
0 0.5193037986755371 0.7140163586398575 0.022308001915613884 0.02525178776230923
0 0.5482372045516968 0.7165838729503543 0.02256399393081665 0.025331334550251276
0 0.5765517950057983 0.7186004482300689 0.022626956303914314 0.025145390237024532
0 0.1460561901330948 0.7223616311716479 0.02090070645014447 0.02409872897835665
0 0.17061036825180054 0.724304716160636 0.02090070645014447 0.02409872897835665
0 0.19579418003559113 0.72629762695594 0.02090070645014447 0.02409872897835665
0 0.24623452126979828 0.7305678469871847 0.021321117877960205 0.024260203043619737
0 0.2724969685077667 0.73236747120702 0.021321117877960205 0.02426020304361982
0 0.2992241382598877 0.7341989403605887 0.021321117877960205 0.02426020304361982
0 0.32553908228874207 0.7360021619030758 0.021321117877960205 0.024260203043619737
0 0.3522881269454956 0.7378351300261742 0.022000372409820557 0.024847459423449583
0 0.3785592317581177 0.7398846467230866 0.022000372409820557 0.024847459423449583
0 0.4063820242881775 0.7420552169466004 0.022000372409820557 0.024847459423449667
0 0.43371015787124634 0.7441871967956948 0.022000372409820557 0.024847459423449583
0 0.4607402980327606 0.7462959289550781 0.022000372409820557 0.024847459423449583
0 0.5173255205154419 0.7506615104823765 0.02206176519393921 0.024943950564362282
0 0.5457160472869873 0.7524749411842304 0.02342311541239428 0.025644760723261897
0 0.5745930075645447 0.7544865275538245 0.023893237113952637 0.02638629055762473
0 0.6037758588790894 0.7561055751256414 0.023893237113952637 0.02638629055762473
0 0.632598340511322 0.7577046295976473 0.023893237113952637 0.026386290557624648
0 0.6622837781906128 0.7593515603678777 0.023893237113952637 0.026386290557624648
0 0.6920729875564575 0.7610042483307594 0.023893237113952637 0.026386290557624648
0 0.14331240952014923 0.7562554842398689 0.021051466464996338 0.023798920387445494
0 0.16748356819152832 0.7573921717829937 0.021536151568094908 0.02408481568329105
0 0.19294953346252441 0.7596228843511537 0.021536151568094908 0.02408481568329105
0 0.21820223331451416 0.7621263016101926 0.021856834491093935 0.024156614791515263
0 0.24439457058906555 0.7641854488707673 0.021856834491093963 0.024156614791515263
0 0.29687732458114624 0.7683114540446243 0.02185683449109399 0.024156614791515263
0 0.3229639530181885 0.77036229085696 0.02185683449109399 0.024156614791515263
0 0.34966549277305603 0.7724614697833394 0.02185683449109399 0.024156614791515263
0 0.37676939368247986 0.774612611738579 0.021937231222788456 0.02421244539955779
0 0.40395280718803406 0.7770334288131359 0.023311654726664188 0.02572105466857448
0 0.43156516551971436 0.7793238361476104 0.023311654726664188 0.02572105466857448
0 0.45912066102027893 0.781609526788064 0.023311654726664188 0.02572105466857448
0 0.48728781938552856 0.7839459540260464 0.023311654726664188 0.02572105466857448
0 0.5148528814315796 0.7862324381983558 0.0233116547266643 0.02572105466857448
