0 0.15723228454589844 0.10591701019641965 0.020888179540634155 0.02450377442115961
0 0.1823861291822122 0.10348413021122047 0.021273255348205566 0.024724716363951217
0 0.8161095380783081 0.11709993939067043 0.01878213882446289 0.021209872046182323
0 0.8387856483459473 0.11820854142654774 0.018362760543823242 0.021384239196777344
0 0.13460933044552803 0.1403144681176474 0.02058635900417964 0.023758067641147348
0 0.15670491755008698 0.13791043526994748 0.020586359004179655 0.023758067641147348
0 0.1799733191728592 0.13537879845260864 0.020586359004179655 0.023758067641147348
0 0.2020743489265442 0.13297417343656237 0.020586359004179655 0.023758067641147348
0 0.22854508459568024 0.1300941178965014 0.020586359004179655 0.023758067641147348
0 0.25397050380706787 0.12643175346906796 0.02153913180033365 0.02409387189288472
0 0.28142398595809937 0.12606572019684908 0.021539131800333622 0.02409387189288472
0 0.3082778751850128 0.12570768120961043 0.021539131800333622 0.02409387189288472
0 0.36415088176727295 0.12496273456439068 0.021539131800333622 0.02409387189288472
0 0.3922502100467682 0.12458809031996616 0.021968146165212032 0.024133608322734968
0 0.41998860239982605 0.1256779958260507 0.021968146165212032 0.024133608322734968
0 0.44811806082725525 0.12678326722148728 0.021968146165212032 0.024133608322734968
0 0.4756667912006378 0.12786572047030645 0.021968146165212032 0.024133608322734968
0 0.503515362739563 0.12895995517109715 0.021968146165211977 0.024133608322734968
0 0.5307263731956482 0.13017563487208167 0.021332303682963127 0.023781185002290015
0 0.5581485629081726 0.13184404373168945 0.021156469980875725 0.02346854246864022
0 0.5850058794021606 0.13361876371069553 0.021156469980875725 0.02346854246864022
0 0.6113801002502441 0.13536156093618487 0.021156469980875725 0.02346854246864022
0 0.6380044221878052 0.13712088473462378 0.021156469980875725 0.02346854246864022
0 0.6642649173736572 0.13885616701702738 0.021156469980875725 0.02346854246864022
0 0.6893802881240845 0.1405396871589939 0.02088089783986402 0.02360369068707608
0 0.7150339484214783 0.14224167757256087 0.019948403040568108 0.022859307222588117
0 0.740746021270752 0.14394246536838695 0.019948403040568108 0.022859307222588117
0 0.765191376209259 0.14555946301722583 0.019948403040568108 0.022859307222588117
0 0.7900585532188416 0.1472043631161978 0.019948403040568108 0.022859307222588117
0 0.8153968453407288 0.14888042627378953 0.019948403040568108 0.022859307222588117
0 0.8390931487083435 0.15049000673515853 0.01932028929392504 0.022370382796886357
0 0.8642147779464722 0.1521719166655167 0.01932028929392504 0.022370382796886357
0 0.8887154459953308 0.1540673943453057 0.019325335820515877 0.022511970165163972
0 0.13413827121257782 0.1721566088429133 0.020363758007685348 0.023230064746945403
0 0.15580952167510986 0.170033477073492 0.020672822992006956 0.023364843324173327
0 0.17846229672431946 0.16781703858360617 0.020672822992006956 0.023364843324173327
0 0.20258459448814392 0.16545681608936066 0.020672822992006956 0.023364843324173327
0 0.22794583439826965 0.1608930260630595 0.021116370956103026 0.023649984551954627
0 0.25347817689180374 0.16047718358594318 0.021116370956102998 0.023649984551954627
0 0.30802854895591736 0.15958872762650653 0.02111637095610297 0.023649984551954627
0 0.3354901969432831 0.1591414627612614 0.02111637095610297 0.023649984551954627
0 0.3633772134780884 0.1586872699648835 0.02111637095610297 0.023649984551954627
0 0.3913818895816803 0.15823116085994307 0.02111637095610297 0.023649984551954627
0 0.4196621775627136 0.15902977972485627 0.021320094664891598 0.023831145707951036
0 0.4475901424884796 0.16030248375826103 0.021320094664891598 0.023831145707951036
0 0.5029181092977524 0.16282383204502004 0.021320094664891542 0.023831145707951036
0 0.5582737922668457 0.16544282159139945 0.02030710379282641 0.02323627471923828
0 0.5847168564796448 0.16696561048747136 0.02030710379282641 0.02323627471923828
0 0.6110402345657349 0.16848150696353856 0.02030710379282641 0.02323627471923828
0 0.6371310353279114 0.16998400990232565 0.02030710379282641 0.02323627471923828
0 0.6629343032836914 0.17146995455719705 0.02030710379282641 0.02323627471923828
0 0.7143152952194214 0.1749446891074957 0.01965232690175367 0.022505434908608127
0 0.765128493309021 0.1782189030871223 0.01965232690175367 0.022505434908608127
0 0.8145326375961304 0.18140232286698169 0.01965232690175367 0.022505434908608127
0 0.8391193747520447 0.18298660099817407 0.01965232690175367 0.022505434908608127
0 0.8633880615234375 0.1845503851424816 0.01965232690175367 0.022505434908608127
0 0.8881226778030396 0.18611643667055994 0.01951054732004809 0.022554630456968795
0 0.13425656968132169 0.20583289447718645 0.019616983830928802 0.022605245427567856
0 0.15548738837242126 0.20345642332449082 0.01979490121205646 0.022846310637718022
0 0.17893858720250683 0.20205099301081966 0.01979490121205646 0.022846310637718022
0 0.2022971361875534 0.19908617787304456 0.01979490121205646 0.022846310637718022
0 0.2535777613520622 0.19592333263733128 0.019794901212056487 0.022846310637718022
0 0.28030306100845337 0.1942749910576399 0.019794901212056515 0.022846310637718022
0 0.3079618811607361 0.1935146924759752 0.020775223771731022 0.023782493532165994
0 0.33539801836013794 0.19231176058764765 0.021271665891011593 0.02386462411215139
0 0.36293700337409973 0.19289436451224393 0.021271665891011593 0.02386462411215139
0 0.39115288853645325 0.19233581718083206 0.021341313918431637 0.023700536683548327
0 0.4473651945590973 0.1943773724312006 0.021341313918431637 0.023700536683548327
0 0.4751080572605133 0.1953849558415932 0.021341313918431637 0.023700536683548327
0 0.5027894526720047 0.19639030684279735 0.02134131391843158 0.023700536683548327
0 0.5302435159683228 0.19738740144773972 0.021341313918431526 0.023700536683548327
0 0.5575677156448364 0.19837977958090566 0.021341313918431526 0.023700536683548327
0 0.583942711353302 0.20037873248144794 0.0205838680267334 0.023337804069814727
0 0.6108579635620117 0.20187805530434666 0.0205838680267334 0.023337804069814727
0 0.6372972726821899 0.2030836187374501 0.01985490322113037 0.02305733141048937
0 0.6635447144508362 0.20477048740830534 0.01985490322113037 0.02305733141048937
0 0.6893405914306641 0.2064283349462885 0.01985490322113037 0.02305733141048937
0 0.7148808240890503 0.20836985670890912 0.019441962242126465 0.022978538690611373
0 0.7395809888839722 0.20965718114098839 0.019441962242126465 0.022978538690611373
0 0.7651692628860474 0.21099079209342955 0.019441962242126465 0.022978538690611373
0 0.7903319597244263 0.21230222279383154 0.019441962242126465 0.022978538690611373
0 0.8145340085029602 0.21356358639029568 0.019441962242126465 0.022978538690611373
0 0.13203759863972664 0.23744747135145075 0.02000568310419719 0.023277874140776433
0 0.15358182787895203 0.23586106854815816 0.020005683104197203 0.023277874140776433
0 0.17659007012844086 0.2341668635896922 0.020005683104197203 0.023277874140776433
0 0.22657959163188934 0.22913761811484132 0.020824690659840883 0.023447391598723655
0 0.25246596336364746 0.22857976514239645 0.02082469065984091 0.023447391598723655
0 0.279280424118042 0.2280019117919404 0.02082469065984094 0.023447391598723655
0 0.3069228231906891 0.22740621631758137 0.02082469065984094 0.023447391598723655
0 0.3343017101287842 0.22681619954663654 0.02082469065984094 0.023447391598723655
0 0.3622375428676605 0.22621418055793496 0.02082469065984094 0.023447391598723655
0 0.39068523049354553 0.22702877888238734 0.021034757296244266 0.023724711218545604
0 0.4185185432434082 0.22775131048158156 0.021034757296244266 0.023724711218545604
0 0.44707539677619934 0.22849262464840156 0.021034757296244266 0.023724711218545604
0 0.4745030105113983 0.22856396195402165 0.020810484886169434 0.02357172411541606
0 0.5021541714668274 0.22992242768753407 0.020810484886169434 0.02357172411541606
0 0.5296720266342163 0.2312743442802916 0.020810484886169434 0.02357172411541606
0 0.5843724608421326 0.23396170578382774 0.020810484886169434 0.02357172411541606
0 0.6110432744026184 0.23527200831923373 0.020810484886169434 0.02357172411541606
0 0.6372197866439819 0.23663483109585073 0.019846677780151367 0.0229946106903313
0 0.6633672714233398 0.2381521509094917 0.019846677780151367 0.0229946106903313
0 0.7143329381942749 0.24110965204811027 0.019846677780151367 0.0229946106903313
0 0.7390183210372925 0.2425421271336142 0.019846677780151367 0.0229946106903313
0 0.764436662197113 0.24401713526526161 0.019846677780151367 0.0229946106903313
0 0.7894377708435059 0.24535169823836586 0.019651293754577637 0.023201121840366098
0 0.8142572641372681 0.24654463834540788 0.019651293754577637 0.023201121840366098
0 0.8383026123046875 0.24770036944262222 0.019651293754577637 0.023201121840366098
0 0.862430989742279 0.24850381806839345 0.01935756206512451 0.02320001291674237
0 0.1304119974374771 0.27049737360207476 0.019884829719861344 0.02341588338216143
0 0.15252217650413513 0.2690851522046466 0.01988482971986133 0.02341588338216143
0 0.175540491938591 0.26761492631948813 0.01988482971986133 0.02341588338216143
0 0.1996198445558548 0.2660769298654659 0.01988482971986133 0.02341588338216143
0 0.251947857439518 0.2627346349316974 0.019884829719861358 0.02341588338216143
0 0.30676785111427307 0.25923317219632264 0.019884829719861385 0.02341588338216143
0 0.33447590470314026 0.2611780610195426 0.0209255417188009 0.0237785457640655
0 0.3621959090232849 0.260840082179763 0.020760327577590942 0.023816086525140806
0 0.39023569226264954 0.26120264741901095 0.020929336547851562 0.023613301358481737
0 0.4185463786125183 0.26206269375113556 0.020929336547851562 0.023613301358481737
0 0.4466439485549927 0.2620429123535385 0.020398586988449097 0.023522650548653982
0 0.5023857802152634 0.2643456126368323 0.020398586988449097 0.023522650548653982
0 0.5295721292495728 0.2654686832600685 0.020398586988449097 0.023522650548653982
0 0.557013988494873 0.26660230903403637 0.020398586988449097 0.023522650548653982
0 0.5837254524230957 0.26770576210909114 0.020398586988449097 0.023522650548653982
0 0.610535204410553 0.26881327547307254 0.020398586988449097 0.023522650548653982
0 0.6366893649101257 0.26993805474380983 0.02010146776835131 0.023103699203609468
0 0.6632459759712219 0.27105734756964267 0.02010146776835131 0.023103699203609468
0 0.6893808841705322 0.2721588667048964 0.02010146776835131 0.023103699203609468
0 0.7394520044326782 0.27499332646569846 0.01956760883331299 0.023058972617452485
0 0.7641057372093201 0.2763889416055855 0.01956760883331299 0.023058972617452485
0 0.7893579602241516 0.27837681431051736 0.019006570180257087 0.02265420070914335
0 0.8136518001556396 0.2791936785675759 0.019006570180257087 0.02265420070914335
0 0.8379389047622681 0.2800103163538025 0.019006570180257087 0.02265420070914335
0 0.8621768355369568 0.2808253007025402 0.019006570180257087 0.02265420070914335
0 0.8869249820709229 0.2816574407178302 0.019006570180257087 0.02265420070914335
0 0.12992101907730103 0.3036387243936228 0.01941964030265808 0.023608910020931774
0 0.1518782377243042 0.302360480630923 0.01941964030265808 0.023608910020931774
0 0.17545229196548462 0.3009881124690088 0.01941964030265808 0.023608910020931774
0 0.1988341212272644 0.2971759373041966 0.020939171314239502 0.023397327393524434
0 0.251140832901001 0.2965818893077762 0.020939171314239502 0.023397327393524434
0 0.2788639962673187 0.2955707513504901 0.02110644181569421 0.023914455443389628
0 0.33412277698516846 0.29584736047789106 0.02110644181569421 0.023914455443389628
0 0.36184754967689514 0.29598614249736427 0.02110644181569421 0.023914455443389628
0 0.39037179946899414 0.2961289264629578 0.02110644181569421 0.023914455443389628
0 0.41849544644355774 0.2962697051292242 0.020663003126780155 0.02407660964847538
0 0.44628071784973145 0.29706638066793134 0.020663003126780155 0.02407660964847538
0 0.47422394156455994 0.29786758510753514 0.020663003126780155 0.02407660964847538
0 0.5299230813980103 0.299464623393887 0.020663003126780266 0.02407660964847538
0 0.5566818714141846 0.3002318670583326 0.020663003126780266 0.02407660964847538
0 0.5833815932273865 0.3004530751427939 0.020098447799682617 0.023530693941338117
0 0.6104245185852051 0.3018262890438738 0.020098447799682617 0.023530693941338117
0 0.6367824077606201 0.3032128311866938 0.01987377802530932 0.023164616074672965
0 0.6631476879119873 0.3044804066587157 0.01987377802530932 0.023164616074672965
0 0.6882513165473938 0.30568732514144364 0.01987377802530932 0.023164616074672965
0 0.7140617966651917 0.3069282272418802 0.01987377802530932 0.023164616074672965
0 0.7644380927085876 0.30935019116068996 0.01888906955718994 0.022656270699907614
0 0.7890224456787109 0.310275618272353 0.01888906955718994 0.022656270699907614
0 0.8140354156494141 0.3112171797843535 0.01888906955718994 0.022656270699907614
0 0.8384910821914673 0.3121377627616363 0.01888906955718994 0.022656270699907614
0 0.8628535866737366 0.3130548388458962 0.01888906955718994 0.022656270699907614
0 0.8871511816978455 0.31397032820355486 0.01867961883544922 0.022662672885628635
0 0.12946229055523872 0.33663266204124276 0.01936376839876175 0.023794203765632543
0 0.1513717770576477 0.33532233528966826 0.01936376839876175 0.023794203765632543
0 0.17436903715133667 0.3331768120862575 0.020483851432800293 0.023985929267351016
0 0.19817449152469635 0.3325232350549033 0.020483851432800293 0.023985929267351016
0 0.2235143780708313 0.33182753029901296 0.020483851432800293 0.023985929267351016
0 0.2510248050093651 0.33107223351333614 0.020483851432800293 0.023985929267351016
0 0.2781141400337219 0.3299897659527658 0.021224160989125607 0.024220976718636447
0 0.30581018328666687 0.32970712335595864 0.021259387334187863 0.024316832076671513
0 0.36203914880752563 0.33044429158055505 0.021259387334187863 0.024316832076671513
0 0.3900810778141022 0.33081192450477037 0.021259387334187863 0.024316832076671513
0 0.4180602431297302 0.3311787345897569 0.021259387334187863 0.024316832076671513
0 0.44577187299728394 0.33154203725415604 0.021259387334187863 0.024316832076671513
0 0.4738938808441162 0.3321815756864326 0.020836422840754154 0.023818836655727652
0 0.5014795511960983 0.33306799202308535 0.02083642284075421 0.023818836655727652
0 0.529316246509552 0.3339624745993443 0.020836422840754265 0.023818836655727652
0 0.5563958883285522 0.3348326306112442 0.020836422840754265 0.023818836655727652
0 0.6104403734207153 0.33656925378843794 0.020836422840754265 0.023818836655727652
0 0.6364405751228333 0.3372209903805755 0.01976577440897631 0.02308174251585965
0 0.662398636341095 0.33802610871757816 0.01976577440897631 0.02308174251585965
0 0.6884899139404297 0.33883535890981786 0.01976577440897631 0.02308174251585965
0 0.7141864895820618 0.3396323669788449 0.01976577440897631 0.02308174251585965
0 0.7391995191574097 0.34040817410117863 0.01976577440897631 0.02308174251585965
0 0.7638570666313171 0.3413984830989394 0.019514163335164314 0.022891303365544784
0 0.7888960242271423 0.34225641545071933 0.019328594207763672 0.02285473845725836
0 0.8135462403297424 0.34351277905841204 0.018883903821309334 0.022504791732906343
0 0.838405191898346 0.3441714796909066 0.018725872039794922 0.022461454997691047
0 0.8872779011726379 0.3456237926039585 0.01890707015991211 0.02246901046398074
0 0.1286209523677826 0.3697465297787689 0.019403437773386642 0.02363212348878847
0 0.15018905699253082 0.3689033275791454 0.019403437773386656 0.023632123488788428
0 0.17386798560619354 0.36797760299466536 0.019403437773386656 0.023632123488788428
0 0.19818352162837982 0.366393200068768 0.02086596190929413 0.024087721063185134
0 0.22339048981666565 0.36608607824599915 0.02118004858493805 0.024348783862683188
0 0.2500634267926216 0.3656956317812897 0.02118004858493805 0.024348783862683188
0 0.27681633830070496 0.3653040146253526 0.02118004858493805 0.02434878386268323
0 0.304886132478714 0.36489312054526674 0.02118004858493805 0.02434878386268323
0 0.3331340253353119 0.3644796194032181 0.02118004858493805 0.024348783862683188
0 0.3617865741252899 0.36406019478604734 0.02118004858493805 0.024348783862683188
0 0.38964608311653137 0.3653224086211349 0.021267573038736942 0.024491879367089114
0 0.41774460673332214 0.36535228342506854 0.020783603191375732 0.02401388892831727
0 0.47320613265037537 0.3665685764578886 0.020783603191375732 0.02401388892831727
0 0.5010815858840942 0.3671798960888266 0.020783603191375732 0.02401388892831727
0 0.5290168523788452 0.3676840185859973 0.020104805628458733 0.023241309232490008
0 0.5563850402832031 0.36839272255121275 0.020104805628458733 0.023241309232490008
0 0.5836325883865356 0.3690983025278891 0.020104805628458733 0.023241309232490008
0 0.61015784740448 0.3697851787036184 0.020104805628458733 0.023241309232489966
0 0.6363083720207214 0.37074024998954297 0.019623001416524177 0.022764449895814366
0 0.6625183820724487 0.3714310512986294 0.019623001416524177 0.022764449895814408
0 0.6885033249855042 0.3721159206498981 0.019623001416524177 0.022764449895814408
0 0.7138705253601074 0.37278450853643647 0.019623001416524177 0.022764449895814408
0 0.7639588117599487 0.37410465506620183 0.019623001416524177 0.022764449895814408
0 0.7887505888938904 0.3747580768720274 0.019623001416524177 0.022764449895814408
0 0.8136112093925476 0.3757964017233233 0.01909073193867994 0.022131291470786383
0 0.838179349899292 0.37660264467750554 0.01909073193867994 0.022131291470786383
0 0.8623323440551758 0.37739526393801665 0.01909073193867994 0.022131291470786383
0 0.8868280649185181 0.378199130325392 0.01909073193867994 0.022131291470786383
0 0.1274460218846798 0.4029692716376726 0.01919880757729213 0.023293192072432224
0 0.15030266344547272 0.40224543105682925 0.019198807577292143 0.023293192072432224
0 0.17297543585300446 0.40152741337671 0.019198807577292143 0.023293192072432224
0 0.2229846864938736 0.39994368442269257 0.019198807577292143 0.023293192072432224
0 0.25011590123176575 0.3990844735809498 0.019198807577292115 0.023293192072432224
0 0.277509480714798 0.39944781813510627 0.021299918492635128 0.024024283239083753
0 0.3043278753757477 0.39908772845600926 0.021237870057423947 0.024140084436697497
0 0.3328484296798706 0.39944064606830043 0.021237870057423947 0.024140084436697497
0 0.361007422208786 0.3997890896610113 0.021237870057423947 0.024140084436697497
0 0.4175029397010803 0.40048817365937717 0.021237870057423947 0.024140084436697497
0 0.4733869433403015 0.4011796906937 0.021237870057423947 0.024140084436697497
0 0.500971719622612 0.40164674607499035 0.02064161499341327 0.023851705151934955
0 0.5287511348724365 0.4021170970123604 0.020641614993413215 0.023851705151934955
0 0.5555312633514404 0.4025705283902247 0.020641614993413215 0.023851705151934955
0 0.5830792188644409 0.403036960335665 0.020641614993413215 0.023851705151934955
0 0.6099491119384766 0.40369242291117824 0.0205380916595459 0.02363270012907285
0 0.636268675327301 0.4043055967029418 0.0205380916595459 0.02363270012907285
0 0.6626150012016296 0.4044299901917923 0.020139853159586663 0.023742498353470202
0 0.6883476376533508 0.4048806845811698 0.020139853159586663 0.023742498353470202
0 0.12699541077017784 0.436055320777054 0.020340358217557267 0.02426250960475709
0 0.17249831557273865 0.4353110291237055 0.0205668757359187 0.024000389631404433
0 0.19713380932807922 0.43490837853213854 0.0205668757359187 0.024000389631404433
0 0.22196531295776367 0.43450252429088465 0.0205668757359187 0.024000389631404433
0 0.24952156096696854 0.4340521359336443 0.02056687573591867 0.024000389631404433
0 0.2769564986228943 0.43360373031261357 0.020566875735918644 0.024000389631404433
0 0.3326124846935272 0.4338277772415516 0.021236995855967167 0.023954021838284333
0 0.36093488335609436 0.43406948331734896 0.021236995855967167 0.023954021838284333
0 0.3891598582267761 0.43428913382596745 0.02094208200772607 0.02362764343734865
0 0.41796621680259705 0.4345714180421655 0.02094208200772607 0.02362764343734865
0 0.44544750452041626 0.4347907221594522 0.020428498586018917 0.02364698306534647
0 0.473029226064682 0.43510708177585367 0.020428498586018917 0.02364698306534647
0 0.5005798786878586 0.435423085034805 0.02042849858601886 0.02364698306534647
0 0.5286312699317932 0.4357448317161793 0.020428498586018806 0.02364698306534647
0 0.5826497077941895 0.43636441785235736 0.020428498586018806 0.02364698306534647
0 0.6097079515457153 0.4366257689719976 0.02055894335110975 0.023569890695024884
0 0.6359785199165344 0.43724515369316713 0.019581596056620354 0.023041274196417702
0 0.6622457504272461 0.43778761043105013 0.01947152614593506 0.023042575333469654
0 0.6885027885437012 0.438303089917842 0.01947152614593506 0.023042575333469654
0 0.7139447331428528 0.4387855086215707 0.019304434458414788 0.022853407748909885
0 0.7647642493247986 0.43990440873659675 0.019304434458414788 0.022853407748909885
0 0.7896609306335449 0.4404525623136672 0.019304434458414788 0.022853407748909885
0 0.8143415451049805 0.4409959587181535 0.019304434458414788 0.022853407748909885
0 0.8385552167892456 0.44152907438056416 0.019304434458414788 0.022853407748909885
0 0.8630359768867493 0.4420679515704484 0.019281109174092537 0.022960160129754173
0 0.8872002959251404 0.4416322042775709 0.019347508748372322 0.022814610207727657
0 0.1264665462076664 0.4697058921636537 0.018708604077498123 0.023274887439816497
0 0.1484287530183792 0.4692355754763581 0.01953864097595215 0.023507938828579215
0 0.1723976731300354 0.4689169209546191 0.02047213912010193 0.023951803991036878
0 0.196694016456604 0.46870932468148163 0.02047213912010193 0.023951803991036878
0 0.2225310355424881 0.4684885643473393 0.02047213912010193 0.023951803991036878
0 0.24923455715179443 0.4682604003190646 0.02047213912010193 0.023951803991036878
0 0.27654266357421875 0.4680270705112191 0.02047213912010193 0.023951803991036878
0 0.33270299434661865 0.46754721742345984 0.02047213912010193 0.023951803991036878
0 0.36028027534484863 0.468695902662347 0.021150072415669796 0.024277295253073577
0 0.3893038034439087 0.4686528968222669 0.02075810233751929 0.0238082649171815
0 0.4175707697868347 0.4688378267509993 0.02075810233751929 0.0238082649171815
0 0.44548487663269043 0.46902044818009103 0.02075810233751929 0.0238082649171815
0 0.4730788469314575 0.46920097519168774 0.02075810233751929 0.0238082649171815
0 0.5001112371683121 0.46937782819880997 0.020758102337519346 0.0238082649171815
0 0.5556609034538269 0.4697412487265971 0.020758102337519402 0.0238082649171815
0 0.5824152231216431 0.47032134477482285 0.019916296005249023 0.023179934006328676
0 0.6092721819877625 0.4706560036553714 0.019916296005249023 0.023179934006328676
0 0.6622952818870544 0.47131671328165364 0.019916296005249023 0.023179934006328676
0 0.6884328126907349 0.4716529846191406 0.019303957621256584 0.02296311725941734
0 0.7143100500106812 0.4719667520781093 0.019303957621256584 0.02296311725941734
0 0.7398478984832764 0.47227640436918283 0.019303957621256584 0.02296311725941734
0 0.7648850083351135 0.4725799850892188 0.019303957621256584 0.02296311725941734
0 0.8141188025474548 0.4731769561767578 0.019303957621256584 0.02296311725941734
0 0.8392580151557922 0.47368153592613416 0.018895546595255608 0.02254030686016225
0 0.8636477589607239 0.4739645137343296 0.018895546595255608 0.02254030686016225
0 0.12565390765666962 0.5027382872825445 0.01899089415868123 0.02308314715244968
0 0.14740051329135895 0.5029851336811864 0.01964037617047626 0.023534907851108285
0 0.17105257511138916 0.5030505819751219 0.01964037617047626 0.023534907851108285
0 0.19582895934581757 0.503072649933571 0.02068382501602173 0.023817136306171324
0 0.22134019434452057 0.5031681147116802 0.02068382501602173 0.023817136306171324
0 0.24819687008857727 0.5032686142206529 0.02068382501602173 0.023817136306171324
0 0.2758125364780426 0.503371953924291 0.02068382501602173 0.023817136306171324
0 0.33239418268203735 0.50358368629633 0.02068382501602173 0.023817136306171324
0 0.36023321747779846 0.5032098478895068 0.021445035934448242 0.024282884228137167
0 0.38875237107276917 0.5032897771790971 0.021445035934448242 0.024282884228137167
0 0.4451499879360199 0.5034478401256515 0.021445035934448242 0.024282884228137167
0 0.4727111756801605 0.5035719317059184 0.021175841490427616 0.02422468791636391
0 0.5005367249250412 0.503659312233803 0.02117584149042767 0.02422468791636391
0 0.5281375050544739 0.5039825883022574 0.02083764473597216 0.023851113726002356
0 0.5553801655769348 0.5043338509493096 0.020464469989140754 0.02403306591418368
0 0.5822215676307678 0.5045812348930345 0.020464469989140754 0.02403306591418368
0 0.6359459757804871 0.504647306740228 0.019353270530700684 0.022977784622547237
0 0.6620480418205261 0.5041797251399298 0.019355495770772224 0.02261713308881414
0 0.6879574656486511 0.5045029396234557 0.019355495770772224 0.02261713308881414
0 0.7397401928901672 0.505148917996111 0.019355495770772224 0.02261713308881414
0 0.7648661732673645 0.505462359191275 0.019355495770772224 0.02261713308881414
0 0.7898610830307007 0.5057741653087527 0.019355495770772224 0.02261713308881414
0 0.8145763874053955 0.5060824834092109 0.019355495770772224 0.02261713308881414
0 0.8392888307571411 0.5058511689651845 0.01887381076812744 0.022588389788487106
0 0.12419231235980988 0.5370801853965728 0.01969919602076213 0.023802468943041423
0 0.14637230336666107 0.5372746933338254 0.019934763511021913 0.02395978824112772
0 0.1703696846961975 0.5373906004730933 0.02081995209058124 0.024269665858542327
0 0.19478259980678558 0.5375309434047965 0.02081995209058124 0.024269665858542327
0 0.22138868272304535 0.5376838942367924 0.02081995209058124 0.024269665858542327
0 0.24742287397384644 0.5378335574256459 0.020819952090581267 0.024269665858542327
0 0.27548396587371826 0.5379948726920194 0.020819952090581295 0.024269665858542327
0 0.303049236536026 0.5381533376225867 0.020819952090581295 0.024269665858542327
0 0.33133623003959656 0.5382647944422292 0.021039962768554688 0.023982558139534885
0 0.3882601261138916 0.5380576355863994 0.021039962768554688 0.023982558139534885
0 0.41697579622268677 0.5379531328068223 0.021039962768554688 0.023982558139534885
0 0.4449666142463684 0.5380072482796603 0.020663479963938358 0.023622468460437862
0 0.4725727438926697 0.5381340154835126 0.020663479963938358 0.023622468460437862
0 0.5002878904342651 0.5382612832923815 0.020663479963938414 0.023622468460437862
0 0.5279611349105835 0.5383883586871845 0.02066347996393847 0.023622468460437862
0 0.5548834800720215 0.5385119859562364 0.02066347996393847 0.023622468460437862
0 0.5822228193283081 0.5384096219428498 0.019950906435648674 0.023315074831940407
0 0.6101505756378174 0.5383050547770553 0.019950906435648674 0.023315074831940407
0 0.6622804999351501 0.5381570860396984 0.019401192665100098 0.02311913542045185
0 0.6882196068763733 0.5382915514972454 0.019401192665100098 0.02311913542045185
0 0.7141357064247131 0.5384258976870158 0.019401192665100098 0.02311913542045185
0 0.7392441630363464 0.5385560571452512 0.019401192665100098 0.02311913542045185
0 0.7648581266403198 0.5386888370957486 0.019401192665100098 0.02311913542045185
0 0.7896629571914673 0.5389076599813403 0.01921757062276197 0.022718473922374638
0 0.8148409128189087 0.5384800836716052 0.019005894660949707 0.022482494975245276
0 0.8393721580505371 0.5383776287699855 0.019005894660949707 0.022482494975245276
0 0.12312451750040054 0.5706198492715525 0.019377127289772034 0.023461659749349013
0 0.14555704593658447 0.5714973627134811 0.020174423853556334 0.023398672887521253
0 0.16982978582382202 0.5717802030755889 0.020174423853556334 0.023398672887521253
0 0.19450640678405762 0.5720677496995141 0.020174423853556334 0.023398672887521253
0 0.21995212137699127 0.5723642582586216 0.020174423853556334 0.023398672887521253
0 0.27506953477859497 0.5730065190514853 0.020174423853556278 0.023398672887521253
0 0.30268368124961853 0.5730595699576444 0.02121955156326294 0.024257038914880086
0 0.3304223418235779 0.5730289533691613 0.02121955156326294 0.024257038914880086
0 0.35929110646247864 0.5728640001873637 0.020947972933451298 0.023886540139368282
0 0.3874635100364685 0.5728665825591611 0.020947972933451298 0.023886540139368282
0 0.4165346920490265 0.5728692473158387 0.020947972933451298 0.023886540139368282
0 0.444619357585907 0.5728718216452895 0.020947972933451298 0.023886540139368282
0 0.4725266098976135 0.5728743797124818 0.020947972933451298 0.023886540139368282
0 0.5279862284660339 0.5727377465387115 0.020913322766621834 0.023893725964450042
0 0.5830197930335999 0.5726408847542697 0.020913322766621834 0.023893725964450042
0 0.6096324324607849 0.5722805732904479 0.020007173220316643 0.023278761279675333
0 0.6359266042709351 0.5722994579737608 0.020007173220316643 0.023278761279675333
0 0.6623969674110413 0.572318469199088 0.020007173220316643 0.023278761279675333
0 0.688500702381134 0.5723372171091479 0.020007173220316643 0.023278761279675333
0 0.7143383622169495 0.5723557739219302 0.020007173220316643 0.023278761279675333
0 0.7654491662979126 0.5714268470214936 0.019611795743306404 0.02304937673169513
0 0.7903763055801392 0.5712338381035383 0.019611795743306404 0.02304937673169513
0 0.12273046374320984 0.6043179534202399 0.01955415805180867 0.02368480475373965
0 0.1452893316745758 0.6050703283720218 0.019554158051808657 0.02368480475373965
0 0.1687745749950409 0.6058535994503659 0.019554158051808657 0.02368480475373965
0 0.19410134851932526 0.6066982885574211 0.019554158051808657 0.02368480475373965
0 0.2198295295238495 0.6075563652570858 0.019554158051808657 0.02368480475373965
0 0.24621112644672394 0.6078932118970294 0.019816507895787566 0.023652424183926785
0 0.3021995425224304 0.6093730364170888 0.019816507895787594 0.023652424183926785
0 0.3303821086883545 0.6077920813657802 0.021145612001419067 0.02437650695327635
0 0.3593164086341858 0.6077573171151215 0.021145612001419067 0.02437650695327635
0 0.4161829948425293 0.6076320584315382 0.02078767617543542 0.02386504180671638
0 0.44442808628082275 0.6075407959694086 0.02078767617543542 0.02386504180671638
0 0.4723598062992096 0.6074505460388688 0.02078767617543542 0.02386504180671638
0 0.4994876980781555 0.6073628933505587 0.020787676175435366 0.02386504180671638
0 0.527305006980896 0.6072730130927507 0.02078767617543531 0.02386504180671638
0 0.5554699301719666 0.6071820096615271 0.02078767617543531 0.02386504180671638
0 0.6094487309455872 0.6064121335051781 0.020106395085652595 0.02369781612425817
0 0.6361074447631836 0.6062174937297323 0.020106395085652595 0.02369781612425817
0 0.6627756357192993 0.6060227847600963 0.020106395085652595 0.02369781612425817
0 0.6888617277145386 0.6058323257933602 0.020106395085652595 0.02369781612425817
0 0.7146854400634766 0.6056437825047692 0.020106395085652595 0.02369781612425817
0 0.7403765320777893 0.6050892763359602 0.020357926686604744 0.023596386576807776
0 0.7910723090171814 0.6046233066292697 0.020099957784016853 0.023475913114325946
0 0.12171739339828491 0.6379759947578219 0.019940336545308426 0.024316122365552327
0 0.14476361870765686 0.6390120927677598 0.020091613133748354 0.024300449578337022
0 0.1684466451406479 0.6400162560721294 0.020091613133748354 0.024300449578337022
0 0.1933148205280304 0.6419844072918559 0.020894914865493774 0.024341583251953125
0 0.21908161044120789 0.6423582909028864 0.020894914865493774 0.024341583251953125
0 0.24597038328647614 0.6427484548123777 0.020894914865493774 0.024341583251953125
0 0.27263277769088745 0.643135333904893 0.020894914865493774 0.024341583251953125
0 0.3301093876361847 0.6439693362213844 0.020894914865493774 0.024341583251953125
0 0.35813355445861816 0.6434446483708913 0.02108628551165259 0.02444724149482195
0 0.38684141635894775 0.6434808331866597 0.02108628551165259 0.02444724149482195
0 0.4155697524547577 0.6433437979906267 0.020979811747868893 0.024177196413971657
0 0.44353562593460083 0.6431010046670603 0.020979811747868893 0.024177196413971657
0 0.47177907824516296 0.6428558014675103 0.020979811747868893 0.024177196413971657
0 0.4995543211698532 0.642614663154866 0.020979811747868837 0.024177196413971657
0 0.5278323888778687 0.6423691594323446 0.020352284113566155 0.024155845937802865
0 0.5551865100860596 0.6419360305114603 0.020352284113566155 0.024155845937802865
0 0.5827782154083252 0.641499139651007 0.020352284113566155 0.024155845937802865
0 0.6093670725822449 0.6409977834570832 0.02000959714253736 0.023809654768123183
0 0.6361745595932007 0.6406536545864371 0.02001698811848951 0.023662005284035798
0 0.6625963449478149 0.6402902543524002 0.02001698811848951 0.023662005284035798
0 0.6890407204627991 0.6399265434175737 0.02001698811848951 0.023662005284035798
0 0.7149850130081177 0.6395697105292448 0.02001698811848951 0.023662005284035798
0 0.7665542960166931 0.6388604363729787 0.02001698811848951 0.023662005284035798
0 0.7918183207511902 0.6382115440673733 0.01955878734588623 0.02365224675614699
0 0.8164232969284058 0.6377534695020182 0.01955878734588623 0.02365224675614699
0 0.8406020402908325 0.6373033301774845 0.01955878734588623 0.02365224675614699
0 0.1206212230026722 0.67293876825377 0.020005015035470322 0.024264313453851744
0 0.14360839128494263 0.6740220920121202 0.020005015035470308 0.024264313453851744
0 0.16718070209026337 0.6751329919725261 0.020005015035470308 0.024264313453851744
0 0.1919642686843872 0.6763009751785644 0.020005015035470308 0.024264313453851744
0 0.21797579526901245 0.677526828854583 0.020005015035470308 0.024264313453851744
0 0.2446061074733734 0.6777779061293444 0.02113434672355652 0.024509725644607006
0 0.27255457639694214 0.6785381992857549 0.02113434672355652 0.024509725644607006
0 0.30026161670684814 0.6792919247649437 0.02113434672355652 0.024509725644607006
0 0.3284897208213806 0.6790171826329062 0.02153436342875159 0.02459311670111137
0 0.38592806458473206 0.6783956752707094 0.0214749972025553 0.024293293324551785
0 0.44314900040626526 0.6778697967529297 0.0214749972025553 0.024293293324551785
0 0.47154274582862854 0.677608849242328 0.0214749972025553 0.024293293324551785
0 0.4994657188653946 0.6773522282790083 0.021474997202555357 0.024293293324551785
0 0.5274773836135864 0.6770947922107785 0.020621975262959724 0.023567909418150436
0 0.5827060341835022 0.6760252874665891 0.020621975262959724 0.023567909418150436
0 0.6095435619354248 0.6754208209460165 0.02014712492624926 0.023702813673388997
0 0.6364925503730774 0.6749406415362691 0.02014712492624926 0.023702813673388997
0 0.6630813479423523 0.6744668800386067 0.02014712492624926 0.023702813673388997
0 0.6890136003494263 0.6740048169195006 0.02014712492624926 0.023702813673388997
0 0.7153204679489136 0.673536078874455 0.02014712492624926 0.023702813673388997
0 0.7407474517822266 0.6730830186745522 0.02014712492624926 0.023702813673388997
0 0.7664362192153931 0.6721136847207713 0.019858678181966072 0.02367463222769804
0 0.7920109629631042 0.6714899330284542 0.019409100214640373 0.023531507151995465
0 0.8169729113578796 0.6709830045897351 0.019409100214640373 0.023531507151995465
0 0.8415201306343079 0.6704844984897348 0.019409100214640373 0.023531507151995465
0 0.12073026224970818 0.7065090356871139 0.019800615807374314 0.023571398831153157
0 0.1426093876361847 0.7078467602366038 0.0198006158073743 0.023571398831153157
0 0.1663263589143753 0.7092968536090744 0.0198006158073743 0.023571398831153157
0 0.19088147580623627 0.7114169098610101 0.020981897910435976 0.024374525676402067
0 0.21706154942512512 0.7122476316613029 0.020981897910435976 0.024374525676402067
0 0.24447274953126907 0.7131174184247722 0.020981897910436004 0.024374525676402067
0 0.2719166576862335 0.7139882430496928 0.02098189791043603 0.024374525676402067
0 0.29960334300994873 0.7148667712544285 0.02131376663843787 0.024544176205184055
0 0.3565302789211273 0.7142330223793587 0.02131376663843787 0.024544176205184055
0 0.4146018624305725 0.713586530518633 0.02131376663843787 0.024544176205184055
0 0.44300320744514465 0.7132703476753908 0.02131376663843787 0.024544176205184055
0 0.47130680084228516 0.7129552530687909 0.02131376663843787 0.024544176205184055
0 0.49936090409755707 0.7127355087635129 0.021043827136357607 0.024302016857058503
0 0.5274284482002258 0.7123394456020621 0.020905892054239983 0.023998851923979474
0 0.554825484752655 0.7116527458202789 0.020905892054239983 0.023998851923979474
0 0.5822325944900513 0.7110132245972978 0.020328839619954353 0.02386081311129779
0 0.6093682646751404 0.7102808397869731 0.020328839619954353 0.02386081311129779
0 0.6632153391838074 0.7089359815730605 0.020144661267598396 0.023669131966524346
0 0.688936173915863 0.7081391670519905 0.020144661267598396 0.023669131966524346
0 0.715535044670105 0.7073151515531999 0.020144661267598396 0.023669131966524346
0 0.7412728071212769 0.7065178126225398 0.020144661267598396 0.023669131966524346
0 0.7673661708831787 0.7057094573974609 0.020144661267598396 0.023669131966524346
0 0.7920923829078674 0.7050528790519678 0.019661267598469978 0.023365198179732923
0 0.8168588280677795 0.7043952323582242 0.019661267598469978 0.023365198179732923
0 0.8417170643806458 0.7037351482477312 0.019661267598469978 0.023365198179732923
0 0.8660929203033447 0.7030878732370776 0.019661267598469978 0.023365198179732923
0 0.8911120891571045 0.7021012417105741 0.019159873326619392 0.022764457288638622
0 0.11934186890721321 0.7415353641953579 0.020000912249088287 0.024284628934638446
0 0.14138488471508026 0.7449083442592191 0.021003658572832762 0.02450236239174537
0 0.19063769280910492 0.7467858292335687 0.021003658572832762 0.02450236239174537
0 0.21666689217090607 0.7477780453647351 0.021003658572832762 0.02450236239174537
0 0.24340934306383133 0.7487974501798454 0.021003658572832734 0.02450236239174537
0 0.2711651921272278 0.7498554850733558 0.02139955759048462 0.02458729115567469
0 0.2988913059234619 0.749797624607685 0.02139955759048462 0.02458729115567469
0 0.3274509608745575 0.749738024659888 0.02139955759048462 0.02458729115567469
0 0.35629257559776306 0.7500345984170603 0.021643002827962277 0.024310385534005545
0 0.3852533996105194 0.7504323595074726 0.02143297592798865 0.024535363958787523
0 0.41438671946525574 0.7498261207757995 0.02143297592798865 0.024535363958787523
0 0.4702870547771454 0.7486628840232233 0.02143297592798865 0.024535363958787523
0 0.4991176724433899 0.7480629442575363 0.021432975927988707 0.024535363958787523
0 0.526695966720581 0.7474890642387922 0.021432975927988762 0.024535363958787523
0 0.5548146963119507 0.746903938237062 0.021432975927988762 0.024535363958787523
0 0.5816545486450195 0.7462566508803257 0.021247545878092522 0.02427488519239798
0 0.6095306277275085 0.7456475321141232 0.021247545878092522 0.02427488519239798
0 0.6632264852523804 0.7420013962607345 0.02085932095845533 0.024128714273142178
0 0.6896268129348755 0.742069333411295 0.0198972225189209 0.023579486580782242
0 0.7151724100112915 0.741085852913627 0.019299467404683357 0.02337825390719631
0 0.7407117486000061 0.7403353979421217 0.019299467404683357 0.02337825390719631
0 0.7666131854057312 0.7395743029767031 0.019299467404683357 0.02337825390719631
0 0.7916726469993591 0.7388379488432215 0.019299467404683357 0.023378253907196226
0 0.8166253566741943 0.7381047315375749 0.019299467404683357 0.02337825390719631
0 0.8668938279151917 0.7366276289093396 0.019299467404683357 0.023378253907196226
0 0.8914905786514282 0.7350635750349178 0.01937325795491529 0.023002447083938872
0 0.11900154128670692 0.7749755327091661 0.020018287003040314 0.023864568665970202
0 0.14155399799346924 0.7773417982944223 0.020270437002182007 0.024103504742762728
0 0.16653305292129517 0.7807135910240373 0.020749151706695557 0.02486762704775326
0 0.1899721771478653 0.7815976697345113 0.020749151706695557 0.02486762704775326
0 0.2159729301929474 0.7825783681599836 0.020749151706695557 0.02486762704775326
0 0.2700155973434448 0.7846167536825462 0.020749151706695557 0.02486762704775326
0 0.29853227734565735 0.7856923480366551 0.020749151706695557 0.02486762704775326
0 0.3275740146636963 0.786787746543437 0.020749151706695557 0.02486762704775326
0 0.35598331689834595 0.7860969720884811 0.02153337001800537 0.024835157764050497
0 0.38531264662742615 0.785682831023665 0.02153337001800537 0.024835157764050497
0 0.41362640261650085 0.7852830302384929 0.02153337001800537 0.024835157764050497
0 0.4415409564971924 0.7848888663358466 0.02153337001800537 0.024835157764050497
0 0.4993305653333664 0.784072855524833 0.02153337001800537 0.024835157764050497
0 0.5269026756286621 0.7830882061496843 0.021013498306274414 0.024383485779281625
0 0.5545088052749634 0.7819508397301962 0.02099521954854322 0.024355156477107558
0 0.5821933746337891 0.780829822274361 0.02099521954854322 0.024355156477107558
0 0.6092811226844788 0.7797205725381541 0.02067490418752027 0.02398959610813337
0 0.6362853646278381 0.7786300134863052 0.02067490418752027 0.02398959610813337
0 0.6898521184921265 0.7764667345308215 0.02067490418752027 0.02398959610813337
0 0.7154300808906555 0.7754337753949913 0.02067490418752027 0.02398959610813337
0 0.7412709593772888 0.7743901984636173 0.02067490418752027 0.02398959610813337
0 0.7673859596252441 0.7732558329899275 0.01989448070526123 0.02348173865976271
0 0.7925372123718262 0.7721633301193596 0.01989448070526123 0.02348173865976271
0 0.8172478079795837 0.7710899682114288 0.01989448070526123 0.02348173865976271
0 0.8674387335777283 0.7689098092012627 0.01989448070526123 0.02348173865976271
0 0.11786461248993874 0.8092830569245094 0.019603369136651352 0.02382133543029323
0 0.14011116325855255 0.8116936519827596 0.01960336913665134 0.02382133543029323
0 0.1636149287223816 0.8159157933301504 0.020830005407333374 0.024774122607800497
0 0.1892700344324112 0.8170204162597656 0.020830005407333374 0.024774122607800497
0 0.21555820107460022 0.818152296672917 0.020830005407333374 0.024774122607800497
0 0.2694232761859894 0.8204715464061278 0.020830005407333374 0.024774122607800497
0 0.2978881001472473 0.821697146393532 0.020830005407333374 0.024774122607800497
0 0.32688432931900024 0.8229456269095555 0.020830005407333374 0.024774122607800497
0 0.38463717699050903 0.8216323852539062 0.02176378170649207 0.02504742053128017
0 0.41317883133888245 0.8209395844238693 0.02176378170649207 0.02504742053128017
0 0.44202712178230286 0.8201352496479832 0.021361013253529904 0.024945695270863724
0 0.47015848755836487 0.81925178300843 0.021361013253529904 0.024945695270863724
0 0.49898457527160645 0.8188567937806596 0.021447579065958677 0.024622894996820494
0 0.52750563621521 0.8177823050629296 0.021447579065958733 0.024622894996820494
0 0.5825963020324707 0.8157068458438661 0.021447579065958733 0.024622894996820494
0 0.6087309122085571 0.8147222631233284 0.021447579065958733 0.024622894996820494
0 0.63663250207901 0.813909738218709 0.020562728246052986 0.024018339408460404
0 0.6632105112075806 0.8125399212504543 0.020562728246052986 0.024018339408460404
0 0.6892343163490295 0.8111986676716452 0.020562728246052986 0.024018339408460404
0 0.7424771785736084 0.8084545578415646 0.020562728246052986 0.024018339408460404
0 0.7676922082901001 0.8071549881336301 0.020562728246052986 0.024018339408460404
0 0.7930117249488831 0.8058500332222432 0.020562728246052986 0.024018339408460404
0 0.8180510997772217 0.8049062871523561 0.020413994789123535 0.024087358814801247
0 0.8429763317108154 0.8036011984181959 0.02033762137095141 0.02397640730983538
0 0.8675233125686646 0.8025154291197311 0.01987624168395996 0.02357920565346404
0 0.11702077090740204 0.8444442728914885 0.02095317840576172 0.02519515872925762
0 0.1394856721162796 0.8483445644732783 0.020941123366355896 0.024912693703821574
0 0.16387037932872772 0.8501075922056686 0.021176536877950014 0.025001880734465843
0 0.1882871687412262 0.8517273466688221 0.021176536877950014 0.025001880734465843
0 0.2142283171415329 0.853448223651904 0.021176536877950014 0.025001880734465843
0 0.24172573536634445 0.855272340047487 0.021176536877950042 0.025001880734465843
0 0.269276887178421 0.8571000210074491 0.02117653687795007 0.025001880734465843
0 0.3266857862472534 0.8577063804449037 0.021640539169311523 0.024896843488826308
0 0.35578715801239014 0.8577672381733739 0.02179265022277832 0.024755256120548692
0 0.3840237557888031 0.857243698855204 0.02179265022277832 0.024755256120548692
0 0.412794828414917 0.8567102497525549 0.02179265022277832 0.024755256120548692
0 0.441758930683136 0.8561732216561472 0.02179265022277832 0.024755256120548692
0 0.47050511837005615 0.8556402339491733 0.02179265022277832 0.024755256120548692
0 0.498710572719574 0.8542464500249818 0.021417180697123228 0.024420686470445846
0 0.5542716383934021 0.8522341818005649 0.021187225977579827 0.02434604851774456
0 0.581152617931366 0.8509846177212027 0.021187225977579827 0.02434604851774456
0 0.6095949411392212 0.8496624744799586 0.021187225977579827 0.02434604851774456
0 0.6367379426956177 0.848400730290055 0.021187225977579827 0.02434604851774456
0 0.663602888584137 0.8471519115359284 0.021187225977579827 0.02434604851774456
0 0.7161858677864075 0.8447075883331893 0.021187225977579827 0.02434604851774456
0 0.7420344948768616 0.8430092390193495 0.02018352349599195 0.023758821709211484
0 0.7681794166564941 0.8415775960951009 0.02018352349599195 0.023758821709211484
0 0.7932645678520203 0.8402039840600186 0.02018352349599195 0.023758821709211484
0 0.8190793991088867 0.8387904162237454 0.02018352349599195 0.023758821709211484
0 0.8438777923583984 0.8374325064725654 0.02018352349599195 0.023758821709211484
0 0.8688901662826538 0.8360632385425192 0.020056486129760742 0.023759827133296885
0 0.8938141465187073 0.835534738939862 0.019868572552998787 0.023405503857043253
0 0.11607062816619873 0.879729337470476 0.02047288417816162 0.023931281511173692
0 0.13870620727539062 0.8820358447857316 0.02047288417816162 0.023931281511173692
0 0.18736901879310608 0.8869944601675194 0.02047288417816162 0.023931281511173692
0 0.21388211846351624 0.8896960768588754 0.02047288417816162 0.023931281511173692
0 0.24119652807712555 0.8924793449732791 0.02047288417816162 0.023931281511173692
0 0.2971872389316559 0.8943018346537318 0.02218639850616455 0.02521591777949381
0 0.3257675766944885 0.8938901147177053 0.02218639850616455 0.02521591777949381
0 0.355048805475235 0.8934682979519124 0.02218639850616455 0.02521591777949381
0 0.41275712847709656 0.8926369688314629 0.02218639850616455 0.02521591777949381
0 0.4414009749889374 0.8923203341167864 0.021995147069295284 0.024749755859375
0 0.4698931574821472 0.8912444469526832 0.021928956111272213 0.02476909548737282
0 0.49887655675411224 0.8899692269258721 0.021928956111272158 0.02476909548737282
0 0.5265640616416931 0.8887510240369091 0.021928956111272102 0.02476909548737282
0 0.5542022585868835 0.8875349906131296 0.021928956111272102 0.02476909548737282
0 0.5818474292755127 0.8863186503565589 0.021928956111272102 0.02476909548737282
0 0.6097322106361389 0.8850917676399853 0.021928956111272102 0.02476909548737282
0 0.6364774703979492 0.8832189941028967 0.02080015341440844 0.024091380511143522
0 0.6636864542961121 0.8816436945005904 0.02080015341440844 0.024091380511143522
0 0.6900177597999573 0.8801192092333839 0.02080015341440844 0.024091380511143522
0 0.7163379192352295 0.8785840411518895 0.020625631014506096 0.02411296755768532
0 0.7421948313713074 0.8770998299280945 0.020625631014506096 0.02411296755768532
0 0.7681406140327454 0.87561051745205 0.020625631014506096 0.02411296755768532
0 0.7936272621154785 0.8741475597352805 0.020625631014506096 0.02411296755768532
0 0.8194668889045715 0.8726643407067587 0.020625631014506096 0.02411296755768532
0 0.8444337248802185 0.8715018559062582 0.01996084054311109 0.023717835892078487
0 0.8701659440994263 0.8703037339754432 0.01996084054311109 0.023717835892078487
0 0.8948051333427429 0.8691565047862918 0.01996084054311109 0.023717835892078487
0 0.11521297693252563 0.9135410397551781 0.020345548788706466 0.023854573567708225
0 0.13798020780086517 0.9162635046988051 0.02034554878870648 0.023854573567708225
0 0.16144122183322906 0.919068930998315 0.02034554878870648 0.023854573567708225
0 0.2133464813232422 0.9252756695414699 0.02034554878870648 0.023854573567708225
0 0.2401447519659996 0.9284801590464362 0.020345548788706452 0.023854573567708225
0 0.2678898572921753 0.9291793642524075 0.022202829519907596 0.024688779845718375
0 0.2965148687362671 0.9292810129564862 0.022202829519907596 0.024688779845718375
0 0.3251299262046814 0.929382626313549 0.022202829519907596 0.024688779845718375
0 0.35449206829071045 0.9305977432449581 0.02245996395746863 0.02503387687742259
0 0.3839035630226135 0.9298217576372744 0.02271067102750146 0.025094438892926247
0 0.4128496050834656 0.9287464230559593 0.02271067102750146 0.025094438892926247
0 0.44142740964889526 0.9279028833522508 0.02232380708058679 0.024666246517684218
0 0.4703146517276764 0.9266345001930414 0.02232380708058679 0.024666246517684218
0 0.4988922029733658 0.9253797149618096 0.022323807080586733 0.024666246517684218
0 0.527266263961792 0.9241338645958264 0.022323807080586677 0.024666246517684218
0 0.5556017160415649 0.9228897094726562 0.022323807080586677 0.024666246517684218
0 0.6101089715957642 0.9204964008691171 0.022323807080586677 0.024666246517684218
0 0.6374631524085999 0.9180043242698492 0.021581729253133064 0.023990542389625728
0 0.6641499400138855 0.9163121763496552 0.021581729253133064 0.023990542389625728
0 0.6904903054237366 0.9146419942653718 0.021581729253133064 0.023990542389625728
0 0.7427045702934265 0.9113312076315321 0.021581729253133064 0.023990542389625728
0 0.768669605255127 0.9102901780614747 0.020577987035115486 0.024306836978409532
0 0.7949506640434265 0.9088059358818587 0.020577987035115486 0.024306836978409532
0 0.8201603293418884 0.9073822014398262 0.020577987035115486 0.024306836978409532
0 0.8457954525947571 0.9059344389460066 0.020577987035115486 0.024306836978409532
0 0.8711093068122864 0.9045048203579215 0.020577987035115486 0.024306836978409532
