0 0.19835630059242249 0.12068049852238145 0.019237558046976744 0.021039563556050144
0 0.22114980220794678 0.11961559916651526 0.019310057163238525 0.021130288294119413
0 0.24454925954341888 0.11871269700824084 0.019166866938273103 0.021270641060762627
0 0.2675011456012726 0.1171860140423442 0.019166866938273075 0.021270641060762627
0 0.2910289466381073 0.11552568022503559 0.01965208848317468 0.021689592405807142
0 0.3143795132637024 0.11397387003940526 0.020037511984507206 0.02202416944873424
0 0.3384666442871094 0.11246562558551167 0.020037511984507206 0.02202416944873424
0 0.38740649819374084 0.10940119822978751 0.020037511984507206 0.02202416944873424
0 0.4126400053501129 0.10782117206627725 0.020037511984507206 0.02202416944873424
0 0.4371921718120575 0.10628380886344023 0.020037511984507206 0.02202416944873424
0 0.4627169072628021 0.10468554709273467 0.020037511984507206 0.02202416944873424
0 0.48810458183288574 0.10357672894464245 0.02048446734746301 0.02265739625738573
0 0.5131078362464905 0.10198951321978901 0.021629651387532478 0.022979719694270644
0 0.5389396548271179 0.10073819812727204 0.021629651387532478 0.022979719694270644
0 0.5649107694625854 0.0994801354163013 0.021629651387532478 0.022979719694270644
0 0.5908210277557373 0.09822502063791134 0.021629651387532478 0.022979719694270644
0 0.6452397704124451 0.09558893081753753 0.021629651387532478 0.022979719694270644
0 0.6716232895851135 0.09422326365182566 0.02142246564229322 0.022663308668506233
0 0.699072539806366 0.09293636402100516 0.022022883097330803 0.023190720136775537
0 0.7259154915809631 0.0916243458903113 0.022022883097330803 0.023190720136775537
0 0.753533661365509 0.09026712741045824 0.021719018618265862 0.022992069407026902
0 0.19769100844860077 0.15026755665623864 0.018137206633885683 0.020861803099166517
0 0.2202538549900055 0.14917444712719197 0.018137206633885683 0.020861803099166517
0 0.26726773381233215 0.146896750523449 0.01813720663388574 0.020861803099166517
0 0.2902403175830841 0.14578379032223723 0.01813720663388574 0.020861803099166517
0 0.31453341245651245 0.14460685489223957 0.01813720663388574 0.020861803099166517
0 0.33831989765167236 0.14316672682550938 0.018939097722371456 0.021827660789785472
0 0.362457811832428 0.14185285399218828 0.018939097722371456 0.021827660789785472
0 0.3871001601219177 0.14051152384558388 0.018939097722371456 0.021827660789785472
0 0.4116876423358917 0.13945598380510196 0.019282281398773193 0.021925726602243824
0 0.19619101285934448 0.17916229159332986 0.01845883329709369 0.020889252655265873
0 0.21906770765781403 0.17809414370504892 0.01871006190776825 0.0208958396615908
0 0.24275966733694077 0.17743670108706452 0.01871006190776825 0.02089583966159082
0 0.26658400893211365 0.17677558492266868 0.01871006190776825 0.0208958396615908
0 0.28973862528800964 0.1761330533718128 0.01871006190776825 0.02089583966159082
0 0.31295672059059143 0.17548876030500546 0.01871006190776825 0.0208958396615908
0 0.35981592535972595 0.2348562063172806 0.020453671614328983 0.02202689000802444
0 0.3842374384403229 0.23418683642104962 0.020453671614328983 0.02202689000802444
0 0.4091496467590332 0.2335040170460933 0.020453671614328983 0.02202689000802444
0 0.43423256278038025 0.23281651873921239 0.020453671614328983 0.02202689000802444
0 0.45914730429649353 0.23213362993178166 0.020453671614328983 0.02202689000802444
0 0.48475000262260437 0.2311931758822962 0.020777255296707153 0.022719301918680327
0 0.5103951543569565 0.23019661031182248 0.020777255296707153 0.022719301918680327
0 0.5618850588798523 0.22819572271302688 0.020777255296707153 0.022719301918680327
0 0.5884993672370911 0.2271614959061226 0.020777255296707153 0.022719301918680327
0 0.6142274141311646 0.2262676150299782 0.021192719539006477 0.02291101263475046
0 0.6408798694610596 0.22526138232489282 0.021192719539006477 0.02291101263475046
0 0.3581473231315613 0.29705737357915835 0.019080738226572636 0.02204421878785129
0 0.3823036849498749 0.2979334155477104 0.019559522469838497 0.02227360333583149
0 0.4068922996520996 0.29720026947731193 0.019712070624033573 0.022363322649815314
0 0.4319325089454651 0.29645058768109667 0.019712070624033573 0.022363322649815314
0 0.45821070671081543 0.2956045062042946 0.02013528347015381 0.022626728974571495
0 0.4831909239292145 0.29491920551499834 0.02013528347015381 0.022626728974571495
0 0.5085214376449585 0.2942242948840034 0.02013528347015381 0.022626728974571495
0 0.5608678460121155 0.2927882373260341 0.02013528347015381 0.022626728974571495
0 0.58653324842453 0.29208413944687955 0.02013528347015381 0.022626728974571495
0 0.6131199598312378 0.29094216989916427 0.02042190233866381 0.02260151944419213
0 0.6393991708755493 0.29065540225006814 0.020618915557861328 0.022646600885908707
0 0.1432725191116333 0.33124726317649666 0.018712480862935366 0.021408598552378547
0 0.16568879783153534 0.330827979154365 0.018460134665171324 0.021384764087292604
0 0.18847692012786865 0.33066127584616267 0.018460134665171324 0.021384764087292604
0 0.23577770590782166 0.330315253590904 0.018460134665171324 0.021384764087292604
0 0.2600351870059967 0.3301378013947495 0.01846013466517127 0.021384764087292604
0 0.28363972902297974 0.3299651256827421 0.01846013466517127 0.021384764087292604
0 0.3077391982078552 0.32949168183082755 0.01904539267222083 0.021742074064506088
0 0.33263999223709106 0.32925169749270294 0.01904539267222083 0.021742074064506088
0 0.3572660982608795 0.3290143604926151 0.01904539267222083 0.021742074064506088
0 0.38102486729621887 0.3287853825550078 0.01904539267222083 0.021742074064506088
0 0.4064531922340393 0.32854031407555867 0.01904539267222083 0.021742074064506088
0 0.43159711360931396 0.3284639757733012 0.019038935502370236 0.02168744109397711
0 0.14203253388404846 0.3612143805688037 0.0180847744146983 0.02131161948507149
0 0.16479793190956116 0.3611490338347679 0.0180847744146983 0.02131161948507149
0 0.18834435939788818 0.36108144520166563 0.0180847744146983 0.02131161948507149
0 0.2114260047674179 0.36111181764215167 0.01839966575304669 0.02186399652052298
0 0.23538726568222046 0.3609464113102403 0.01839966575304669 0.02186399652052298
0 0.25916969776153564 0.36078223944682464 0.018399665753046662 0.02186399652052298
0 0.30722546577453613 0.36045050697487846 0.018399665753046635 0.02186399652052298
0 0.35628002882003784 0.3601118797479674 0.018399665753046635 0.02186399652052298
0 0.38102057576179504 0.3599410939477681 0.018399665753046635 0.02186399652052298
0 0.40588951110839844 0.35997694592143215 0.018656353155771854 0.021882389867028524
0 0.4308355152606964 0.35967363708456773 0.019571999708811405 0.022293519604113646
0 0.45556923747062683 0.3594240767919204 0.019571999708811405 0.022293519604113646
0 0.4806358516216278 0.35917115765948626 0.019571999708811405 0.022293519604113646
0 0.14085166156291962 0.39127642609352287 0.017765969038009644 0.02108409792877907
0 0.16326811909675598 0.39137928984885995 0.017682045698165894 0.021063220593356292
0 0.18673454225063324 0.39165700010623133 0.01809835433959961 0.021287785019985465
0 0.21018236875534058 0.39164161682128906 0.01809835433959961 0.021287785019985465
0 0.2583708167076111 0.3916100020946264 0.01809835433959961 0.021287785019985465
0 0.3061266839504242 0.3915786711687806 0.01809835433959961 0.021287785019985465
0 0.3305293321609497 0.3915626614592796 0.01809835433959961 0.021287785019985465
0 0.35505348443984985 0.39154657203528115 0.01809835433959961 0.021287785019985465
0 0.37973544001579285 0.3914458696232286 0.01853621006011963 0.021495286808457484
0 0.1396491527557373 0.42152670926825947 0.017993658781051636 0.02073976975078725
0 0.16271792352199554 0.42144770954930505 0.01767021417617798 0.020743111307306862
0 0.1859932541847229 0.42164416589383735 0.01767021417617798 0.020743111307306862
0 0.20935925841331482 0.4218413875721711 0.01767021417617798 0.020743111307306862
0 0.23295842111110687 0.4220405772337408 0.01767021417617798 0.020743111307306862
0 0.2567969858646393 0.42224178757778436 0.01767021417617798 0.020743111307306862
0 0.2809385061264038 0.4224275571352204 0.017772654692331913 0.020746896433275798
0 0.3051605224609375 0.4220215553461119 0.01779085397720337 0.020692189534505263
0 0.3293699622154236 0.42202234361139246 0.017860253651936886 0.02067580703617061
0 0.13888263702392578 0.4514994735625295 0.017556930581728636 0.02110198856324183
0 0.16132235527038574 0.451824055161587 0.017556930581728636 0.02110198856324183
0 0.20874392986297607 0.4525099893761806 0.017556930581728636 0.02110198856324183
0 0.2322966456413269 0.45285067004184315 0.017556930581728636 0.02110198856324183
0 0.2561534568667412 0.45319574932719386 0.017556930581728608 0.02110198856324183
0 0.280180424451828 0.45354328985660763 0.01755693058172858 0.02110198856324183
0 0.13760656118392944 0.4821559994719749 0.01759478449821472 0.020979415538699128
0 0.16042502224445343 0.4824807487509575 0.01759478449821472 0.020979415538699128
0 0.1835530400276184 0.48280990359972026 0.01759478449821472 0.020979415538699128
0 0.20714041590690613 0.4831455959713298 0.01759478449821472 0.020979415538699128
0 0.23126442730426788 0.48348892566769625 0.01759478449821472 0.020979415538699128
0 0.25513893365859985 0.4838235200245209 0.018019100030263274 0.021299583967341933
0 0.2790977358818054 0.4840950189634811 0.018019100030263302 0.021299583967341933
0 0.13667352497577667 0.5128167174583258 0.018052717049916567 0.021128780157991103
0 0.15939073264598846 0.5131891124480438 0.018052717049916567 0.021128780157991103
0 0.18261973559856415 0.5135698971131867 0.018052717049916567 0.021128780157991103
0 0.20631814002990723 0.5139583765074264 0.018052717049916567 0.021128780157991103
0 0.22984640300273895 0.5143440668341183 0.018052717049916567 0.021128780157991103
0 0.1351923793554306 0.542960100395735 0.01814552148183185 0.02170157617376762
0 0.1579919010400772 0.543661073196766 0.0182897498210271 0.02172943233519567
0 0.1814703792333603 0.5442298793027824 0.0182897498210271 0.02172943233519567
0 0.20513604581356049 0.5448032203661576 0.0182897498210271 0.02172943233519567
0 0.22874729335308075 0.5453752430356246 0.0182897498210271 0.02172943233519567
0 0.25230031460523605 0.5459458550741506 0.01828974982102713 0.02172943233519567
0 0.27613672614097595 0.5465557757972586 0.018392448623975155 0.021784760231195494
0 0.13409173488616943 0.5732116375801182 0.017907152573267637 0.02132356628891115
0 0.15720133483409882 0.5739707059638445 0.017907152573267637 0.02132356628891115
0 0.18006213009357452 0.5747216019961171 0.017907152573267637 0.02132356628891115
0 0.20410460233688354 0.5755113119256543 0.017907152573267637 0.02132356628891115
0 0.2274724841117859 0.5762788639512173 0.017907152573267637 0.02132356628891115
0 0.2750380039215088 0.5778412225521632 0.017907152573267582 0.02132356628891115
0 0.2992114722728729 0.5778720323429551 0.018300026655197144 0.02163802745730378
0 0.3480481207370758 0.5789459428111724 0.018300026655197144 0.02163802745730378
0 0.37283486127853394 0.5801140541254088 0.020061473051706913 0.022576088129087936
0 0.4228697717189789 0.5813415095912987 0.020061473051706913 0.022576088129087936
0 0.44775670766830444 0.5819520354279865 0.020061473051706913 0.022576088129087936
0 0.4732961058616638 0.582578567455965 0.020061473051706913 0.022576088129087936
0 0.4994146227836609 0.5832193064135175 0.02006147305170697 0.022576088129087936
0 0.5251586437225342 0.5840225219726562 0.020132283369700188 0.022710400958393894
0 0.17878329753875732 0.6056991207343568 0.01807891329129535 0.021796677463738548
0 0.2020004838705063 0.6065058597298556 0.01807891329129535 0.021796677463738548
0 0.22552524507045746 0.6073232861806156 0.01807891329129535 0.021796677463738548
0 0.27424556016921997 0.6090161949380135 0.018078913291295406 0.021796677463738548
0 0.2983047664165497 0.6098521920137627 0.018078913291295406 0.021796677463738548
0 0.34669390320777893 0.6115335931555808 0.018078913291295406 0.021796677463738548
0 0.37148308753967285 0.6117585160660263 0.018966615200042725 0.022264791089434955
0 0.3964166045188904 0.6126378774392545 0.018966615200042725 0.022264791089434955
0 0.4215122163295746 0.613522955612632 0.018966615200042725 0.022264791089434955
0 0.4465026259422302 0.614404323489167 0.018966615200042725 0.022264791089434955
0 0.1774805337190628 0.6365456993166524 0.018564114967981993 0.021742680276087032
0 0.20090942084789276 0.6375412164732467 0.018564114967981993 0.021742680276087032
0 0.22424067556858063 0.63853258512988 0.018564114967981993 0.021742680276087032
0 0.24876952171325684 0.6395748406597399 0.018564114967981965 0.021742680276087032
0 0.27247491478919983 0.6405821068342342 0.018564114967981937 0.021742680276087032
0 0.29660123586654663 0.6416072586660704 0.018564114967981937 0.021742680276087032
0 0.34584689140319824 0.6428343750709711 0.01915464798609412 0.02212326286375055
0 0.3702543377876282 0.6437371735605011 0.019581755002339718 0.022184002307034333
0 0.3949374854564667 0.6447050848672556 0.019581755002339718 0.022184002307034333
0 0.4202936291694641 0.645699386668824 0.019581755002339718 0.022184002307034333
0 0.4455851912498474 0.6466911560019546 0.019581755002339718 0.022184002307034333
0 0.471361368894577 0.6477019287819086 0.019581755002339718 0.022184002307034333
0 0.17675237357616425 0.6671705338439455 0.018438875675201416 0.02164225615272221
0 0.1994936466217041 0.6682297462640807 0.018438875675201416 0.02164225615272221
0 0.22352266311645508 0.6693489374660816 0.018438875675201416 0.02164225615272221
0 0.27180084586143494 0.6715975737092079 0.018438875675201416 0.02164225615272221
0 0.2959516942501068 0.672722439433253 0.018438875675201416 0.02164225615272221
0 0.3197428584098816 0.6738305522691985 0.018438875675201416 0.02164225615272221
0 0.3444643020629883 0.6748173214008509 0.019017398357391357 0.022143312202867558
0 0.3692913055419922 0.6758894064575492 0.019017398357391357 0.022143312202867558
0 0.3944564461708069 0.6769760930260946 0.019017398357391357 0.022143312202867558
0 0.1756058782339096 0.6980017337607933 0.018825610478719057 0.021846623383751266
0 0.198250874876976 0.69926239723383 0.018729190031687437 0.021761162336482558
0 0.24619388580322266 0.7019307727653271 0.01872919003168741 0.021761162336482558
0 0.2699809670448303 0.7032546959884322 0.01872919003168738 0.021761162336482558
0 0.29429152607917786 0.70460775453922 0.01872919003168738 0.021761162336482558
0 0.31895142793655396 0.7059802565463754 0.01872919003168738 0.021761162336482558
0 0.3432457149028778 0.707089281132161 0.01940476894378662 0.022349512854287792
0 0.36847230792045593 0.7082408651202352 0.01940476894378662 0.022349512854287792
0 0.3930765390396118 0.7093640385339401 0.01940476894378662 0.022349512854287792
0 0.4183594584465027 0.7105181937993958 0.01940476894378662 0.022349512854287792
0 0.17384470999240875 0.7294677283086739 0.018736541271209717 0.021638500598049958
0 0.19746413826942444 0.730705970941588 0.018736541271209717 0.021638500598049958
0 0.22137540578842163 0.7319595131739309 0.018736541271209717 0.021638500598049958
0 0.24534177780151367 0.733215944245625 0.018736541271209717 0.021638500598049958
0 0.29369357228279114 0.7357507750045421 0.018736541271209717 0.021638500598049875
0 0.3424258530139923 0.7383055526601567 0.018736541271209717 0.021638500598049875
0 0.3676711320877075 0.740253071452296 0.019356290499369266 0.022355767183525617
0 0.3923095464706421 0.7416590970895567 0.019356290499369266 0.022355767183525534
0 0.41774222254753113 0.7429053949755292 0.019533495108286503 0.022318936133569497
0 0.17252101004123688 0.7606464652127998 0.019030938545862852 0.022330823794815782
0 0.19605928659439087 0.7620814767941021 0.019030938545862852 0.022330823794815782
0 0.2443302869796753 0.7650243194630418 0.019030938545862824 0.022330823794815782
0 0.2680726647377014 0.7664717740790788 0.019030938545862797 0.022330823794815782
0 0.29286661744117737 0.767983337986292 0.019030938545862797 0.022330823794815782
0 0.3173443675041199 0.7683990437121178 0.019672354062398312 0.02247566400572311
0 0.34224992990493774 0.7701400934263717 0.019672354062398312 0.02247566400572311
0 0.36723747849464417 0.7718868744719821 0.019672354062398312 0.02247566400572311
0 0.39209386706352234 0.7736244866374401 0.019672354062398312 0.02247566400572311
0 0.4169890284538269 0.7753648092580396 0.019672354062398312 0.02247566400572311
0 0.17102447152137756 0.7918156468591024 0.01910090446472168 0.022394461225169682
0 0.19465011358261108 0.7934658928232454 0.01932471990585327 0.022421371105105378
0 0.2185276597738266 0.7949856810569585 0.019540796677271544 0.02274819307549055
0 0.24267102777957916 0.7965747921965843 0.019540796677271516 0.02274819307549055
0 0.2666466534137726 0.7981528625704325 0.019540796677271488 0.02274819307549055
0 0.29117605090141296 0.7997673820851344 0.019540796677271488 0.02274819307549055
0 0.3404291570186615 0.8030092106309048 0.019540796677271488 0.02274819307549055
0 0.3657861053943634 0.8046781993619362 0.019540796677271488 0.02274819307549055
0 0.39086994528770447 0.8063158600323023 0.019846181074778202 0.022804437681686048
0 0.41611960530281067 0.8079761238985284 0.019846181074778202 0.022804437681686048
0 0.441145122051239 0.809460484704306 0.020199596881866455 0.02264167726501927
0 0.46687957644462585 0.8111905731890761 0.020199596881866455 0.02264167726501927
0 0.16937439143657684 0.8230937691622002 0.019545053442319216 0.02217551534490079
0 0.1929747313261032 0.8248336310296449 0.019545053442319216 0.02217551534490079
0 0.21696113049983978 0.8266019539205458 0.019545053442319216 0.02217551534490079
0 0.24118482321500778 0.8283877705418786 0.019545053442319243 0.02217551534490079
0 0.26524507999420166 0.8301615383556897 0.01954505344231927 0.02217551534490079
0 0.28941360116004944 0.8317510596566531 0.01983434458573663 0.02246330320373073
0 0.3147044777870178 0.833514747929234 0.01983434458573663 0.02246330320373073
0 0.3392868936061859 0.8352290308752726 0.01983434458573663 0.02246330320373073
0 0.363974392414093 0.8368081381154615 0.020007113615671757 0.022852579752604275
0 0.38893184065818787 0.8384917773317625 0.020007113615671757 0.022852579752604275
