0 0.16890253126621246 0.15414284550866417 0.019514933228492737 0.021284960961157024
0 0.19270049035549164 0.1530098360640312 0.019514933228492737 0.021284960961157024
0 0.21640092134475708 0.1519009789755178 0.019566203157107054 0.021412435428116685
0 0.2406679168343544 0.1507319022563574 0.019566203157107026 0.021412435428116685
0 0.2885003685951233 0.14842754588072574 0.019566203157107 0.021412435428116685
0 0.31320199370384216 0.14723753062513256 0.019566203157107 0.021412435428116685
0 0.33796992897987366 0.14604432083839594 0.019566203157107 0.021412435428116685
0 0.3892977833747864 0.14377256197316401 0.019852181275685665 0.02191759449566983
0 0.4144294857978821 0.14268969771067194 0.019852181275685665 0.02191759449566983
0 0.4657594859600067 0.14047801217367484 0.019852181275685665 0.02191759449566983
0 0.4918242394924164 0.13952354695748984 0.019881864388783754 0.022211540577023528
0 0.5177464485168457 0.13853355896654304 0.0198818643887837 0.022211540577023528
0 0.5433525443077087 0.13755564356959143 0.0198818643887837 0.022211540577023528
0 0.5702295303344727 0.13641600933774028 0.020580391089121575 0.0226517167202262
0 0.596853494644165 0.13533027781996615 0.020580391089121575 0.0226517167202262
0 0.6230008602142334 0.1337557859257672 0.020611286163330078 0.022716507431148572
0 0.649480938911438 0.13249247573142828 0.020913084348042732 0.02239164455916529
0 0.677300751209259 0.13188976463657026 0.020913084348042732 0.02239164455916529
0 0.7049029469490051 0.13129176816424717 0.020913084348042732 0.02239164455916529
0 0.7319731712341309 0.1307052967552284 0.020913084348042732 0.02239164455916529
0 0.760766327381134 0.13008149834566338 0.020913084348042732 0.02239164455916529
0 0.16816461086273193 0.18385333793107853 0.018956035375595093 0.021374898363453465
0 0.1911545693874359 0.18304590445088256 0.019023368755976378 0.02139426016992378
0 0.2152223140001297 0.18199867425962937 0.019023368755976378 0.02139426016992376
0 0.2400754690170288 0.18091726947075415 0.019023368755976378 0.02139426016992376
0 0.26429271697998047 0.17986353412396588 0.019023368755976322 0.02139426016992378
0 0.2890337109565735 0.17878700966058775 0.019023368755976322 0.02139426016992376
0 0.31377485394477844 0.1777104787134505 0.019023368755976322 0.02139426016992376
0 0.3386302590370178 0.17734309129936754 0.019363681475321415 0.022079863289529978
0 0.3883805274963379 0.17547436996474156 0.019363681475321415 0.022079863289529957
0 0.4139815866947174 0.17451274207820755 0.019363681475321415 0.022079863289529978
0 0.46581920981407166 0.17256561545438548 0.019363681475321415 0.022079863289529978
0 0.49163612723350525 0.171595879493756 0.01936368147532147 0.022079863289529978
0 0.5172508955001831 0.17074692526529 0.020036061604817634 0.022288729054059184
0 0.5436745285987854 0.16975915113633405 0.020036061604817634 0.022288729054059184
0 0.5699604749679565 0.16877652404331844 0.020036061604817634 0.022288729054059184
0 0.5963525772094727 0.1677899286078744 0.020036061604817634 0.022288729054059184
0 0.6232565641403198 0.1667841977851335 0.020036061604817634 0.022288729054059184
0 0.6497746109962463 0.16560127568799393 0.021025220553080315 0.02268150980158371
0 0.6771667003631592 0.16467115867686127 0.021025220553080315 0.02268150980158371
0 0.7043781280517578 0.16374717615580014 0.021025220553080315 0.02268150980158371
0 0.7317572236061096 0.1628175003584041 0.021025220553080315 0.02268150980158371
0 0.16680321097373962 0.21350308030273252 0.01929094394048053 0.02156038801799446
0 0.21441099047660828 0.21215006362560185 0.01915442943572998 0.02148107780042542
0 0.26344648003578186 0.21067033868293422 0.01915442943572998 0.02148107780042542
0 0.2879212498664856 0.20993177304995855 0.01915442943572998 0.02148107780042542
0 0.31261563301086426 0.20918658023122602 0.01915442943572998 0.02148107780042542
0 0.33794087171554565 0.20842235032902207 0.01915442943572998 0.02148107780042542
0 0.36306506395339966 0.2078078957491143 0.019350707530975342 0.02212315936421239
0 0.3888184428215027 0.20757511050202127 0.01929010947545373 0.022322647331296963
0 0.4135901629924774 0.20657682724451237 0.01929010947545373 0.022322647331296963
0 0.4393424391746521 0.20553902825526277 0.01929010947545373 0.022322647331296963
0 0.4647729694843292 0.20451419540302226 0.01929010947545373 0.022322647331296963
0 0.5168625116348267 0.20241502273914425 0.01929010947545362 0.022322647331296963
0 0.54291832447052 0.20205107091239266 0.020107070604960198 0.02215438665345658
0 0.5697757005691528 0.2010117907856786 0.020107070604960198 0.02215438665345658
0 0.5961085557937622 0.1999928076573913 0.020107070604960198 0.02215438665345658
0 0.6227717995643616 0.1989610397265722 0.020107070604960198 0.02215438665345658
0 0.6499319672584534 0.19791004269622092 0.020107070604960198 0.02215438665345658
0 0.6770195960998535 0.196861852648493 0.020107070604960198 0.02215438665345658
0 0.7041131258010864 0.19610838909220288 0.020186980565388923 0.022460505019786747
0 0.16517925262451172 0.24434279588784896 0.018119136492411314 0.02163832317027008
0 0.18919995427131653 0.24366467652323828 0.018222113450368227 0.021610348723655522
0 0.2132827490568161 0.24303198969641396 0.018222113450368227 0.021610348723655522
0 0.23769976198673248 0.2423905225175109 0.018222113450368227 0.021610348723655522
0 0.287039577960968 0.24109430038536742 0.018222113450368282 0.021610348723655522
0 0.31171914935112 0.24044593544893486 0.018222113450368282 0.021610348723655522
0 0.3364444673061371 0.23979636868982265 0.018222113450368282 0.021610348723655522
0 0.36238133907318115 0.23933189506185504 0.01905280351638794 0.021755839503088664
0 0.38779810070991516 0.23877299109170602 0.01905280351638794 0.021755839503088664
0 0.43939903378486633 0.23721142702324446 0.019442856311798096 0.022111064703889623
0 0.46478694677352905 0.23648084280738213 0.019442856311798096 0.022111064703889623
0 0.4900735318660736 0.23575317448939465 0.019442856311798096 0.022111064703889623
0 0.516757607460022 0.23498529079401084 0.019442856311798096 0.022111064703889623
0 0.5427760481834412 0.23423656197481377 0.019442856311798096 0.022111064703889623
0 0.5697232484817505 0.23284426400827807 0.020037730534871345 0.022553880085316766
0 0.5954777002334595 0.2320854297237846 0.020037730534871345 0.022553880085316766
0 0.622832715511322 0.2312794361174829 0.020037730534871345 0.022553880085316766
0 0.6493636965751648 0.23049772201902013 0.020037730534871345 0.022553880085316766
0 0.6770424246788025 0.2296821904736896 0.020037730534871345 0.022553880085316766
0 0.21241280436515808 0.2738311013510061 0.01854063073794049 0.021676529285519622
0 0.23561768233776093 0.27262053378792694 0.01878538727760315 0.021910467813181324
0 0.2864760756492615 0.27191841172061443 0.01878538727760315 0.021910467813181324
0 0.31172114610671997 0.2715429927027503 0.0189759532610575 0.02213189768236737
0 0.3364727199077606 0.27110801200567985 0.0189759532610575 0.02213189768236737
0 0.36220693588256836 0.2706557624924464 0.0189759532610575 0.02213189768236737
0 0.3872807025909424 0.27021511962227335 0.0189759532610575 0.02213189768236737
0 0.43839967250823975 0.2693167619926985 0.019613047440846798 0.022431676701981918
0 0.4641726613044739 0.268662370314847 0.019613047440846798 0.022431676701981918
0 0.4900132417678833 0.2680062624439362 0.019613047440846798 0.022431676701981918
0 0.5159792900085449 0.26735208200853927 0.020128925641377693 0.022665703943533518
0 0.5423040986061096 0.2664816230101326 0.020128925641377693 0.022665703943533518
0 0.5691065192222595 0.2655953712405161 0.020128925641377693 0.022665703943533518
0 0.6229329705238342 0.2638155399185103 0.020128925641377693 0.022665703943533518
0 0.6491033434867859 0.26295018750567767 0.020128925641377693 0.022665703943533518
0 0.6767749190330505 0.2621889779734057 0.02096724510192871 0.022796630859375
0 0.7041741013526917 0.26165945041859096 0.02096724510192871 0.022796630859375
0 0.7316034436225891 0.2611293399805162 0.02096724510192871 0.022796630859375
0 0.7594461441040039 0.2605912408163381 0.02096724510192871 0.022796630859375
0 0.7873572111129761 0.2600518203733077 0.02096724510192871 0.022796630859375
0 0.81524258852005 0.25942942367899113 0.021247545878092522 0.023100549860518082
0 0.211534783244133 0.30414701062579486 0.01875499884287518 0.021701576173767535
0 0.2609051465988159 0.3038295229871735 0.018754998842875126 0.021701576173767535
0 0.2858840525150299 0.30366889030562494 0.018754998842875126 0.021701576173767535
0 0.31112363934516907 0.3035065812546481 0.018754998842875126 0.021701576173767535
0 0.3364201784133911 0.30334390595901845 0.018754998842875126 0.021701576173767535
0 0.3616369962692261 0.302895846088155 0.01890510320663452 0.022062715633895072
0 0.412426620721817 0.30231552926233585 0.019310593605041504 0.02196230629617851
0 0.4378780126571655 0.3015411731808685 0.019310593605041504 0.02196230629617851
0 0.4637528359889984 0.3007539342410574 0.019310593605041504 0.02196230629617851
0 0.48982343077659607 0.2999607389740744 0.019310593605041504 0.02196230629617851
0 0.515953779220581 0.2991657257080078 0.019310593605041504 0.02196230629617851
0 0.5421537756919861 0.298368593407598 0.019310593605041504 0.02196230629617851
0 0.5687599778175354 0.2979766894582904 0.0196993350982666 0.02217588498610856
0 0.5947668552398682 0.2973910930544831 0.0196993350982666 0.02217588498610856
0 0.6488707065582275 0.2961728375811463 0.0196993350982666 0.02217588498610856
0 0.7033599615097046 0.2944930542347043 0.020574331283569336 0.022766216780788242
0 0.7314605116844177 0.2941317897577772 0.020574331283569336 0.022766216780788242
0 0.7597658038139343 0.2937678930905639 0.020574331283569336 0.022766216780788242
0 0.7873807549476624 0.29341287154064166 0.020574331283569336 0.022766216780788242
0 0.8152931332588196 0.2930540262266647 0.020574331283569336 0.022766216780788242
0 0.8430854678153992 0.29262879837390987 0.0208280086517334 0.02273991311243341
0 0.87042236328125 0.29228362902908445 0.02081882953643799 0.022674708403358192
0 0.21097242832183838 0.33584563676701035 0.01869797706604004 0.02181156661159311
0 0.23503339290618896 0.33593781049861465 0.018653353055318178 0.02197601259216779
0 0.26040878891944885 0.33553374746030096 0.018653353055318234 0.02197601259216779
0 0.2852190434932709 0.3354233312752171 0.019104381402333614 0.021985963333484737
0 0.31040245294570923 0.33510795859403386 0.019104381402333614 0.021985963333484737
0 0.3355853259563446 0.33479259263072936 0.019104381402333614 0.021985963333484737
0 0.38637810945510864 0.3341565128994675 0.019104381402333614 0.021985963333484737
0 0.4121631681919098 0.3338336057441179 0.019104381402333614 0.021985963333484737
0 0.4374045729637146 0.3335175067856052 0.019104381402333614 0.021985963333484737
0 0.46310722827911377 0.3330867607084023 0.019371529420216915 0.02261435338693069
0 0.4891783595085144 0.3323169585387703 0.019695599873860714 0.02259758646173992
0 0.5155548453330994 0.33178435924441313 0.019695599873860603 0.02259758646173992
0 0.5417966246604919 0.33172832780918937 0.02009050051371264 0.022731012152146898
0 0.5948682427406311 0.3303417161453602 0.02009050051371264 0.022731012152146898
0 0.6215353012084961 0.32964498113615587 0.02009050051371264 0.022731012152146898
0 0.6492118835449219 0.3289218701161627 0.02009050051371264 0.022731012152146898
0 0.6765164136886597 0.32820847977039425 0.02009050051371264 0.022731012152146898
0 0.703792929649353 0.3274958213561999 0.02009050051371264 0.022731012152146898
0 0.7313469052314758 0.3269536981830465 0.020348429679870605 0.022721002268236735
0 0.7593919038772583 0.3271368825158408 0.0209308465321858 0.022897882979045516
0 0.21018479764461517 0.3672948770744856 0.018465747435887636 0.021737490513528027
0 0.23496794700622559 0.36714172511113274 0.018465747435887636 0.02173749051352807
0 0.2594374716281891 0.3669905112487021 0.01846574743588769 0.02173749051352807
0 0.2849140465259552 0.3668330741365672 0.01846574743588769 0.02173749051352807
0 0.3100738227367401 0.3666775947393373 0.01846574743588769 0.021737490513528027
0 0.335821270942688 0.36647294680473896 0.018578390280405643 0.021868594857149346
0 0.3610241413116455 0.3668430242099876 0.019342859586079952 0.022140199823896988
0 0.3861091136932373 0.36648332240969633 0.019342859586079952 0.02214019982389703
0 0.43738389015197754 0.3657480762582885 0.019342859586079952 0.022140199823896988
0 0.48868072032928467 0.3650125138712416 0.019342859586079952 0.022140199823896988
0 0.5154114365577698 0.36462921320005903 0.01934285958607984 0.02214019982389703
0 0.5418394804000854 0.3642502526493498 0.01934285958607984 0.022140199823896988
0 0.5677809715270996 0.36373461328965573 0.019803961118062263 0.02244637363640834
0 0.5943021178245544 0.36328156716053905 0.019803961118062263 0.02244637363640834
0 0.6212595105171204 0.36282106887462534 0.019803961118062263 0.02244637363640834
0 0.6477877497673035 0.3624900219052337 0.02012765407562256 0.02256041534187259
0 0.7013453245162964 0.3617555330349519 0.02012765407562256 0.02256041534187255
0 0.16021396219730377 0.39834004779194676 0.018579105536143004 0.021970793258312138
0 0.18463344871997833 0.3984870115272233 0.01877416173617047 0.021766780882842836
0 0.20964135229587555 0.39843971784724747 0.01877416173617047 0.021766780882842836
0 0.2342386096715927 0.39839320076055595 0.01877416173617047 0.021766780882842836
0 0.28447243571281433 0.3982512008312137 0.018745720386505127 0.021643409433290885
0 0.30939555168151855 0.39824521413730063 0.018745720386505127 0.021643409433290885
0 0.33457276225090027 0.39831356669581214 0.01935787995656335 0.022196303966433503
0 0.38559722900390625 0.3979778346358494 0.01935787995656335 0.022196303966433503
0 0.41059640049934387 0.3978133444632397 0.01935787995656335 0.022196303966433503
0 0.46310946345329285 0.3974678177008372 0.01935787995656335 0.022196303966433503
0 0.4883970320224762 0.39743154831950345 0.019661227862040165 0.022408625876256718
0 0.5145668387413025 0.3970336026923601 0.019661227862040276 0.022408625876256718
0 0.5413095951080322 0.3966269446276583 0.019661227862040276 0.022408625876256718
0 0.5671926736831665 0.3962333590713473 0.019661227862040276 0.022408625876256718
0 0.5941808819770813 0.39582296859386357 0.019661227862040276 0.022408625876256718
0 0.6211724877357483 0.39541252645355124 0.019661227862040276 0.022408625876256718
0 0.6482586860656738 0.3951952839305027 0.020074407259623284 0.02259359433669458
0 0.6754811406135559 0.3948793110927235 0.020074407259623284 0.02259359433669458
0 0.7021968960762024 0.39456921954487645 0.020074407259623284 0.02259359433669458
0 0.1592414230108261 0.42951331027718476 0.018765072027842222 0.021854489348655522
0 0.18342314660549164 0.4296769729420856 0.018765072027842222 0.021854489348655522
0 0.2079738974571228 0.42984313319505374 0.018765072027842222 0.021854489348655522
0 0.23307029902935028 0.43001298642923924 0.018765072027842222 0.021854489348655522
0 0.25868362188339233 0.43018633820289787 0.018765072027842195 0.021854489348655522
0 0.2836521863937378 0.42984672614033603 0.01873120665550232 0.021987826325172603
0 0.3088054955005646 0.4297979487929233 0.01873120665550232 0.021987826325172603
0 0.3599355220794678 0.43020918202954667 0.019031544526418087 0.022186368010764897
0 0.38531816005706787 0.43000965273992225 0.019031544526418087 0.022186368010764897
0 0.41041865944862366 0.42981234130140133 0.019031544526418087 0.022186368010764897
0 0.46211525797843933 0.42940596172849177 0.019031544526418087 0.022186368010764897
0 0.48815035820007324 0.4292013035264126 0.019031544526418087 0.022186368010764897
0 0.5139038562774658 0.42874750467120903 0.019294381141662598 0.02253924229348347
0 0.5405682325363159 0.4283012123995049 0.019294381141662598 0.02253924229348347
0 0.5668529868125916 0.42786127401192486 0.019294381141662598 0.02253924229348347
0 0.5938735008239746 0.4290255169535792 0.0196686784426372 0.02255748778350599
0 0.6206744313240051 0.4290924959404524 0.019777536392211914 0.022521558658097195
0 0.647750198841095 0.429359948516146 0.019816875457763672 0.022620001504587574
0 0.6751469969749451 0.42812640167946037 0.020000576972961426 0.02247912384742914
0 0.15775108337402344 0.46073403469351837 0.018908013900121035 0.021572941033415147
0 0.20790867507457733 0.46102413068465725 0.018908013900121035 0.021572941033415147
0 0.25804147124290466 0.46131408326610984 0.018908013900121062 0.021572941033415147
0 0.2834484875202179 0.4614610295870746 0.01890801390012109 0.021572941033415147
0 0.30844545364379883 0.4616056043048238 0.01890801390012109 0.021572941033415147
0 0.3337893486022949 0.46177101333266296 0.019127706686655643 0.022011601647665333
0 0.35933464765548706 0.46167187358057776 0.019127706686655643 0.022011601647665333
0 0.38472703099250793 0.46157332728508743 0.019127706686655643 0.022011601647665333
0 0.4100920855998993 0.4614748870507347 0.019127706686655643 0.022011601647665333
0 0.43577471375465393 0.461375214332758 0.019127706686655643 0.022011601647665333
0 0.46143218874931335 0.46170076341675526 0.019971847534179688 0.022386329118595567
0 0.5137588381767273 0.4614540366239326 0.019971847534179688 0.022386329118595567
0 0.5405450463294983 0.46132773625305595 0.019971847534179688 0.022386329118595567
0 0.5662322044372559 0.461206618042622 0.019971847534179688 0.022386329118595567
0 0.5935897827148438 0.4610776235890943 0.019971847534179688 0.022386329118595567
0 0.6204943060874939 0.46095076534694057 0.019971847534179688 0.022386329118595567
0 0.6473540663719177 0.4613359409493895 0.02014768123626709 0.02251836495806086
0 0.6749842166900635 0.46137237548828125 0.02014768123626709 0.02251836495806086
0 0.7017940878868103 0.46118727395700854 0.020144661267598396 0.022676482681156074
0 0.1576160341501236 0.4920710186625636 0.018780281146367372 0.021973395532415875
0 0.18186679482460022 0.49252941262628375 0.018584301074345888 0.021776568982028167
0 0.20683246850967407 0.4926545786303143 0.018584301074345888 0.021776568982028167
0 0.23188495635986328 0.4927801798792447 0.018584301074345888 0.021776568982028167
0 0.28228890895843506 0.4930328813049579 0.018584301074345944 0.021776568982028167
0 0.30751654505729675 0.49315936066383537 0.018584301074345944 0.021776568982028167
0 0.3332284390926361 0.4933427766312 0.018812835216522217 0.021868151287699856
0 0.3585890829563141 0.49345654473742023 0.018812835216522217 0.021868151287699856
0 0.38366368412971497 0.49356902965322347 0.018812835216522217 0.021868151287699856
0 0.43541717529296875 0.49380119634077196 0.018812835216522217 0.021868151287699856
0 0.46143415570259094 0.49391790877941044 0.018812835216522217 0.021868151287699856
0 0.4869823753833771 0.49405798801155976 0.018930474917093876 0.02194524365802144
0 0.5130207538604736 0.49400456941874793 0.019483228524525886 0.022452213967493282
0 0.5393029451370239 0.4939506506359312 0.019483228524525886 0.022452213967493282
0 0.5662895441055298 0.4938952867374864 0.019483228524525886 0.022452213967493282
0 0.5929995775222778 0.4938404902223987 0.019483228524525886 0.022452213967493282
0 0.619830310344696 0.493810416417209 0.020203113555908203 0.02269481688506849
0 0.6470052599906921 0.49391426966687474 0.020203113555908203 0.02269481688506849
0 0.6746994256973267 0.4940201071805732 0.020203113555908203 0.02269481688506849
0 0.20585472881793976 0.5242626278899437 0.01906741658846539 0.021966564562893708
0 0.23057910799980164 0.5243614551632904 0.01910322904586792 0.021866702294164795
0 0.2821318209171295 0.52502011143884 0.019027411937713623 0.022047678629557237
0 0.3075813055038452 0.5249693286207461 0.019027411937713623 0.022047678629557237
0 0.33270764350891113 0.5249191906209794 0.019027411937713623 0.022047678629557237
0 0.3585333526134491 0.5248676570709332 0.019027411937713623 0.022047678629557237
0 0.3834969699382782 0.5249402266494492 0.019387364387512207 0.022217506586119186
0 0.434860497713089 0.5254278404768123 0.019387364387512207 0.022217506586119186
0 0.4607662558555603 0.5259222873421603 0.01983376344045007 0.02241249971611555
0 0.48689034581184387 0.5259378122728925 0.01939900716145837 0.02246359891669695
0 0.5125952959060669 0.526165806969931 0.01998845736185717 0.022658887759659695
0 0.5395515561103821 0.5263078937429416 0.01998845736185717 0.022658887759659695
0 0.5655043721199036 0.5264446913494859 0.01998845736185717 0.022658887759659695
0 0.6191017627716064 0.5267272038427536 0.01998845736185717 0.022658887759659695
0 0.6466672420501709 0.5268725018168605 0.01998845736185717 0.022658887759659695
0 0.6741155982017517 0.5270293073128364 0.020336945851643806 0.02277344696281487
0 0.7019915580749512 0.5271787421647892 0.020336945851643806 0.02277344696281487
0 0.729555606842041 0.5277653184047965 0.021369775136311775 0.023336011309956394
0 0.7578998804092407 0.5278193711278981 0.021369775136311775 0.023336011309956394
0 0.7862049341201782 0.5278733490584663 0.021369775136311775 0.023336011309956394
0 0.8154547214508057 0.5279291286024936 0.021369775136311775 0.023336011309956394
0 0.20505110919475555 0.5557865763819495 0.018960764010747255 0.021998531134553603
0 0.2553897500038147 0.5568076732546784 0.01913444201151529 0.022045135498046875
0 0.28112053871154785 0.5569283294939085 0.019134442011515262 0.022045135498046875
0 0.3066861033439636 0.557048210968098 0.019134442011515262 0.022045135498046875
0 0.3318800926208496 0.5571663500594364 0.019134442011515262 0.022045135498046875
0 0.3574948310852051 0.5572864621184593 0.019134442011515262 0.022045135498046875
0 0.4090288579463959 0.5577526408179418 0.019281963507334354 0.02202999499417096
0 0.4344770014286041 0.5579460942467978 0.019281963507334354 0.02202999499417096
0 0.4606722295284271 0.5581452269143384 0.019281963507334354 0.02202999499417096
0 0.486721932888031 0.5583991560825082 0.019270340601603153 0.02217894561531013
0 0.5125529170036316 0.5586137478760347 0.0192071795463562 0.022048122199006728
0 0.5391997694969177 0.5590379404467206 0.02019643783569336 0.02292627142381304
0 0.5657410025596619 0.5593371695802067 0.02019643783569336 0.02292627142381304
0 0.5919213891029358 0.5596323304855481 0.02019643783569336 0.02292627142381304
0 0.6466323137283325 0.5602491481944006 0.02019643783569336 0.02292627142381304
0 0.7021548748016357 0.5608751163926236 0.02019643783569336 0.02292627142381304
0 0.7295092344284058 0.5612825521055557 0.020830949147542244 0.022972816644712936
0 0.7582140564918518 0.5615205193133637 0.020830949147542244 0.022972816644712936
0 0.7863622307777405 0.5617538718290107 0.020830949147542244 0.022972816644712936
0 0.8147642016410828 0.561913246332213 0.02077881495157885 0.023114906725033253
0 0.8427270650863647 0.5620756968876018 0.02077881495157885 0.023114906725033253
0 0.8709759712219238 0.562726708345635 0.02151334285736084 0.0234584956206092
0 0.20476239919662476 0.5875992171660783 0.018791064620018005 0.022001015123470753
0 0.22922807931900024 0.5879068596418514 0.01887891689936322 0.021967836128648808
0 0.25454898923635483 0.5884100578945787 0.019289374351501465 0.022296816803688228
0 0.2800770401954651 0.5886588872865189 0.019289374351501465 0.022296816803688228
0 0.30571937561035156 0.5889088306425329 0.019289374351501465 0.022296816803688228
0 0.3308858573436737 0.5893039703369141 0.019282658894856808 0.022307048472323215
0 0.38282260298728943 0.5896603783895803 0.019618014494578007 0.022496925768002003
0 0.40818580985069275 0.5899792336140336 0.019618014494578007 0.022496925768002003
0 0.4339638650417328 0.5903033041315426 0.019618014494578007 0.022496925768002003
0 0.45988866686820984 0.5906292194840377 0.019618014494578007 0.022496925768002003
0 0.48624926805496216 0.5909606135168741 0.019618014494578007 0.022496925768002003
0 0.5123894810676575 0.5915890183559683 0.02005537350972486 0.0229091792143592
0 0.5392469763755798 0.5919451448217438 0.02005537350972486 0.0229091792143592
0 0.5923183560371399 0.5926488635660274 0.02005537350972486 0.0229091792143592
0 0.6188179850578308 0.5930002447770935 0.02005537350972486 0.0229091792143592
0 0.6466091871261597 0.5933687520581622 0.02005537350972486 0.0229091792143592
0 0.673836350440979 0.5937332972769448 0.02011319001515699 0.022808843804884273
0 0.7011135220527649 0.594184165777162 0.020429690678914314 0.022975832916969478
0 0.7295348048210144 0.5949659829616906 0.021142443021138435 0.023311437562454577
0 0.757057249546051 0.5956454609715661 0.021142443021138435 0.023311437562454577
0 0.20349763333797455 0.6196402172709621 0.01884168883164722 0.021901744280674606
0 0.22861188650131226 0.6201767233813004 0.018956994016965212 0.021937318550523808
0 0.25362319499254227 0.6205862621928371 0.01892504592736563 0.021899053292681134
0 0.27907973527908325 0.6209639615148044 0.018925045927365658 0.021899053292681134
0 0.3044157028198242 0.6216020936503356 0.019160747528076172 0.022141183069509997
0 0.3303924798965454 0.6218030310891913 0.019162853558858273 0.0221807198931081
0 0.35601142048835754 0.6221053988434547 0.019162853558858273 0.0221807198931081
0 0.38197818398475647 0.6224118717803726 0.019162853558858273 0.0221807198931081
0 0.4070371985435486 0.6227076310030868 0.019162853558858273 0.0221807198931081
0 0.4592697322368622 0.623324105905932 0.019162853558858273 0.0221807198931081
0 0.511895477771759 0.6239452216947291 0.01916285355885816 0.0221807198931081
0 0.5386450290679932 0.6250409414601881 0.020090699195861816 0.023220210112342484
0 0.5654692649841309 0.625516282284625 0.020090699195861816 0.023220210112342484
0 0.592107355594635 0.6259883245076283 0.020090699195861816 0.023220210112342484
0 0.6189470291137695 0.6264639388952324 0.020090699195861816 0.023220210112342484
0 0.6461120247840881 0.626945318177689 0.020090699195861816 0.023220210112342484
0 0.6738200187683105 0.6275665849440668 0.020235101381937737 0.023345562838768718
0 0.15345056354999542 0.6510019080583439 0.019070694843928038 0.02224935487259266
0 0.17776775360107422 0.6509709912677144 0.019038071235020937 0.02232656552810083
0 0.2028287798166275 0.6515351284446449 0.019038071235020937 0.02232656552810083
0 0.22754530608654022 0.65252980324974 0.019553661346435547 0.02243668903676109
0 0.278420627117157 0.6532753789147665 0.019553661346435547 0.02243668903676109
0 0.3035169839859009 0.6536431649568614 0.019553661346435547 0.02243668903676109
0 0.3554185628890991 0.6544037803873447 0.019553661346435547 0.02243668903676109
0 0.38088834285736084 0.6547770389290744 0.01970762014389038 0.022714422654736003
0 0.40712839365005493 0.6553152646427262 0.01970762014389038 0.022714422654736003
0 0.4326299726963043 0.6558383431112037 0.01970762014389038 0.022714422654736003
0 0.4587116241455078 0.6563733197991442 0.01970762014389038 0.022714422654736003
0 0.4849816560745239 0.6569121604742005 0.01970762014389038 0.022714422654736003
0 0.5114975571632385 0.6574720781902934 0.019689222176869636 0.022860948429551234
0 0.565082848072052 0.6587083196084804 0.02024376392364502 0.02346142317897584
0 0.5923539400100708 0.6593374783347125 0.02024376392364502 0.02346142317897584
0 0.6192200183868408 0.659957293180733 0.02024376392364502 0.02346142317897584
0 0.6464341282844543 0.6605851373007131 0.02024376392364502 0.02346142317897584
0 0.6739416122436523 0.6610622763814754 0.02089524269104004 0.023475144260613548
0 0.7005214095115662 0.6616301425667697 0.02089524269104004 0.023475144260613548
0 0.15255320072174072 0.682395801987759 0.019071519374847412 0.022043568219325394
0 0.17709220945835114 0.6830375780833741 0.019071519374847412 0.022043568219325394
0 0.20231111347675323 0.6837178163750227 0.019141311446825682 0.02254489041114044
0 0.2275688797235489 0.6843463405674264 0.019141311446825682 0.02254489041114044
0 0.2524779960513115 0.6849661888180761 0.019141311446825654 0.02254489041114044
0 0.27786388993263245 0.6853784516800282 0.019373377164204952 0.022599124169164795
0 0.32879164814949036 0.686590152146382 0.019373377164204952 0.022599124169164795
0 0.35455116629600525 0.6872030363816998 0.019373377164204952 0.022599124169164795
0 0.37947946786880493 0.6877961438676516 0.019373377164204952 0.022599124169164795
0 0.43257278203964233 0.6890593683996866 0.019373377164204952 0.022599124169164795
0 0.4587531089782715 0.6896938874320726 0.019619524478912354 0.022812540216963474
0 0.4847049117088318 0.6903156457945357 0.019619524478912354 0.022812540216963474
0 0.5105239152908325 0.6910449183264444 0.020241936047871834 0.023252856823825042
0 0.5381302833557129 0.6917007712805172 0.020241936047871834 0.023252856823825042
0 0.5649863481521606 0.6923387990496944 0.020241936047871834 0.023252856823825042
0 0.5922896862030029 0.6929874528267724 0.020241936047871834 0.023252856823825042
0 0.6195300221443176 0.6936346098434093 0.020241936047871834 0.023252856823825042
0 0.15130241215229034 0.7145669131963861 0.019336193799972534 0.022732224575308865
0 0.2010621875524521 0.7159328460693359 0.01937322815259296 0.022652855215146615
0 0.251750648021698 0.7173231125335372 0.019373228152592986 0.022652855215146615
0 0.2770608365535736 0.718017312080983 0.019373228152593014 0.022652855215146615
0 0.30196133255958557 0.7187002747162389 0.019373228152593014 0.022652855215146615
0 0.32808130979537964 0.7194166848825854 0.019373228152593014 0.022652855215146615
0 0.3535881042480469 0.7199140073395304 0.019655565420786503 0.02286526583885956
0 0.37913328409194946 0.7205281812091207 0.020004093647003174 0.023196346075959853
0 0.40579068660736084 0.7213134136700753 0.020004093647003174 0.023196346075959853
0 0.43200981616973877 0.7221148824588791 0.020104070504506466 0.023344646128573215
0 0.4579943120479584 0.7228671229162882 0.020104070504506466 0.023344646128573215
0 0.5110154747962952 0.7244020637481247 0.020104070504506355 0.023344646128573215
0 0.537659764289856 0.7251734049590494 0.020104070504506355 0.023344646128573215
0 0.5644494295120239 0.7259489547374637 0.020104070504506355 0.023344646128573215
0 0.5921294093132019 0.7267502787563823 0.020104070504506355 0.023344646128573215
0 0.6191470623016357 0.727303979217994 0.020504514376322502 0.02348676578019022
0 0.6463518142700195 0.7279905274856923 0.020504514376322502 0.02348676578019022
0 0.6739477515220642 0.7286337919013445 0.020768682161967034 0.023325602213541612
0 0.700927197933197 0.7294193876738185 0.021016240119934082 0.023384212523467836
0 0.1505880206823349 0.7467911077100177 0.019421239693959536 0.022682042084923058
0 0.17519310116767883 0.7475402984343513 0.019421239693959536 0.022682042084923058
0 0.2002842277288437 0.7483516959256904 0.019324620564778627 0.02270391005878298
0 0.22499452531337738 0.7490810646256437 0.019324620564778627 0.02270391005878298
0 0.27607446908950806 0.7502575364223746 0.019526898860931396 0.022739321686500728
0 0.30140420794487 0.7512499238452046 0.01971546808878577 0.022766201995139897
0 0.3273344039916992 0.7521018094794695 0.01971546808878577 0.022766201995139897
0 0.3529774248600006 0.7529442605375877 0.01971546808878577 0.022766201995139897
0 0.37874823808670044 0.753790909962509 0.01971546808878577 0.022766201995139897
0 0.43087366223335266 0.7555033883383108 0.01971546808878577 0.022766201995139897
0 0.4571601152420044 0.7563669780949562 0.01971546808878577 0.022766201995139897
0 0.4833190143108368 0.7568744393282159 0.020312289396921757 0.0232860949612402
0 0.5101683139801025 0.7576622620917619 0.020312289396921868 0.0232860949612402
0 0.5371615290641785 0.7584543076782945 0.020312289396921868 0.0232860949612402
0 0.5638352632522583 0.7592369789300963 0.020312289396921868 0.0232860949612402
0 0.5908122658729553 0.76002854880412 0.020312289396921868 0.0232860949612402
0 0.6175434589385986 0.7609526953529235 0.021402200063069587 0.02347576525784267
0 0.6451228857040405 0.7619022103243096 0.021402200063069587 0.02347576525784267
0 0.6737431883811951 0.7623834831770077 0.021391987800598145 0.023809684339419705
0 0.19910168647766113 0.7804811167162519 0.020046542088190733 0.023099086081334676
0 0.22368554770946503 0.7812436188449464 0.020046542088190733 0.023099086081334676
0 0.24911902844905853 0.7819226173733561 0.02011581261952719 0.023017942443374625
0 0.27512940764427185 0.7828392206236373 0.020115812619527218 0.023017942443374625
0 0.3004379868507385 0.7837310925101079 0.020115812619527218 0.023017942443374625
0 0.3259437084197998 0.7846299116743924 0.020115812619527218 0.023017942443374625
0 0.3514854907989502 0.7855300016181413 0.020115812619527218 0.023017942443374625
0 0.3779274523258209 0.7864618137881 0.020115812619527218 0.023017942443374625
0 0.4303574562072754 0.7881721674009811 0.02038806676864624 0.02300552249878887
0 0.45656827092170715 0.7890612853614623 0.02038806676864624 0.02300552249878887
0 0.48273688554763794 0.7904474692212254 0.020521442095438602 0.02296010098716096
0 0.509051501750946 0.8255659591319949 0.021528124809265137 0.023925367251847032
0 0.5352513194084167 0.8256271717160247 0.021754741668701172 0.023671468098958225
0 0.5630797147750854 0.8269289593363918 0.022433916727701897 0.024346225945524356
0 0.5906497240066528 0.8280222883044946 0.022433916727701897 0.024346225945524356
0 0.645385205745697 0.8301929037462858 0.022433916727701897 0.024346225945524356
0 0.6734440922737122 0.8313056198573369 0.022433916727701897 0.024346225945524356
0 0.7294655442237854 0.8335272323253543 0.022433916727701897 0.024346225945524356
0 0.757770836353302 0.8345219298610798 0.022747834523518806 0.0244891735934473
0 0.7856534123420715 0.8355845074320949 0.022747834523518806 0.0244891735934473
0 0.8140700459480286 0.8366674374140881 0.022747834523518806 0.0244891735934473
0 0.8418380618095398 0.837348228277162 0.023076415061950684 0.024750879568647154
0 0.8712679743766785 0.838096352510674 0.023011406262715584 0.024246511533278718
0 0.1969732940196991 0.8460411666084149 0.02093749245007831 0.02398314956546765
0 0.22163912653923035 0.8470620443654615 0.02093749245007831 0.02398314956546765
0 0.247763991355896 0.8481433090410433 0.020937492450078338 0.02398314956546765
0 0.2990836799144745 0.8502673455399749 0.020937492450078365 0.02398314956546765
0 0.3504348397254944 0.8523926845816678 0.020937492450078365 0.02398314956546765
0 0.3762921988964081 0.853907119396121 0.020419001579284668 0.02365715559138808
0 0.40275028347969055 0.8548958785361322 0.020419001579284668 0.02365715559138808
0 0.42928504943847656 0.8558875033186151 0.020419001579284668 0.02365715559138808
0 0.4556885361671448 0.8568742220944571 0.020419001579284668 0.02365715559138808
0 0.4817638695240021 0.8578486775243005 0.020419001579284668 0.02365715559138808
0 0.5356879830360413 0.8601656529472556 0.021145224571228027 0.023999118065649337
0 0.5631878972053528 0.861347250958124 0.021145224571228027 0.023999118065649337
0 0.5900257229804993 0.862500400795491 0.021145224571228027 0.023999118065649337
0 0.6177541613578796 0.8636918178824491 0.021145224571228027 0.023999118065649337
0 0.6451802849769592 0.8648133802973801 0.021511594454447502 0.02398314956546765
0 0.6730461716651917 0.8659085118493368 0.021511594454447502 0.02398314956546765
0 0.19619806110858917 0.8785744600517805 0.02045777440071106 0.023177390874818314
0 0.2460821121931076 0.8817592886991279 0.02066899339358011 0.02304088976956142
0 0.27161604166030884 0.8828420749818168 0.020668993393580082 0.02304088976956142
0 0.29757392406463623 0.8839428393209351 0.020668993393580082 0.02304088976956142
0 0.3236463665962219 0.885075147761855 0.020939985911051395 0.023687909739886253
0 0.3496163487434387 0.8861602387476494 0.020939985911051395 0.023687909739886253
0 0.37557458877563477 0.8872448391184293 0.020939985911051395 0.023687909739886253
0 0.40235814452171326 0.8885487401208212 0.020885497331619263 0.023769053377846305
0 0.4552611708641052 0.8910608050108384 0.020885497331619263 0.023769053377846305
0 0.5077868551015854 0.8935549520629017 0.020885497331619263 0.023769053377846305
0 0.5342741012573242 0.8951257706518881 0.02121047178904223 0.023703286814135173
0 0.5626152157783508 0.8961584401685138 0.02121047178904223 0.023703286814135173
0 0.5901593565940857 0.8971620702325662 0.02121047178904223 0.023703286814135173
0 0.6169971823692322 0.898139964187652 0.02121047178904223 0.023703286814135173
0 0.6448061466217041 0.8991532436636991 0.02121047178904223 0.023703286814135173
0 0.19497741758823395 0.9103268468102743 0.0204603374004364 0.0225790452587511
0 0.2461622953414917 0.9138771860789439 0.02075318495432535 0.02269035161927689
0 0.27120116353034973 0.9154134159670002 0.02050284544626868 0.022951939309290324
0 0.2968267798423767 0.9167247151219567 0.020401696364084843 0.023049406302991654
0 0.3221876323223114 0.9179822307795569 0.020401696364084843 0.023049406302991654
0 0.34816598892211914 0.9192703653250665 0.020401696364084843 0.023049406302991654
0 0.37467682361602783 0.9205849027504159 0.020401696364084843 0.023049406302991654
0 0.4009005129337311 0.9218852020973383 0.020401696364084843 0.023049406302991654
0 0.4538537859916687 0.9247166371114031 0.021841436624526978 0.023985160413638455
0 0.507094994187355 0.9274119000102199 0.021841436624526978 0.023985160413638455
0 0.5348256826400757 0.9288157279524889 0.021841436624526978 0.023985160413638455
0 0.5621694922447205 0.9305048947015121 0.02224222819010424 0.024253904357437125
0 0.5895529985427856 0.9318052621704175 0.022548556327819824 0.024560499560925497
0 0.616569459438324 0.932837730230287 0.022521336873372322 0.02443535383357558
0 0.6445764303207397 0.9341277871897947 0.022521336873372322 0.02443535383357558
0 0.6721674203872681 0.9353986832429404 0.022521336873372322 0.02443535383357558
0 0.7004218101501465 0.9367001368097425 0.022521336873372322 0.02443535383357558
0 0.7287608981132507 0.9380054917446402 0.022521336873372322 0.02443535383357558
0 0.7577179074287415 0.9390463718148165 0.02314281463623047 0.024967400602591946
