0 0.12479504570364952 0.127224511878435 0.021342145899931594 0.023222339245700083
0 0.14947442710399628 0.12635545952375546 0.021250133713086428 0.023036816323450355
0 0.20169943571090698 0.12338873397472293 0.02105542023976642 0.022835347079491416
0 0.22761933505535126 0.12144993980165082 0.02105542023976642 0.022835347079491416
0 0.25442028790712357 0.11946755163788211 0.021696587403615325 0.022896367450093113
0 0.28161513805389404 0.11742814751558525 0.021696587403615353 0.022896367450093113
0 0.3082754909992218 0.11542882656308327 0.021696587403615353 0.022896367450093113
0 0.33485138416290283 0.11324474423430687 0.02279403805732727 0.023770648379658543
0 0.38903459906578064 0.10939417949392054 0.02279403805732727 0.023770648379658543
0 0.4170566499233246 0.10740277456937367 0.02279403805732727 0.023770648379658543
0 0.4453062415122986 0.10539519931755817 0.02279403805732727 0.023770648379658543
0 0.5010048896074295 0.10143693935039431 0.02279403805732727 0.023770648379658543
0 0.5297261476516724 0.0994135055716234 0.023515929778416877 0.024304898210274154
0 0.5586996674537659 0.09735712894173555 0.023515929778416877 0.024304898210274154
0 0.5868096947669983 0.0960410805635674 0.022691528002421135 0.0240827715674112
0 0.6158707141876221 0.09515566546721084 0.022691528002421135 0.0240827715674112
0 0.6441168189048767 0.09429507874215684 0.022691528002421135 0.0240827715674112
0 0.6734872460365295 0.09340023678247147 0.022691528002421135 0.0240827715674112
0 0.7017427682876587 0.09253936312919439 0.022691528002421135 0.0240827715674112
0 0.12435618788003922 0.1598374566366506 0.02079604069391887 0.022839797559634674
0 0.15033161640167236 0.15810449367225904 0.020796040693918882 0.022839797559634674
0 0.20287394523620605 0.1548097299975018 0.02053973078727722 0.022823237633520305
0 0.22890743613243103 0.15313312776295468 0.02053973078727722 0.022823237633520305
0 0.2551337853074074 0.15111256754675575 0.021191035707791656 0.023132826930792744
0 0.28161218762397766 0.14958985683782708 0.021191035707791683 0.023132826930792744
0 0.30834659934043884 0.14805242362977855 0.021191035707791683 0.023132826930792744
0 0.3361492156982422 0.14645356048244393 0.021191035707791683 0.023132826930792744
0 0.3625967502593994 0.14493262490560843 0.021191035707791683 0.023132826930792744
0 0.1239481046795845 0.1931479485450306 0.02081826825936635 0.023257651070291676
0 0.1496879607439041 0.19131833453511082 0.020818268259366335 0.023257651070291676
0 0.20199713110923767 0.1876001478168735 0.020818268259366335 0.023257651070291676
0 0.22908064723014832 0.1856750251429595 0.020818268259366335 0.023257651070291676
0 0.2547956481575966 0.18384717786034874 0.021484091877937317 0.023118795350540535
0 0.28191494941711426 0.1822972524043984 0.021484091877937317 0.023118795350540514
0 0.3086947500705719 0.18076673012652436 0.021484091877937317 0.023118795350540514
0 0.3362678587436676 0.17924769534621127 0.02222742636998498 0.02421810460645099
0 0.3636155426502228 0.1775817021959548 0.02222742636998498 0.02421810460645101
0 0.42011314630508423 0.17413992551693058 0.02222742636998498 0.02421810460645099
0 0.44751250743865967 0.17247078424244774 0.02222742636998498 0.02421810460645099
0 0.4757818579673767 0.1707486440969068 0.02222742636998498 0.02421810460645099
0 0.5042165517807007 0.16919995880624836 0.022723535696665464 0.024573126504587574
0 0.5323776006698608 0.16766995052958644 0.02272353569666552 0.024573126504587574
0 0.5601493120193481 0.16603447670160337 0.022881805896759033 0.024559383244477515
0 0.12458479776978493 0.22390263579612554 0.02105485151211421 0.023423941560493912
0 0.1494005024433136 0.2233309634896212 0.020888417959213257 0.023254867671996096
0 0.2028876692056656 0.2201472707337319 0.020888417959213257 0.023254867671996096
0 0.2290332317352295 0.2185910200840412 0.020888417959213257 0.023254867671996096
0 0.25536397099494934 0.21702374724248577 0.020888417959213257 0.023254867671996096
0 0.28157174587249756 0.2154637935549714 0.020888417959213257 0.023254867671996096
0 0.30943673849105835 0.2140482969062273 0.021995584170023563 0.023681123127308953
0 0.3373390734195709 0.21260083061560717 0.021995584170023563 0.023681123127308953
0 0.36453574895858765 0.21118997123195637 0.021995584170023563 0.023681123127308953
0 0.3921457827091217 0.20975766840715077 0.021995584170023563 0.023681123127308953
0 0.4204116761684418 0.20829134209211483 0.021995584170023563 0.023681123127308953
0 0.17638707160949707 0.25494227182346896 0.020738075176874815 0.023761364840721926
0 0.2028159499168396 0.25360422356184137 0.020738075176874815 0.023761364840721926
0 0.229213684797287 0.25228345116903617 0.0212022066116333 0.023693010788555322
0 0.2564223036170006 0.250896563240591 0.0212022066116333 0.023693010788555322
0 0.28340721130371094 0.24952107839996435 0.0212022066116333 0.023693010788555322
0 0.31005042791366577 0.2481630103651208 0.0212022066116333 0.023693010788555322
0 0.33810243010520935 0.24673313318296922 0.0212022066116333 0.023693010788555322
0 0.36578992009162903 0.24541089636304594 0.02165331443150842 0.023839802705040245
0 0.421407550573349 0.24292023237361465 0.02223869164784753 0.024245565251786606
0 0.4492878317832947 0.24149237269381343 0.02223869164784753 0.024245565251786606
0 0.4781500995159149 0.24001422159294386 0.02223869164784753 0.024245565251786606
0 0.5063847899436951 0.2385682112127073 0.022238691647847475 0.024245565251786606
0 0.535234808921814 0.23709068741909292 0.02223869164784742 0.024245565251786606
0 0.5633885860443115 0.23583195706242585 0.023285289605458503 0.024031439492868824
0 0.5925309658050537 0.23463872421619503 0.023285289605458503 0.024031439492868824
0 0.17672313749790192 0.2880871573159861 0.02064917484919232 0.024128551631010808
0 0.20278407633304596 0.2871260310328284 0.02102385958035785 0.02400158726891806
0 0.22943805158138275 0.2856467047403025 0.021144201358159365 0.023970803549123364
0 0.2561793103814125 0.284511575983651 0.02150195837020874 0.02428689113883085
0 0.283928781747818 0.28318214416503906 0.021641095479329464 0.02422434784645258
0 0.31079864501953125 0.2819268593555062 0.021641095479329464 0.02422434784645258
0 0.36612993478775024 0.2793419363569949 0.021641095479329464 0.02422434784645258
0 0.3937870264053345 0.2780498744424127 0.021641095479329464 0.02422434784645258
0 0.4213552474975586 0.27676196431004724 0.021641095479329464 0.02422434784645258
0 0.4495341181755066 0.2754521388312793 0.021561364332834843 0.024151676384977564
0 0.17630279064178467 0.32180139033480115 0.0209358235200246 0.024071079816005
0 0.20307542383670807 0.32073178402213165 0.0209358235200246 0.024071079816005
0 0.22956833243370056 0.31967335312106915 0.0209358235200246 0.024071079816005
0 0.28489458560943604 0.3174803090649982 0.021616697311401367 0.024196447328079577
0 0.31219279766082764 0.31635763390750227 0.021616697311401367 0.024196447328079577
0 0.3392643928527832 0.31524427866875704 0.021616697311401367 0.024196447328079577
0 0.36677536368370056 0.31411285352441715 0.021616697311401367 0.024196447328079577
0 0.3949199914932251 0.31295536839684773 0.021616697311401367 0.024196447328079577
0 0.42286962270736694 0.3118100681653164 0.022303760051727295 0.024448971415674963
0 0.4799070954322815 0.30947282692526906 0.022303760051727295 0.024448971415674963
0 0.5084206461906433 0.3083044187972646 0.022303760051727295 0.024448971415674963
0 0.5367124676704407 0.30714509653490646 0.022303760051727295 0.024448971415674963
0 0.5658788681030273 0.30579512841499673 0.023724118868510002 0.024795266084892804
0 0.5954093933105469 0.30490901858307595 0.023724118868510002 0.024795266084892804
0 0.6240889430046082 0.3034693893006814 0.023269255956013923 0.02437868044357894
0 0.6536325216293335 0.30306323738985286 0.023269255956013923 0.02437868044357894
0 0.6823536157608032 0.3026683926281279 0.023269255956013923 0.02437868044357894
0 0.711506187915802 0.3022676160994371 0.023269255956013923 0.02437868044357894
0 0.740239143371582 0.30187260827352835 0.023269255956013923 0.02437868044357894
0 0.7691091299057007 0.3014757166056174 0.023269255956013923 0.02437868044357894
0 0.1765056997537613 0.35487791549327763 0.02063387135664624 0.023723691008811772
0 0.2032824605703354 0.35437354958097944 0.02072573204835254 0.02389974372331486
0 0.2303660660982132 0.3534739738286928 0.02072573204835254 0.02389974372331486
0 0.2573094442486763 0.3525501739147098 0.021493986248970032 0.02429267232732258
0 0.284892737865448 0.35154501492202256 0.021493986248970032 0.02429267232732258
0 0.3399931788444519 0.34953710736317317 0.021493986248970032 0.02429267232732258
0 0.3680066168308258 0.3485162735389279 0.021493986248970032 0.02429267232732258
0 0.39556801319122314 0.34751191250113556 0.021493986248970032 0.02429267232732258
0 0.42397966980934143 0.3469026476837868 0.021571258703867557 0.024268763933995
0 0.12568730115890503 0.3919880889182867 0.02032066384951274 0.02402653065762773
0 0.15074390172958374 0.3908731771069904 0.020598183075586973 0.023526834887127545
0 0.17727859318256378 0.3900794410217907 0.02083416779836017 0.023531891578851744
0 0.20409759879112244 0.38923108300497367 0.02083416779836017 0.023531891578851744
0 0.2584828734397888 0.38751072899862393 0.020834167798360198 0.023531891578851744
0 0.2854917645454407 0.3866563643875994 0.020834167798360226 0.023531891578851744
0 0.3133622407913208 0.38577474549759266 0.020834167798360226 0.023531891578851744
0 0.36910268664360046 0.38401152374396236 0.020834167798360226 0.023531891578851744
0 0.425152063369751 0.38160924177207345 0.021911799907684326 0.02437978936720263
0 0.45356738567352295 0.3807293647943541 0.022355516751607296 0.024816416954809368
0 0.48209601640701294 0.3798005345506391 0.022355516751607296 0.024816416954809368
0 0.5109561681747437 0.37886091070221484 0.02235551675160724 0.024816416954809368
0 0.5395660400390625 0.37792943542376073 0.022355516751607185 0.024816416954809368
0 0.568249523639679 0.3769955635070801 0.022355516751607185 0.024816416954809368
0 0.5977226495742798 0.3757630281670149 0.022504091262817383 0.024814753569373776
0 0.12606973573565483 0.4263107062936388 0.02033291757106781 0.023695154707561224
0 0.1782701462507248 0.42428171911904977 0.02033291757106781 0.023695154707561224
0 0.20472866296768188 0.4231540325076081 0.020906398693720518 0.024176072704699667
0 0.231919527053833 0.42180695644644806 0.02105854948361713 0.024135560028312686
0 0.2595122829079628 0.42129998691712517 0.021058549483617156 0.024135560028312686
0 0.2869792878627777 0.42079532784474166 0.021058549483617184 0.024135560028312686
0 0.31435057520866394 0.420292427419135 0.021058549483617184 0.024135560028312686
0 0.3417370617389679 0.41978924773460213 0.021058549483617184 0.024135560028312686
0 0.12620331346988678 0.45978782196618123 0.02063423891862233 0.02411290841509211
0 0.17889292538166046 0.45827745836834577 0.020634238918622316 0.02411290841509211
0 0.20481806993484497 0.45753430628995656 0.020634238918622316 0.02411290841509211
0 0.26026488095521927 0.4559782161269077 0.02099791665871939 0.02416072520174727
0 0.2877020835876465 0.45519108866943214 0.020997916658719418 0.02416072520174727
0 0.3154398202896118 0.4545180298561274 0.02175956964492798 0.024374703104181862
0 0.34308922290802 0.4534443031851088 0.021614829699198368 0.024343298387157878
0 0.37035197019577026 0.4528200016465298 0.021614829699198368 0.024343298387157878
0 0.427145391702652 0.4515194643215976 0.021614829699198368 0.024343298387157878
0 0.45576706528663635 0.45086404413717557 0.021614829699198368 0.024343298387157878
0 0.4840983748435974 0.45021527312522713 0.021614829699198368 0.024343298387157878
0 0.5127525925636292 0.44955910769844226 0.02161482969919848 0.024343298387157878
0 0.5415388345718384 0.44866362283396166 0.02229209740956617 0.02458498459453725
0 0.5702970027923584 0.4479307997294836 0.022665301958719963 0.02473553206569459
0 0.5994184613227844 0.4471987347270167 0.022665301958719963 0.02473553206569459
0 0.12744782492518425 0.49379317705021347 0.020586294432481125 0.02419810332069096
0 0.15317673981189728 0.49339532276612513 0.020695855220158876 0.024186718371487458
0 0.17972569167613983 0.49277150353720023 0.020695855220158876 0.024186718371487458
0 0.2059193104505539 0.4921560335499041 0.020695855220158876 0.024186718371487458
0 0.23330992460250854 0.49151243782953713 0.020695855220158876 0.024186718371487458
0 0.26096609234809875 0.4908626024113145 0.020695855220158932 0.024186718371487458
0 0.2881418466567993 0.4902240552406014 0.020695855220158932 0.024186718371487458
0 0.1797051578760147 0.5266445958337118 0.02045297622680664 0.024178734121396615
0 0.20638732612133026 0.5262606354464835 0.02045297622680664 0.024178734121396615
0 0.23403294384479523 0.5258628108773302 0.02045297622680664 0.024178734121396615
0 0.28922784328460693 0.5250685480285583 0.02045297622680664 0.024178734121396615
0 0.3166862428188324 0.5245690222922185 0.02159239848454797 0.02444806949112772
0 0.34446680545806885 0.5239749287450036 0.02159239848454797 0.02444806949112772
0 0.3725866377353668 0.5233735798406761 0.02159239848454797 0.02444806949112772
0 0.40090036392211914 0.5227680844717162 0.02159239848454797 0.02444806949112772
0 0.4291848838329315 0.5221632136855014 0.02159239848454797 0.02444806949112772
0 0.4576660096645355 0.5215541384376852 0.02159239848454797 0.02444806949112772
0 0.48622581362724304 0.521223689234534 0.02264879147211707 0.025241851806640625
0 0.5146481990814209 0.5205637361526058 0.02264879147211718 0.025241851806640625
0 0.5445008873939514 0.519870572178475 0.02264879147211718 0.025241851806640625
0 0.5731956362724304 0.51920429495878 0.02264879147211718 0.025241851806640625
0 0.6024015545845032 0.5185261486493623 0.02264879147211718 0.025241851806640625
0 0.631896436214447 0.518293912894046 0.02264503637949633 0.025239870529766176
0 0.6615768671035767 0.5176891504332076 0.02264503637949633 0.025239870529766176
0 0.6911230683326721 0.5172225153723429 0.023223956425984627 0.02558286799940952
0 0.7206382751464844 0.5174701601959938 0.023605426152547127 0.025557791539865003
0 0.180845245718956 0.561522550361101 0.02032718062400818 0.024391884027525436
0 0.20681975781917572 0.5614706486374055 0.020618965228398622 0.02410826572152071
0 0.23419414460659027 0.5610808439032976 0.020618965228398622 0.02410826572152071
0 0.26214757561683655 0.5606492951858876 0.020941535631815555 0.02463871564051907
0 0.28925007581710815 0.5601929604709548 0.020941535631815555 0.02463871564051907
0 0.3168819844722748 0.5597277119121123 0.020941535631815555 0.02463871564051907
0 0.373208612203598 0.5587793198663985 0.020941535631815555 0.02463871564051907
0 0.4016646146774292 0.5583001957383267 0.020941535631815555 0.02463871564051907
0 0.42970383167266846 0.5577559360238009 0.021545588970184326 0.024704748345899898
0 0.45857369899749756 0.5572064265248631 0.021545588970184326 0.024704748345899898
0 0.48812103271484375 0.556463887945349 0.02058442433675134 0.02356001388194949
0 0.18188312649726868 0.596492235050645 0.0207366943359375 0.02433058272960574
0 0.20821455121040344 0.5958120212998501 0.020914733409881592 0.02445454560509029
0 0.2628645896911621 0.5954747745231668 0.020914733409881592 0.02445454560509029
0 0.29012030363082886 0.5953415715417196 0.021276911099751827 0.024840125741884635
0 0.3179720342159271 0.5950067967903351 0.021276911099751827 0.024840125741884635
0 0.3454754054546356 0.5946762092801425 0.021276911099751827 0.024840125741884635
0 0.374149888753891 0.5943891166834733 0.021672546863555908 0.025120816489522715
0 0.4020543396472931 0.5939961366875227 0.021672546863555908 0.025120816489522715
0 0.43042564392089844 0.5935965819684156 0.021672546863555908 0.025120816489522715
0 0.4889356195926666 0.5928248028422511 0.022748390833536802 0.025182709213375176
0 0.5173794031143188 0.5923720071482104 0.022839268048604255 0.025408604348352657
0 0.5465490818023682 0.592053301990641 0.022839268048604255 0.025408604348352657
0 0.5759225487709045 0.5917323702615438 0.022839268048604255 0.025408604348352657
0 0.605314314365387 0.5914112386033856 0.022839268048604255 0.025408604348352657
0 0.6355113387107849 0.5910813087640807 0.022839268048604255 0.025408604348352657
0 0.6650276184082031 0.5908026141146283 0.022923946380615234 0.02536244355430904
0 0.6940879821777344 0.5901508676893026 0.023205240567525154 0.025289165881253083
0 0.18229903280735016 0.6309106072714162 0.020713239908218384 0.024382983067238923
0 0.20858803391456604 0.6313603423362555 0.020948310693105043 0.02475487169369241
0 0.2357550412416458 0.6311246295307957 0.02137132485707599 0.024891461512839202
0 0.2635178864002228 0.6309604768644688 0.021371324857076046 0.024891461512839202
0 0.2908550798892975 0.6307988409379095 0.021371324857076046 0.024891461512839202
0 0.34631088376045227 0.6304709488210618 0.021371324857076046 0.024891461512839202
0 0.374264657497406 0.6303056672562001 0.021371324857076046 0.024891461512839202
0 0.40267378091812134 0.6301560615760734 0.021357734998067257 0.024886256964631728
0 0.43152448534965515 0.6299085024127211 0.021930217742919922 0.02517694281053179
0 0.45993945002555847 0.6297210870787154 0.021930217742919922 0.02517694281053179
0 0.13116946443915367 0.6657928200655205 0.020921669900417328 0.02448071620261028
0 0.15613573789596558 0.6670092523571054 0.021033714214960753 0.02448269747948456
0 0.20962241291999817 0.6669601617857467 0.021033714214960753 0.02448269747948456
0 0.23658040165901184 0.6669354194911605 0.021033714214960753 0.02448269747948456
0 0.2916974425315857 0.6668848325547541 0.021033714214960697 0.02448269747948456
0 0.3192812502384186 0.6668595158776571 0.02199985583623254 0.02511534579964571
0 0.347285658121109 0.6667279045401103 0.02199985583623254 0.02511534579964571
0 0.37551409006118774 0.6665952403645261 0.02199985583623254 0.02511534579964571
0 0.4039689898490906 0.666767493928184 0.0227756301561991 0.025273463522741093
0 0.4617055058479309 0.6661901695783748 0.0227756301561991 0.025273463522741093
0 0.4905024766921997 0.6656328481428727 0.023066043853759766 0.025188800900481468
0 0.5199631452560425 0.6654803697452989 0.023066043853759766 0.025188800900481468
0 0.5493654608726501 0.6653281933627274 0.023066043853759766 0.025188800900481468
0 0.5787542462348938 0.6651760870081495 0.023066043853759766 0.025188800900481468
0 0.6086400151252747 0.6650214084359103 0.023066043853759766 0.025188800900481468
0 0.6386608481407166 0.6648660308177103 0.023066043853759766 0.025188800900481468
0 0.6679944396018982 0.6645662452538276 0.023207147916157966 0.02529800769894622
0 0.13161331042647362 0.7006815533305324 0.020696274936199188 0.024729854376741103
0 0.15730009973049164 0.7011758307125336 0.020850191513697325 0.024925557217856654
0 0.21070055663585663 0.7017007428546285 0.021003077427546202 0.02481779941292696
0 0.23712995648384094 0.7023595765579579 0.02079459031422931 0.024601160093795423
0 0.264585942029953 0.7024367928347949 0.020794590314229366 0.024601160093795423
0 0.2916914224624634 0.7025130233630111 0.020794590314229366 0.024601160093795423
0 0.319704532623291 0.7025918064781033 0.020794590314229366 0.024601160093795423
0 0.3476451337337494 0.7026703856712164 0.020794590314229366 0.024601160093795423
0 0.1318514198064804 0.7348046635472497 0.020619362592697144 0.024472347525663154
0 0.1847548484802246 0.7367421083672102 0.020377705494562803 0.024692357972610827
0 0.2107911854982376 0.7374764380792883 0.020859907070795713 0.02506353688794513
0 0.23755839467048645 0.737801196963288 0.020859907070795713 0.02506353688794513
0 0.2652937173843384 0.7381377016916654 0.020859907070795658 0.02506353688794513
0 0.29259487986564636 0.7384689388782644 0.020859907070795658 0.025063536887945048
0 0.3207904100418091 0.7388110271719999 0.020859907070795658 0.02506353688794513
0 0.3485691547393799 0.7391480587268715 0.020859907070795658 0.025063536887945048
0 0.37687018513679504 0.7395506435038814 0.0228478113810221 0.025799034177794965
0 0.43466028571128845 0.7395886265954306 0.0228478113810221 0.025799034177794965
0 0.4637505114078522 0.7396077464220936 0.0228478113810221 0.02579903417779488
0 0.49287767708301544 0.7396268905279078 0.022847811381022154 0.02579903417779488
0 0.5220231413841248 0.7396460466606672 0.02284781138102221 0.025799034177794965
0 0.5517061352729797 0.7396655560898451 0.02284781138102221 0.02579903417779488
0 0.6116459965705872 0.7398321905801463 0.023285746574401855 0.025872991990673423
0 0.6415599584579468 0.739791479434906 0.02341233690579725 0.025962563448174054
0 0.13228890299797058 0.7700329347430239 0.020920217037200928 0.02496680917665951
0 0.15804485976696014 0.7708369410315226 0.020920217037200928 0.02496680917665951
0 0.2121366411447525 0.7725254875985909 0.020920217037200928 0.02496680917665951
0 0.2380354404449463 0.7738448984310408 0.021261552969614683 0.024933571039244186
0 0.26599469780921936 0.7742067381393077 0.021261552969614628 0.024933571039244186
0 0.2927108705043793 0.7745524902459563 0.021261552969614628 0.024933571039244186
0 0.3213849663734436 0.7749235811640341 0.021261552969614628 0.024933571039244186
0 0.34953534603118896 0.7752878943154978 0.021261552969614628 0.024933571039244186
0 0.1859811395406723 0.8073588526526163 0.02120832602183026 0.02515594718992259
0 0.21203988790512085 0.8082756311574311 0.02120832602183026 0.02515594718992259
0 0.23911546170711517 0.8093166794887808 0.021810591220855713 0.025161565736282702
0 0.26639580726623535 0.8099756429253896 0.021810591220855713 0.025161565736282702
0 0.2941809892654419 0.8106468008100034 0.021810591220855713 0.025161565736282702
0 0.32267555594444275 0.8113350940555113 0.021810591220855713 0.025161565736282702
0 0.35046669840812683 0.8120063959166061 0.021810591220855713 0.025161565736282702
0 0.3786802589893341 0.8126166565541232 0.0219706495602926 0.02558201043180706
0 0.43677231669425964 0.8134049703908521 0.02308930953343713 0.026068339976229298
0 0.4658031463623047 0.8139415655739743 0.023574769496917725 0.026543550713117734
0 0.49522665143013 0.8140990678654161 0.023574769496917725 0.026543550713117734
0 0.5249332189559937 0.8142580853735409 0.023574769496917725 0.026543550713117734
0 0.5544763803482056 0.8144162281782468 0.023574769496917725 0.026543550713117734
0 0.583958089351654 0.8145740420319313 0.023574769496917725 0.026543550713117734
0 0.6141239404678345 0.8147355180580924 0.023574769496917725 0.026543550713117734
0 0.18631669878959656 0.842388951501181 0.021334161361058535 0.025218224340631167
0 0.2128330022096634 0.8432694368584212 0.02169187863667804 0.025762572769046865
0 0.240469790995121 0.8448960947435956 0.021915848056475312 0.025636717330577763
0 0.2682494521141052 0.8457458588818739 0.021915848056475284 0.025636717330577763
0 0.2958323657512665 0.8475661125672123 0.0224894483884176 0.025802434876907702
0 0.3511483073234558 0.8486039804857831 0.0224894483884176 0.025802434876907702
0 0.3797639012336731 0.8491408818933367 0.0224894483884176 0.025802434876907702
0 0.4084303081035614 0.8496787366814023 0.0224894483884176 0.025802434876907702
0 0.43704158067703247 0.8502155570096748 0.0224894483884176 0.025802434876907702
0 0.18725429475307465 0.8775748793449866 0.021281356612841307 0.025095030318859013
0 0.21364890038967133 0.8790582168933957 0.021711289882659912 0.02558396213738482
0 0.24064011126756668 0.8804462011545482 0.022127807140350342 0.02586039461830779
0 0.2686867415904999 0.8816339359727017 0.022127807140350342 0.02586039461830779
0 0.29580140113830566 0.8827822031569053 0.022127807140350342 0.02586039461830779
0 0.3242684304714203 0.8839877412739278 0.022127807140350342 0.02586039461830779
0 0.35213297605514526 0.8851677650629088 0.022127807140350342 0.02586039461830779
0 0.3803928792476654 0.8863645316831028 0.022127807140350342 0.02586039461830779
0 0.4094756245613098 0.8867194548745969 0.02316075563430786 0.026141144508539244
0 0.4681597948074341 0.8882319428199945 0.023479799429575565 0.026571170304172612
0 0.49727827310562134 0.8886175745640115 0.02347979942957562 0.026571170304172612
0 0.5270194411277771 0.8890114529245504 0.023479799429575676 0.026571170304172612
0 0.5571004748344421 0.8894098323100162 0.023479799429575676 0.026571170304172612
0 0.5868264436721802 0.8898035093795421 0.023479799429575676 0.026571170304172612
0 0.6168076992034912 0.8900327988785959 0.023858825365702385 0.02670276257418858
0 0.647511899471283 0.8902676172867473 0.023858825365702385 0.02670276257418858
0 0.6767030954360962 0.8904908645984738 0.023858825365702385 0.02670276257418858
0 0.18763728439807892 0.9138727041212529 0.022255788246790587 0.0256512072659277
0 0.21405529975891113 0.9151333653649618 0.02252557873725891 0.02579060635825471
0 0.24125568568706512 0.9163889330486918 0.022788951794306428 0.026090518448703862
0 0.26896485686302185 0.9176576563754124 0.0227889517943064 0.026090518448703862
0 0.29623132944107056 0.9189061098054153 0.0227889517943064 0.026090518448703862
0 0.35198381543159485 0.9214588559359175 0.0227889517943064 0.026090518448703862
0 0.38105422258377075 0.9227899063465207 0.0227889517943064 0.026090518448703862
0 0.40961959958076477 0.9238832163256269 0.022991597652435303 0.025995003160580295
0 0.4394528269767761 0.9251536094306222 0.02288411060969031 0.02597992179929759
