0 0.8211350440979004 0.11338626506716706 0.020270943641662598 0.023927245029183322
0 0.8456311821937561 0.11275954579198083 0.02103102207183838 0.023318712101426234
0 0.13964132964611053 0.1537131708721782 0.021300425132115663 0.025016769882320447
0 0.1908479630947113 0.15293209568649496 0.02118921776612598 0.02486885425656341
0 0.24091827124357224 0.15334884510483854 0.021189217766126006 0.02486885425656341
0 0.2662816643714905 0.15355995184102741 0.021189217766126034 0.02486885425656341
0 0.29174691438674927 0.15377190636106516 0.021189217766126034 0.02486885425656341
0 0.317202627658844 0.15398378150407657 0.020647605260213253 0.02480030059814453
0 0.34251686930656433 0.15407053299039428 0.020647605260213253 0.02480030059814453
0 0.3680571913719177 0.1541580592505539 0.020647605260213253 0.02480030059814453
0 0.3935168385505676 0.1542453090392147 0.020647605260213253 0.02480030059814453
0 0.41855621337890625 0.15433111856150072 0.020327011744181278 0.024783164031745866
0 0.44308581948280334 0.15426750113798826 0.020327011744181278 0.024783164031745866
0 0.4681244492530823 0.15411504479341728 0.020769556363423702 0.025110806605612598
0 0.49409203231334686 0.15409139142807576 0.020769556363423647 0.025110806605612598
0 0.5192253589630127 0.1540684979706403 0.02076955636342359 0.025110806605612598
0 0.5695051550865173 0.15402269908422694 0.02076955636342359 0.025110806605612598
0 0.5946143269538879 0.15399982762891193 0.02076955636342359 0.025110806605612598
0 0.6197801232337952 0.15413359467314108 0.020412683486938477 0.02498464806135311
0 0.6444334983825684 0.15421021261880563 0.020412683486938477 0.02498464806135311
0 0.6694146990776062 0.1542878493831812 0.020412683486938477 0.02498464806135311
0 0.13973456621170044 0.19334225321924964 0.021003092328707396 0.025065459022226268
0 0.1646847426891327 0.19349725402597934 0.021003092328707396 0.025065459022226268
0 0.19097915291786194 0.19366060576826544 0.021003092328707396 0.025065459022226268
0 0.21603481471538544 0.1939368526970323 0.020814443627993284 0.025180007136145304
0 0.24080198258161545 0.19397012577500455 0.020814443627993257 0.025180007136145304
0 0.26610106229782104 0.1939530628535504 0.020632386207580566 0.025241352791009947
0 0.29221561551094055 0.19402408599853516 0.020632386207580566 0.025241352791009947
0 0.31701889634132385 0.19409154290641856 0.020632386207580566 0.025241352791009947
0 0.34270644187927246 0.19416140472852805 0.020632386207580566 0.025241352791009947
0 0.36843055486679077 0.19423136600228244 0.020632386207580566 0.025241352791009947
0 0.3930502235889435 0.19429832354457158 0.020632386207580566 0.025241352791009947
0 0.44368159770965576 0.19404278632006833 0.02065565188725793 0.024968313616375592
0 0.4687386453151703 0.1937631308909223 0.020162880420684814 0.024640105491460756
0 0.4940049350261688 0.19391667565634085 0.020162880420684814 0.024640105491460756
0 0.5196322798728943 0.1940724145755806 0.020162880420684814 0.024640105491460756
0 0.5697426199913025 0.19437693813272058 0.020162880420684814 0.024640105491460756
0 0.5943964719772339 0.19452676107717115 0.02006610234578443 0.02480334274528563
0 0.6196580529212952 0.19419278231532042 0.02006610234578443 0.02480334274528563
0 0.644621729850769 0.193862742088202 0.02006610234578443 0.02480334274528563
0 0.6699437499046326 0.19352796427188576 0.02006610234578443 0.02480334274528563
0 0.6954704523086548 0.19319048038748807 0.02006610234578443 0.02480334274528563
0 0.7213280200958252 0.19321015823719112 0.02059030532836914 0.024924566579419515
0 0.13973455131053925 0.23397869287535203 0.021268422404925047 0.02517403003781341
0 0.19114971160888672 0.23446569292241637 0.021268422404925047 0.02517403003781341
0 0.21640276908874512 0.23470488774569118 0.021268422404925047 0.02517403003781341
0 0.2411869838833809 0.23493964173072993 0.02126842240492502 0.02517403003781341
0 0.2922948896884918 0.2354237314892374 0.02126842240492499 0.02517403003781341
0 0.31669312715530396 0.23486922176226496 0.021368861198425293 0.025794391484223567
0 0.3687346577644348 0.23501438318296922 0.02071712414423621 0.024948445401450487
0 0.393630713224411 0.23502839780307647 0.02071712414423621 0.024948445401450487
0 0.4187180697917938 0.23504252011142182 0.02071712414423621 0.024948445401450487
0 0.44433775544166565 0.23509937108949172 0.020684222380320194 0.024479873420656162
0 0.4946525990962982 0.23500442051792128 0.02068422238032025 0.024479873420656162
0 0.5193000435829163 0.23495790762487093 0.020684222380320305 0.024479873420656162
0 0.5446813702583313 0.23491000980188276 0.020684222380320305 0.024479873420656162
0 0.5695253610610962 0.23486312600069267 0.020684222380320305 0.024479873420656162
0 0.5948428511619568 0.23478801168037375 0.02049356698989868 0.024522130803544418
0 0.6203163862228394 0.23495731050478386 0.020428220431010002 0.024493402288865648
0 0.14106547832489014 0.27422873918400253 0.021256133913993835 0.025387534799501905
0 0.19148285686969757 0.27445459929051785 0.021256133913993835 0.025387534799501905
0 0.2165675014257431 0.27456697364743304 0.021256133913993835 0.025387534799501905
0 0.2419026717543602 0.27468047031136444 0.021256133913993835 0.025387534799501905
0 0.2675476670265198 0.27479535493113116 0.021256133913993835 0.025387534799501905
0 0.2927634119987488 0.2748029149137954 0.020501116911570194 0.02428298772767533
0 0.3183573782444 0.2749341476795285 0.020501116911570194 0.02428298772767533
0 0.3437771201133728 0.27506448711178655 0.020501116911570194 0.02428298772767533
0 0.36905568838119507 0.2751941026780384 0.020501116911570194 0.02428298772767533
0 0.3943417966365814 0.2753237569054892 0.020501116911570194 0.02428298772767533
0 0.4195714592933655 0.27486900950587073 0.020412683486938477 0.024469198182571764
0 0.46966540813446045 0.2747659815164072 0.020388444264729855 0.024497039558351474
0 0.49440038204193115 0.2747095906457236 0.0203884442647298 0.024497039558351474
0 0.5192149877548218 0.2746530182302015 0.020388444264729744 0.024497039558351474
0 0.5445616245269775 0.2745952328886106 0.020388444264729744 0.024497039558351474
0 0.5695607662200928 0.27453823976738506 0.020388444264729744 0.024497039558351474
0 0.5943964719772339 0.27448161924791625 0.020388444264729744 0.024497039558351474
0 0.6192962527275085 0.27429019573122954 0.02060345808664965 0.02445911437041997
0 0.6447480320930481 0.27451595040254817 0.02064204216003418 0.024657212486562774
0 0.14159904420375824 0.3141055661578511 0.020747621854146303 0.024694856747176322
0 0.16680149734020233 0.31427514275839163 0.021012291312217712 0.025153300558873822
0 0.19220128655433655 0.31439274785205823 0.021012291312217712 0.025153300558873822
0 0.217625692486763 0.31451046692507467 0.021012291312217712 0.025153300558873822
0 0.24280580133199692 0.3146270548634357 0.021012291312217712 0.025153300558873822
0 0.2934970259666443 0.3148617633553438 0.021012291312217712 0.025153300558873822
0 0.3191452920436859 0.31493481845625587 0.02094026406606042 0.024866946907930596
0 0.3446192443370819 0.31502368838288064 0.02094026406606042 0.024866946907930596
0 0.3696936070919037 0.3151196949993597 0.021125778555870056 0.025164108867793147
0 0.3947181701660156 0.31507664010986774 0.02027583122253418 0.02462928239689317
0 0.419615238904953 0.31520584513888594 0.02027583122253418 0.02462928239689317
0 0.4445505738258362 0.3156458472708263 0.02005910873413086 0.02479106696077098
0 0.4690990447998047 0.3154626447100972 0.02005910873413086 0.02479106696077098
0 0.49512583017349243 0.31519379264698394 0.02005962530771893 0.02451003614322157
0 0.5447712540626526 0.31487737699996593 0.020059625307718987 0.02451003614322157
0 0.5695381164550781 0.31471952513418266 0.020059625307718987 0.02451003614322157
0 0.5943390727043152 0.3145614559708336 0.020059625307718987 0.02451003614322157
0 0.6450100541114807 0.31423850392186364 0.020059625307718987 0.02451003614322157
0 0.6712959408760071 0.3140709705377876 0.020059625307718987 0.02451003614322157
0 0.6955991983413696 0.3136282292074858 0.019796331723531013 0.023965702500454215
0 0.7211470603942871 0.3132479957711759 0.020598332087198967 0.023816027382547515
0 0.746535062789917 0.3130981977595839 0.020598332087198967 0.023816027382547515
0 0.7717090845108032 0.3129496623081216 0.020598332087198967 0.023816027382547515
0 0.7970342040061951 0.31280023532743123 0.020598332087198967 0.023816027382547515
0 0.8221178650856018 0.3126522330350654 0.020598332087198967 0.023816027382547515
0 0.14176568388938904 0.35464452779766736 0.021167635917663574 0.025520797847777346
0 0.16753092408180237 0.3546920155369958 0.021167635917663574 0.025520797847777346
0 0.1928100734949112 0.3547386073657081 0.021167635917663574 0.025520797847777346
0 0.24342534691095352 0.3548318960326125 0.021167635917663574 0.025520797847777346
0 0.26883918046951294 0.3548787360967592 0.021167635917663574 0.025520797847777346
0 0.2942618727684021 0.3554244595904683 0.020352602005004883 0.024785980697750093
0 0.31974947452545166 0.35540742650343665 0.020352602005004883 0.024785980697750093
0 0.34504804015159607 0.3553905197471952 0.020352602005004883 0.024785980697750093
0 0.37050721049308777 0.35537350566056936 0.020352602005004883 0.024785980697750093
0 0.39551523327827454 0.3553567930709484 0.020352602005004883 0.024785980697750093
0 0.44515112042427063 0.3553821164428146 0.020381629467010498 0.02494325563889144
0 0.47002115845680237 0.3554609209992165 0.020381629467010498 0.02494325563889144
0 0.49470242857933044 0.355472209841706 0.020299275716145815 0.02494359570880269
0 0.5194944739341736 0.355501058503135 0.020280937353770012 0.024882974550705574
0 0.5445454716682434 0.35543565971906793 0.019970397154490227 0.025022935497668333
0 0.5695143342018127 0.3554271960995555 0.019970397154490227 0.025022935497668333
0 0.5948279500007629 0.35458844607060613 0.019690990447998047 0.024919021961300872
0 0.6198287010192871 0.3541672063428302 0.019690990447998047 0.024919021961300872
0 0.6448889970779419 0.35374496333573374 0.019690990447998047 0.024919021961300872
0 0.14226624369621277 0.3952510301456895 0.021182874838511168 0.02561388828957722
0 0.167810320854187 0.3952173777964944 0.021182874838511168 0.02561388828957722
0 0.21917131543159485 0.39514971365212775 0.021182874838511168 0.02561388828957722
0 0.2693012058734894 0.3950836713923964 0.020769913991292355 0.025346475054127356
0 0.2944774031639099 0.39519261801787126 0.020769913991292355 0.025346475054127356
0 0.3204616904258728 0.3953050615445843 0.020769913991292355 0.025346475054127356
0 0.34566396474838257 0.3954141210149267 0.020769913991292355 0.025346475054127356
0 0.37126126885414124 0.3955248899238054 0.020769913991292355 0.025346475054127356
0 0.3959290087223053 0.39475994572010903 0.02043747901916504 0.024845685145651702
0 0.42034322023391724 0.39455560196277706 0.02043747901916504 0.024845685145651702
0 0.4707978665828705 0.39482542525890263 0.02025957902272546 0.024594565694646263
0 0.5202966928482056 0.3936202027076899 0.019968072573343987 0.02471296916636391
0 0.5455372929573059 0.394598149289304 0.020171801249186272 0.02448491532673202
0 0.5699223875999451 0.3945673565531886 0.020171801249186272 0.02448491532673202
0 0.5949462056159973 0.39453575725714074 0.020171801249186272 0.02448491532673202
0 0.6203152537345886 0.3945037220152988 0.020171801249186272 0.02448491532673202
0 0.6453394889831543 0.3944721221923828 0.020171801249186272 0.02448491532673202
0 0.6708741784095764 0.39443987778386935 0.020171801249186272 0.02448491532673202
0 0.14269334077835083 0.4356876876431015 0.020907233158747374 0.025260245153146253
0 0.16874758899211884 0.4354654509169191 0.02100248634815216 0.02534124093462336
0 0.219681516289711 0.4356385164482649 0.02100248634815216 0.02534124093462336
0 0.24403619021177292 0.4357212698271365 0.02100248634815216 0.02534124093462336
0 0.2694395184516907 0.4358075863696271 0.02100248634815216 0.02534124093462336
0 0.295266717672348 0.43589534315952033 0.02100248634815216 0.02534124093462336
0 0.3211843967437744 0.43598340738581765 0.02100248634815216 0.02534124093462336
0 0.37157124280929565 0.43575233636900434 0.020294765631357792 0.024690021840176785
0 0.3962518870830536 0.4356770194929083 0.020294765631357792 0.024690021840176785
0 0.421104371547699 0.43576653661850817 0.020169715086619022 0.024543584779251452
0 0.4461243748664856 0.4355995266936546 0.020169715086619022 0.024543584779251452
0 0.4707460105419159 0.4354351758951543 0.020169715086619022 0.024543584779251452
0 0.49591264128685 0.4352671872240108 0.020169715086619078 0.024543584779251452
0 0.5209424495697021 0.43510011185047237 0.020169715086619133 0.024543584779251452
0 0.5455330014228821 0.4349359685382282 0.020169715086619133 0.024543584779251452
0 0.14317180216312408 0.47511803564829486 0.020318269729614258 0.02479650807935138
0 0.19472426176071167 0.475384556969931 0.020318269729614258 0.02479650807935138
0 0.21969059109687805 0.47551363052225065 0.020318269729614258 0.02479650807935138
0 0.24482903629541397 0.4762049991033247 0.02039100726445517 0.024849765984587022
0 0.27005523443222046 0.4757740109465843 0.020391007264455197 0.024849765984587022
0 0.29553648829460144 0.4752277627124508 0.020416518052419064 0.02440551639527308
0 0.3212237060070038 0.47507711898448857 0.020416518052419064 0.02440551639527308
0 0.3461671769618988 0.4748602110661495 0.02032979329427087 0.024283209512400074
0 0.39720696210861206 0.4746161616125772 0.02032979329427087 0.024283209512400074
0 0.4211840331554413 0.4745015139691668 0.02032979329427087 0.024283209512400074
0 0.4460356831550598 0.4743826844798705 0.02032979329427087 0.024283209512400074
0 0.4712812602519989 0.4742619714071584 0.02032979329427087 0.024283209512400074
0 0.4961596727371216 0.474143013951611 0.020329793294270815 0.024283209512400074
0 0.5208513736724854 0.4743399363457773 0.020199934641520256 0.024337088414865003
0 0.570507824420929 0.4741996498995049 0.020199934641520256 0.024337088414865003
0 0.5947940945625305 0.47397503835620336 0.020867864290873284 0.02447494979976689
0 0.6197717189788818 0.47387872740279796 0.020867864290873284 0.02447494979976689
0 0.6450080871582031 0.47378141876209917 0.020867864290873284 0.02447494979976689
0 0.6707409024238586 0.47368219587641835 0.020867864290873284 0.02447494979976689
0 0.6964898109436035 0.4735829109369322 0.020867864290873284 0.02447494979976689
0 0.14310391247272491 0.5151433279347974 0.02101033926010132 0.02467139192329815
0 0.16903044283390045 0.5151088523873212 0.02101033926010132 0.02467139192329815
0 0.19468185305595398 0.5150747426781307 0.02101033926010132 0.02467139192329815
0 0.22049355506896973 0.5150404198225155 0.02101033926010132 0.02467139192329815
0 0.24569228291511536 0.5150069120632396 0.02101033926010132 0.02467139192329815
0 0.27086830139160156 0.5144864459370457 0.02061482270558679 0.024195560189180596
0 0.32193607091903687 0.5143396466232611 0.02061482270558679 0.024195560189180596
0 0.34691673517227173 0.5142556123955305 0.020419637362162235 0.0240575509477956
0 0.3717385232448578 0.5141667155951296 0.020419637362162235 0.0240575509477956
0 0.39649373292922974 0.5140780572386986 0.020419637362162235 0.0240575509477956
0 0.4216667115688324 0.5139879026837135 0.020419637362162235 0.0240575509477956
0 0.4712904989719391 0.5138101799543514 0.020419637362162235 0.0240575509477956
0 0.49612706899642944 0.5135232348774754 0.020214935143788637 0.023883435153221843
0 0.5207617282867432 0.5132219993785013 0.01961970329284668 0.02336371961490134
0 0.5459954738616943 0.513247245966002 0.01984846591949463 0.02349495702935738
0 0.5703985095024109 0.513298700022143 0.019891460736592537 0.023388855217039067
0 0.5953168869018555 0.5133095503061222 0.019891460736592537 0.023388855217039067
0 0.6203885674476624 0.5133204673433513 0.019891460736592537 0.023388855217039067
0 0.6453357934951782 0.5133313301889842 0.019891460736592537 0.023388855217039067
0 0.6704334616661072 0.513342258542083 0.019891460736592537 0.023388855217039067
0 0.6963953375816345 0.5128362788710483 0.02009042104085279 0.02341461181640625
0 0.14291393756866455 0.5959781380586846 0.02142586807409924 0.02462928239689317
0 0.19489562511444092 0.5953838437102562 0.020871177315711975 0.02463425037472747
0 0.21992230415344238 0.5951456176217799 0.020722503463427244 0.024144727130268894
0 0.24556929618120193 0.5948581251987192 0.020722503463427216 0.024144727130268894
0 0.27076223492622375 0.5945757225295879 0.02072250346342719 0.024144727130268894
0 0.29628196358680725 0.5942896566774778 0.02072250346342719 0.024144727130268894
0 0.34705182909965515 0.5937205469885538 0.020615557829538944 0.02432106077208994
0 0.3722746670246124 0.5935408657489193 0.020615557829538944 0.02432106077208994
0 0.39756935834884644 0.593360672643495 0.020615557829538944 0.02432106077208994
0 0.44713351130485535 0.5930075899146179 0.020615557829538944 0.02432106077208994
0 0.471634179353714 0.5928330532340116 0.020615557829538944 0.02432106077208994
0 0.49666932225227356 0.5926673078102792 0.020416855812072754 0.024684965148452587
0 0.5216984152793884 0.5924953013245009 0.020416855812072754 0.024684965148452587
0 0.5463002920150757 0.5923262307810229 0.020416855812072754 0.024684965148452587
0 0.5713063478469849 0.5926518298925075 0.020502030849456787 0.024774921032809417
0 0.5959829092025757 0.5926819734795149 0.020502030849456787 0.024774921032809417
0 0.4221860468387604 0.6327463130177478 0.02065785725911462 0.025377613629481644
0 0.44743669033050537 0.6328098385833031 0.02066163221995032 0.02528742117475164
0 0.49729636311531067 0.6329279369730529 0.020661632219950377 0.02528742117475164
0 0.5218495726585388 0.6329860940837657 0.020661632219950432 0.02528742117475164
0 0.5472301244735718 0.6330462108501403 0.020661632219950432 0.02528742117475164
0 0.5722143650054932 0.6331053889074991 0.020661632219950432 0.02528742117475164
0 0.5968830585479736 0.6332159538565559 0.020746886730194092 0.025271275246790157
0 0.14192616939544678 0.6771335158237192 0.0217592716217041 0.024356221043786336
0 0.1684008687734604 0.6765567920001436 0.020915061235427856 0.024269991142805234
0 0.19437697529792786 0.6762446470038835 0.020915061235427856 0.024269991142805234
0 0.2449330985546112 0.6756371332916181 0.020915061235427856 0.024269991142805234
0 0.27048060297966003 0.6753301386438366 0.020915061235427856 0.024269991142805234
0 0.2963675856590271 0.6750190646149391 0.020915061235427856 0.024269991142805234
0 0.3217664659023285 0.6747138559274444 0.020915061235427856 0.024269991142805234
0 0.347133070230484 0.6743315268151032 0.020590921243031857 0.024205851000408795
0 0.3723442256450653 0.6740105651145758 0.020590921243031857 0.024205851000408795
0 0.42202115058898926 0.6732776996701263 0.020678798357645634 0.024829391361206946
0 0.4467189908027649 0.6731056294009168 0.020678798357645634 0.024829391361206946
0 0.4723304510116577 0.6729271939257966 0.020678798357645634 0.024829391361206946
0 0.497408390045166 0.672752475501701 0.02067879835764569 0.024829391361206946
0 0.5224559307098389 0.6725779688635538 0.020678798357645745 0.024829391361206946
0 0.5468552112579346 0.6729423168093659 0.020511885484059578 0.02484133816504669
0 0.5723809003829956 0.6726843986892043 0.020953694979349846 0.025023674780084125
0 0.5970446467399597 0.6726605171381042 0.020953694979349846 0.025023674780084125
0 0.4219638705253601 0.713704087013422 0.020627518494923947 0.025471472924994
0 0.447401225566864 0.7136016812767251 0.020627518494923947 0.025471472924994
0 0.49771176278591156 0.7133991410511737 0.02062751849492389 0.025471472924994
0 0.522435188293457 0.7132996094529145 0.020627518494923835 0.025471472924994
0 0.5473616123199463 0.713199260622956 0.020627518494923835 0.025471472924994
0 0.5722007155418396 0.7131210112834679 0.020560582478841072 0.02534751004950945
0 0.5977728366851807 0.71302578061126 0.020560582478841072 0.02534751004950945
0 0.1426454484462738 0.7578436385753543 0.02122846245765686 0.024713102237198595
0 0.16843391954898834 0.7577537727471549 0.021054893732070923 0.024488715238349383
0 0.19407469034194946 0.756813253508383 0.02083820104598999 0.024750480356142614
0 0.21990764141082764 0.7568902413510158 0.021004676818847656 0.024530070696690397
0 0.245135098695755 0.7566080980522688 0.021004676818847656 0.024530070696690397
0 0.2703694999217987 0.7563258770926449 0.021004676818847656 0.024530070696690314
0 0.29581233859062195 0.7560413249734824 0.021004676818847656 0.024530070696690314
0 0.3215542137622833 0.755753428436989 0.021004676818847656 0.024530070696690314
0 0.34705105423927307 0.7554682723628531 0.021004676818847656 0.024530070696690314
0 0.39810994267463684 0.7545916313348815 0.02079671621322632 0.025677599648172515
0 0.4223465621471405 0.754363680640156 0.02079671621322632 0.025677599648172515
0 0.4724770486354828 0.7538921924759379 0.02079671621322632 0.025677599648172515
0 0.497809499502182 0.7536539352478325 0.02079671621322632 0.025677599648172515
0 0.5228889584541321 0.7534180574638899 0.02079671621322632 0.025677599648172515
0 0.5478604435920715 0.7534992531668565 0.020842095216115242 0.025661276292431236
0 0.5732417106628418 0.7534573923820189 0.020842095216115242 0.025661276292431236
0 0.5985975861549377 0.7534155734749728 0.020842095216115242 0.025661276292431236
0 0.42236459255218506 0.7953680171522983 0.020644843578338623 0.02576026620790951
0 0.44751250743865967 0.7950494639045639 0.020644843578338623 0.02576026620790951
0 0.47296589612960815 0.7947270411641516 0.020644843578338623 0.02576026620790951
0 0.49835205078125 0.79440547008964 0.020644843578338623 0.02576026620790951
0 0.5234242677688599 0.7940878757210665 0.020644843578338623 0.02576026620790951
0 0.5479589104652405 0.7943302507028376 0.02067633469899488 0.0255685850631359
0 0.5733921527862549 0.7943265709854223 0.02067633469899488 0.0255685850631359
0 0.598911464214325 0.794322878815407 0.02067633469899488 0.0255685850631359
0 0.14253921806812286 0.8395177130924495 0.021362821261088072 0.023864805236343375
0 0.16848453879356384 0.8392314467319223 0.021362821261088072 0.023864805236343375
0 0.2195969671010971 0.8386675003855215 0.021362821261088072 0.023864805236343375
0 0.24513982236385345 0.8383856746069575 0.021362821261088044 0.023864805236343375
0 0.2706625759601593 0.8381040706190952 0.021362821261088016 0.023864805236343375
0 0.295597106218338 0.8370551175849382 0.02053048213322961 0.024535423101380814
0 0.3468177318572998 0.8367776078934608 0.02053048213322961 0.024535423101380814
0 0.3725159764289856 0.8367948574881154 0.020580212275187137 0.02511123538941387
0 0.3975718319416046 0.8365551261014716 0.020451664924621582 0.025145124095355003
0 0.42249664664268494 0.8363764973938792 0.020451664924621582 0.025145124095355003
0 0.473039448261261 0.8360142722203118 0.020451664924621582 0.025145124095355003
0 0.4984981417655945 0.8358318173626844 0.020451664924621582 0.025145124095355003
0 0.5237347483634949 0.8356509541356286 0.020451664924621582 0.025145124095355003
0 0.5484071373939514 0.8354763065113412 0.020522614320119148 0.025070900140806686
0 0.5740719437599182 0.8361754306527072 0.020444711049397712 0.02523395627043968
0 0.42348307371139526 0.8757643588753634 0.020649373531341553 0.025114606517230003
0 0.44887715578079224 0.8756426525942383 0.020649373531341553 0.025114606517230003
0 0.47361141443252563 0.8755241086504698 0.020649373531341553 0.025114606517230003
0 0.4988418519496918 0.8753877684127452 0.021057029565175356 0.02527275381162174
0 0.5241415500640869 0.8752768573310281 0.0210570295651753 0.02527275381162174
0 0.5492855906486511 0.8751666286347265 0.0210570295651753 0.02527275381162174
0 0.5745855569839478 0.8750557163771586 0.0210570295651753 0.02527275381162174
0 0.6001449823379517 0.8749436666799146 0.0210570295651753 0.02527275381162174
