0 0.26219651103019714 0.05056825903959052 0.022874335447947147 0.02379849345185036
0 0.29379594326019287 0.052535523912732085 0.022492706775665283 0.023426437562750285
0 0.3561623990535736 0.051285073930289686 0.022185325622558594 0.02319658726684807
0 0.3880481421947479 0.05118903575613453 0.023256659507751465 0.02363847022832826
0 0.41687026619911194 0.05101711666861246 0.023256659507751465 0.02363847022832826
0 0.4478023648262024 0.05083261193987329 0.023256659507751465 0.02363847022832826
0 0.4801921248435974 0.05063941250785342 0.023256659507751465 0.02363847022832826
0 0.5123068690299988 0.050447853498680646 0.023256659507751465 0.02363847022832826
0 0.5427632927894592 0.050266186089952584 0.023256659507751465 0.02363847022832826
0 0.5732661485671997 0.05115496819315103 0.02256772915522265 0.02307871145795482
0 0.07134451530873775 0.0844392499258352 0.024536099284887314 0.025066242661587027
0 0.10232564061880112 0.08442760542029064 0.024536099284887314 0.025066242661587027
0 0.13410581648349762 0.08463024510092627 0.024244005481402084 0.02474068856054498
0 0.16532883048057556 0.08440392516380132 0.024035602807998657 0.02466176461803821
0 0.19749239087104797 0.08420077291326966 0.024035602807998657 0.0246617646180382
0 0.2291577011346817 0.0840007677221234 0.024035602807998657 0.0246617646180382
0 0.2609757259488106 0.08379979795167543 0.024035602807998657 0.0246617646180382
0 0.29269909858703613 0.08359942602556805 0.024035602807998657 0.02466176461803821
0 0.32522308826446533 0.0848099104193754 0.023458242416381836 0.02392324181490166
0 0.3883073627948761 0.08370714409406795 0.023084719975789425 0.0234771495641664
0 0.41998156905174255 0.08359401717156735 0.023084719975789425 0.0234771495641664
0 0.45114579796791077 0.083482711673308 0.023084719975789425 0.02347714956416641
0 0.48255184292793274 0.08337054251000109 0.023084719975789425 0.0234771495641664
0 0.5137730240821838 0.08325903360233751 0.023084719975789314 0.0234771495641664
0 0.5453162789344788 0.08316327263136446 0.022358934084574456 0.023618509603101145
0 0.5755523443222046 0.08307148010730532 0.022358934084574456 0.023618509603101166
0 0.6380239725112915 0.08239060008395813 0.02239890893300367 0.02344796084618383
0 0.6694521903991699 0.08278641312621361 0.02239890893300367 0.02344796084618383
0 0.7001426219940186 0.08317293434548949 0.02239890893300367 0.02344796084618383
0 0.731724202632904 0.08357067886783275 0.02239890893300367 0.023447960846183842
0 0.762312114238739 0.0839559089305789 0.02239890893300367 0.02344796084618383
0 0.7931311726570129 0.08434405010089614 0.02239890893300367 0.02344796084618383
0 0.038165923207998276 0.12445773634799691 0.02347203840812047 0.02538794140483058
0 0.06949350982904434 0.1238213193126542 0.023472038408120476 0.02538794140483058
0 0.10130854696035385 0.12317499976511447 0.023472038408120482 0.02538794140483058
0 0.13301357626914978 0.12253091501635174 0.02347203840812047 0.02538794140483058
0 0.164690762758255 0.12188739589190534 0.023472038408120455 0.02538794140483058
0 0.19768504798412323 0.12197836594354647 0.024421175320943178 0.025884036869965796
0 0.26070767641067505 0.12104699868962625 0.024421175320943206 0.025884036869965796
0 0.2926957905292511 0.12057426877104747 0.024421175320943234 0.025884036869965796
0 0.32510849833488464 0.1200952640799589 0.02430061499277747 0.025743942852168106
0 0.35737285017967224 0.11988960494151313 0.02430061499277747 0.025743942852168106
0 0.38839462399482727 0.11969186623265649 0.02430061499277747 0.025743942852168106
0 0.4204772710800171 0.11948736531503878 0.02430061499277747 0.025743942852168106
0 0.45197850465774536 0.11928657043811887 0.02430061499277747 0.025743942852168106
0 0.5159608125686646 0.11902065306291687 0.02367868026097608 0.02505775569945344
0 0.5465013980865479 0.11890619854594386 0.023003697395324707 0.024012447327606424
0 0.5777216553688049 0.11879130400876124 0.023003697395324707 0.024012447327606424
0 0.6092072129249573 0.11867543313266161 0.023003697395324707 0.024012447327606424
0 0.6402376890182495 0.11856123701451107 0.023003697395324707 0.024012447327606424
0 0.7029536366462708 0.11833043431126794 0.023003697395324707 0.024012447327606424
0 0.7342035174369812 0.11824003457568998 0.022804896036783928 0.023721909338189635
0 0.7648940086364746 0.11812879168462413 0.022804896036783928 0.023721909338189635
0 0.7948892712593079 0.1180200687674589 0.022804896036783928 0.023721909338189635
0 0.8252528309822083 0.11740630172019781 0.023076415061950684 0.02389361507208771
0 0.03819147124886513 0.16277278463996425 0.023679329703251525 0.025800069173177096
0 0.06891726143658161 0.16200094444807187 0.02367932970325152 0.025800069173177096
0 0.1004849374294281 0.16120795585617367 0.02367932970325151 0.025800069173177096
0 0.13263118267059326 0.16040043344767005 0.023679329703251525 0.025800069173177096
0 0.16470612585544586 0.15959470216618027 0.02367932970325154 0.025800069173177096
0 0.19668763875961304 0.15879131787870862 0.02367932970325154 0.025800069173177096
0 0.2612992525100708 0.15800575385597213 0.024420241514841706 0.02567394759303838
0 0.29378628730773926 0.15781381518341775 0.02415965000788367 0.02552396936934125
0 0.32568684220314026 0.15753607175800877 0.02415965000788367 0.02552396936934125
0 0.3579120337963104 0.15725550187052892 0.02415965000788367 0.02552396936934125
0 0.38994917273521423 0.15697656927081804 0.02415965000788367 0.02552396936934125
0 0.4212409257888794 0.15670412640238918 0.023547271887461307 0.02528073806171271
0 0.48550859093666077 0.15632251596775906 0.023547271887461307 0.02528073806171271
0 0.5167338252067566 0.1561371058522081 0.02354727188746142 0.02528073806171271
0 0.5483385324478149 0.15594944249087572 0.02354727188746142 0.02528073806171271
0 0.5798208117485046 0.15576250608577286 0.02354727188746142 0.02528073806171271
0 0.6112766861915588 0.15530549648196199 0.023579120635986328 0.025267852369204986
0 0.6422998309135437 0.15486944399282376 0.023579120635986328 0.025267852369204986
0 0.037822507321834564 0.20120039469922218 0.023735077430804566 0.025715572889461073
0 0.06906026415526867 0.20027633045994958 0.023735077430804573 0.025715572889461073
0 0.10035643726587296 0.19935053817109222 0.02373507743080458 0.025715572889461073
0 0.13211123272776604 0.19841117907856146 0.023735077430804566 0.025715572889461073
0 0.16398923099040985 0.19746817544449208 0.023735077430804552 0.025715572889461073
0 0.19662190973758698 0.19650284712009514 0.023735077430804552 0.025715572889461073
0 0.26172739267349243 0.19598408078038415 0.024463097254435212 0.025984512743099722
0 0.2945694327354431 0.1958087213166454 0.024463097254435184 0.025984512743099722
0 0.32623445987701416 0.19563964649156307 0.024463097254435184 0.025984512743099722
0 0.35862842202186584 0.19546667953155142 0.024463097254435184 0.025984512743099722
0 0.39053598046302795 0.19529630971509357 0.024463097254435184 0.025984512743099722
0 0.4221372604370117 0.193850179051244 0.02378855148951209 0.02554711999819261
0 0.4867357313632965 0.193478593934971 0.02378855148951209 0.02554711999819261
0 0.5185453295707703 0.193295617881838 0.0237885514895122 0.02554711999819261
0 0.5503937602043152 0.19311241845574656 0.0237885514895122 0.02554711999819261
0 0.5813044905662537 0.19293461289516714 0.0237885514895122 0.02554711999819261
0 0.6133885979652405 0.19244107685683332 0.023861249287923103 0.02561756991600806
0 0.6767638325691223 0.19163985585057458 0.023861249287923103 0.02561756991600806
0 0.7080425024032593 0.191680908203125 0.023306171099344963 0.024551099585008243
0 0.738977313041687 0.1914038713588271 0.022993246714274163 0.023862502371617984
0 0.7717458009719849 0.19112787488067998 0.022993246714274163 0.023862502371617984
0 0.8018615245819092 0.1908742216248181 0.022993246714274163 0.023862502371617984
0 0.8327685594558716 0.19061390345593193 0.022993246714274163 0.023862502371617984
0 0.864543616771698 0.19034627426502315 0.022993246714274163 0.023862502371617984
0 0.8951473236083984 0.18988001643506325 0.023639043172200447 0.024472868719766307
0 0.9256115555763245 0.18951786396115325 0.023639043172200447 0.024472868719766307
0 0.03840015735477209 0.23955753237702127 0.02369776926934719 0.026658302129701127
0 0.0696055069565773 0.23891932290279536 0.023844624559084572 0.02661268840464508
0 0.10109847038984299 0.23825847270876863 0.023844624559084565 0.02661268840464508
0 0.13243785127997398 0.23760084529984582 0.02384462455908458 0.02661268840464508
0 0.16520579159259796 0.23686146817469064 0.02470413843790692 0.026488296745359463
0 0.19722746312618256 0.23613730684612086 0.024762908617655455 0.02612391922825064
0 0.2632170617580414 0.2349134045977925 0.0247629086176554 0.02612391922825064
0 0.2953081429004669 0.23431821464095381 0.0247629086176554 0.02612391922825064
0 0.32721951603889465 0.23372635770984482 0.0247629086176554 0.02612391922825064
0 0.3595750331878662 0.23312626328579214 0.0247629086176554 0.02612391922825064
0 0.3914302885532379 0.2325354471652054 0.0247629086176554 0.02612391922825064
0 0.4240368902683258 0.23280183931129111 0.024163613716761234 0.02572158695191379
0 0.48872457444667816 0.2324762787929801 0.02388438582420349 0.025671374890231375
0 0.5201157331466675 0.23200690660788714 0.02388438582420349 0.025671374890231375
0 0.5514156222343445 0.23153889911970682 0.02388438582420349 0.025671374890231375
0 0.5836499333381653 0.23105691980883253 0.02388438582420349 0.025671374890231375
0 0.6467956900596619 0.2301127411598383 0.02388438582420349 0.025671374890231375
0 0.7112129330635071 0.2292198934903296 0.023759881655375237 0.024956355723299694
0 0.7418918609619141 0.22879467179502225 0.023759881655375237 0.024956355723299694
0 0.7732828855514526 0.2283595801667359 0.023759881655375237 0.024956355723299694
0 0.8041384816169739 0.22793190978294195 0.023759881655375237 0.024956355723299694
0 0.038876280188560486 0.27936502944591435 0.024142667651176453 0.026589430579843476
0 0.06988489627838135 0.2784881146545363 0.024142667651176453 0.026589430579843476
0 0.10223907232284546 0.2775731478126091 0.024142667651176453 0.026589430579843476
0 0.13411253318190575 0.2766717754585913 0.024142667651176453 0.026589430579843476
0 0.16620458662509918 0.27576422136883405 0.024142667651176453 0.026589430579843476
0 0.07097592763602734 0.31838339428568996 0.024085483203331627 0.026503806890443314
0 0.10251738876104355 0.31755742848136376 0.02408548320333162 0.026503806890443314
0 0.13516388833522797 0.3167025254008644 0.024085483203331634 0.026503806890443314
0 0.16736334562301636 0.31585932886877727 0.024085483203331648 0.026503806890443314
0 0.2000744640827179 0.3150027336349075 0.024085483203331648 0.026503806890443314
0 0.2646597921848297 0.3136234155688306 0.024196813503901127 0.026512456494708393
0 0.29713523387908936 0.3130673480352466 0.024196813503901127 0.026512456494708393
0 0.32941094040870667 0.31251470050873803 0.024196813503901127 0.026512456494708393
0 0.36195817589759827 0.3119574036709098 0.024196813503901127 0.026512456494708393
0 0.3949173390865326 0.31176473928052323 0.024662673473358154 0.026186861733133452
0 0.45916545391082764 0.310512411890371 0.024662673473358154 0.026186861733133452
0 0.491118922829628 0.3107228042473097 0.024587144454320253 0.026415093000545058
0 0.5230381488800049 0.3100904520969655 0.024587144454320198 0.026415093000545058
0 0.5552747249603271 0.3094518129215684 0.024587144454320198 0.026415093000545058
0 0.58625727891922 0.3088380171926826 0.024587144454320198 0.026415093000545058
0 0.039148006588220596 0.35870740054685124 0.024239664276440934 0.026984843172768305
0 0.07054130733013153 0.35809986607624966 0.02409446736176809 0.02711063946864399
0 0.10251549631357193 0.3572862092838731 0.024094467361768096 0.02711063946864399
0 0.168090358376503 0.35561750606971826 0.024094467361768068 0.02711063946864399
0 0.20079925656318665 0.354785152911534 0.024094467361768068 0.02711063946864399
0 0.2325875163078308 0.35397622751635177 0.024094467361768068 0.02711063946864399
0 0.2647879421710968 0.3531568136061308 0.024094467361768124 0.02711063946864399
0 0.3310262858867645 0.35249490516130316 0.02465161681175232 0.02700376880261328
0 0.362745076417923 0.3519366612711037 0.02465161681175232 0.02700376880261328
0 0.3951590955257416 0.351981732495058 0.024728139241536495 0.02665058402127998
0 0.42737147212028503 0.35156123582706894 0.024728139241536495 0.02665058402127998
0 0.4599309265613556 0.3509721593625517 0.024381965398788452 0.026779588802840384
0 0.49259208142757416 0.350438162337902 0.024381965398788452 0.026779588802840384
0 0.038953094743192196 0.39842108793036884 0.024022093042731285 0.026775744534278157
0 0.0707437451928854 0.39764633479115796 0.024022093042731285 0.026775744534278157
0 0.10262635350227356 0.39686934059555273 0.024022093042731285 0.026775744534278157
0 0.13597175478935242 0.3957696853217972 0.0244339903195699 0.026366034219431324
0 0.16831015050411224 0.39526859549588933 0.024362107117970766 0.026384545851123372
0 0.20108187198638916 0.39474703626523266 0.024362107117970766 0.026384545851123372
0 0.23336605727672577 0.3942332361326545 0.024362107117970766 0.026384545851123372
0 0.26677873730659485 0.3937014760998474 0.02436210711797082 0.026384545851123372
0 0.33179762959480286 0.39266670581906343 0.02436210711797082 0.026384545851123372
0 0.3644111752510071 0.39200853746990827 0.024539947509765625 0.026402022487433327
0 0.39675718545913696 0.3914097304766155 0.024539947509765625 0.026402022487433327
0 0.42868274450302124 0.3908187071047297 0.024539947509765625 0.026402022487433327
0 0.46090397238731384 0.3902222101499138 0.024539947509765625 0.026402022487433327
0 0.5259119868278503 0.3890187463095022 0.024539947509765625 0.026402022487433327
0 0.5577171444892883 0.38863875702198936 0.024511436621348137 0.02685644460278888
0 0.6226335167884827 0.38757475032362826 0.024511436621348137 0.02685644460278888
0 0.6541781425476074 0.3870577206142306 0.024511436621348137 0.02685644460278888
0 0.6862677931785583 0.38617586535076764 0.024506449699401855 0.026330755662548503
0 0.719016432762146 0.38567277122011334 0.024506449699401855 0.026330755662548503
0 0.7825645804405212 0.3846965260839042 0.024506449699401855 0.026330755662548465
0 0.8144267797470093 0.38420704970672775 0.024506449699401855 0.026330755662548465
0 0.8464169502258301 0.38371560739916427 0.024506449699401855 0.026330755662548465
0 0.038941286504268646 0.43772648656091023 0.0243587667743365 0.026809278384659695
0 0.07097797840833664 0.4370138297469279 0.02431850383679072 0.026710776395575946
0 0.10433606058359146 0.436319395553234 0.024526891609032958 0.026769623275875176
0 0.13670196756720543 0.43563475143557456 0.024526891609032944 0.026769623275875176
0 0.1694008708000183 0.43494306336505045 0.02452689160903293 0.026769623275875176
0 0.20174948871135712 0.4342587849674569 0.02452689160903293 0.026769623275875176
0 0.2340208739042282 0.4335761402928552 0.02452689160903293 0.026769623275875176
0 0.30092015862464905 0.43256741427991363 0.02418750524520874 0.026587937229363548
0 0.3331139087677002 0.4320819879654298 0.02418750524520874 0.026587937229363548
0 0.365378201007843 0.4315954979975954 0.02418750524520874 0.026587937229363548
0 0.3974425196647644 0.43111202328704123 0.02418750524520874 0.026587937229363548
0 0.43035170435905457 0.4304123615645327 0.02425883213678992 0.026984399603318852
0 0.4626498818397522 0.42972569008664746 0.02425883213678992 0.026984399603318852
0 0.5279208421707153 0.42833800476538625 0.02425883213679003 0.026984399603318852
0 0.5601269602775574 0.427653290504633 0.02425883213679003 0.026984399603318852
0 0.6244826316833496 0.427403915760129 0.024440407752990723 0.026883384054021263
0 0.6562310457229614 0.42660661329742516 0.024440407752990723 0.026883384054021263
0 0.6885616779327393 0.42579468950654026 0.024440407752990723 0.026883384054021263
0 0.7210094928741455 0.4245816130777595 0.02384241422017408 0.02657365429308993
0 0.7531952857971191 0.42417153646779615 0.02384241422017408 0.02657365429308993
0 0.8173231482505798 0.42335448850809415 0.02384241422017408 0.02657365429308993
0 0.84958416223526 0.42294345351260787 0.02384241422017408 0.02657365429308993
0 0.8829978704452515 0.42251773213231286 0.02384241422017408 0.02657365429308993
0 0.9146192669868469 0.4221148464514438 0.02384241422017408 0.02657365429308993
0 0.9458937048912048 0.42064795383187226 0.024220307668050056 0.025808467421420785
0 0.03926719818264246 0.47760573098825854 0.023867983991901084 0.02646932675856958
0 0.07139577716588974 0.4769785731043453 0.02454723914464315 0.026624309924221833
0 0.10506414622068405 0.47639722602311957 0.024547239144643157 0.026624309924221833
0 0.1703776866197586 0.4752694661362736 0.02454723914464313 0.026624309924221833
0 0.20261186361312866 0.4747128830514109 0.02454723914464313 0.026624309924221833
0 0.23576751351356506 0.4741403890210529 0.02454723914464313 0.026624309924221833
0 0.2683275043964386 0.47357818015273223 0.024547239144643185 0.026624309924221833
0 0.3009087145328522 0.47271998437556323 0.024620910485585568 0.027215351430020535
0 0.33403438329696655 0.4720895952716871 0.024620910485585568 0.027215351430020535
0 0.36610347032546997 0.471479313161521 0.024620910485585568 0.027215351430020535
0 0.3984435200691223 0.47086387456849566 0.024620910485585568 0.027215351430020535
0 0.46451276540756226 0.4696352053545867 0.02475064992904663 0.027221413545830304
0 0.49695754051208496 0.4690261219823083 0.02475064992904663 0.027221413545830304
0 0.5291184782981873 0.4686725764515142 0.024405598640441895 0.027017342027767628
0 0.5612142086029053 0.4683197477472559 0.024405598640441895 0.027017342027767628
0 0.5933459401130676 0.46796652328136357 0.024405598640441895 0.027017342027767628
0 0.6252701282501221 0.467615580341977 0.024405598640441895 0.027017342027767628
0 0.03901768010109663 0.5182056881069448 0.02397783100605011 0.026553516240083026
0 0.07082869112491608 0.5174999680629996 0.02397783100605011 0.026553516240083026
0 0.10454069077968597 0.5167520750186689 0.02397783100605011 0.026553516240083026
0 0.1378123015165329 0.516013951902313 0.02397783100605011 0.026553516240083026
0 0.17054836452007294 0.5152877097906068 0.024347474177678408 0.027176642602728375
0 0.20343786478042603 0.5148303036544517 0.024347474177678408 0.027176642602728375
0 0.23658055067062378 0.5143693763744737 0.024347474177678408 0.027176642602728375
0 0.2691480815410614 0.5139164479826879 0.024347474177678463 0.027176642602728375
0 0.3346332311630249 0.513005722400754 0.024347474177678463 0.027176642602728375
0 0.36721616983413696 0.5120353264858832 0.024451176325480106 0.027136869208757266
0 0.39956727623939514 0.5114680889040925 0.0245094895362854 0.026970560236494724
0 0.432877779006958 0.5108039228506238 0.0245094895362854 0.026970560236494724
0 0.46529364585876465 0.5101575946187458 0.0245094895362854 0.026970560236494724
0 0.5303148031234741 0.5088611613071922 0.0245094895362854 0.026970560236494724
0 0.562991738319397 0.5082096277281295 0.0245094895362854 0.026970560236494724
0 0.5949269533157349 0.5074896615988388 0.02458532651265455 0.026917213617369186
0 0.6271928548812866 0.5069376036178234 0.024316151936848884 0.026764004729514897
0 0.6591221690177917 0.5063921491967095 0.024316151936848884 0.026764004729514897
0 0.6922914981842041 0.5057010207065317 0.02450780073801684 0.02688595675682831
0 0.7570880651473999 0.5046774437100271 0.02450780073801684 0.02688595675682831
0 0.7898159027099609 0.5041604493190527 0.02450780073801684 0.02688595675682831
0 0.8222565054893494 0.5036479923122396 0.02450780073801684 0.02688595675682831
0 0.8549405932426453 0.5031316890272983 0.02450780073801684 0.02688595675682831
0 0.8879079818725586 0.5025639981713861 0.02472786108652758 0.02660168788229778
0 0.9212586879730225 0.5019897066767219 0.02472786108652758 0.02660168788229778
0 0.9526559710502625 0.5014490526775981 0.02472786108652758 0.02660168788229778
0 0.038170285522937775 0.5580070406891579 0.024309923251469925 0.02693880066391115
0 0.07074142247438431 0.5579359808633494 0.02461940050125122 0.02699120100154433
0 0.10407324135303497 0.5571624844573265 0.02446952958901724 0.027428235194479827
0 0.1375553160905838 0.5565459730252612 0.024469529589017214 0.027428235194479827
0 0.17085541784763336 0.5559328122942406 0.024469529589017214 0.027428235194479827
0 0.2038048654794693 0.5553261082203594 0.024469529589017214 0.027428235194479827
0 0.23724877834320068 0.5547102994697038 0.024469529589017214 0.027428235194479827
0 0.302671879529953 0.5537509628890559 0.024277855952580807 0.02745804306148564
0 0.33528104424476624 0.5532784129298011 0.024277855952580807 0.02745804306148564
0 0.36776334047317505 0.5528077014628414 0.024277855952580807 0.02745804306148564
0 0.4011008143424988 0.5519736977510674 0.024330218633015988 0.02717897873516225
0 0.4335782825946808 0.5512793471223121 0.024330218633015988 0.02717897873516225
0 0.4660894572734833 0.5505842758684657 0.024330218633015988 0.02717897873516225
0 0.49875347316265106 0.5498859369525683 0.024330218633015932 0.02717897873516225
0 0.5640161037445068 0.548490657362827 0.024330218633015877 0.02717897873516225
0 0.5969352126121521 0.5479498933019775 0.024554530779520745 0.02679588258728506
0 0.6295767426490784 0.5474136890442597 0.024554530779520745 0.02679588258728506
0 0.6938326954841614 0.5463581528774527 0.024554530779520745 0.02679588258728506
0 0.7258819341659546 0.545831678223282 0.024554530779520745 0.02679588258728506
0 0.7585999369621277 0.5452263359837013 0.024344205856323242 0.026453269544497997
0 0.7913393974304199 0.5446542091861917 0.024344205856323242 0.026453269544497997
0 0.8241026997566223 0.5440816657487736 0.024344205856323242 0.026453269544497997
0 0.037483807653188705 0.599009491676508 0.02445921550194423 0.027272631031598285
0 0.06974858976900578 0.5983181494841024 0.02445921550194422 0.027272631031598285
0 0.10351064801216125 0.5975947249377297 0.024459215501944215 0.027272631031598285
0 0.13715221360325813 0.5968738822049873 0.024530070523420974 0.027138170345809055
0 0.20323576033115387 0.5955798478894914 0.024530070523420988 0.027138170345809055
0 0.23669561743736267 0.5949246439025548 0.024530070523420988 0.027138170345809055
0 0.27036210894584656 0.5942653936435802 0.024530070523420933 0.027138170345809055
0 0.3029092252254486 0.5936280627583348 0.024530070523420933 0.027138170345809055
0 0.33544832468032837 0.5930648518664177 0.024147331714630127 0.026949180189029247
0 0.3686278760433197 0.5925142598706622 0.024147331714630127 0.026949180189029247
0 0.4023900032043457 0.5915019013160883 0.02436794837315881 0.02708591786465898
0 0.46759164333343506 0.5904683445297434 0.02436794837315881 0.02708591786465898
0 0.5323660373687744 0.5894415603199588 0.0243679483731587 0.02708591786465898
0 0.5652954578399658 0.588919573051985 0.024448633193969727 0.02653187005094785
0 0.5972844362258911 0.5884041985432578 0.024448633193969727 0.02653187005094785
0 0.6303653120994568 0.587860445410783 0.02473517258961988 0.02698620345241334
0 0.6630696654319763 0.5873208156851835 0.02473517258961988 0.02698620345241334
0 0.6955607533454895 0.586784704890485 0.02473517258961988 0.02698620345241334
0 0.7284195423126221 0.5862425269396299 0.02473517258961988 0.02698620345241334
0 0.7937164306640625 0.5851651125176008 0.02473517258961988 0.02698620345241334
0 0.8597763180732727 0.5840751084269123 0.02473517258961988 0.02698620345241334
0 0.892113447189331 0.5837945814748551 0.02477939923604322 0.026783166929732923
0 0.9249792098999023 0.5833368079606877 0.02477939923604322 0.026783166929732923
0 0.9580724239349365 0.5828758663717971 0.02477939923604322 0.026783166929732923
0 0.03591003641486168 0.6383209228515625 0.024971134960651398 0.02764100067375237
0 0.06869211047887802 0.6378320229870216 0.024971134960651398 0.02764100067375237
0 0.10259830951690674 0.6373263583336987 0.024971134960651398 0.02764100067375237
0 0.1702243983745575 0.6363178075746049 0.024418503046035767 0.02710224122040026
0 0.20359072089195251 0.6355231467700665 0.024418503046035767 0.02710224122040026
0 0.23720018565654755 0.634722695228066 0.024418503046035767 0.02710224122040026
0 0.27092841267585754 0.6344301977822947 0.024108469486236572 0.026743482249651715
0 0.3036644458770752 0.6338630984846086 0.024108469486236572 0.026743482249651715
0 0.3361189663410187 0.6334861932798873 0.024041910966237423 0.026729731596717484
0 0.36950328946113586 0.6329047736728659 0.023915191491444943 0.02686212229174237
0 0.43547526001930237 0.6315796874290289 0.023915191491444943 0.02686212229174237
0 0.46811622381210327 0.6309240742687506 0.023915191491444943 0.02686212229174237
0 0.5005995631217957 0.630271627089911 0.023915191491444887 0.02686212229174237
0 0.5326071381568909 0.6296287359193314 0.02391519149144483 0.02686212229174237
