0 0.08415252715349197 0.10065795100012491 0.021021679043769836 0.023338340049566225
0 0.11069466173648834 0.0990895809129227 0.021499961614608765 0.023834001186282136
0 0.13714401423931122 0.09809031874634498 0.020847678184509277 0.023110605949579283
0 0.08395175635814667 0.13470752849135287 0.02030487855275473 0.02408367718837059
0 0.1106213852763176 0.13327414232694498 0.02030487855275473 0.02408367718837059
0 0.13756950199604034 0.13182578855414154 0.0203048785527547 0.02408367718837059
0 0.16501709818840027 0.13035058975219727 0.0203048785527547 0.02408367718837059
0 0.19316241145133972 0.12883789144102817 0.0203048785527547 0.02408367718837059
0 0.22168542444705963 0.12754074863438739 0.021615187327067076 0.02400669571041138
0 0.24972812086343765 0.1261502801549525 0.021615187327067048 0.02400669571041138
0 0.2775593400001526 0.12477029756058095 0.02161518732706702 0.02400669571041138
0 0.30657899379730225 0.12406234962995662 0.022774875164031982 0.0249721689741741
0 0.36267349123954773 0.12041079887358518 0.02287083864212036 0.024713486664054915
0 0.3906437158584595 0.11903275999911996 0.02287083864212036 0.024713486664054915
0 0.4194090962409973 0.11761554533795796 0.02287083864212036 0.024713486664054915
0 0.44936180114746094 0.11613983349370686 0.02287083864212036 0.024713486664054915
0 0.47823163866996765 0.11471747243127157 0.02287083864212036 0.024713486664054915
0 0.5074262171983719 0.11327911200750271 0.02287083864212036 0.024713486664054915
0 0.5367608666419983 0.11145505282895113 0.023763447999954224 0.02518939971923828
0 0.5670216679573059 0.10983548053475313 0.023763447999954224 0.02518939971923828
0 0.5962770581245422 0.10862591100293537 0.023902366558710808 0.02558845697447311
0 0.08380524069070816 0.2035431085630905 0.02112909158070883 0.024990288786185776
0 0.11063399165868759 0.2024105163421055 0.02112909158070883 0.024990288786185776
0 0.13810953497886658 0.20107810441837753 0.02131668726603192 0.02405180302701258
0 0.16566869616508484 0.20015945719542397 0.02131668726603192 0.02405180302701258
0 0.19540934264659882 0.1991680931218052 0.02131668726603192 0.02405180302701258
0 0.2507244646549225 0.1977439481158589 0.0219560464223226 0.025178757748862576
0 0.27955004572868347 0.1964419571015025 0.021956046422322628 0.025178757748862576
0 0.307693213224411 0.19517078927660414 0.021956046422322628 0.025178757748862576
0 0.3359644114971161 0.19389383857014791 0.021956046422322628 0.025178757748862576
0 0.36373043060302734 0.19263970574667288 0.021956046422322628 0.025178757748862576
0 0.39269381761550903 0.19135852685612223 0.02179696162541711 0.02447326423585876
0 0.4503926634788513 0.1880974658699923 0.022291560967763302 0.024519354798072993
0 0.4799003601074219 0.18703509485998818 0.02266571919123328 0.02536018504652866
0 0.5091178268194199 0.18552413933610798 0.022665719191233336 0.02536018504652868
0 0.5385952591896057 0.18383968708127044 0.022869547208150154 0.025194600571033565
0 0.5683627128601074 0.18243654717622465 0.022869547208150154 0.025194600571033565
0 0.5987376570701599 0.18100477216427932 0.022869547208150154 0.025194600571033565
0 0.6283708810806274 0.17960795940412533 0.022869547208150154 0.025194600571033565
0 0.6580013036727905 0.17821127869362055 0.022869547208150154 0.025194600571033565
0 0.08481171727180481 0.273538633834484 0.02123299737771353 0.025520842204722297
0 0.11175643652677536 0.2728534684735672 0.02123299737771353 0.025520842204722297
0 0.1387474685907364 0.27176546496014264 0.02129324277242023 0.025316681972769803
0 0.16707433760166168 0.27113825775856193 0.02149134874343872 0.024980367616165514
0 0.19543562829494476 0.27012744684560575 0.02149134874343872 0.024980367616165514
0 0.22471141815185547 0.269084042714503 0.02149134874343872 0.024980367616165514
0 0.28045910596847534 0.26709716659428256 0.02149134874343872 0.024980367616165514
0 0.3382350504398346 0.2650380023690157 0.022058864434560177 0.025557525398195224
0 0.36638233065605164 0.2638225620425627 0.022058864434560177 0.025557525398195224
0 0.3943256735801697 0.2626159280237523 0.022058864434560177 0.025557525398195224
0 0.42305639386177063 0.2613752939102588 0.022058864434560177 0.025557525398195224
0 0.48159316182136536 0.2588475914888604 0.022058864434560177 0.025557525398195224
0 0.5110424757003784 0.25813821304676143 0.021479368209838867 0.024657656056012268
0 0.5403963327407837 0.2571404215947869 0.021479368209838867 0.024657656056012268
0 0.5702259540557861 0.255056336868641 0.02225271860758471 0.025581271149391353
0 0.5999848246574402 0.2533959011698878 0.023576418558756584 0.02674821365711301
0 0.6299593448638916 0.252304367919562 0.023576418558756584 0.02674821365711301
0 0.6599833369255066 0.2512110331333153 0.023576418558756584 0.02674821365711301
0 0.6915876865386963 0.2500601490417563 0.023576418558756584 0.02674821365711301
0 0.7230830788612366 0.2489132326702739 0.023576418558756584 0.02674821365711301
0 0.08597707748413086 0.3441144572120146 0.021350741386413574 0.024672722631646708
0 0.11391926556825638 0.34312155080396073 0.021553476651509612 0.02514842129492942
0 0.16864128410816193 0.341783368310263 0.02179346481959027 0.025519186212110915
0 0.19666245579719543 0.34113653220778956 0.02179346481959027 0.025519186212110915
0 0.2246866375207901 0.34048962662217513 0.02179346481959027 0.025519186212110915
0 0.2531515657901764 0.3398325469160413 0.02179346481959024 0.025519186212110915
0 0.2821727395057678 0.3391626269318337 0.021793464819590214 0.025519186212110915
0 0.3101986050605774 0.33777835757233377 0.02195795377095544 0.025617096775261902
0 0.3394186496734619 0.3369863864987396 0.02211485306421912 0.02556475558022193
0 0.36788684129714966 0.33595946767200197 0.02211485306421912 0.02556475558022193
0 0.4240289330482483 0.3339342820980907 0.02211485306421912 0.02556475558022193
0 0.45298075675964355 0.3328899174531344 0.02211485306421912 0.02556475558022193
0 0.4835822582244873 0.33178604480832125 0.02211485306421912 0.02556475558022193
0 0.513218343257904 0.33066904822061227 0.021943092346191406 0.02532774163771048
0 0.5427591800689697 0.32949669416560684 0.022742092609405518 0.0254926755446796
0 0.5726497769355774 0.32837290182271867 0.022645771503448486 0.02536574075388354
0 0.6026384830474854 0.327019490862671 0.02287922302881884 0.02543665272320885
0 0.08631618320941925 0.4142719055246401 0.022515331705411284 0.02522526230922965
0 0.11452970653772354 0.4137796357620594 0.02214028934637706 0.02526808154675382
0 0.1422525942325592 0.4133056654735845 0.022140289346377073 0.02526808154675382
0 0.16926683485507965 0.41284381072159293 0.022140289346377073 0.02526808154675382
0 0.2266550064086914 0.41217798815365314 0.022338668505350767 0.025131314299827397
0 0.2551890015602112 0.41137482399164244 0.022517681121826172 0.025091984475305782
0 0.2840505540370941 0.41056196128233235 0.022517681121826172 0.025091984475305782
0 0.3407425284385681 0.4089652768369952 0.022517681121826172 0.025091984475305782
0 0.3977183997631073 0.40736059666023533 0.022517681121826172 0.025091984475305782
0 0.42659133672714233 0.4065474133158839 0.022517681121826172 0.025091984475305782
0 0.45561128854751587 0.4057371830919017 0.02286750078201294 0.02528162520061173
0 0.4848434627056122 0.4050743635310683 0.022597312927246094 0.025133325147998372
0 0.5142688751220703 0.40430141834412003 0.022597312927246094 0.025133325147998372
0 0.5441937446594238 0.40340973610101744 0.024152914683024163 0.02647805029107613
0 0.6041806936264038 0.40125900357091837 0.024152914683024163 0.02647805029107613
0 0.6337898373603821 0.4001974168472445 0.024152914683024163 0.02647805029107613
0 0.6648183465003967 0.39908494113182447 0.024152914683024163 0.02647805029107613
0 0.6952766180038452 0.3979929103407749 0.024152914683024163 0.02647805029107613
0 0.7269682288169861 0.3968478343456615 0.024142344792683845 0.026768647423086295
0 0.758735179901123 0.3959724367367049 0.025361180305480957 0.027317875115446397
0 0.7907472252845764 0.39495319692452235 0.025361180305480957 0.027317875115446397
0 0.8232251405715942 0.39391912415970204 0.025361180305480957 0.027317875115446397
0 0.8562007546424866 0.39225499075946924 0.02574412027994799 0.027898566667423692
0 0.8867536783218384 0.3911049865012945 0.02574412027994799 0.027898566667423692
0 0.08694768697023392 0.4858457076063264 0.022171263893445342 0.02550899890042096
0 0.11460015922784805 0.48530591920364735 0.022171263893445328 0.02550899890042096
0 0.17043736577033997 0.4840418349864871 0.02219298481941223 0.024984611097232372
0 0.22771914303302765 0.48303961760377195 0.02219298481941223 0.024984611097232372
0 0.25620970129966736 0.4825411391329113 0.02219298481941223 0.024984611097232372
0 0.2846067547798157 0.48204429664694615 0.02219298481941223 0.024984611097232372
0 0.31329211592674255 0.48154240985249364 0.02219298481941223 0.024984611097232372
0 0.3419792354106903 0.48078756418353596 0.022344966729482052 0.025769876879315045
0 0.37032240629196167 0.48022971042366913 0.022344966729482052 0.025769876879315045
0 0.4281906187534332 0.4790907411801208 0.022344966729482052 0.025769876879315045
0 0.48660972714424133 0.4779409291354347 0.022344966729482052 0.025769876879315045
0 0.5159971714019775 0.4773625218591025 0.02234496672948194 0.025769876879315045
0 0.545092761516571 0.4767898588917527 0.02234496672948194 0.025769876879315045
0 0.5752120614051819 0.47620600323344386 0.022746920585632324 0.02551313888194949
0 0.6055339574813843 0.4756108547193544 0.022746920585632324 0.02551313888194949
0 0.6359103322029114 0.4742469787597656 0.023079276084899902 0.02550414920777308
0 0.6662850975990295 0.4736294413721839 0.023704886436462402 0.025345233059668782
0 0.08692993223667145 0.5572968860005223 0.022488882144292205 0.025452399438665875
0 0.11502222716808319 0.556889332575639 0.02248888214429219 0.025452399438665875
0 0.17062170803546906 0.5560827142874369 0.022488882144292177 0.025452399438665875
0 0.19951263070106506 0.5556635746440168 0.022488882144292177 0.025452399438665875
0 0.22802062332630157 0.5552499904188999 0.022488882144292177 0.025452399438665875
0 0.285197913646698 0.553967276284861 0.021875063578287723 0.025706949160080494
0 0.3140750527381897 0.5534560168927929 0.021875063578287723 0.025706949160080494
0 0.3426423966884613 0.5529502423126051 0.021875063578287723 0.025706949160080494
0 0.37138795852661133 0.5524413124486229 0.021875063578287723 0.025706949160080494
0 0.3999721109867096 0.5519352402797965 0.021875063578287723 0.025706949160080494
0 0.428490549325943 0.5512876871321484 0.022151589393615723 0.025526238966357747
0 0.488678902387619 0.5510457891630941 0.02325888474782306 0.025959635889807414
0 0.5175504088401794 0.5506910723309184 0.023258884747823005 0.025959635889807414
0 0.5773752331733704 0.5495149765216509 0.023759524027506584 0.02628222916477416
0 0.6079763770103455 0.5493732274964799 0.023863792419433594 0.026358789251756352
0 0.6377317309379578 0.549821328542588 0.02460368474324537 0.02702996897142987
0 0.6689781546592712 0.5493884419285974 0.02460368474324537 0.02702996897142987
0 0.7011114954948425 0.5489432680029481 0.02460368474324537 0.02702996897142987
0 0.7329618334770203 0.5485020147866909 0.02460368474324537 0.02702996897142987
0 0.764950692653656 0.5480588425037473 0.02460368474324537 0.02702996897142987
0 0.7981254458427429 0.5475992408960213 0.02460368474324537 0.02702996897142987
0 0.14280501008033752 0.6278563208118773 0.022219320138295473 0.025042097697886442
0 0.17059533298015594 0.628144487214933 0.0221254825592041 0.02536554854045548
0 0.19927655160427094 0.6279329699139262 0.0221254825592041 0.02536554854045548
0 0.2280346006155014 0.6277208860067256 0.0221254825592041 0.02536554854045548
0 0.2565368115901947 0.627510688845402 0.0221254825592041 0.02536554854045548
0 0.31421729922294617 0.6270853086959484 0.0221254825592041 0.02536554854045548
0 0.3425254225730896 0.6268765428856088 0.0221254825592041 0.02536554854045548
0 0.37111568450927734 0.6265943216723066 0.022658586502075195 0.025932519010795234
0 0.42639583349227905 0.6257820129394531 0.023115118344624874 0.02609456971634266
0 0.48871608078479767 0.6258718605461109 0.02311511834462482 0.02609456971634266
0 0.5188037157058716 0.6259152381337344 0.023115118344624763 0.02609456971634266
0 0.5488656759262085 0.6259585787059334 0.023115118344624763 0.02609456971634266
0 0.5795844197273254 0.6260028661683549 0.023115118344624763 0.02609456971634266
0 0.6103413105010986 0.6259820269735736 0.023401329914728874 0.026181952897892442
0 0.6409667134284973 0.6261987278368814 0.02404654026031494 0.02712811610495403
0 0.6720558404922485 0.6262979285661564 0.02404654026031494 0.02712811610495403
0 0.0875716358423233 0.6285291272540425 0.023472338914871216 0.024157945499863734
0 0.6437588930130005 0.7049199037773665 0.025631268819173103 0.028632881105408244
0 0.7068973183631897 0.7056324093840843 0.025331060091654534 0.028723280559214567
0 0.7396672964096069 0.7059938137300477 0.025331060091654534 0.028723280559214567
0 0.7721186876296997 0.7063517045349449 0.025331060091654534 0.028723280559214567
0 0.8046627044677734 0.7067106168632878 0.025331060091654534 0.028723280559214567
0 0.8377256393432617 0.7070752520893895 0.025331060091654534 0.028723280559214567
0 0.8716598749160767 0.7072968788429013 0.02530570824940992 0.02910832841266952
0 0.9038482904434204 0.7070102691650391 0.025196830431620354 0.029322454171587384
0 0.9368017315864563 0.7071117787317615 0.02573394775390625 0.02926529285519622
0 0.08776836097240448 0.775515268015307 0.022220611572265625 0.02593308086543131
0 0.11503876000642776 0.7757232158860468 0.022220611572265625 0.02593308086543131
0 0.14187872409820557 0.7756883855119638 0.02259180943171185 0.02646790733633104
0 0.17041043937206268 0.7760964327080305 0.02259180943171185 0.02646790733633104
0 0.19832615554332733 0.7764956701741466 0.02259180943171185 0.02646790733633104
0 0.22702442109584808 0.7769060992941025 0.02259180943171185 0.02646790733633104
0 0.2560877203941345 0.7778442420634062 0.023304224014282227 0.027425780776859365
0 0.2845726013183594 0.7782660195993822 0.023373524347941044 0.0280303955078125
0 0.3133869767189026 0.7786939914819861 0.023373524347941044 0.0280303955078125
0 0.3427007496356964 0.779129380776636 0.023373524347941044 0.0280303955078125
0 0.4000912606716156 0.7799817860330477 0.023373524347941044 0.0280303955078125
0 0.43015021085739136 0.7804282432378724 0.023373524347941044 0.0280303955078125
0 0.4597204923629761 0.7808649975749757 0.02373770872751868 0.027884313302446596
0 0.4903099089860916 0.7815502664975441 0.023699899514516176 0.027772652086361545
0 0.5208694934844971 0.7825660705566406 0.025064587593078613 0.028659199559411336
0 0.5520427823066711 0.7833261631659607 0.025064587593078613 0.028659199559411336
0 0.5833663940429688 0.7840899210714479 0.025064587593078613 0.028659199559411336
0 0.614741325378418 0.7848549302933506 0.025064587593078613 0.028659199559411336
0 0.6460842490196228 0.7856191590774891 0.025064587593078613 0.028659199559411336
0 0.6779407858848572 0.7864400287007176 0.025254249572753906 0.02915126593538044
0 0.7098443508148193 0.7872342804827777 0.025254249572753906 0.02915126593538044
0 0.6171072721481323 0.8667969814566678 0.02485414346059156 0.02902067908945021
0 0.6477724313735962 0.8677632686482505 0.02485414346059156 0.02902067908945021
0 0.7132696509361267 0.8698271458935048 0.02485414346059156 0.02902067908945021
0 0.74714595079422 0.8708946190610304 0.02485414346059156 0.02902067908945021
0 0.7794509530067444 0.8719125792037609 0.02485414346059156 0.02902067908945021
0 0.8126347661018372 0.8724517822265625 0.025626063346862793 0.029618137566618106
0 0.8453379273414612 0.8725041727764145 0.025626063346862793 0.029618137566618106
0 0.8784058690071106 0.872557147705463 0.025626063346862793 0.029618137566618106
0 0.9111502170562744 0.8726096042366915 0.025626063346862793 0.029618137566618106
0 0.9434978365898132 0.8726614252078002 0.025626063346862793 0.029618137566618106
