0 0.166672021150589 0.08007177086763603 0.020626097917556763 0.02196071499077848
0 0.19098402559757233 0.0802668409604053 0.020626097917556763 0.02196071499077848
0 0.8258468508720398 0.08536073399962835 0.020626097917556763 0.02196071499077848
0 0.8496932983398438 0.08555206864379174 0.020626097917556763 0.02196071499077849
0 0.8754134178161621 0.08575843690533196 0.020626097917556763 0.02196071499077848
0 0.1905945986509323 0.10996702105499977 0.020796259244283022 0.022864896197651707
0 0.2422386258840561 0.10833478248734571 0.02079625924428305 0.022864896197651707
0 0.26836156845092773 0.10539419439739782 0.020935436089833614 0.023126284281412748
0 0.3224978446960449 0.10561818892171938 0.021228889624277714 0.023081136304278705
0 0.3493231236934662 0.10588578290717546 0.021228889624277714 0.023081136304278705
0 0.376198410987854 0.10615387574744277 0.021228889624277714 0.023081136304278705
0 0.40312138199806213 0.10639973573906478 0.020972510178883907 0.022555846576542832
0 0.43031710386276245 0.10669373357018759 0.021300216515859005 0.0228541100672049
0 0.4849238395690918 0.1081792932283501 0.021300216515859005 0.0228541100672049
0 0.5383626222610474 0.10963307907952086 0.021300216515858894 0.0228541100672049
0 0.5648590922355652 0.11035390749690775 0.021300216515858894 0.0228541100672049
0 0.5907033681869507 0.11105699317399846 0.021300216515858894 0.0228541100672049
0 0.6172826886177063 0.11224355785853771 0.02019214630126953 0.022754233012827807
0 0.6437597870826721 0.1128055772116018 0.02019214630126953 0.022754233012827807
0 0.6697174906730652 0.1133565715661458 0.02019214630126953 0.022754233012827807
0 0.6958326697349548 0.11391090859295167 0.02019214630126953 0.022754233012827807
0 0.7211810350418091 0.11444896875425827 0.02019214630126953 0.022754233012827807
0 0.19075006246566772 0.14314230098280795 0.02042935291926068 0.02300704542056536
0 0.21539358794689178 0.14130177143544295 0.020422195394833864 0.022990795993065635
0 0.24214086681604385 0.14072669938553212 0.020422195394833892 0.022990795993065635
0 0.267846941947937 0.1401740134321842 0.02042219539483392 0.022990795993065635
0 0.2945801913738251 0.13959924301821683 0.02042219539483392 0.022990795993065635
0 0.32178041338920593 0.13901443259660587 0.02042219539483392 0.022990795993065635
0 0.37630027532577515 0.13904409630354062 0.02027527491251624 0.02274137689161669
0 0.4032164216041565 0.13926090417150128 0.02027527491251624 0.02274137689161669
0 0.4303068518638611 0.13947911588598663 0.02027527491251624 0.02274137689161669
0 0.4571605920791626 0.13969542107702823 0.02027527491251624 0.02274137689161669
0 0.48503896594047546 0.13991997962774233 0.02027527491251624 0.02274137689161669
0 0.5117235779762268 0.14074432384199673 0.020283043384552002 0.02267165516698083
0 0.5384361743927002 0.1415695325530745 0.020283043384552002 0.02267165516698083
0 0.5915644764900208 0.14321077839125304 0.020283043384552002 0.02267165516698083
0 0.6442416906356812 0.14483808916668559 0.020283043384552002 0.02267165516698083
0 0.6698504686355591 0.14562693846606461 0.02025095621744799 0.022495957308037336
0 0.6964253783226013 0.14611478184544763 0.019791563351948982 0.02222034543059593
0 0.7215557098388672 0.14616273170293764 0.019857565561930413 0.02250142799791438
0 0.14069810509681702 0.1776891402656382 0.02045808732509613 0.02328544439271441
0 0.19081789255142212 0.17586834486140762 0.02045808732509613 0.02328544439271439
0 0.21630233526229858 0.17494252377309252 0.02045808732509613 0.02328544439271437
0 0.24166732281446457 0.17402104235609372 0.02045808732509613 0.02328544439271439
0 0.2687321901321411 0.17303780622260514 0.02045808732509613 0.02328544439271439
0 0.2948715388774872 0.1720881931359931 0.02045808732509613 0.02328544439271439
0 0.3217173218727112 0.17093469540169653 0.02028689781824744 0.022962370584177418
0 0.3485357463359833 0.17056623752260883 0.02027714252471924 0.02266328649003375
0 0.4034007489681244 0.17156239443047103 0.020252784093221066 0.022693811460982923
0 0.43060043454170227 0.17195984374645146 0.020323574542999268 0.022627660470415468
0 0.45737189054489136 0.1724845157218712 0.020323574542999268 0.022627660470415468
0 0.5115941166877747 0.17352680827296058 0.020080924034118652 0.022764172664908475
0 0.5387703776359558 0.17404499850038122 0.020080924034118652 0.022764172664908475
0 0.5657409429550171 0.17455926657438137 0.020080924034118652 0.022764172664908475
0 0.5918014049530029 0.17505618102317813 0.020080924034118652 0.022764172664908454
0 0.6182572841644287 0.1755606351896774 0.020080924034118652 0.022764172664908475
0 0.6445775032043457 0.17679705176242563 0.020153919855753655 0.02259235603864803
0 0.6704778671264648 0.1772912158522495 0.01998317241668701 0.022193860638049213
0 0.1415524184703827 0.20899824558224758 0.020292421181996645 0.022941190142964207
0 0.16495950520038605 0.2083637326262718 0.020292421181996645 0.022941190142964207
0 0.21554602682590485 0.20699244692380983 0.020292421181996645 0.022941190142964207
0 0.24150052666664124 0.206288879384424 0.020292421181996673 0.022941190142964207
0 0.26819908618927 0.20556514207706894 0.0202924211819967 0.022941190142964207
0 0.2947063148021698 0.20484659131610056 0.0202924211819967 0.022941190142964207
0 0.32169777154922485 0.20469598991926327 0.02061331272125244 0.022931609042855197
0 0.3491921126842499 0.20438251938930777 0.0201856096585592 0.02294342277586001
0 0.37583526968955994 0.2046455609509352 0.0201856096585592 0.02294342277586001
0 0.43054959177970886 0.20518574245882146 0.0201856096585592 0.02294342277586001
0 0.4844400882720947 0.20571779053223144 0.0201856096585592 0.02294342277586001
0 0.5117393136024475 0.20632041167635032 0.020012180010477776 0.022487817808639173
0 0.5661354064941406 0.20741910712663517 0.020012180010477776 0.022487817808639173
0 0.5928487181663513 0.20785185570809273 0.0196150541305542 0.022344441376915245
0 0.6190899014472961 0.20846180583155433 0.0196150541305542 0.022344441376915245
0 0.6452608704566956 0.20907012389432947 0.0196150541305542 0.022344441376915245
0 0.6719380021095276 0.209690207202732 0.0196150541305542 0.022344441376915245
0 0.6976000070571899 0.21028669490370638 0.0196150541305542 0.022344441376915245
0 0.1406778246164322 0.24295603841208882 0.020327582955360413 0.023081624230673146
0 0.16429443657398224 0.24208847312040108 0.020327582955360413 0.023081624230673146
0 0.18947039544582367 0.24116362462217333 0.020327582955360413 0.023081624230673146
0 0.24157033115625381 0.23924971351575483 0.020327582955360413 0.023081624230673146
0 0.2673799395561218 0.23830158765925918 0.020327582955360413 0.023081624230673146
0 0.2947356700897217 0.23729666441360597 0.020327582955360413 0.023081624230673146
0 0.3219170868396759 0.23740712986436002 0.020671918988227844 0.02319170338238854
0 0.3757206201553345 0.23737159995145576 0.020451784133911133 0.022818883260091117
0 0.43036016821861267 0.2380463864152252 0.020451784133911133 0.022818883260091117
0 0.4854426980018616 0.2387266436063145 0.020451784133911133 0.022818883260091117
0 0.511993408203125 0.23905453906816065 0.020451784133911133 0.022818883260091117
0 0.5386912822723389 0.23938425197157748 0.020451784133911133 0.022818883260091117
0 0.5656912326812744 0.2400380194600267 0.020023266474406 0.023041806479757173
0 0.5927660465240479 0.24073725801327864 0.019601186116536384 0.02288099776866824
0 0.6191766858100891 0.2411363734755405 0.019601186116536384 0.02288099776866824
0 0.6459169387817383 0.24154047003337809 0.019601186116536384 0.02288099776866824
0 0.6726283431053162 0.24194413063276024 0.019601186116536384 0.02288099776866824
0 0.6982576251029968 0.24233143828635992 0.019601186116536384 0.02288099776866824
0 0.14073500037193298 0.27623724382977155 0.019780367612838745 0.022868415181951034
0 0.16493982076644897 0.27459326712200255 0.0201522906621297 0.023051239723382994
0 0.214920774102211 0.2732304417809775 0.0201522906621297 0.023051239723382994
0 0.24092349410057068 0.2725214283791865 0.02015229066212973 0.023051239723382994
0 0.2675015330314636 0.2717967278172255 0.020152290662129757 0.023051239723382994
0 0.29428189992904663 0.27106651040010676 0.020152290662129757 0.023051239723382994
0 0.32146772742271423 0.27032523733201985 0.020152290662129757 0.023051239723382994
0 0.34830477833747864 0.27047268179960027 0.020693818728129032 0.022947547971740277
0 0.40372344851493835 0.26959225155422906 0.020693818728129032 0.022947547971740277
0 0.4305417835712433 0.271019181539846 0.02053457498550415 0.02333948593731077
0 0.45797067880630493 0.2713517920915471 0.02025550603866577 0.023110589315724926
0 0.4853193163871765 0.2716661664746872 0.02025550603866577 0.023110589315724926
0 0.5125587582588196 0.2719792856459863 0.02025550603866577 0.023110589315724926
0 0.5397663712501526 0.2722920389422181 0.02025550603866577 0.023110589315724926
0 0.5658911466598511 0.2725923449494118 0.02025550603866577 0.023110589315724926
0 0.18887338042259216 0.3067289618558662 0.020308852195739746 0.023174596387286518
0 0.21449458599090576 0.3061179017754377 0.020308852195739746 0.023174596387286518
0 0.24041050672531128 0.30549981280354604 0.020308852195739746 0.023174596387286518
0 0.26712459325790405 0.3048626877540766 0.020308852195739746 0.023174596387286518
0 0.2943876385688782 0.30421247015927877 0.020308852195739746 0.023174596387286518
0 0.34860533475875854 0.30368355164955896 0.020936111609140995 0.02299231891484221
0 0.376341313123703 0.3039519731388536 0.020936111609140995 0.02299231891484221
0 0.40361714363098145 0.30421594143844544 0.020936111609140995 0.02299231891484221
0 0.4304513931274414 0.3044756362333854 0.020936111609140995 0.02299231891484221
0 0.45778605341911316 0.3047401738721271 0.02082482973734534 0.02281845447628997
0 0.5128160119056702 0.3053924386586742 0.02082482973734545 0.02281845447628997
0 0.5394273400306702 0.30570786016246165 0.02082482973734545 0.02281845447628997
0 0.5934456586837769 0.30634813407970457 0.02082482973734545 0.02281845447628997
0 0.6465693712234497 0.3069778043170308 0.02082482973734545 0.02281845447628997
0 0.6733797788619995 0.3074638033835027 0.020512382189432854 0.022581440533778436
0 0.6991658806800842 0.3077641969673625 0.020512382189432854 0.022581440533778436
0 0.7250074744224548 0.30806523700093114 0.020512382189432854 0.022581440533778436
0 0.7515497207641602 0.3085533754008088 0.020536422729492188 0.0226392819899921
0 0.777383029460907 0.3090284757298628 0.020536422729492188 0.0226392819899921
0 0.8021093606948853 0.3094832176385924 0.020536422729492188 0.0226392819899921
0 0.18869224190711975 0.3390929643497911 0.02028655012448627 0.023496642593265532
0 0.2408161461353302 0.33849210054750845 0.020286550124486297 0.023496642593265532
0 0.2672453224658966 0.33818743543048935 0.020286550124486324 0.023496642593265532
0 0.2945207357406616 0.33795651724172193 0.02081541220347083 0.023470560709635446
0 0.3221023976802826 0.3379175160025007 0.02081541220347083 0.023470560709635446
0 0.34900760650634766 0.337879471286848 0.02081541220347083 0.023470560709635446
0 0.37644702196121216 0.3378406711881234 0.02081541220347083 0.023470560709635446
0 0.4036228656768799 0.33780224378718887 0.02081541220347083 0.023470560709635446
0 0.45869025588035583 0.3382596667759561 0.020674288272857666 0.02355961466944495
0 0.48571088910102844 0.3383983124134152 0.020674288272857666 0.02355961466944495
0 0.5131019353866577 0.3390547440506144 0.019987146059672112 0.022980283397112732
0 0.5401957631111145 0.3391910597335461 0.019987146059672112 0.022980283397112732
0 0.5667428374290466 0.33932462456618206 0.019987146059672112 0.022980283397112732
0 0.5937173366546631 0.3394603398782108 0.019987146059672112 0.022980283397112732
0 0.6199612021446228 0.3395923791929733 0.019987146059672112 0.022980283397112732
0 0.6469480991363525 0.3397281568811998 0.019987146059672112 0.022980283397112732
0 0.6736021637916565 0.34023923652116644 0.020075758298238044 0.02292560606963872
0 0.18775692582130432 0.37290329156919966 0.020246813694636046 0.02346280563709348
0 0.213695228099823 0.3722839022791663 0.020292470852533995 0.02326931325040121
0 0.26714035868644714 0.37198246875366153 0.02029247085253394 0.02326931325040125
0 0.29418668150901794 0.3718299259803375 0.02029247085253394 0.02326931325040121
0 0.3215508759021759 0.3716755903935779 0.02029247085253394 0.02326931325040125
0 0.34912019968032837 0.3715200978656148 0.020530561606089237 0.02314403445221657
0 0.37662473320961 0.37168543680082355 0.020530561606089237 0.023144034452216612
0 0.4047946631908417 0.37185477565629044 0.020530561606089237 0.02314403445221653
0 0.4315153658390045 0.3720154027223402 0.020530561606089237 0.02314403445221657
0 0.45850664377212524 0.3721776563067769 0.020530561606089237 0.02314403445221657
0 0.513131856918335 0.3723539674034669 0.02022174994150805 0.023008058237475017
0 0.5399776101112366 0.3724406161122645 0.02022174994150805 0.023008058237475017
0 0.5667620897293091 0.3725270670513774 0.02022174994150805 0.023008058237475017
0 0.6205368638038635 0.37270063322797004 0.02022174994150805 0.023008058237475017
0 0.6470761895179749 0.372940507046012 0.02013254165649414 0.022981946782548283
0 0.6736574769020081 0.37306626460653314 0.02013254165649414 0.022981946782548283
0 0.6997284889221191 0.3734552981236813 0.019942045211791992 0.023021749747815998
0 0.7265704274177551 0.37371773662306823 0.019942045211791992 0.023021749747815998
0 0.7524384260177612 0.37397065273551056 0.019942045211791992 0.023021749747815998
0 0.18799102306365967 0.4068057925202126 0.020255575577418028 0.02358390748962881
0 0.21375179290771484 0.40643847341631606 0.020255575577418028 0.02358390748962881
0 0.24023733288049698 0.40606081991962667 0.020255575577418 0.02358390748962881
0 0.2675459086894989 0.40572113214537153 0.020526846249898312 0.023802971655084125
0 0.29471132159233093 0.4054548552193419 0.020526846249898312 0.023802971655084125
0 0.3218473792076111 0.40518886603551424 0.020526846249898312 0.023802971655084125
0 0.34898853302001953 0.4049228268984719 0.020526846249898312 0.023802971655084125
0 0.37672707438468933 0.4046509321345839 0.020526846249898312 0.023802971655084125
0 0.40409401059150696 0.4045362793133102 0.020126263300577762 0.02339890945789426
0 0.43157196044921875 0.4048053830168968 0.020166834195454952 0.023398140604181862
0 0.4587288498878479 0.40505037688784695 0.020166834195454952 0.023398140604181862
0 0.5133049488067627 0.4055427311306154 0.02016683419545484 0.023398140604181862
0 0.5671007037162781 0.4060280455575768 0.02016683419545484 0.023398140604181862
0 0.5940933227539062 0.4062715574752453 0.02016683419545484 0.023398140604181862
0 0.6203699111938477 0.4062749498185368 0.019695480664571052 0.022916276325551058
0 0.6741765141487122 0.4062818963241302 0.019695480664571052 0.022916276325551058
0 0.7006038427352905 0.4062853081281795 0.02061382929484057 0.022880909054778343
0 0.7269231677055359 0.40636261637046917 0.02061382929484057 0.022880909054778343
0 0.7530736327171326 0.4064394286172646 0.02061382929484057 0.022880909054778343
0 0.7787696123123169 0.4065149058956013 0.02061382929484057 0.022880909054778343
0 0.8060553073883057 0.40659505267475926 0.02061382929484057 0.022880909054778343
0 0.13702745735645294 0.44110853571082015 0.020226662357648195 0.023379658543786336
0 0.16170696914196014 0.4406471696010856 0.020226662357648195 0.023379658543786336
0 0.18752466142177582 0.4401645260077687 0.020226662357648195 0.023379658543786336
0 0.2138844132423401 0.4396717489926997 0.020226662357648195 0.023379658543786336
0 0.2402711883187294 0.439178466796875 0.020658329129219055 0.023694208426068866
0 0.2667967975139618 0.43917473872097074 0.020658329129219055 0.023694208426068866
0 0.29407742619514465 0.4391709045298805 0.020658329129219055 0.023694208426068866
0 0.3493818938732147 0.4391631316922491 0.020658329129219055 0.023694208426068866
0 0.3766120374202728 0.439159304596657 0.020658329129219055 0.023694208426068866
0 0.4321984648704529 0.4388302204220794 0.02058003346125281 0.023603040118550144
0 0.4592512249946594 0.4388177561205487 0.020448704560597775 0.023225207661473474
0 0.5138939619064331 0.43875018446073766 0.020448704560597664 0.023225207661473474
0 0.5403729677200317 0.43866170838821766 0.02024143934249878 0.023277194000953853
0 0.5676093101501465 0.43925178882687593 0.02018805344899488 0.0231736353201459
0 0.5947187542915344 0.4392199205364633 0.02018805344899488 0.0231736353201459
0 0.6212121248245239 0.43918877646645776 0.02018805344899488 0.0231736353201459
0 0.6479141116142273 0.43915738715927877 0.02018805344899488 0.0231736353201459
0 0.6746583580970764 0.43912594817405526 0.02018805344899488 0.0231736353201459
0 0.13691949844360352 0.4740084271098292 0.019912401835123716 0.02350708126097692
0 0.1616639941930771 0.47384010352858047 0.019912401835123716 0.02350708126097692
0 0.1876918375492096 0.4736630500193782 0.019912401835123716 0.02350708126097692
0 0.2132379561662674 0.4734892734261446 0.019912401835123716 0.02350708126097692
0 0.23995062708854675 0.4733075614009783 0.019912401835123716 0.02350708126097692
0 0.2672865688800812 0.47301035149152887 0.020888924598693848 0.023449476375136266
0 0.2939995527267456 0.47320760682571766 0.0204141537348429 0.02337640570115679
0 0.3495883047580719 0.47294762404992646 0.0204141537348429 0.02337640570115679
0 0.3773164749145508 0.47278441591472353 0.020324627558390262 0.023427652758221295
0 0.4049302041530609 0.47267669855162153 0.020324627558390262 0.023427652758221295
0 0.43213796615600586 0.47257056481091775 0.020324627558390262 0.023427652758221295
0 0.4595135450363159 0.4724637764396367 0.020324627558390262 0.023427652758221295
0 0.48708611726760864 0.4723562196243641 0.020324627558390262 0.023427652758221295
0 0.5135278105735779 0.47225307421237467 0.020324627558390373 0.023427652758221295
0 0.5681453347206116 0.47278621584870095 0.02049499750137329 0.022860889286958026
0 0.5951040387153625 0.4728539033053096 0.02049499750137329 0.022860889286958026
0 0.6216673254966736 0.47253249412359194 0.02016969521840406 0.02287919391957359
0 0.6487921476364136 0.47251912411277214 0.02016969521840406 0.02287919391957359
0 0.675801694393158 0.47250581092197913 0.02016969521840406 0.02287919391957359
0 0.7023888230323792 0.4724927059439726 0.02016969521840406 0.02287919391957359
0 0.7282252311706543 0.4724799710012484 0.02016969521840406 0.02287919391957359
0 0.7546923756599426 0.4722071538672056 0.0202143589655559 0.022919972737630263
0 0.13621746003627777 0.5074844129814394 0.020277559757232666 0.02339586361434103
0 0.1609380543231964 0.5072975158691406 0.02023043235143024 0.02351642579071276
0 0.1870134025812149 0.5071316009154971 0.02023043235143024 0.02351642579071276
0 0.21295388042926788 0.506966544129407 0.02023043235143024 0.02351642579071276
0 0.23942124843597412 0.5067981347914973 0.02023043235143024 0.02351642579071276
0 0.2666490077972412 0.506624887155932 0.020230432351430294 0.02351642579071276
0 0.2944123446941376 0.506534000495224 0.020761291186014774 0.02345509492149654
0 0.3217792212963104 0.5064493223678234 0.020761291186014774 0.02345509492149654
0 0.3777359426021576 0.5062761820257765 0.020761291186014774 0.02345509492149654
0 0.4047592878341675 0.5062265617902889 0.02093493938446045 0.0232499292654584
0 0.4318307936191559 0.5061592128379794 0.02093493938446045 0.0232499292654584
0 0.4598082900047302 0.5060896099468519 0.02093493938446045 0.0232499292654584
0 0.4870406985282898 0.506021860697974 0.02093493938446045 0.0232499292654584
0 0.5412988662719727 0.5058868763058685 0.02093493938446045 0.0232499292654584
0 0.5682989358901978 0.505711435279505 0.020367105801900154 0.02306312738462936
0 0.5953550338745117 0.5055356301920783 0.020367105801900154 0.02306312738462936
0 0.6224381327629089 0.5053596496582031 0.020367105801900154 0.02306312738462936
0 0.6490471363067627 0.5051867497006011 0.020367105801900154 0.02306312738462936
0 0.6760951280593872 0.5054676144622093 0.020118872324625725 0.022941027500832673
0 0.7029492855072021 0.5054449534129114 0.02011946837107348 0.02291462033293968
0 0.7295016646385193 0.5053952682849973 0.02011946837107348 0.02291462033293968
0 0.136254221200943 0.5404234154279842 0.020367910464604677 0.02385211915008776
0 0.1865227222442627 0.5406052320692653 0.020367910464604677 0.02385211915008776
0 0.21204353868961334 0.540697538564039 0.020367910464604677 0.02385211915008776
0 0.23860763013362885 0.5407936184905296 0.020367910464604677 0.02385211915008776
0 0.29391711950302124 0.5408768004828295 0.02090907096862793 0.023334355317345016
0 0.3212644159793854 0.5407499712566997 0.02090907096862793 0.023334355317345016
0 0.3488161265850067 0.54062219401416 0.02090907096862793 0.023334355317345016
0 0.37671777606010437 0.5404927938515616 0.02090907096862793 0.023334355317345016
0 0.4327276647090912 0.5402330354202626 0.02090907096862793 0.023334355317345016
0 0.4599672257900238 0.5401067058412127 0.02090907096862793 0.023334355317345016
0 0.48703551292419434 0.5399621032005133 0.020614981651306152 0.023309544999470026
0 0.5140524506568909 0.5398336800382073 0.020614981651306152 0.023309544999470026
0 0.5414896607398987 0.5395021486912245 0.020116766293843513 0.023532837860343936
0 0.5958552360534668 0.539042942321855 0.020116766293843513 0.023532837860343936
0 0.6227955222129822 0.5388153874596884 0.020116766293843513 0.023532837860343936
0 0.6501014232635498 0.5385938478806556 0.020087718963623047 0.02349545974140025
0 0.6767920255661011 0.538493783327365 0.020072857538859123 0.023369693016821045
0 0.7029919028282166 0.5383080770803053 0.020072857538859123 0.023369693016821045
0 0.18590497970581055 0.5745934331139853 0.020779907703399658 0.023926638817602295
0 0.21188612282276154 0.5746876029081123 0.02081031600634259 0.02380341522453362
0 0.23834629356861115 0.5746189971136358 0.02081031600634259 0.02380341522453362
0 0.2663037180900574 0.5745827430902526 0.020929018656412723 0.023642222086588487
0 0.29405954480171204 0.5745177047486609 0.020929018656412723 0.023642222086588487
0 0.3219062089920044 0.5744524535537816 0.020929018656412723 0.023642222086588487
0 0.3494967818260193 0.5743807859198992 0.020453214645385742 0.02344776123993151
0 0.376834899187088 0.5742435203763542 0.020453214645385742 0.02344776123993151
0 0.43297532200813293 0.5739616375549587 0.020453214645385742 0.02344776123993151
0 0.4600849151611328 0.57382551943862 0.020453214645385742 0.02344776123993151
0 0.48755812644958496 0.5736875755842342 0.020453214645385742 0.02344776123993151
0 0.5147287845611572 0.5730313145837118 0.02017100652058912 0.02363941281340843
0 0.542189359664917 0.5729726565673217 0.02017100652058912 0.02363941281340843
0 0.5690434575080872 0.5729152940355655 0.02017100652058912 0.02363941281340843
0 0.596019983291626 0.5728576699877959 0.02017100652058912 0.02363941281340843
0 0.6231873631477356 0.5725763367224084 0.02054552237192797 0.023261639498924968
0 0.6773461103439331 0.5723840136860692 0.02054552237192797 0.023261639498924968
0 0.7046260237693787 0.572287140031255 0.02054552237192797 0.023261639498924968
0 0.7311248183250427 0.5721930402063493 0.02054552237192797 0.023261639498924968
0 0.7580133080482483 0.5720975565355878 0.02054552237192797 0.023261639498924968
0 0.7845016121864319 0.572003493963186 0.02054552237192797 0.023261639498924968
0 0.8110771179199219 0.5716299155548108 0.02047010262807203 0.022984615592069404
0 0.18558742105960846 0.6090588955416992 0.020600964625676454 0.023894849673722195
0 0.21125908195972443 0.6089243777962619 0.02065135041872662 0.02403108463730923
0 0.26637324690818787 0.6094166474842182 0.020697355270385742 0.02385551984920058
0 0.2929735779762268 0.608958222145258 0.020697355270385742 0.02385551984920058
0 0.3490975499153137 0.6079909916700373 0.020697355270385742 0.02385551984920058
0 0.37643444538116455 0.6075198725122344 0.020697355270385742 0.02385551984920058
0 0.4040446877479553 0.6070440425429233 0.020697355270385742 0.02385551984920058
0 0.4320898950099945 0.6081873427989871 0.02052132288614905 0.023646036783854112
0 0.46010544896125793 0.6076936056447584 0.02063119411468506 0.023353310518486554
0 0.48769575357437134 0.6075397757596748 0.02063163121541345 0.023256080095158067
0 0.514903724193573 0.607367857366317 0.020631631215413337 0.023256080095158067
0 0.5425716638565063 0.6071930325768852 0.020631631215413337 0.023256080095158067
0 0.5970079302787781 0.6068490673618866 0.020631631215413337 0.023256080095158067
0 0.6234971284866333 0.606681690659634 0.020631631215413337 0.023256080095158067
0 0.6785422563552856 0.6063124190929324 0.020997842152913337 0.023526509602864638
0 0.7051969170570374 0.6060887422255239 0.020917097727457756 0.02340946641079215
0 0.7318397760391235 0.6057383958683458 0.020917097727457756 0.02340946641079215
0 0.7589764595031738 0.6053815558533939 0.020917097727457756 0.02340946641079215
0 0.7856429219245911 0.6050308991174013 0.020917097727457756 0.02340946641079215
0 0.8116636872291565 0.6046887331230696 0.020917097727457756 0.02340946641079215
0 0.18502163887023926 0.6429627884265988 0.020774583021799742 0.023888284845869724
0 0.21136285364627838 0.6430755157429561 0.020774583021799742 0.023888284845869724
0 0.23807404935359955 0.6443906363502083 0.02087491750717163 0.02427537311879234
0 0.29334163665771484 0.6437797989956168 0.020970245202382443 0.02372540614401653
0 0.32115522027015686 0.6435487568071185 0.020970245202382443 0.02372540614401653
0 0.34862473607063293 0.6433205727249821 0.020970245202382443 0.02372540614401653
0 0.37672290205955505 0.6430871665644051 0.020970245202382443 0.02372540614401653
0 0.40453287959098816 0.6428561543309411 0.020970245202382443 0.02372540614401653
0 0.43255338072776794 0.642376744469931 0.020802636941274044 0.024161139199900074
0 0.4601854383945465 0.6421088823308789 0.020802636941274044 0.024161139199900074
0 0.4878843426704407 0.6422726830770803 0.020894646644592285 0.0237985655318859
0 0.5156987905502319 0.6420481699337844 0.020988941192626953 0.023917974427688952
0 0.542606770992279 0.6417788128520168 0.020988941192626953 0.023917974427688952
0 0.5975868105888367 0.6412284459059318 0.020988941192626953 0.023917974427688952
0 0.6250045895576477 0.640959850577421 0.021003246307373047 0.023844726325929683
0 0.6522195935249329 0.6406831601067839 0.021003246307373047 0.023844726325929683
0 0.6797679662704468 0.6404030803305912 0.021003246307373047 0.023844726325929683
0 0.7063323855400085 0.6401330042476066 0.021003246307373047 0.023844726325929683
0 0.7332090139389038 0.6398597539857377 0.021003246307373047 0.023844726325929683
0 0.7599239945411682 0.6395886765926322 0.020898540814717537 0.02394133575202888
0 0.7860099077224731 0.6389017326887264 0.02066882451375318 0.023835618366566683
0 0.18440362811088562 0.677547809689544 0.020822922388712584 0.02420404715131414
0 0.2109711468219757 0.6778077338000226 0.020822922388712584 0.02420404715131414
0 0.2378033548593521 0.6780702475064071 0.020822922388712584 0.02420404715131414
0 0.2656364142894745 0.6783425530721975 0.020822922388712528 0.02420404715131414
0 0.2924502193927765 0.6786048867329285 0.020822922388712528 0.02420404715131414
0 0.3484019935131073 0.6790077359470551 0.020840128262837765 0.024175451707470378
0 0.37691205739974976 0.6774706884661826 0.02106155951817834 0.02403569775958394
0 0.40493014454841614 0.6771242895791697 0.02114202578862512 0.023527722026026526
0 0.43264567852020264 0.6774642265583348 0.02112489938735962 0.02392421397127852
0 0.46002843976020813 0.6771047281664472 0.02116304636001587 0.023763464402782878
0 0.48751524090766907 0.6768278733755578 0.021352052688598633 0.024038477461467474
0 0.5157114267349243 0.6764324986657431 0.021352052688598633 0.024038477461467474
0 0.5696855783462524 0.6756756581958452 0.021352052688598633 0.024038477461467474
0 0.5979388356208801 0.6752794832144234 0.021352052688598633 0.024038477461467474
0 0.6255229115486145 0.6748926916787791 0.021352052688598633 0.024038477461467474
0 0.6528614163398743 0.6745093436094751 0.021352052688598633 0.024038477461467474
0 0.6799564361572266 0.6747443228993422 0.021045565605163574 0.024134820745896977
0 0.7069694995880127 0.6744639556909412 0.021045565605163574 0.024134820745896977
0 0.7340795993804932 0.6741825813470885 0.021045565605163574 0.024134820745896977
0 0.7608662247657776 0.6739045643276196 0.021045565605163574 0.024134820745896977
0 0.132778137922287 0.7114650656414467 0.021138370037078857 0.02465814398240679
0 0.18441042304039001 0.7122185729270758 0.021147211392720522 0.024578922478727647
0 0.21067118644714355 0.7125430734634943 0.021147211392720522 0.024578922478727647
0 0.23745618760585785 0.7136051640863456 0.021488686402638735 0.024748218151950042
0 0.26523557305336 0.7133981128071629 0.02152154843012488 0.02453814366067097
0 0.29213976860046387 0.713236749039141 0.021418730417887333 0.02472982480544458
0 0.3504349212536867 0.7128036853878997 0.021418730417887333 0.02472982480544458
0 0.37627947330474854 0.7125704565713572 0.021257797876993778 0.02450017411579452
0 0.40482068061828613 0.7123583966554048 0.021257797876993778 0.02450017411579452
0 0.43338626623153687 0.7121461556097569 0.021257797876993778 0.02450017411579452
0 0.4600405693054199 0.7119481153093756 0.021257797876993778 0.02450017411579452
0 0.4882112741470337 0.711738808210506 0.021257797876993778 0.02450017411579452
0 0.5158791542053223 0.7115419530943704 0.02133454879124952 0.024264816165894446
0 0.5437708497047424 0.7102922878987549 0.021386543909708733 0.024345900661261452
0 0.5712709426879883 0.7100788826166198 0.021386543909708733 0.024345900661261452
0 0.6260018944740295 0.7096251997836801 0.021335721015930176 0.02427779796511628
0 0.6532618999481201 0.7094304665247773 0.021335721015930176 0.02427779796511628
0 0.6801031827926636 0.7092387244326337 0.021335721015930176 0.02427779796511628
0 0.707686185836792 0.7090416838238849 0.021335721015930176 0.02427779796511628
0 0.7347527742385864 0.708848332249841 0.021335721015930176 0.02427779796511628
0 0.7614129185676575 0.7074621777201808 0.02135399977366137 0.02417598399080977
0 0.7884021997451782 0.7068739453499537 0.02135399977366137 0.02417598399080977
0 0.8149081468582153 0.7064709774283475 0.02165055274963379 0.024152711380359737
0 0.1315878927707672 0.7445013356763263 0.020682841539382935 0.024151203244231468
0 0.1572699397802353 0.7453494425337907 0.020682841539382935 0.024151203244231468
0 0.18350547552108765 0.7462158274353862 0.020682841539382935 0.024151203244231468
0 0.21028262376785278 0.7471000981885333 0.020851880311965942 0.024248197097186865
0 0.23675887286663055 0.7472944302935701 0.020851880311965942 0.024248197097186865
0 0.29266661405563354 0.747704785589465 0.020851880311965942 0.024248197097186865
0 0.32000383734703064 0.7479054371292001 0.020851880311965942 0.024248197097186865
0 0.3481089472770691 0.7481117248535156 0.020851880311965942 0.024248197097186865
0 0.3768211007118225 0.7478999689894508 0.021462778250376346 0.023853154145469933
0 0.4045172929763794 0.7475818589676259 0.021462778250376346 0.023853154145469933
0 0.4326237738132477 0.7472590364963262 0.021462778250376346 0.023853154145469933
0 0.46024367213249207 0.7469418027635009 0.021462778250376346 0.023853154145469933
0 0.4878770411014557 0.7466244143108989 0.021462778250376346 0.023853154145469933
0 0.5158984065055847 0.7463025694495143 0.021462778250376457 0.023853154145469933
0 0.5436965823173523 0.7456165953949312 0.02167586485544848 0.024314067160436322
0 0.5986911058425903 0.744623672130496 0.02167586485544848 0.024314067160436322
0 0.6537655591964722 0.7436293057371582 0.02167586485544848 0.024314067160436322
0 0.681349515914917 0.7440520486590709 0.021020929018656487 0.023458820904872186
0 0.7085553407669067 0.7433064926502316 0.021020929018656487 0.023458820904872186
0 0.7354825735092163 0.7425685712572336 0.021020929018656487 0.023458820904872186
0 0.762830913066864 0.7418191097356694 0.021020929018656487 0.02345882090487227
0 0.7885075807571411 0.741115459175997 0.021020929018656487 0.023458820904872186
0 0.18298453092575073 0.7811989895133085 0.020863602558771788 0.024492249008296885
0 0.23714882135391235 0.7819853263776061 0.020863602558771788 0.024492249008296885
0 0.2645791471004486 0.7838167423035748 0.021120965480804443 0.024431627850199856
0 0.2924846112728119 0.7834509916083757 0.021040022373199463 0.024221908214480378
0 0.3204768896102905 0.7833943690097173 0.021058281262715695 0.023992139239643894
0 0.3481411933898926 0.7829872841058776 0.021058281262715695 0.023992139239643894
0 0.3769087493419647 0.7825639646599319 0.021058281262715695 0.023992139239643894
0 0.40421149134635925 0.7822086422942406 0.02135986089706421 0.0238201525784277
0 0.46060729026794434 0.781360540365944 0.02135986089706421 0.0238201525784277
0 0.48799723386764526 0.7809486397558447 0.02135986089706421 0.0238201525784277
0 0.516292154788971 0.7805231297452898 0.02135986089706421 0.0238201525784277
0 0.5445230603218079 0.7800985824230106 0.021858612696329827 0.02433605341948291
0 0.5731393098831177 0.7796571348581152 0.021858612696329827 0.02433605341948291
0 0.6268982887268066 0.7788278238664366 0.021858612696329827 0.02433605341948291
0 0.6543625593185425 0.7784041472644985 0.021858612696329827 0.02433605341948291
0 0.6819604635238647 0.7779784091683322 0.021858612696329827 0.02433605341948291
0 0.7086537480354309 0.7772160019985465 0.021465619405110603 0.02421203140140515
0 0.18235133588314056 0.8161768358807231 0.02103098233540851 0.024594920550206022
0 0.20956875383853912 0.8166072062082457 0.02103098233540851 0.024594920550206022
0 0.26452842354774475 0.8181139124361593 0.02118804057439172 0.024239059566527263
0 0.29205322265625 0.8187471028724628 0.021311521530151367 0.02421516595884811
0 0.32014352083206177 0.8183556490166243 0.021264731884002686 0.024137925732043253
0 0.34827756881713867 0.8179566328511403 0.021264731884002686 0.024137925732043253
0 0.37687528133392334 0.8175510406805391 0.021264731884002686 0.024137925732043253
0 0.4045504629611969 0.8171585324692126 0.021264731884002686 0.024137925732043253
0 0.43284767866134644 0.8167572021484375 0.021264731884002686 0.024137925732043253
0 0.4887513816356659 0.815869176110556 0.02165444691975915 0.024073046307231106
0 0.5163282752037048 0.8153398257112912 0.02165444691975904 0.024073046307231106
0 0.5439179539680481 0.8148102298946536 0.02165444691975904 0.024073046307231106
0 0.599848747253418 0.8137366141270266 0.02165444691975904 0.024073046307231106
0 0.6276124119758606 0.813203678574673 0.02165444691975904 0.024073046307231106
0 0.6547821760177612 0.8126248267736961 0.021435221036275154 0.02408877823703962
0 0.6824324131011963 0.8120357384949574 0.021435221036275154 0.02408877823703962
0 0.7095681428909302 0.8114576117936955 0.021435221036275154 0.02408877823703962
0 0.736354649066925 0.8108869253012422 0.021435221036275154 0.02408877823703962
0 0.1287369392812252 0.8480013470317043 0.021431319415569305 0.0244711351025011
0 0.18234294652938843 0.8545746155791645 0.021268953879674257 0.024903644887051952
0 0.2095194011926651 0.854253280994504 0.021268228689829527 0.024641938911852096
0 0.23641270399093628 0.8536242995151254 0.02175681789716083 0.024619169013444766
0 0.26464465260505676 0.85334084108727 0.021756817897160885 0.024619169013444766
0 0.2921259105205536 0.8530649198509896 0.021756817897160885 0.024619169013444766
0 0.3480764925479889 0.8525031568556024 0.021756817897160885 0.024619169013444766
0 0.3766447901725769 0.8522163213685502 0.02150692542394006 0.02413112433381794
0 0.4048604965209961 0.8517496943029457 0.02150692542394006 0.02413112433381794
0 0.46099090576171875 0.8508214181211714 0.02150692542394006 0.02413112433381794
0 0.48851028084754944 0.8503663068762145 0.02150692542394006 0.02413112433381794
0 0.5165724158287048 0.8499022195505541 0.02150692542393995 0.02413112433381794
0 0.5450286865234375 0.8494395766147348 0.021799147129058838 0.024013844571372445
0 0.5728690028190613 0.8489828942102783 0.021799147129058838 0.024013844571372445
0 0.5996900200843811 0.8479763297147529 0.02146369218826294 0.023845583893531978
0 0.6274710297584534 0.8476597972052703 0.021573543548583984 0.023629122002180234
0 0.6547175645828247 0.846908125766488 0.021573543548583984 0.023629122002180234
0 0.6829097270965576 0.8461303665579984 0.021573543548583984 0.023629122002180234
0 0.7100824117660522 0.8453807324811238 0.021573543548583984 0.023629122002180234
0 0.7371358275413513 0.8446343887683957 0.021573543548583984 0.023629122002180234
0 0.7622917890548706 0.8439403916085106 0.021573543548583984 0.023629122002180234
0 0.12774722278118134 0.8851158674373183 0.021436363458633423 0.024376625238462936
0 0.18181854486465454 0.8864759318319267 0.021436363458633423 0.024376625238462936
0 0.20809674263000488 0.888668821343806 0.02149511377016705 0.024733077648074128
0 0.23575885593891144 0.8888466032975921 0.021711150805155455 0.024910446285277263
0 0.26433536410331726 0.8885514902514081 0.0217111508051554 0.024910446285277263
0 0.29198360443115234 0.8882659635391227 0.0217111508051554 0.024910446285277263
0 0.3486270606517792 0.8876809997354456 0.0217111508051554 0.024910446285277263
0 0.37723013758659363 0.8873856123103652 0.0217111508051554 0.024910446285277263
0 0.40527188777923584 0.8870960217742482 0.0217111508051554 0.024910446285277263
0 0.4611533284187317 0.8854373264226976 0.022028883298238155 0.024160163347111192
0 0.48935458064079285 0.8848114013671875 0.02227534850438434 0.02345027480014535
0 0.5171082019805908 0.8840868315701861 0.022275348504384285 0.02345027480014535
0 0.5452825427055359 0.8833512779611711 0.022275348504384285 0.02345027480014535
0 0.5730509757995605 0.8826263214704972 0.022275348504384285 0.02345027480014535
0 0.6004337668418884 0.8819114330203034 0.022275348504384285 0.02345027480014535
0 0.6277711391448975 0.8809998375675054 0.022510091463724846 0.02375740228697311
0 0.6556642055511475 0.8802136265954306 0.022510091463724846 0.02375740228697311
0 0.6830936670303345 0.8797544435013173 0.022358059883117676 0.023590147033218375
