0 0.09219574183225632 0.1324774346969746 0.0239592045545578 0.022366821765899658
0 0.12252360582351685 0.13245969127725674 0.02328440546989441 0.022868573665618896
0 0.15282323956489563 0.1320485086352737 0.023539751768112183 0.02317247788111369
0 0.09131768345832825 0.16630172337033622 0.023025214672088623 0.022147877348793883
0 0.12233186513185501 0.1661752795123784 0.023025214672088623 0.022147877348793865
0 0.15265630185604095 0.16685540286724576 0.023025214672088623 0.022147877348793883
0 0.1831912100315094 0.1639177699883779 0.023025214672088623 0.022147877348793883
0 0.21370954811573029 0.16379334766937395 0.023025214672088623 0.022147877348793865
0 0.7869088649749756 0.17220212278486283 0.021837353706359863 0.020932975742552023
0 0.8097440004348755 0.1733192269203594 0.021837353706359863 0.020932975742552023
0 0.8324779713595355 0.17521388204184418 0.021837353706359863 0.020932975742552023
0 0.11997149512171745 0.22902595334582862 0.02373921126127243 0.022708747122022865
0 0.1509208232164383 0.2293989531746469 0.02373921126127243 0.022708747122022865
0 0.18181413412094116 0.2289677741578504 0.023416022459665953 0.022456049919128418
0 0.21260616183280945 0.22979723744922217 0.023416022459665953 0.022456049919128418
0 0.24322514235973358 0.23062203926493763 0.023416022459665925 0.022456049919128418
0 0.2737772762775421 0.2314450403935099 0.023416022459665897 0.022456049919128418
0 0.303761750459671 0.232252750131819 0.023416022459665897 0.022456049919128418
0 0.36398296223746407 0.23385669675067366 0.023416022459665897 0.022456049919128418
0 0.3932855890856849 0.23571874052076724 0.02373718221982324 0.02271568775177002
0 0.45163828134536743 0.23801987048185644 0.023386716842651367 0.02240939935048421
0 0.4793397624423538 0.23887636264165243 0.023386716842651367 0.02240939935048421
0 0.507565366977079 0.24087707133964997 0.023386716842651367 0.02240939935048421
0 0.11864174529910088 0.3268983441117605 0.02410149574279785 0.024942199389139812
0 0.1500421017408371 0.3272774318854014 0.02410149574279785 0.024942199389139812
0 0.1807679831981659 0.3276483769100678 0.02410149574279785 0.024942199389139812
0 0.27436918020248413 0.3287783981392323 0.02410149574279785 0.024942199389139847
0 0.30465832352638245 0.32914407054583233 0.023294448852539062 0.024286866188049316
0 0.3938620686531067 0.3320274612360741 0.023294448852539062 0.024286866188049316
0 0.4229578971862793 0.3329679446316785 0.023294448852539062 0.024286866188049278
0 0.5098209977149963 0.335775677143741 0.023294448852539062 0.024286866188049316
0 0.5351026654243469 0.3365928729375203 0.023294448852539062 0.024286866188049316
0 0.6163451075553894 0.33921262840493194 0.02252197265625 0.02338712082968819
0 0.6429954767227173 0.34007298946380615 0.02252197265625 0.02338712082968819
0 0.11864764988422394 0.42746345202128094 0.023858100175857544 0.02298675643073193
0 0.15006519854068756 0.4276057340614958 0.023858100175857544 0.02298675643073193
0 0.1822824776172638 0.42775163787618586 0.023858100175857544 0.02298675643073193
0 0.21361158788204193 0.4278935194015503 0.023858100175857544 0.02298675643073193
0 0.24441763013601303 0.4280330320857119 0.023858100175857544 0.02298675643073193
0 0.27567899227142334 0.428188681602478 0.023518234491348267 0.022350470225016277
0 0.3059835433959961 0.4283307277240862 0.023518234491348267 0.022350470225016277
0 0.36645933985710144 0.42952545554935934 0.022939706842104557 0.02224196328057178
0 0.39528363943099976 0.42993032932281494 0.022939706842104557 0.02224196328057178
0 0.454039603471756 0.4299052556355794 0.022182563940683964 0.021885448031955246
0 0.4828607141971588 0.4302447163129013 0.022182563940683964 0.021885448031955246
0 0.5102849453687668 0.43015910608432484 0.02177983522415161 0.021454731623331707
0 0.11934028565883636 0.530790368715922 0.02439154187838237 0.025733311971028645
0 0.15085159242153168 0.530511638449429 0.024391541878382383 0.025733311971028645
0 0.24601279944181442 0.5296698990448296 0.024391541878382356 0.025733311971028645
0 0.27719607949256897 0.5296846837572066 0.023777663707733154 0.024914370642768063
0 0.36815759539604187 0.5287867784500122 0.023243526617685917 0.024807665083143398
0 0.3979233205318451 0.5284918596911344 0.023243526617685917 0.024807665083143398
0 0.48459798097610474 0.5276330872887237 0.023243526617685917 0.024807665083143398
0 0.5133399963378906 0.527348311444713 0.023243526617686028 0.024807665083143398
0 0.5964816808700562 0.526524543762207 0.023243526617686028 0.024807665083143398
0 0.6238061189651489 0.5262537975579916 0.02299819389979052 0.02483457989162874
0 0.057336295023560524 0.6699395459939635 0.025084689259529114 0.024572889010111492
0 0.09010178595781326 0.6695636092787606 0.02455964684486389 0.024175696902804928
0 0.12233153730630875 0.6686968803405762 0.02455964684486389 0.024175696902804928
0 0.15415900945663452 0.6678409695752817 0.02455964684486389 0.024175696902804928
0 0.18574663996696472 0.6669915086794793 0.02455964684486389 0.024175696902804928
0 0.24893689900636673 0.6652921835581462 0.02455964684486389 0.024175696902804855
0 0.2801535129547119 0.6647509932518005 0.02354131142298377 0.02370891306135392
0 0.31113284826278687 0.6637665291176104 0.02354131142298377 0.02370891306135392
0 0.3727180063724518 0.6618094703636224 0.02354131142298377 0.023708913061353847
0 0.40197518467903137 0.6608797330912114 0.02354131142298377 0.023708913061353847
0 0.46085071563720703 0.659008781115214 0.02354131142298377 0.02370891306135392
0 0.48952849209308624 0.6580905385594176 0.023738622665405273 0.02369105815887451
0 0.5180742144584656 0.6573749780654907 0.023054182529449463 0.02324308289421932
0 0.09252187609672546 0.7388822106623624 0.02498669425646463 0.02423344718085385
0 0.12492085993289948 0.7378207842508951 0.024986694256464645 0.02423344718085385
0 0.15648211538791656 0.7376755410901202 0.024312873681386293 0.023883872561984692
0 0.22085434198379517 0.7351115544637045 0.024312873681386293 0.023883872561984692
0 0.28280842304229736 0.7326438841082402 0.02431287368138635 0.023883872561984692
0 0.31382444500923157 0.7314084962751132 0.02431287368138635 0.023883872561984692
0 0.3744901120662689 0.7289921442667643 0.02431287368138635 0.023883872561984692
0 0.40456172823905945 0.7277943727155985 0.02431287368138635 0.023883872561984692
0 0.433916300535202 0.726937452952067 0.02278876304626465 0.02303542031182193
0 0.631237268447876 0.7167432308197021 0.02187303702036547 0.022459559970431957
0 0.6579939126968384 0.7154179433995963 0.02187303702036547 0.022459559970431957
0 0.7115388512611389 0.7127658008951281 0.02187303702036547 0.022459559970431957
0 0.7370513081550598 0.7115021395083376 0.02187303702036547 0.022459559970431957
0 0.7627872228622437 0.7102274099985758 0.02187303702036547 0.022459559970431957
0 0.8125607967376709 0.7066196777832577 0.021235783894856697 0.02184973822699643
0 0.8607746958732605 0.7036426067352295 0.021235783894856697 0.02184973822699643
0 0.8852842450141907 0.7021292118334297 0.021235783894856697 0.02184973822699643
0 0.09526760876178741 0.8084734546805364 0.024843635658423097 0.024245262145996094
0 0.12687551602721214 0.8070266246795654 0.024956497053305313 0.024275355868869457
0 0.1594330072402954 0.8059224659694036 0.02396641174952191 0.023549821641709972
0 0.22307100892066956 0.8027996222178141 0.02396641174952191 0.023549821641709972
0 0.2852819561958313 0.7997468068740128 0.023966411749521854 0.023549821641709972
0 0.3160928785800934 0.7982348534199798 0.023966411749521854 0.023549821641709972
0 0.3768407702445984 0.7952538331349691 0.023966411749521854 0.023549821641709972
0 0.4066438376903534 0.7937913371342519 0.023966411749521854 0.023549821641709972
0 0.43651553988456726 0.7917877329546915 0.022705932458241818 0.022369437747531567
0 0.6342021226882935 0.7795214653015137 0.02181442578633619 0.02167479197184245
0 0.6612517833709717 0.7778353575865076 0.02181442578633619 0.02167479197184245
0 0.71329665184021 0.7745912039802237 0.02181442578633619 0.02167479197184245
0 0.7396914958953857 0.7729459134636474 0.02181442578633619 0.02167479197184245
0 0.765837550163269 0.771316130956014 0.02181442578633619 0.02167479197184245
0 0.815416693687439 0.7674870491027832 0.021437565485636467 0.02160538567437076
0 0.8637452125549316 0.7638800428662137 0.020559867223103767 0.02096917894151466
0 0.8875926733016968 0.7620688279469808 0.020559867223103767 0.02096917894151466
0 0.37878674268722534 0.8613874982223297 0.023265421390533447 0.022846698760986328
0 0.4091055393218994 0.859249989191691 0.02340342601140344 0.022807386186387706
0 0.4390052556991577 0.8572560892362654 0.02340342601140344 0.022807386186387706
0 0.49679672718048096 0.8534021927324762 0.023403426011403383 0.022807386186387706
0 0.55350261926651 0.8496206894474246 0.023403426011403328 0.022807386186387706
0 0.5809715390205383 0.8477888902028402 0.023403426011403328 0.022807386186387706
0 0.38155049085617065 0.9266458141062478 0.023988942305246952 0.02318859100341797
0 0.4117438495159149 0.9244703886961082 0.023091693719228146 0.02246888478597005
0 0.47065454721450806 0.9194947083791097 0.023091693719228146 0.02246888478597005
0 0.5277068018913269 0.9146759947714688 0.023091693719228035 0.02246888478597005
0 0.555881142616272 0.9122963503594002 0.023091693719228035 0.02246888478597005
0 0.6114271879196167 0.9076048533121744 0.023091693719228035 0.02246888478597005
0 0.6382768750190735 0.9053370910068992 0.023091693719228035 0.02246888478597005
0 0.6653680801391602 0.9026904106140137 0.02300826708475756 0.022676785786946613
