0 0.0751737430691719 0.057456447634586065 0.02484753727912903 0.02587473946948384
0 0.1054396703839302 0.05587666949560476 0.0245932936668396 0.0251539945602417
0 0.07485784590244293 0.09360453451237408 0.023448725541432708 0.025869373203248013
0 0.1046426072716713 0.09261640005333478 0.023448725541432708 0.025869373203248024
0 0.13436947390437126 0.09080483747083087 0.024235320587952927 0.026881964631782943
0 0.16342194378376007 0.08966361376289123 0.024235320587952913 0.026881964631782954
0 0.19509673118591309 0.08845177728113669 0.02447680632273358 0.02727836231852687
0 0.22609283030033112 0.08721352455227874 0.02447680632273358 0.02727836231852687
0 0.2876940965652466 0.08475263630398441 0.024476806322733524 0.02727836231852687
0 0.3195730149745941 0.0834791161243095 0.024476806322733524 0.027278362318526858
0 0.34959906339645386 0.0822796156240064 0.024476806322733524 0.02727836231852687
0 0.3803703188896179 0.08105034509728157 0.024476806322733524 0.02727836231852687
0 0.41113603115081787 0.079406684102169 0.024228572845458984 0.027454890021982127
0 0.4429885745048523 0.07799017706582712 0.024228572845458984 0.027454890021982127
0 0.47492486238479614 0.07678999206240443 0.02453780174255371 0.02769480564797572
0 0.5060113072395325 0.07557003997093023 0.02453780174255371 0.02769480564797572
0 0.07282759435474873 0.1661716061969136 0.023406345397233963 0.02567999492319981
0 0.10241471976041794 0.1650128253670626 0.022958094875017793 0.025046651677567814
0 0.13269152119755745 0.16459352649260645 0.022958094875017807 0.025046651677567814
0 0.16347679495811462 0.16416718586133383 0.02295809487501782 0.025046651677567814
0 0.1954110711812973 0.16372493286757714 0.02295809487501782 0.025046651677567814
0 0.22617046535015106 0.16329895063888195 0.02295809487501782 0.025046651677567814
0 0.2889683246612549 0.16125139090029322 0.023362447818120358 0.026092396226040152
0 0.32224664092063904 0.1601663325672827 0.023362447818120358 0.026092396226040152
0 0.3508507013320923 0.15923368099123933 0.023362447818120358 0.026092396226040152
0 0.3817633390426636 0.1582257569459916 0.023362447818120358 0.026092396226040152
0 0.4130507707595825 0.15635548177781142 0.023655951023101807 0.026359765104545192
0 0.4453522861003876 0.15514906888862037 0.023655951023101807 0.026359765104545192
0 0.4774867594242096 0.1539488947668741 0.023655951023101807 0.026359765104545192
0 0.5087640136480331 0.1527807364858767 0.023655951023101807 0.026359765104545192
0 0.07257870584726334 0.24452327292082507 0.02335283656915029 0.026403693265693133
0 0.10280982404947281 0.24366041671398075 0.02349429080883661 0.02633483650148374
0 0.13324547186493874 0.24273362970678697 0.023494290808836624 0.02633483650148374
0 0.1648377925157547 0.24177162119348702 0.023494290808836638 0.02633483650148374
0 0.22693845629692078 0.23988061204922798 0.023494290808836638 0.02633483650148374
0 0.259331576526165 0.238894218622252 0.02349429080883661 0.02633483650148374
0 0.2895449101924896 0.23826696706372638 0.023471126953760746 0.0271482098010159
0 0.32104453444480896 0.23734670408479597 0.023471126953760746 0.0271482098010159
0 0.3529379367828369 0.2363796670148155 0.024426201979319218 0.02724632736324337
0 0.41535231471061707 0.23402707274243745 0.024426201979319218 0.02724632736324337
0 0.44724592566490173 0.23282490220180777 0.024426201979319218 0.02724632736324337
0 0.4793228507041931 0.23296656453383396 0.025142709414164188 0.02728728360907976
0 0.5114141702651978 0.2314419191937114 0.025142709414164244 0.02728728360907976
0 0.5444973707199097 0.22987015000192945 0.0251427094141643 0.02728728360907976
0 0.5762914419174194 0.2283596268088068 0.0251427094141643 0.02728728360907976
0 0.6081072688102722 0.2268480700115825 0.0251427094141643 0.02728728360907976
0 0.07391012273728848 0.32096314984698626 0.024765895058711372 0.027529738670171694
0 0.13359447196125984 0.3188098929706467 0.024558350443840027 0.027054158292075487
0 0.16630659997463226 0.3180573929187863 0.0245559612909953 0.027296199355014535
0 0.19805237650871277 0.3175466226976971 0.024388174215952574 0.027165228082228102
0 0.22880259156227112 0.3169023832289492 0.024388174215952574 0.027165228082228102
0 0.26078518480062485 0.3162323245369638 0.024388174215952546 0.027165228082228102
0 0.2927657961845398 0.31556230736627666 0.02438817421595252 0.027165228082228102
0 0.3240799307823181 0.3149062533711278 0.02438817421595252 0.027165228082228102
0 0.3553292155265808 0.3144876125246979 0.024583299954732296 0.028746804525685864
0 0.38719797134399414 0.31356717385126603 0.024583299954732296 0.028746804525685864
0 0.4185866713523865 0.31266060022906367 0.024583299954732296 0.028746804525685864
0 0.45023757219314575 0.31174645367907894 0.024583299954732296 0.028746804525685864
0 0.5135363340377808 0.309918248376181 0.024583299954732185 0.028746804525685864
0 0.5453264713287354 0.30869335192829683 0.02488021055857348 0.027839024861653617
0 0.5792567133903503 0.3073859957317274 0.02488021055857348 0.027839024861653617
0 0.612014889717102 0.3061238000559252 0.02488021055857348 0.027839024861653617
0 0.6443638205528259 0.3048773728980028 0.02488021055857348 0.027839024861653617
0 0.07293668203055859 0.3986430057259493 0.025165812422831856 0.02803199235783067
0 0.1038956567645073 0.3979736368619051 0.025165812422831862 0.02803199235783067
0 0.13332219421863556 0.3972179040279437 0.024945636590321854 0.028135876322901526
0 0.16543298959732056 0.39664312850597294 0.025327344735463442 0.028395748877710205
0 0.19834333658218384 0.39604627771663237 0.025327344735463442 0.028395748877710205
0 0.26259151101112366 0.39488109481414757 0.02532734473546347 0.028395748877710205
0 0.29402029514312744 0.3943414466325627 0.02473702033360803 0.028298104456228747
0 0.32684630155563354 0.39372412906580456 0.02473702033360803 0.028298104456228747
0 0.3576628267765045 0.3931446012936404 0.02473702033360803 0.028298104456228747
0 0.389728307723999 0.3925415859762519 0.02473702033360803 0.028298104456228747
0 0.42113015055656433 0.3919510508692542 0.02473702033360803 0.028298104456228747
0 0.45211929082870483 0.3909818072651708 0.02498573064804077 0.027842706488084477
0 0.4838636517524719 0.38992141013921694 0.024887343247731564 0.028019986411397715
0 0.07227539271116257 0.4774767453757617 0.0242093155781428 0.028196941050448215
0 0.10405148565769196 0.4769309731416924 0.02442223330338797 0.028723280559214567
0 0.1345643810927868 0.4765690300371782 0.024175028006235763 0.02785429843636446
0 0.16614742577075958 0.4759344500164653 0.024175028006235777 0.02785429843636446
0 0.19943581521511078 0.4752656054804657 0.024175028006235777 0.02785429843636446
0 0.2301531732082367 0.47464841920630263 0.024175028006235777 0.02785429843636446
0 0.2638489603996277 0.47397138906079667 0.02417502800623572 0.02785429843636446
0 0.3275255262851715 0.4727689307959077 0.023706336816151974 0.027873253637506
0 0.35873720049858093 0.47217953444425154 0.023706336816151974 0.027873253637506
0 0.39061635732650757 0.4715775334557822 0.023706336816151974 0.027873253637506
0 0.42252448201179504 0.4715078486952671 0.025270521640777588 0.02804225359776218
0 0.45427000522613525 0.4704259280829357 0.025270521640777588 0.02804225359776218
0 0.4858265817165375 0.4693504469724479 0.025270521640777588 0.02804225359776218
0 0.5188924670219421 0.46822352703997877 0.025270521640777588 0.02804225359776218
0 0.551059365272522 0.4671272455259811 0.025270521640777588 0.02804225359776218
0 0.07322780042886734 0.5571093448372775 0.025525053342183433 0.028330987738084477
0 0.104873888194561 0.5562747689180596 0.025096471110979707 0.027991509252740375
0 0.13607114553451538 0.5560226787939556 0.024776776631673172 0.027489418207212936
0 0.2002796083688736 0.5548205708348474 0.02477677663167316 0.027489418207212936
0 0.23315998911857605 0.5547427687534067 0.024337848027547182 0.027944106464238186
0 0.2968975007534027 0.5531851205228527 0.024337848027547238 0.027944106464238186
0 0.32951968908309937 0.552387883658325 0.024337848027547238 0.027944106464238186
0 0.3927808403968811 0.5508418769523953 0.024337848027547238 0.027944106464238186
0 0.42448022961616516 0.5500671919002089 0.024337848027547238 0.027944106464238186
0 0.4561323821544647 0.5495270573815634 0.024768590927124023 0.028037256048631352
0 0.48881806433200836 0.5493211968000545 0.025620530049006163 0.02834742937901218
0 0.5213840007781982 0.5487599490493802 0.025620530049006218 0.02834742937901218
0 0.5537449717521667 0.5482022337139472 0.025620530049006218 0.02834742937901218
0 0.5870087742805481 0.5476289588020227 0.025620530049006218 0.02834742937901218
0 0.6198952794075012 0.5470621863076853 0.025620530049006218 0.02834742937901218
0 0.07433577813208103 0.6377626019854878 0.02456016714374224 0.02785273115764298
0 0.10591240972280502 0.6371868117879552 0.024560167143742234 0.02785273115764298
0 0.16938787698745728 0.6351362272750499 0.0239831805229187 0.02825052423994676
0 0.20148496329784393 0.6348327352337256 0.0239831805229187 0.02825052423994676
0 0.26534751057624817 0.6342795615972474 0.023779888947804806 0.0283763796784157
0 0.2973420321941376 0.6337261429726687 0.023779888947804806 0.0283763796784157
0 0.3300083875656128 0.6331611034426019 0.023779888947804806 0.0283763796784157
0 0.36382174491882324 0.6325762238828356 0.023779888947804806 0.0283763796784157
0 0.39447206258773804 0.632046056348224 0.023779888947804806 0.0283763796784157
0 0.42609894275665283 0.631506276685138 0.024518807729085323 0.027670808540758183
0 0.4585583209991455 0.631108345579754 0.024518807729085323 0.027670808540758183
0 0.4909646809101105 0.6307110644450229 0.024518807729085268 0.027670808540758183
0 0.5237208008766174 0.630309495476912 0.024518807729085212 0.027670808540758183
0 0.5573857426643372 0.629896784937659 0.024518807729085212 0.027670808540758183
0 0.07476802170276642 0.718615731527639 0.02518638471762339 0.02961328787397039
0 0.1069626733660698 0.7181808294311895 0.025186384717623383 0.02961328787397039
0 0.13736560940742493 0.7177701307610849 0.025186384717623397 0.02961328787397039
0 0.16909678280353546 0.7173414895700854 0.02518638471762341 0.02961328787397039
0 0.2031332552433014 0.7168817072008085 0.02518638471762341 0.02961328787397039
0 0.267354816198349 0.7165079617539386 0.024646858374277714 0.029313316640927865
0 0.299353688955307 0.7162365137144576 0.024646858374277714 0.029313316640927865
0 0.3305823802947998 0.715971599162497 0.024646858374277714 0.029313316640927865
0 0.3635905385017395 0.7159924088993106 0.024662872155507443 0.029595308525617734
0 0.3956206440925598 0.7155361057844934 0.024662872155507443 0.029595308525617734
0 0.42774200439453125 0.7148676583933276 0.025594790776570675 0.029974944831789058
0 0.46047043800354004 0.7147246944086248 0.025594790776570675 0.029974944831789058
0 0.49449124932289124 0.7145760850737835 0.02559479077657062 0.029974944831789058
0 0.5272471904754639 0.7144330009309307 0.025594790776570564 0.029974944831789058
0 0.5609593987464905 0.7142857396325399 0.025594790776570564 0.029974944831789058
0 0.07531413435935974 0.8013102509254633 0.024471739927927644 0.028364728587542503
0 0.10698483139276505 0.8008923499722108 0.024471739927927644 0.028364728587542503
0 0.13813579082489014 0.800481307056809 0.02447173992792767 0.028364728587542503
0 0.17004399001598358 0.8000602722167969 0.02447173992792767 0.028364728587542503
0 0.2022770643234253 0.7996349505869909 0.02447173992792767 0.028364728587542503
0 0.23500578105449677 0.8000830117067121 0.024699866771697998 0.02937766378240079
0 0.2674197256565094 0.800180479537609 0.024699866771697998 0.02937766378240079
0 0.29915058612823486 0.8002758933535034 0.024699866771697998 0.02937766378240079
0 0.3328383266925812 0.8003771914534705 0.024699866771697998 0.02937766378240079
0 0.36436569690704346 0.8004719933798147 0.024699866771697998 0.02937766378240079
0 0.39716896414756775 0.8005706318930693 0.024699866771697998 0.02937766378240079
0 0.4298112392425537 0.8001494787095275 0.024751325448354122 0.02917167013005704
0 0.46341007947921753 0.8000822732614916 0.024751325448354122 0.02917167013005704
0 0.4974419176578522 0.8004574141064226 0.025493780771891295 0.029420187306958577
0 0.5306537747383118 0.8007356510605923 0.02549378077189135 0.029420187306958577
0 0.564456582069397 0.8010188387827182 0.02549378077189135 0.029420187306958577
0 0.07660312205553055 0.8835627568787893 0.025102868676185608 0.028346394383630086
0 0.10860404372215271 0.8837893286416697 0.02510249118010202 0.028706868489583225
0 0.17180369794368744 0.8842275498543563 0.02510249118010205 0.028706868489583225
0 0.20421937108039856 0.8844523174700497 0.02510249118010205 0.028706868489583225
0 0.23691043257713318 0.8846789946060177 0.02510249118010205 0.028706868489583225
0 0.27010515332221985 0.8849091640738553 0.025102491180101993 0.028706868489583225
0 0.3024299740791321 0.8854137686795966 0.024772564570109012 0.029659241668937852
0 0.33481571078300476 0.8856512090538544 0.024772564570109012 0.029659241668937852
0 0.36774611473083496 0.8858926427290963 0.024772564570109012 0.029659241668937852
0 0.40092822909355164 0.88613592185302 0.024772564570109012 0.029659241668937852
0 0.4662781357765198 0.8866150434627089 0.024772564570109012 0.029659241668937852
0 0.4998636990785599 0.8869769961334938 0.026738633712132753 0.030995509421178426
0 0.5340059399604797 0.8871709860271292 0.026738633712132698 0.030995509421178426
0 0.6015161871910095 0.8875545667570772 0.026738633712132698 0.030995509421178426
0 0.6356712579727173 0.8877486295478288 0.026738633712132698 0.030995509421178426
0 0.6707994937896729 0.8879482216821969 0.026738633712132698 0.030995509421178426
0 0.7046494483947754 0.8884145160054051 0.02677532037099195 0.030892660451489827
0 0.7393766641616821 0.8885231905205305 0.02734784285227465 0.03189264341842297
