0 0.13891570270061493 0.09506793354832849 0.02127722899119061 0.022646569466406058
0 0.1658637374639511 0.09539209474567004 0.02127722899119061 0.022646569466406058
0 0.8135821223258972 0.1031835782071147 0.021277228991190666 0.022646569466406058
0 0.839478611946106 0.10349509023966004 0.021277228991190666 0.022646569466406058
0 0.8649366497993469 0.10380132808241734 0.021277228991190666 0.022646569466406058
0 0.11036945879459381 0.12749254980752633 0.020902072389920562 0.023067563079124272
0 0.1375146061182022 0.12781550354413934 0.020855476458867372 0.022817700408225835
0 0.16510334610939026 0.1280749010485272 0.020855476458867372 0.022817700408225835
0 0.19186143577098846 0.12832648853250156 0.020855476458867372 0.022817700408225835
0 0.21925409138202667 0.1285840423934727 0.020855476458867372 0.022817700408225835
0 0.24678157269954681 0.12884286392566768 0.021121273438135774 0.022845216499742596
0 0.2740733325481415 0.12871138974329782 0.02121458450953162 0.022681827693022485
0 0.3016190230846405 0.12910227442896643 0.02121458450953162 0.022681827693022485
0 0.3286605477333069 0.12948600479318761 0.02121458450953162 0.022681827693022485
0 0.3835269808769226 0.1302645820608253 0.02121458450953162 0.022681827693022485
0 0.410601407289505 0.13064877931461777 0.02121458450953162 0.022681827693022485
0 0.4380074441432953 0.13103768225705162 0.02121458450953162 0.022681827693022485
0 0.46463873982429504 0.13125499459200127 0.020909031232198116 0.022414784098780432
0 0.4922035485506058 0.1315145492553711 0.020732631285985292 0.022036131038222204
0 0.5188944935798645 0.1317977307692323 0.020732631285985237 0.022036131038222204
0 0.5463033318519592 0.13212325961090798 0.020505915085474724 0.021939085435497684
0 0.5729407668113708 0.13240647112760576 0.020505915085474724 0.021939085435497684
0 0.5995389223098755 0.13280082303424215 0.02050585548082995 0.021894632383834486
0 0.6530889868736267 0.13393865629684093 0.020902792612711663 0.02272300572358362
0 0.6797359585762024 0.13424105104946918 0.020902792612711663 0.02272300572358362
0 0.7063829302787781 0.13454344580209743 0.020902792612711663 0.02272300572358362
0 0.732953667640686 0.1348449754333586 0.020902792612711663 0.02272300572358362
0 0.7596389055252075 0.13514780443768168 0.020902792612711663 0.02272300572358362
0 0.10879445821046829 0.16011173780574356 0.020834232370058686 0.0225905928500863
0 0.1363489180803299 0.16071543908640762 0.02057279646396637 0.02256491757178493
0 0.1638127714395523 0.160806511723718 0.02057279646396637 0.02256491757178493
0 0.19134368002414703 0.1608978067222586 0.02057279646396637 0.02256491757178493
0 0.2185477912425995 0.1609880180309902 0.02057279646396637 0.02256491757178493
0 0.24592303484678268 0.1610787968302882 0.02094473938147226 0.022646098173865963
0 0.2733738124370575 0.1610981997540235 0.021057267983754513 0.022626521975495095
0 0.3279798626899719 0.16152394095132516 0.021057267983754513 0.022626521975495095
0 0.38277310132980347 0.16195114158045898 0.021057267983754513 0.022626521975495095
0 0.4101240336894989 0.1621682699336562 0.020763814449310303 0.022600676662238056
0 0.4369123578071594 0.1624668328554226 0.020763814449310303 0.022600676662238056
0 0.4646613299846649 0.1627761024526151 0.020763814449310303 0.022600676662238056
0 0.4917306900024414 0.1630777975934442 0.020763814449310303 0.022600676662238056
0 0.5191402435302734 0.16338328428046647 0.020763814449310303 0.022600676662238056
0 0.545766294002533 0.16371034364551987 0.020691891511281257 0.02262095517890398
0 0.5734063386917114 0.16430397920830306 0.020780007044474358 0.022854102674380768
0 0.5993409752845764 0.16486243314521257 0.02054508527119947 0.022653941960297828
0 0.4918069392442703 0.19556588904802188 0.02098950743675232 0.0233129013416379
0 0.5182368159294128 0.19594085493753122 0.02074289321899414 0.022832482360130132
0 0.10607433319091797 0.22569949127906977 0.020822693904240935 0.0232185245484345
0 0.13381174206733704 0.2256624088730923 0.020862569411595658 0.02285430967345721
0 0.18865570425987244 0.22588847573092868 0.020862569411595644 0.02285430967345721
0 0.21628908812999725 0.22600238056225674 0.020862569411595644 0.02285430967345721
0 0.24372033774852753 0.22611545219603144 0.02086256941159567 0.02285430967345721
0 0.27120310068130493 0.2262287361677303 0.02082339922587073 0.022528744483178872
0 0.29880639910697937 0.22643206332249843 0.02082339922587073 0.022528744483178872
0 0.32675808668136597 0.22663795672762074 0.02082339922587073 0.022528744483178872
0 0.35420316457748413 0.22684011842275414 0.02082339922587073 0.022528744483178872
0 0.3814564645290375 0.22752453220328 0.02085588375727332 0.02298757272173265
0 0.4088573157787323 0.22779719774113144 0.02085588375727332 0.02298757272173265
0 0.4641895294189453 0.2283478079267507 0.02085588375727332 0.02298757272173265
0 0.49124662578105927 0.22861705276389263 0.020855883757273375 0.02298757272173265
0 0.5188761353492737 0.22889199367789334 0.02085588375727343 0.02298757272173265
0 0.5461335182189941 0.22916323156363888 0.02085588375727343 0.02298757272173265
0 0.10540712624788284 0.2584844697165113 0.020938319464524596 0.022569612015125362
0 0.13264146074652672 0.2585525734480037 0.020938319464524582 0.022569612015125362
0 0.1602945774793625 0.25862172441025677 0.02093831946452457 0.022569612015125362
0 0.18763291835784912 0.2586714722389399 0.02110938231150311 0.022924112719158795
0 0.2152123898267746 0.25876703241113524 0.02110938231150311 0.022924112719158795
0 0.24310408532619476 0.25886367440907015 0.021109382311503083 0.022924112719158795
0 0.270603209733963 0.2589589561865541 0.021109382311503055 0.022924112719158795
0 0.2984772026538849 0.2590555368467819 0.021109382311503055 0.022924112719158795
0 0.3541266620159149 0.2600389081378316 0.021022578080495236 0.02319758807041851
0 0.38113147020339966 0.2603446922184729 0.021022578080495236 0.02319758807041851
0 0.4086110293865204 0.2606558520564878 0.021022578080495236 0.02319758807041851
0 0.4361286759376526 0.2609674431699529 0.021022578080495236 0.02319758807041851
0 0.4639405906200409 0.2612823663755905 0.021022578080495236 0.02319758807041851
0 0.49113672971725464 0.26182587202205215 0.020483354727427183 0.022671485132025167
0 0.5183427333831787 0.2618441914403161 0.02072465419769287 0.022998602815376724
0 0.5458526015281677 0.262136660879739 0.02072465419769287 0.022998602815376724
0 0.5735723376274109 0.2624945973241052 0.02061772346496582 0.022870810456978287
0 0.600407063961029 0.26271228311460143 0.02061772346496582 0.022870810456978287
0 0.6273760795593262 0.2633241387300713 0.02113664150238037 0.02315185606017596
0 0.4910280704498291 0.29444193285565046 0.020690202713012695 0.023653695749682048
0 0.5183126926422119 0.2946568866108739 0.02119624614715576 0.0232137635696766
0 0.10183540731668472 0.32517122667889264 0.02157221982876459 0.023593843445297333
0 0.1292133517563343 0.3253068368712956 0.021572219828764602 0.023593843445297333
0 0.15735094249248505 0.3252172026523324 0.02155861258506775 0.02351039324619976
0 0.18533270061016083 0.32535144513871506 0.02155861258506775 0.02351039324619976
0 0.21335165202617645 0.3254858660599489 0.02155861258506775 0.02351039324619976
0 0.24109694361686707 0.3252311750899914 0.021269063154856355 0.023712143417476655
0 0.2690869867801666 0.32575095216607913 0.021269063154856327 0.023712143417476655
0 0.29706859588623047 0.3262705726211291 0.021269063154856327 0.023712143417476655
0 0.32447338104248047 0.32677948141473917 0.021269063154856327 0.023712143417476655
0 0.3525645434856415 0.32730113628298735 0.021269063154856327 0.023712143417476655
0 0.3801083564758301 0.3271362836970839 0.02131774028142297 0.02361059558483984
0 0.40808364748954773 0.32747337430022483 0.02108909686406457 0.023523582044497914
0 0.4631960988044739 0.32815477230071227 0.02108909686406457 0.023523582044497914
0 0.5184088349342346 0.3283569868220839 0.020824233690897698 0.02344239404959275
0 0.545850932598114 0.3285648266313322 0.020824233690897698 0.02344239404959275
0 0.5731567740440369 0.328771634468947 0.020824233690897698 0.02344239404959275
0 0.5998994708061218 0.32897417718495564 0.020824233690897698 0.02344239404959275
0 0.6272080540657043 0.32918100578840387 0.020824233690897698 0.02344239404959275
0 0.10095129907131195 0.3585138099138127 0.021026581525802612 0.02327655821807622
0 0.12806656956672668 0.3586615628974382 0.020891750852266952 0.02339138356290125
0 0.15632566809654236 0.35888281516587683 0.020891750852266966 0.02339138356290125
0 0.18394841253757477 0.35909908515274963 0.020891750852266966 0.02339138356290125
0 0.2401946559548378 0.3594974251680596 0.02090078095595041 0.02365875244140625
0 0.29651936888694763 0.36017202330293013 0.020900780955950382 0.02365875244140625
0 0.32441556453704834 0.360506134576222 0.020900780955950382 0.02365875244140629
0 0.35228967666625977 0.3610129713675118 0.02076731125513709 0.023516144863394844
0 0.38026759028434753 0.36117507136145305 0.02076731125513709 0.023516144863394803
0 0.4079325497150421 0.36133535814399564 0.02076731125513709 0.02351614486339476
0 0.43584513664245605 0.36149707964451855 0.02076731125513709 0.02351614486339476
0 0.46310973167419434 0.3616550467735113 0.02076731125513709 0.023516144863394803
0 0.5180520415306091 0.3619733745879586 0.0207673112551372 0.02351614486339476
0 0.5729468464851379 0.3627730932248453 0.020672321319580078 0.02346923000128697
0 0.5999884009361267 0.36315089335668405 0.020535190900166755 0.023445388143376773
0 0.6274607181549072 0.36321481438570247 0.020808060963948494 0.02352662049522697
0 0.6545904874801636 0.3632895031042969 0.020808060963948494 0.02352662049522697
0 0.6817296147346497 0.3633642175854305 0.020808060963948494 0.02352662049522697
0 0.7085874080657959 0.3634381575494652 0.020808060963948494 0.023526620495226927
0 0.7363383769989014 0.3635145564411962 0.020808060963948494 0.02352662049522697
0 0.7626828551292419 0.363704614861067 0.02122819423675537 0.02386019211406854
0 0.155164897441864 0.39254747435104015 0.021207084258397402 0.023732680682988186
0 0.18360717594623566 0.39269580397495 0.02124256889025372 0.023866135944691683
0 0.211725115776062 0.39304519571248486 0.02124256889025372 0.023866135944691683
0 0.23992988467216492 0.39350585050361103 0.020936330159505218 0.023569417554278705
0 0.26800909638404846 0.39382058735269715 0.020936330159505245 0.023569417554278705
0 0.3246355652809143 0.39445530732198775 0.020936330159505245 0.023569417554278705
0 0.35248708724975586 0.3947674920213544 0.020936330159505245 0.023569417554278705
0 0.3798718750476837 0.395074445147847 0.020936330159505245 0.023569417554278705
0 0.4074799418449402 0.39527162158587675 0.020844320456186893 0.02364710135053289
0 0.4357677698135376 0.3953133053818495 0.020424147446950314 0.0235194420629693
0 0.46293535828590393 0.3955027558082758 0.020448903242746952 0.02352044748705487
0 0.49054086208343506 0.39569459529809864 0.020448903242747007 0.02352044748705487
0 0.517333447933197 0.3958807855606691 0.020448903242747063 0.02352044748705487
0 0.5730040073394775 0.3962676581130768 0.020448903242747063 0.02352044748705487
0 0.5996638536453247 0.39645292592603104 0.020448903242747063 0.02352044748705487
0 0.6270785927772522 0.3966316361352978 0.020654916763305664 0.023504331130390074
0 0.6544442176818848 0.396814493935103 0.020654916763305664 0.023504331130390074
0 0.6817318797111511 0.39699683078499726 0.020654916763305664 0.023504331130390074
0 0.7084599137306213 0.3973374921222066 0.020734071731567383 0.02338861864666606
0 0.7360072731971741 0.3975897842476367 0.020734071731567383 0.02338861864666606
0 0.7628868818283081 0.39789519199105194 0.020753781000773186 0.023276927859284157
0 0.15419088304042816 0.42677595449048417 0.021615987022717775 0.023844667183336308
0 0.18247680366039276 0.4270371700083372 0.021615987022717775 0.023844667183336308
0 0.21114958822727203 0.4273019581469152 0.021615987022717775 0.023844667183336308
0 0.23932325094938278 0.4275621369827625 0.021615987022717803 0.023844667183336308
0 0.26764577627182007 0.42782369053862535 0.02161598702271783 0.023844667183336308
0 0.2959299385547638 0.4284788970292559 0.020737965901692745 0.023496731307155346
0 0.324026495218277 0.4286330910616143 0.020737965901692745 0.023496731307155346
0 0.35206928849220276 0.42879676818847656 0.020917922258377075 0.023455568062242558
0 0.3795490264892578 0.42892789900423534 0.020917922258377075 0.023455568062242558
0 0.4354279637336731 0.4291945482213921 0.020917922258377075 0.023455568062242558
0 0.4628317058086395 0.4293253163915077 0.020917922258377075 0.023455568062242558
0 0.48970670998096466 0.4294535614723383 0.020917922258377075 0.023455568062242558
0 0.5175850987434387 0.4295974358269461 0.02069871624310804 0.023343581561894436
0 0.5452486872673035 0.4294481055681096 0.020609895388285393 0.023210924725199856
0 0.5724391341209412 0.42961786409016356 0.020609895388285393 0.023210924725199856
0 0.5994746685028076 0.4297866554448739 0.020609895388285393 0.023210924725199856
0 0.6267626285552979 0.4299570227725355 0.020609895388285393 0.023210924725199856
0 0.6822914481163025 0.4303037066792333 0.020609895388285393 0.023210924725199856
0 0.7089550495147705 0.430409024364895 0.020568013191223145 0.023157785105150798
0 0.7360554933547974 0.43055458955986553 0.020568013191223145 0.023157785105150798
0 0.7636278867721558 0.43055083416378437 0.0213087797164917 0.02336664717326798
0 0.7907218337059021 0.43054714393274063 0.0213087797164917 0.02336664717326798
0 0.8177991509437561 0.4305434559666833 0.0213087797164917 0.02336664717326798
0 0.09595439583063126 0.46112172287399844 0.021612733602523804 0.02392640224722929
0 0.15385554730892181 0.4614233416180278 0.02154037356376648 0.024184914522392804
0 0.1825394332408905 0.46176327332568196 0.021250655253728212 0.023899462795996907
0 0.21018695831298828 0.4618026822112327 0.021250655253728212 0.023899462795996907
0 0.23889599740505219 0.4615327199570135 0.02125356594721478 0.023715174475381542
0 0.2677084803581238 0.46178108037904253 0.021253565947214725 0.023715174475381542
0 0.29532817006111145 0.46192404281261357 0.021030763785044315 0.024101375609405336
0 0.351635217666626 0.462333940704801 0.021030763785044315 0.024101375609405336
0 0.37968289852142334 0.46253811914696824 0.021030763785044315 0.024101375609405336
0 0.4068661332130432 0.4627360046884194 0.021030763785044315 0.024101375609405336
0 0.4350280165672302 0.46294101448946223 0.021030763785044315 0.024101375609405336
0 0.4901397377252579 0.4627312688133013 0.02116431792577106 0.023903011351592836
0 0.5176776647567749 0.4627275245134221 0.021164317925771003 0.023903011351592836
0 0.5454964637756348 0.4630187537007968 0.02083129684130358 0.02370482452156013
0 0.5728562474250793 0.46371774895246637 0.020965258280436272 0.023387080939241103
0 0.5999671220779419 0.4637156245743889 0.020965258280436272 0.023387080939241103
0 0.6272485852241516 0.4637134868291861 0.020965258280436272 0.023387080939241103
0 0.6548457145690918 0.4637113243487301 0.020965258280436272 0.023387080939241103
0 0.7098461985588074 0.4637070145717887 0.020965258280436272 0.023387080939241103
0 0.736842691898346 0.4637641210357117 0.020784417788187737 0.02331741096437445
0 0.7642528414726257 0.464695008116978 0.020830710728963142 0.02341620866642442
0 0.7921909689903259 0.4649552190026572 0.020830710728963142 0.02341620866642442
0 0.8188093900680542 0.4638254919717478 0.020952026049296135 0.02334707097489699
0 0.09540890902280807 0.49538257510163064 0.02141462763150534 0.02383825021196711
0 0.15316225588321686 0.49545850865529356 0.02115914225578308 0.02436420529387718
0 0.1815565824508667 0.49578999364098836 0.02115914225578308 0.02436420529387718
0 0.20932036638259888 0.49611411745838246 0.02115914225578308 0.02436420529387718
0 0.2380802184343338 0.4964498697123843 0.02115914225578308 0.02436420529387718
0 0.2658034563064575 0.4967735201813454 0.02115914225578308 0.02436420529387718
0 0.32314327359199524 0.49744292462970763 0.02115914225578308 0.02436420529387718
0 0.35089311003685 0.49631344994833304 0.02093881368637085 0.02342431120170185
0 0.37880367040634155 0.4963935778590702 0.02093881368637085 0.02342431120170185
0 0.406993567943573 0.4963376715956036 0.0208243727684021 0.02338356195494186
0 0.43470337986946106 0.4965028097463209 0.0208243727684021 0.02338356195494186
0 0.46243125200271606 0.4966336627339208 0.020817776521046993 0.023601591125015087
0 0.4900608956813812 0.49673311879338755 0.020817776521046938 0.023601591125015087
0 0.5456337928771973 0.49716390565384266 0.02082149187723803 0.02383558879527016
0 0.6008051037788391 0.4972179309341529 0.02082149187723803 0.02383558879527016
0 0.628109872341156 0.4972446685220637 0.02082149187723803 0.02383558879527016
0 0.6555541157722473 0.4972715426876406 0.02082149187723803 0.02383558879527016
0 0.6832940578460693 0.49729870640954305 0.02082149187723803 0.02383558879527016
0 0.7108633518218994 0.4973924277166348 0.020781397819519043 0.023711980775345202
0 0.7379471063613892 0.4975130835244822 0.020781397819519043 0.023711980775345202
0 0.15055307745933533 0.5300435677846663 0.021495560805002867 0.02393243479174237
0 0.2082338184118271 0.5303698694983194 0.021495560805002867 0.02393243479174237
0 0.236433744430542 0.5305293973412848 0.021495560805002867 0.02393243479174237
0 0.2649479806423187 0.5304067301195722 0.021162907282511356 0.024373135825460215
0 0.29326194524765015 0.5303804501330953 0.021162907282511356 0.024373135825460215
0 0.3502664268016815 0.530108607092569 0.02113374074300134 0.02396644178287009
0 0.37740907073020935 0.5301885633501673 0.02113374074300134 0.02396644178287009
0 0.40616747736930847 0.5302732792892411 0.02113374074300134 0.02396644178287009
0 0.43412309885025024 0.5303556303998526 0.02113374074300134 0.02396644178287009
0 0.4621608853340149 0.530438223550486 0.02113374074300134 0.02396644178287009
0 0.4892337918281555 0.5306584297886924 0.021090984344482422 0.023926136105559593
0 0.5457630157470703 0.5309189197628997 0.021090984344482422 0.023926136105559593
0 0.5733192563056946 0.5310174932245895 0.0208967924118042 0.02381178390148074
0 0.6013946533203125 0.5312134335216497 0.020902593930562263 0.023494099461755086
0 0.6564217209815979 0.5312399309734965 0.020902593930562263 0.023494099461755086
0 0.68386310338974 0.5312531449559942 0.020902593930562263 0.023494099461755086
0 0.710824728012085 0.5312661279183891 0.020902593930562263 0.023494099461755086
0 0.738865315914154 0.531279630439226 0.020902593930562263 0.023494099461755086
0 0.7660354971885681 0.5312927138289211 0.020902593930562263 0.023494099461755086
0 0.1484948694705963 0.5646616026412609 0.021579653024673462 0.024725655252619362
0 0.17719760537147522 0.565060800372137 0.021489848693211855 0.024666837943616817
0 0.20624853670597076 0.5650459555692451 0.021489848693211855 0.024666837943616817
0 0.23535841703414917 0.5650310806438699 0.021489848693211855 0.024666837943616817
0 0.2636924088001251 0.5650166021915936 0.02148984869321191 0.024666837943616817
0 0.2920991778373718 0.5650020865506904 0.02148984869321191 0.024666837943616817
0 0.3202599585056305 0.5649876966079553 0.02148984869321191 0.024666837943616817
0 0.3488090932369232 0.5651321411132812 0.021613995234171512 0.024455432743989276
0 0.37694165110588074 0.5650742604774152 0.021613995234171512 0.024455432743989276
0 0.4052889943122864 0.5652024239457165 0.02145969867706299 0.024083839830502003
0 0.43368133902549744 0.5652377549992051 0.02145969867706299 0.024083839830502003
0 0.4618462920188904 0.5652728030894831 0.02145969867706299 0.024083839830502003
0 0.48970483243465424 0.5653514475784702 0.021146615346272768 0.023943878883539244
0 0.5452199578285217 0.5654641084892805 0.021146615346272712 0.023943878883539244
0 0.573538064956665 0.5655215764985635 0.021146615346272712 0.023943878883539244
0 0.6009485721588135 0.565389883645901 0.020842591921488518 0.023923326832379535
0 0.6288354992866516 0.5653527410967227 0.020842591921488518 0.023923326832379535
0 0.6561540961265564 0.565316355505655 0.020842591921488518 0.023923326832379535
0 0.48943184316158295 0.5999310515647711 0.021174460649490356 0.024439257244731106
0 0.5173352360725403 0.5994363385577535 0.021611452102661133 0.024301395859829215
0 0.08901108801364899 0.635626621100679 0.02234839399655661 0.025249924770621365
0 0.11653156578540802 0.6355510302140011 0.02244555950164795 0.02511345323666116
0 0.1738499402999878 0.6359964415084484 0.02244555950164795 0.02511345323666116
0 0.20258860290050507 0.6364522091178006 0.02218949794769287 0.025087193925251276
0 0.23138371109962463 0.6363394469432465 0.02218949794769287 0.025087193925251276
0 0.26091042160987854 0.6366729736328125 0.022229293982187898 0.025014862533687676
0 0.2897280752658844 0.6358313006024028 0.02260579665501916 0.025170998979908606
0 0.3476768136024475 0.6355436881540094 0.02260579665501916 0.025170998979908606
0 0.37592270970344543 0.6354034975033088 0.02260579665501916 0.025170998979908606
0 0.4044402837753296 0.6352619584545479 0.02260579665501916 0.025170998979908606
0 0.4328382909297943 0.6351210128429324 0.02260579665501916 0.025170998979908606
0 0.4606948792934418 0.6350164723919793 0.021853605906168583 0.0248058230377907
0 0.5179239511489868 0.6348017026254413 0.021853605906168694 0.0248058230377907
0 0.5455269813537598 0.6343686221265948 0.021422704060872322 0.024690465409626276
0 0.5733591914176941 0.6344563683798147 0.021422704060872322 0.024690465409626276
0 0.601561427116394 0.6345452812081275 0.021422704060872322 0.024690465409626276
0 0.6291508674621582 0.6346322620843572 0.021422704060872322 0.024690465409626276
0 0.6574811339378357 0.6347215785536655 0.021422704060872322 0.024690465409626276
0 0.6851226091384888 0.6348087234795177 0.021422704060872322 0.024690465409626276
0 0.7121422290802002 0.634130832760833 0.021801114082336426 0.024581022040788516
0 0.08841487765312195 0.6710028981053552 0.021788790822029114 0.024839209031689128
0 0.11542817205190659 0.6713077633879906 0.022022321820259094 0.024951579958893532
0 0.1724342256784439 0.6716663603473347 0.022022321820259094 0.024951579958893532
0 0.20128133893013 0.6718478233050355 0.022022321820259094 0.024951579958893532
0 0.23029564321041107 0.672030337979013 0.022022321820259094 0.024951579958893532
0 0.25939682126045227 0.6722133991330169 0.022022321820259094 0.024951579958893532
0 0.317179799079895 0.6717100431314591 0.02204733093579614 0.02543776164683266
0 0.34612590074539185 0.671533229739167 0.021635284026463864 0.02538444459900381
0 0.40401288866996765 0.6711753795484592 0.021635284026463864 0.02538444459900381
0 0.43205076456069946 0.6710020528718732 0.021635284026463864 0.02538444459900381
0 0.48945675790309906 0.6706577123597611 0.02127771576245624 0.02494699640791551
0 0.5177739262580872 0.6704816351356031 0.021277715762456184 0.02494699640791551
0 0.5457382202148438 0.6704379680544831 0.021136919657389397 0.025051915368368458
0 0.573797345161438 0.6702437311666434 0.021136919657389397 0.025051915368368458
0 0.6019749045372009 0.6700486744266173 0.021136919657389397 0.025051915368368458
0 0.6297435164451599 0.6698564485903913 0.021136919657389397 0.025051915368368458
0 0.6578478217124939 0.6696618989456532 0.021136919657389397 0.025051915368368458
0 0.14213696122169495 0.7082963140806706 0.022231454650561033 0.025484987007555058
0 0.1701386421918869 0.7082791439322538 0.022231454650561033 0.025484987007555058
0 0.19886066019535065 0.7082615320855766 0.022231454650561033 0.025484987007555058
0 0.2577977702021599 0.708225392864965 0.022231454650561006 0.025484987007555058
0 0.28696590662002563 0.708207507466161 0.022231454650560978 0.025484987007555058
0 0.31556567549705505 0.7081899705805422 0.022231454650560978 0.025484987007555058
0 0.3445653021335602 0.7080515981668194 0.022122393051783207 0.025358007859814128
0 0.3739190995693207 0.7077362592830214 0.022122393051783207 0.025358007859814128
0 0.4031871259212494 0.7069494479828842 0.021671712398529053 0.02479582793952888
0 0.46088266372680664 0.7065692280614099 0.021671712398529053 0.02479582793952888
0 0.4890654534101486 0.7063835003866554 0.021671712398529053 0.02479582793952888
0 0.5461025238037109 0.7060076198376388 0.021671712398529053 0.02479582793952888
0 0.5740212798118591 0.70582363217376 0.021671712398529053 0.02479582793952888
0 0.6023940443992615 0.7056366525435537 0.021671712398529053 0.02479582793952888
0 0.6301221251487732 0.7056200891136643 0.021540164947509766 0.025248534919679683
0 0.6574045419692993 0.7055211040346853 0.021540164947509766 0.025248534919679683
0 0.6860823035240173 0.7054170564163563 0.021540164947509766 0.025248534919679683
0 0.7142643332481384 0.7050162324865695 0.021811604499816895 0.025291028872940945
0 0.7425256371498108 0.7048019586607467 0.021811604499816895 0.025291028872940945
0 0.14046992361545563 0.7445344259572584 0.022051279743512453 0.025432305742603835
0 0.1690756380558014 0.7444660497266192 0.022256573041280092 0.025710926499477652
0 0.1984931230545044 0.7445853373743305 0.022256573041280092 0.025710926499477652
0 0.2274620234966278 0.7447028060155373 0.022256573041280092 0.025710926499477652
0 0.2565903291106224 0.7448209210433401 0.02225657304128012 0.025710926499477652
0 0.28611040115356445 0.74494062468063 0.022256573041280148 0.025710926499477652
0 0.315580815076828 0.7440162481263627 0.021852552890777588 0.025147386299547325
0 0.3448277711868286 0.7443585034402491 0.021761933962504032 0.02484710456788999
0 0.37359562516212463 0.7440453906391942 0.021761933962504032 0.024847104567890074
0 0.4318911135196686 0.7434108954952682 0.021761933962504032 0.024847104567890074
0 0.46020781993865967 0.7431026930387653 0.021761933962504032 0.02484710456788999
0 0.4891021251678467 0.7427882039269735 0.021761933962504032 0.024847104567890074
0 0.5177596211433411 0.7423740513416525 0.021560311317443848 0.024977750556413516
0 0.5457558631896973 0.7421397497487623 0.021560311317443848 0.024977750556413436
0 0.574258029460907 0.7419012140571825 0.021560311317443848 0.024977750556413516
0 0.631065309047699 0.741425791817551 0.021560311317443848 0.024977750556413436
0 0.6584895253181458 0.7411962775296943 0.021560311317443848 0.024977750556413436
0 0.6869530081748962 0.7409580655810516 0.021560311317443848 0.024977750556413516
0 0.7153091430664062 0.7405943316082622 0.021649201711018806 0.02485244218693215
0 0.7431551814079285 0.7403191005339363 0.021649201711018806 0.02485244218693215
0 0.7710346579551697 0.7399191745491915 0.022004206975301033 0.024954374446425245
0 0.48849770426750183 0.778486828471339 0.021916747093200684 0.02548572628997093
0 0.517380952835083 0.7784721019656159 0.021815180778503418 0.02528629746547965
0 0.08109233528375626 0.8168223190657219 0.02254357437292734 0.02620578736297855
0 0.10923511534929276 0.8173378345578216 0.02259315550327301 0.02648269298464753
0 0.13786567747592926 0.8177658829090787 0.02259315550327301 0.02648269298464753
0 0.16641515493392944 0.8181927189837983 0.02259315550327301 0.02648269298464753
0 0.19528602063655853 0.8186243600535305 0.02259315550327301 0.02648269298464753
0 0.22474133968353271 0.819064739138581 0.02259315550327301 0.02648269298464753
0 0.2538427338004112 0.8188338168831759 0.023087148865063994 0.0264294055081152
0 0.31350284814834595 0.8181526340591512 0.023087148865064022 0.0264294055081152
0 0.3431377708911896 0.8178142706385585 0.023087148865064022 0.0264294055081152
0 0.37273526191711426 0.8174763346030439 0.023087148865064022 0.0264294055081152
0 0.4014385938644409 0.8171486078306686 0.02272762854894006 0.02567699343659157
0 0.430931031703949 0.8165588897529935 0.02272762854894006 0.02567699343659157
0 0.45936909317970276 0.8159902545307189 0.02272762854894006 0.02567699343659157
0 0.4887293577194214 0.8154031793333881 0.022727628548940004 0.02567699343659157
0 0.5173379182815552 0.8148311348848565 0.02272762854893995 0.02567699343659157
0 0.07953331619501114 0.8533965709597565 0.022711570064226777 0.02637044034262971
0 0.10714630782604218 0.8541728280947593 0.022711570064226777 0.02637044034262971
0 0.16519170999526978 0.8569594668589298 0.023129363854726137 0.026936020962027615
0 0.19469211995601654 0.8566339182299237 0.023129363854726137 0.026936020962027615
0 0.2237829566001892 0.8563128894035871 0.023129363854726137 0.026936020962027615
0 0.25297918915748596 0.8559906974918876 0.023129363854726165 0.026936020962027615
0 0.28310540318489075 0.8556582428688226 0.023129363854726193 0.026936020962027615
0 0.3429843485355377 0.8549974551512566 0.023129363854726193 0.026936020962027615
0 0.3723154664039612 0.8539544926133267 0.023255954186121586 0.025693612505299068
0 0.4022287428379059 0.8534344162780766 0.023255954186121586 0.025693612505299068
0 0.4311596155166626 0.852931420149532 0.023255954186121586 0.025693612505299068
0 0.45966583490371704 0.8524358071014798 0.023255954186121586 0.025693612505299068
0 0.4889907091856003 0.8519259608069132 0.02325595418612164 0.025693612505299068
0 0.5172656774520874 0.8513888869174692 0.022979070742924934 0.025532862936803426
