0 0.8080872893333435 0.11509021492891533 0.018857240676879883 0.021698574687159338
0 0.8297324776649475 0.11585146881813227 0.018797755241394043 0.021619641503622365
0 0.8539512157440186 0.11662560839985692 0.02095019817352295 0.02265954572100972
0 0.17651082575321198 0.1309357576592024 0.020752896865208925 0.022169416264970158
0 0.20119453966617584 0.13116851459114146 0.020752896865208925 0.022169416264970158
0 0.22723153233528137 0.13141403236662494 0.020752896865208925 0.022169416264970158
0 0.2526269778609276 0.13128720503859126 0.01965800921122232 0.021250177723492778
0 0.2774309515953064 0.131887391556141 0.019332905610402462 0.0210620968840843
0 0.3021867871284485 0.13249348596929866 0.019332905610402462 0.0210620968840843
0 0.3272702097892761 0.13310760066226657 0.019332905610402462 0.0210620968840843
0 0.37764161825180054 0.1343408383452018 0.019332905610402462 0.0210620968840843
0 0.4024255871772766 0.13494762154512627 0.019332905610402462 0.0210620968840843
0 0.42699146270751953 0.13543804116860528 0.018605927626291874 0.020266688147256542
0 0.45200639963150024 0.13593742560668512 0.018605927626291874 0.020266688147256542
0 0.47681206464767456 0.13643263225553434 0.018605927626291874 0.020266688147256542
0 0.5007377862930298 0.1369102721990541 0.01860592762629193 0.020266688147256542
0 0.52381432056427 0.13798596138177915 0.018759648005167717 0.02062176549157431
0 0.547656774520874 0.13835691662238173 0.018759648005167717 0.02062176549157431
0 0.5961028933525085 0.13911067048094677 0.018759648005167717 0.02062176549157431
0 0.6206713914871216 0.13950702755950217 0.01853358745574951 0.02023781916891883
0 0.644702136516571 0.13986819597688804 0.01853358745574951 0.02023781916891883
0 0.6685670018196106 0.14022687131641923 0.01853358745574951 0.02023781916891883
0 0.6925552487373352 0.14140858088261854 0.01853358745574951 0.02023781916891883
0 0.7160704731941223 0.1417620013192768 0.01853358745574951 0.02023781916891883
0 0.7393827438354492 0.14211282526603664 0.018520434697469 0.020273179046867415
0 0.17441393435001373 0.1902367957802706 0.019417663415273012 0.02184287152549094
0 0.2257215678691864 0.1907729936200519 0.01968820889790851 0.021774487902027684
0 0.2511705756187439 0.19130862398732154 0.019688208897908538 0.021774487902027684
0 0.3020790219306946 0.19238010426126942 0.019688208897908566 0.021774487902027684
0 0.32790711522102356 0.1929237133179021 0.019688208897908566 0.021774487902027684
0 0.3526967763900757 0.19344546628552814 0.019688208897908566 0.021774487902027684
0 0.37745386362075806 0.1937955120499013 0.01947532097498572 0.021404255268185637
0 0.40253353118896484 0.1940999807313431 0.01890442768732703 0.021353285442027005
0 0.42792150378227234 0.19465713662241516 0.01890442768732703 0.021353285442027005
0 0.4531615972518921 0.19521104720807234 0.01890442768732703 0.021353285442027005
0 0.4775363802909851 0.19600049804189637 0.01843218008677161 0.02067181491112525
0 0.501352846622467 0.19626863612685091 0.018432180086771666 0.02067181491112525
0 0.5249170064926147 0.19653393361528615 0.01843218008677172 0.02067181491112527
0 0.5488623380661011 0.19680352253172542 0.01843218008677172 0.02067181491112527
0 0.573337972164154 0.19707908186801645 0.01843218008677172 0.02067181491112527
0 0.5977278351783752 0.19735367554912403 0.01843218008677172 0.02067181491112527
0 0.622525155544281 0.19716340248964148 0.018527110417683845 0.01991471578908521
0 0.6464813947677612 0.19720447019964862 0.018527110417683845 0.01991471578908521
0 0.6696445941925049 0.19724417841711708 0.018527110417683845 0.01991471578908521
0 0.17368227243423462 0.2525125326112259 0.019994904597600283 0.022901579391124638
0 0.19963201880455017 0.25283223604586746 0.019994904597600283 0.022901579391124638
0 0.2256671041250229 0.252193384392317 0.019888192415237427 0.02258231288702916
0 0.25059381127357483 0.2529237952172981 0.019888192415237427 0.02258231288702916
0 0.2760390639305115 0.2536694006385935 0.019888192415237427 0.02258231288702916
0 0.30149519443511963 0.25441532480626994 0.019888192415237427 0.02258231288702916
0 0.32887959480285645 0.25521775179131084 0.019888192415237427 0.02258231288702916
0 0.3778587579727173 0.2552048217418582 0.019106268882751465 0.022524146146552508
0 0.4036010801792145 0.2556451436208601 0.019106268882751465 0.022524146146552508
0 0.4284251034259796 0.2560697580155026 0.019106268882751465 0.022524146146552508
0 0.4532332420349121 0.25769011879439896 0.018388549486796024 0.021386671435925417
0 0.4777505695819855 0.2568787289966683 0.018595298131307003 0.02175869313321375
0 0.5016047358512878 0.25694002107132313 0.018595298131306948 0.02175869313321375
0 0.5258406400680542 0.25700229400234115 0.018595298131306892 0.02175869313321375
0 0.5501330494880676 0.25706471212062315 0.018595298131306892 0.02175869313321375
0 0.5741620063781738 0.2571264533109443 0.018595298131306892 0.02175869313321375
0 0.5987266302108765 0.2571895708704022 0.018595298131306892 0.02175869313321375
0 0.6236030459403992 0.258287274560263 0.018932859102885002 0.020902130954949402
0 0.17233695089817047 0.31495990309604377 0.019643252094586672 0.022877330927885808
0 0.19865617156028748 0.3155325076360825 0.019643252094586672 0.022877330927885808
0 0.22431667149066925 0.31609078095839815 0.019643252094586672 0.022877330927885808
0 0.2507256790995598 0.31666533891544785 0.0196432520945867 0.022877330927885808
0 0.27639126777648926 0.3172237229492247 0.019643252094586727 0.022877330927885808
0 0.30187085270881653 0.3153586424364653 0.019706308841705322 0.022134603456009264
0 0.35290393233299255 0.3161522621332213 0.019706308841705322 0.022134603456009264
0 0.377781480550766 0.31653913496978175 0.019706308841705322 0.022134603456009264
0 0.4033477008342743 0.31693671740333307 0.019706308841705322 0.022134603456009264
0 0.42863065004348755 0.3173298946646757 0.019706308841705322 0.022134603456009264
0 0.4542084038257599 0.3177276564566325 0.019706308841705322 0.022134603456009264
0 0.4787558317184448 0.31728201274769874 0.019552330176035526 0.021887594415235915
0 0.5031857043504715 0.31757291841232954 0.01867560545603436 0.021271668663320586
0 0.5267460942268372 0.31778466424276663 0.018675605456034416 0.021271668663320586
0 0.5509665608406067 0.318002342423969 0.018675605456034416 0.021271668663320586
0 0.5756211876869202 0.3182239225617801 0.018675605456034416 0.021271668663320586
0 0.6005833148956299 0.31844826631767803 0.018675605456034416 0.021271668663320586
0 0.6253104209899902 0.3186704978529681 0.018675605456034416 0.021271668663320586
0 0.6502519845962524 0.3183542956024706 0.01910952726999926 0.0219167664993641
0 0.6744083166122437 0.3183956589809684 0.01910952726999926 0.0219167664993641
0 0.6986263394355774 0.3182045470836551 0.019330302874247307 0.02206293741861982
0 0.17176929116249084 0.3774653257293448 0.01975716153780621 0.021713619084321265
0 0.19804790616035461 0.3775797555612963 0.01975716153780621 0.021713619084321265
0 0.22407379746437073 0.37755016947901526 0.01972911755243939 0.022195291149523844
0 0.2503284513950348 0.37773303176777606 0.019729117552439362 0.022195291149523844
0 0.30194762349128723 0.3780321853105412 0.019646207491556766 0.021775009096130858
0 0.32753708958625793 0.3782368690512369 0.019646207491556766 0.021775009096130858
0 0.3532114326953888 0.3784422317019456 0.019646207491556766 0.021775009096130858
0 0.3786945939064026 0.3786460651364558 0.019646207491556766 0.021775009096130858
0 0.4044392704963684 0.378851990367091 0.019646207491556766 0.021775009096130858
0 0.42999404668807983 0.37890220242877337 0.019004126389821407 0.021344872408134992
0 0.47953668236732483 0.3791341198616806 0.019004126389821407 0.021344872408134992
0 0.5035918802022934 0.3792467262996198 0.019004126389821352 0.021344872408134992
0 0.5273298621177673 0.37935784779634185 0.019004126389821296 0.021344872408134992
0 0.5518409609794617 0.3794725883838742 0.019004126389821296 0.021344872408134992
0 0.5767335295677185 0.3794063008635739 0.018961866696675544 0.021217508833537745
0 0.6014778017997742 0.37934040824819015 0.018961866696675544 0.021217508833537745
0 0.6264106631278992 0.3792740134305732 0.018961866696675544 0.021217508833537745
0 0.650990903377533 0.37920855762320016 0.018961866696675544 0.021217508833537745
0 0.6754189133644104 0.3791058667324962 0.019065658251444573 0.021290062009826173
0 0.17088599503040314 0.44102291728174964 0.02023641268412274 0.02268689177757086
0 0.1974399834871292 0.44111204703549195 0.02023641268412274 0.02268689177757086
0 0.22371701896190643 0.44120024718308026 0.02023641268412274 0.02268689177757086
0 0.25012341141700745 0.44057995935934324 0.019812742869059236 0.02134355648543478
0 0.27640098333358765 0.44075548926065133 0.019742310047149658 0.02148390185925382
0 0.3021280765533447 0.4409155127065002 0.019742310047149658 0.02148390185925382
0 0.32829549908638 0.4410782750165269 0.019742310047149658 0.02148390185925382
0 0.35408729314804077 0.4412387009039412 0.019742310047149658 0.02148390185925382
0 0.37939122319221497 0.44139609225960663 0.019742310047149658 0.02148390185925382
0 0.43082156777381897 0.4414536537071879 0.01945289969444275 0.02208316418551654
0 0.45491841435432434 0.44153196978413145 0.019713252782821655 0.02211702332016115
0 0.48037850856781006 0.4415351956389671 0.019713252782821655 0.02211702332016115
0 0.504748210310936 0.4415382833384686 0.019713252782821655 0.02211702332016115
0 0.5288020968437195 0.44154133102342763 0.019713252782821655 0.02211702332016115
0 0.5784030556678772 0.4415476155835529 0.019713252782821655 0.02211702332016115
0 0.602097749710083 0.4415506177579641 0.019713252782821655 0.02211702332016115
0 0.62784743309021 0.44070604151156634 0.019516199827194214 0.02177837283112282
0 0.6523656249046326 0.44102203014285063 0.019845088322957283 0.022177555764368282
0 0.6768885850906372 0.44084776752637195 0.019845088322957283 0.022177555764368282
0 0.16963745653629303 0.5034672493158385 0.01927677790323895 0.021032111589298692
0 0.22316981852054596 0.5033628674922408 0.01927677790323895 0.021032111589298692
0 0.24969717860221863 0.5033111422531906 0.019276777903238923 0.021032111589298692
0 0.2752160429954529 0.50376231171364 0.019321103890736935 0.021129696868186772
0 0.3048546612262726 0.5032035916350609 0.019337912400563595 0.021325340566709115
0 0.35453614592552185 0.5033679520977761 0.019337912400563595 0.021325340566709115
0 0.40523087978363037 0.5041067587988959 0.019651969273885128 0.021661536638126817
0 0.4308173656463623 0.5039003505263218 0.019651969273885128 0.021661536638126817
0 0.45648393034935 0.5036932962511987 0.019651969273885128 0.021661536638126817
0 0.4817887842655182 0.5034891599265547 0.019651969273885128 0.021661536638126817
0 0.5297026038169861 0.5031026352283566 0.019651969273885017 0.021661536638126817
0 0.5547581911087036 0.502900509757944 0.019651969273885017 0.021661536638126817
0 0.5798391103744507 0.5030880417934683 0.019631246725718254 0.02174584440482685
0 0.6049138307571411 0.5028666218741317 0.019662817319234138 0.021739930145500186
0 0.6303041577339172 0.5027869468511537 0.019662817319234138 0.021739930145500186
0 0.16845735907554626 0.5700405032135719 0.021383389830589294 0.023198297781537616
0 0.19499067962169647 0.569794697046195 0.021383389830589294 0.023198297781537616
0 0.2467336431145668 0.5693153473348467 0.021383389830589294 0.023198297781537616
0 0.27493923902511597 0.5690540491148482 0.021383389830589294 0.023198297781537616
0 0.3012333810329437 0.568810458710844 0.021383389830589294 0.023198297781537616
0 0.32753685116767883 0.5674781888643278 0.020744601885477665 0.022424209949582122
0 0.3540623188018799 0.5676309105687597 0.020744601885477665 0.022424209949582122
0 0.3798232674598694 0.5675967248289152 0.019968430201212528 0.022384998410247093
0 0.40607115626335144 0.5673235959784929 0.019968430201212528 0.022384998410247093
0 0.43076518177986145 0.5670666362339541 0.019968430201212528 0.022384998410247093
0 0.45720234513282776 0.5666993877879812 0.01973244547843933 0.022284249002619362
0 0.482638418674469 0.5665268565333167 0.01973244547843933 0.022284249002619362
0 0.5074111968278885 0.5663588243687084 0.01973244547843933 0.022284249002619362
0 0.5317429304122925 0.5661937837811111 0.01973244547843933 0.022284249002619362
0 0.5817770957946777 0.5658544052478879 0.019621888796488518 0.021850999935652805
0 0.6067112684249878 0.5656135322686016 0.019621888796488518 0.021850999935652805
0 0.6319608688354492 0.5653696121447286 0.019621888796488518 0.021850999935652805
0 0.6572332978248596 0.5651254714886604 0.019621888796488518 0.021850999935652805
0 0.6821091771125793 0.5648851616438045 0.019621888796488518 0.021850999935652805
0 0.7070260047912598 0.5648435677298618 0.019574324289957756 0.02190845696501035
0 0.7313904762268066 0.5647049837334212 0.019574324289957756 0.02190845696501035
0 0.16626805067062378 0.6373110926428507 0.02174105246861774 0.025091540905856292
0 0.19339820742607117 0.6381385001384062 0.021401405334472656 0.024984137956486192
0 0.2202932983636856 0.6372426498767941 0.021122376124064146 0.024697296379148442
0 0.2465125173330307 0.6364353730446205 0.02112237612406412 0.024697296379148442
0 0.2732411026954651 0.6356124130722011 0.02112237612406409 0.024697296379148442
0 0.30026721954345703 0.6347802922519542 0.02112237612406409 0.024697296379148442
0 0.3271636962890625 0.633952162986578 0.02112237612406409 0.024697296379148442
0 0.3803804814815521 0.6332195969830808 0.020992239316304562 0.023567317992217836
0 0.4062725901603699 0.6327803130952433 0.020992239316304562 0.023567317992217836
0 0.4322352409362793 0.6323398323946221 0.020992239316304562 0.023567317992217836
0 0.45811882615089417 0.6310089022614235 0.019950846831003788 0.022953565730605016
0 0.483344167470932 0.6307962505535374 0.019950846831003788 0.022953565730605016
0 0.5086931437253952 0.6305825565929568 0.019950846831003843 0.022953565730605016
0 0.5576403737068176 0.6301699274071002 0.0199508468310039 0.022953565730605016
0 0.5829800367355347 0.6299563119577807 0.0199508468310039 0.022953565730605016
0 0.6082979440689087 0.629656991293264 0.019867390394210815 0.02299703553665516
0 0.6340706944465637 0.6293986358477036 0.019867390394210815 0.02299703553665516
0 0.6596070528030396 0.6291343930610129 0.020257274309794182 0.022755704184835215
0 0.6843541264533997 0.6290845871672305 0.020257274309794182 0.022755704184835215
0 0.7095109820365906 0.6290339565474334 0.020257274309794182 0.022755704184835215
0 0.734373152256012 0.6289839190106059 0.020257274309794182 0.022755704184835215
0 0.7591338753700256 0.6284461354100427 0.020014603932698494 0.023268825324006728
0 0.16476179659366608 0.7049373804136764 0.021830782294273376 0.02520299512286519
0 0.1919706165790558 0.7044787439023769 0.021830782294273376 0.02520299512286519
0 0.2188829630613327 0.704025104799022 0.021830782294273376 0.02520299512286519
0 0.24562811106443405 0.703574284021755 0.021830782294273376 0.02520299512286519
0 0.27337679266929626 0.7031065475109012 0.021830782294273376 0.02520299512286519
0 0.32656148076057434 0.7008368469947992 0.02065354585647583 0.023504981698915885
0 0.3534473180770874 0.700285776117144 0.02065354585647583 0.023504981698915885
0 0.3793957829475403 0.6997539182790702 0.02065354585647583 0.023504981698915885
0 0.4062580466270447 0.6992033305831243 0.02065354585647583 0.023504981698915885
0 0.4322172701358795 0.6986712522284929 0.02065354585647583 0.023504981698915885
0 0.4583069086074829 0.6982402147845955 0.01991945505142212 0.023136671199355016
0 0.5094699859619141 0.6973949289402254 0.01991945505142212 0.023136671199355016
0 0.5339725017547607 0.6968967526458031 0.019910812377929688 0.02303887892139045
0 0.559509813785553 0.6965934931063132 0.019910812377929688 0.02303887892139045
0 0.5850494503974915 0.696290205962062 0.019910812377929688 0.02303887892139045
0 0.6104730367660522 0.6959882969324425 0.019910812377929688 0.02303887892139045
0 0.6364758610725403 0.6956795093625091 0.019910812377929688 0.02303887892139045
0 0.6613373756408691 0.6953924449390503 0.02013695240020752 0.023106745047162616
0 0.16386361420154572 0.7736959235612736 0.021706571181615175 0.024163652760113747
0 0.21730081737041473 0.7722629965965435 0.021706571181615175 0.024163652760113747
0 0.2447511926293373 0.7715269104885902 0.021706571181615203 0.024163652760113747
0 0.27180400490760803 0.7706564082655796 0.021007299423217773 0.02446421541908904
0 0.299568772315979 0.7699541585390659 0.021007299423217773 0.02446421541908904
0 0.35347598791122437 0.7685906921410921 0.021007299423217773 0.02446421541908904
0 0.40648314356803894 0.7672499908121108 0.021007299423217773 0.02446421541908904
0 0.433147668838501 0.7665755693302598 0.021007299423217773 0.02446421541908904
0 0.45904338359832764 0.7659483621286791 0.019459009170532227 0.023624863735465115
0 0.48495879769325256 0.7653502521575344 0.019459009170532227 0.023624863735465115
0 0.5105268955230713 0.7647601580074196 0.019459009170532227 0.023624863735465115
0 0.5351394414901733 0.7641921173384857 0.019459009170532227 0.023624863735465115
0 0.5611788630485535 0.7635911453601926 0.019459009170532227 0.023624863735465115
0 0.5866220593452454 0.7634731906090714 0.02016981442769361 0.023542892101199128
0 0.6127119064331055 0.7633731086548661 0.02016981442769361 0.023542892101199128
0 0.6384688912138428 0.7628379874905437 0.02016981442769361 0.023542892101199128
0 0.16172519326210022 0.84388945823492 0.022091170152028383 0.02458640401677579
0 0.1886967569589615 0.8429810876705172 0.022091170152028383 0.02458640401677579
0 0.24427732825279236 0.8411091993557184 0.02209117015202841 0.02458640401677579
0 0.2716042697429657 0.8401888600849287 0.02209117015202844 0.02458640401677579
0 0.2994103729724884 0.8392523832099382 0.02209117015202844 0.02458640401677579
0 0.3261679410934448 0.8390117513941235 0.02253013849258423 0.025738856589147176
0 0.3531922698020935 0.8383702122887899 0.02253013849258423 0.025738856589147176
0 0.3799329102039337 0.8374278289112815 0.021711309750874874 0.02559821550236192
0 0.4063308835029602 0.8366540420887082 0.021711309750874874 0.02559821550236192
