0 0.1960049569606781 0.10660670524419741 0.02070083220799762 0.021770048511120688
0 0.22190292179584503 0.10651936927787385 0.02070083220799762 0.021770048511120688
0 0.8169877529144287 0.10451255873885976 0.020700832207997566 0.021770048511120688
0 0.8413575887680054 0.1044303760972134 0.020700832207997566 0.021770048511120688
0 0.8647907376289368 0.10435135225449839 0.020700832207997566 0.021770048511120688
0 0.22231890261173248 0.13658066683037337 0.0198737581570943 0.020901835241983104
0 0.2733807861804962 0.1363600822745241 0.019873758157094357 0.020901835241983104
0 0.2984529435634613 0.1362517719202251 0.019873758157094357 0.020901835241983104
0 0.3234059810638428 0.13614397615733087 0.019873758157094357 0.020901835241983104
0 0.3488635718822479 0.1360340007515841 0.019873758157094357 0.020901835241983104
0 0.373814195394516 0.1358961171882097 0.020214080810546875 0.02108021669609602
0 0.3979448676109314 0.1348847788433696 0.019879380861918095 0.020807377127713935
0 0.22258037328720093 0.16656567329584165 0.01819920539855957 0.02081008290135583
0 0.24752353131771088 0.16644398001737373 0.019090324640274048 0.020814230275708577
0 0.2732538878917694 0.16635042013123977 0.019055187702178955 0.020397297171659248
0 0.22258643805980682 0.1966596148734869 0.018898447354634584 0.02103933068208916
0 0.24785636365413666 0.1960629501835862 0.019244154294331878 0.020983407663744548
0 0.2990971803665161 0.19535610287688498 0.019244154294331905 0.020983407663744548
0 0.32419896125793457 0.1950098334894141 0.019244154294331905 0.020983407663744548
0 0.3499895930290222 0.19448876775182505 0.01985102891921997 0.02141279767650043
0 0.37469902634620667 0.19431320456571358 0.01985102891921997 0.02141279767650043
0 0.4255885183811188 0.19395162924156276 0.01985102891921997 0.02141279767650043
0 0.47590509057044983 0.19359412457464578 0.01985102891921997 0.02141279767650043
0 0.5012868642807007 0.19341378433759823 0.01985102891921997 0.02141279767650043
0 0.5517914891242981 0.1930549435363104 0.01985102891921997 0.02141279767650043
0 0.5765789151191711 0.1940257022626902 0.01989491780598951 0.021574512008548714
0 0.600736677646637 0.19408197735631189 0.01989491780598951 0.021574512008548714
0 0.223065584897995 0.22651395132375318 0.019271145264307676 0.020886916522831853
0 0.2739022374153137 0.22580590800520167 0.01927114526430762 0.020886916522831853
0 0.2985665798187256 0.2253153665006729 0.018928567568461063 0.02080920315528098
0 0.32430320978164673 0.2251039327577103 0.018928567568461063 0.02080920315528098
0 0.34988850355148315 0.2248937422846628 0.018928567568461063 0.02080920315528098
0 0.3758920729160309 0.22466832537983739 0.019130557775497437 0.02081074086270594
0 0.40098974108695984 0.22446350128849657 0.019130557775497437 0.02081074086270594
0 0.451591819524765 0.22405053365081032 0.019130557775497437 0.02081074086270594
0 0.476960688829422 0.22384349626517425 0.019130557775497437 0.02081074086270594
0 0.5019393414258957 0.22363964346952217 0.019130557775497437 0.02081074086270594
0 0.5272098779678345 0.22343079771690758 0.019026289383570427 0.020843077075573854
0 0.22267590463161469 0.25708908258482466 0.01929910977681476 0.021032141160595298
0 0.24798918515443802 0.25663801424830235 0.019299109776814788 0.021032141160595298
0 0.27363038063049316 0.25618110265284955 0.019299109776814816 0.021032141160595298
0 0.29947736859321594 0.25572052395172284 0.019299109776814816 0.021032141160595298
0 0.3250199854373932 0.25526536897171376 0.019299109776814816 0.021032141160595298
0 0.3504503071308136 0.25491406196771665 0.019197821617126465 0.02116374821625936
0 0.37593886256217957 0.2544990295022438 0.019197821617126465 0.02116374821625936
0 0.4014136493206024 0.2544307930524959 0.019139111042022705 0.02124134329862373
0 0.17098751664161682 0.288487900135129 0.019290889302889525 0.021338854649270256
0 0.19616103172302246 0.2875415003576944 0.019140273332595825 0.02121292528255968
0 0.22208166122436523 0.2874453915344853 0.019392515222231566 0.021291037862615096
0 0.2485847994685173 0.28678058731289985 0.01909800370534262 0.021340214928915333
0 0.2740669548511505 0.286359099454658 0.019098003705342648 0.021340214928915333
0 0.2992764711380005 0.2859421211862381 0.019098003705342648 0.021340214928915333
0 0.3254114091396332 0.2855098359702434 0.019098003705342648 0.021340214928915333
0 0.3508431315422058 0.2850891822992369 0.019098003705342648 0.021340214928915333
0 0.37651878595352173 0.28466449386828263 0.019098003705342648 0.021340214928915333
0 0.17077794671058655 0.31922994658004405 0.019409696261088072 0.021360870479613284
0 0.19594383239746094 0.3187061140278739 0.019409696261088072 0.021360870479613284
0 0.22215056419372559 0.31816061607196305 0.019409696261088072 0.021360870479613284
0 0.2485160231590271 0.31761181418075307 0.019409696261088044 0.021360870479613284
0 0.27447617053985596 0.3170714489249296 0.019409696261088016 0.021360870479613284
0 0.30035915970802307 0.3165145253026208 0.019329488277435303 0.02119738556617914
0 0.3259596824645996 0.3159735523998114 0.019329488277435303 0.02119738556617914
0 0.17052645981311798 0.35028641722923104 0.019841467340787233 0.02186250317004297
0 0.19640283286571503 0.3497625838878543 0.019678577780723572 0.021823956984882178
0 0.22257505357265472 0.3491931946275727 0.019678577780723572 0.021823956984882178
0 0.24837913364171982 0.34863181444408387 0.019678577780723572 0.021823956984882178
0 0.27449122071266174 0.3480637334200005 0.019678577780723572 0.021823956984882178
0 0.3002473711967468 0.3475033959677053 0.019678577780723572 0.021823956984882178
0 0.32645636796951294 0.3472116603407749 0.019652922948201534 0.02170178317284402
0 0.1706528514623642 0.38103054845055867 0.020015180110931396 0.021903925163801328
0 0.19653856754302979 0.3805806285611443 0.020015180110931396 0.021903925163801328
0 0.22270242869853973 0.38012587422940936 0.020015180110931396 0.021903925163801328
0 0.24889250099658966 0.37967066432154456 0.020015180110931396 0.021903925163801328
0 0.27450746297836304 0.3792254504118238 0.020015180110931396 0.021903925163801328
0 0.17041482031345367 0.4124625893526299 0.020439287026723207 0.022093721138414433
0 0.19624373316764832 0.4119378210643833 0.020439287026723207 0.022093721138414433
0 0.22246763110160828 0.41140502782962196 0.020439287026723207 0.022093721138414433
0 0.2491244673728943 0.41086343854868246 0.020439287026723235 0.022093721138414433
0 0.27557462453842163 0.41014370593513816 0.02018372217814124 0.021694863489431872
0 0.30119577050209045 0.40998654032862464 0.020293056964874268 0.021743951841842298
0 0.3276812732219696 0.4097800150303984 0.020293056964874268 0.021743951841842298
0 0.3539852201938629 0.4095749054445864 0.020293056964874268 0.021743951841842298
0 0.3795805871486664 0.4093753211342768 0.020293056964874268 0.021743951841842298
0 0.4057387411594391 0.40917134839434954 0.020293056964874268 0.021743951841842298
0 0.4321686923503876 0.4093134236890216 0.019725650548934937 0.021751788235450032
0 0.45771995186805725 0.4089602488755977 0.019725650548934937 0.021751788235450032
0 0.48282116651535034 0.4086132946758001 0.019725650548934937 0.021751788235450032
0 0.5089826732873917 0.40825168489814057 0.019725650548934937 0.021751788235450032
0 0.5340738892555237 0.40790486890216204 0.019725650548934937 0.021751788235450032
0 0.5591683387756348 0.40740882518679594 0.01978490749994921 0.0216464848481408
0 0.5844228267669678 0.40678064213242643 0.019877900679906135 0.02175947677257449
0 0.5346195101737976 0.43875782988792245 0.01978170871734619 0.0221811338912609
0 0.5598599314689636 0.4386653456577035 0.019515514373779297 0.02182477019553961
0 0.16960617899894714 0.47645391419876454 0.02041041851043701 0.02246859646582794
0 0.1958228349685669 0.47581963903252433 0.02041041851043701 0.02246859646582794
0 0.22255931794643402 0.47517278738198904 0.02041041851043701 0.02246859646582794
0 0.2489868849515915 0.474533409519498 0.02041041851043701 0.02246859646582794
0 0.2755061686038971 0.4737369511001522 0.02000405391057336 0.022142277207485465
0 0.3010766804218292 0.473654460326259 0.019967257976531982 0.022217565728712398
0 0.3281711935997009 0.47335957371911336 0.019967257976531982 0.022217565728712398
0 0.3547140657901764 0.4730706909673634 0.019967257976531982 0.022217565728712398
0 0.3810103237628937 0.4727844922730634 0.019967257976531982 0.022217565728712398
0 0.4074694812297821 0.4724965206412382 0.019967257976531982 0.022217565728712398
0 0.43343156576156616 0.472213958966417 0.019967257976531982 0.022217565728712398
0 0.4592856168746948 0.4717038302707832 0.01957547664642334 0.02193654969681141
0 0.48496150970458984 0.4713110369305278 0.01957547664642334 0.02193654969681141
0 0.5107752680778503 0.4709161345042265 0.01957547664642334 0.02193654969681141
0 0.5361904501914978 0.47069558431935865 0.019597848256428962 0.0218714041303294
0 0.5615441799163818 0.4702026098733312 0.019597848256428962 0.0218714041303294
0 0.5869178771972656 0.4697092471808815 0.019597848256428962 0.0218714041303294
0 0.637600302696228 0.4687237850455351 0.019597848256428962 0.0218714041303294
0 0.6632255911827087 0.4682255304481644 0.019597848256428962 0.0218714041303294
0 0.6885144710540771 0.46838621675551007 0.019778847694396973 0.0220184326171875
0 0.7136744856834412 0.4682194022245185 0.019778847694396973 0.0220184326171875
0 0.7384058833122253 0.46805542948614837 0.019778847694396973 0.0220184326171875
0 0.16950786113739014 0.5085599145223928 0.020328576366106688 0.02265386063923202
0 0.19565658271312714 0.5082402025003165 0.02014179527759552 0.022449138552643532
0 0.2493281438946724 0.5070952925571176 0.02014179527759552 0.022449138552643532
0 0.27527210116386414 0.5065418617645427 0.02014179527759552 0.022449138552643532
0 0.30164283514022827 0.5059793270650793 0.02014179527759552 0.022449138552643532
0 0.32863789796829224 0.5054034743198129 0.019530534744262695 0.02223045881404433
0 0.3550545275211334 0.5049173471564892 0.019530534744262695 0.02223045881404433
0 0.3816923201084137 0.5043287055436955 0.019384483496348026 0.022108181502467846
0 0.4081581234931946 0.5038920631608365 0.019384483496348026 0.022108181502467846
0 0.434049516916275 0.5034648976009843 0.019384483496348026 0.022108181502467846
0 0.45976388454437256 0.5030406526766341 0.019384483496348026 0.022108181502467846
0 0.4857290983200073 0.502612269201944 0.019384483496348026 0.022108181502467846
0 0.5371749401092529 0.501925879058602 0.01942574977874756 0.022074263225230192
0 0.562874972820282 0.5015601668246957 0.019270936648051018 0.02197327724722929
0 0.5880764126777649 0.5011441430380178 0.019289612770080566 0.022084820178128083
0 0.6139655709266663 0.5007974452991495 0.019289612770080566 0.022084820178128083
0 0.6388437151908875 0.5004642866741867 0.019289612770080566 0.022084820178128083
0 0.66457599401474 0.5001196898047796 0.019289612770080566 0.022084820178128083
0 0.6900850534439087 0.4997780822044195 0.019289612770080566 0.022084820178128083
0 0.7152585387229919 0.4992512991262037 0.019192814826965332 0.022013346354166612
0 0.7396405935287476 0.49894365125039253 0.019422531127929688 0.02203981266465298
0 0.16920505464076996 0.5413246759091608 0.02023834983507794 0.022646201673404247
0 0.19550971686840057 0.5408033949475117 0.02034910519917804 0.022748488788456936
0 0.22211827337741852 0.5401873921239099 0.02034910519917804 0.022748488788456936
0 0.2492104321718216 0.5396612189012475 0.020254313945770264 0.022509552711664244
0 0.2764272093772888 0.5389842543491098 0.020254313945770264 0.022509552711664244
0 0.3028862178325653 0.53832613782511 0.020254313945770264 0.022509552711664244
0 0.32931026816368103 0.5376688908166554 0.020254313945770264 0.022509552711664244
0 0.3560619354248047 0.5370034949724064 0.020254313945770264 0.022509552711664244
0 0.4084470868110657 0.5357005159209504 0.020254313945770264 0.022509552711664244
0 0.43440791964530945 0.5356778924702331 0.019898613293965695 0.02237142518509266
0 0.4867073595523834 0.5345909792674629 0.019573847452799442 0.022121133730392994
0 0.512712299823761 0.5341182974881904 0.019573847452799553 0.022121133730392994
0 0.5386768579483032 0.5336463497196412 0.019573847452799553 0.022121133730392994
0 0.5645214915275574 0.5331765817733433 0.019573847452799553 0.022121133730392994
0 0.5895583033561707 0.5327214972917423 0.019573847452799553 0.022121133730392994
0 0.1691007912158966 0.5736305325530296 0.020476187268892942 0.023081698158914785
0 0.1950271725654602 0.5732130084779818 0.020476187268892942 0.023081698158914785
0 0.2220824658870697 0.5727773041593981 0.020476187268892942 0.023081698158914785
0 0.2487770840525627 0.5723474082318475 0.020476187268892915 0.023081698158914785
0 0.2757609486579895 0.5719128542168196 0.020476187268892887 0.023081698158914785
0 0.30257636308670044 0.5715641243594194 0.020148302117983463 0.022895605989204766
0 0.32930850982666016 0.56860800292223 0.019902964433034298 0.022497280623561596
0 0.3829048275947571 0.567978016366262 0.019902964433034298 0.022497280623561596
0 0.4354376196861267 0.5673605307974171 0.019902964433034298 0.022497280623561596
0 0.4610181748867035 0.5673488410514236 0.019672314325968387 0.022539183150890263
0 0.48790088295936584 0.5668204551519349 0.019672314325968387 0.022539183150890263
0 0.5140794515609741 0.5663059092780409 0.0196723143259685 0.022539183150890263
0 0.5398085117340088 0.5658001985971907 0.0196723143259685 0.022539183150890263
0 0.5651178359985352 0.5653027379235556 0.0196723143259685 0.022539183150890263
0 0.22186924517154694 0.6053542647250864 0.020696858565012632 0.023157075394031612
0 0.24835710227489471 0.6049736377804779 0.020426760117212922 0.022941766783248548
0 0.2755924463272095 0.6043026133714712 0.020426760117212894 0.022941766783248548
0 0.3024175763130188 0.6036416958166689 0.020426760117212894 0.022941766783248548
0 0.3296467065811157 0.6029708245028782 0.020426760117212894 0.022941766783248548
0 0.35630589723587036 0.6023139953613281 0.020426760117212894 0.022941766783248548
0 0.3831968605518341 0.6017505300604545 0.02032826344172156 0.023026163263838474
0 0.40945935249328613 0.601282607677371 0.02001376946767175 0.02276626113773311
0 0.4359247088432312 0.6006343724396093 0.02001376946767175 0.02276626113773311
0 0.48861610889434814 0.599343763622993 0.02001376946767175 0.02276626113773311
0 0.5411834120750427 0.59802040503894 0.019948363304138184 0.022698927295300333
0 0.566858172416687 0.5974273238071176 0.019948363304138184 0.022698927295300333
0 0.5923610329627991 0.596838213422194 0.019948363304138184 0.022698927295300333
0 0.61827152967453 0.5962396867328523 0.019948363304138184 0.022698927295300333
0 0.6437980532646179 0.5956500297368958 0.019948363304138184 0.022698927295300333
0 0.6691137552261353 0.595065242673492 0.019948363304138184 0.022698927295300333
0 0.693795382976532 0.594522418481044 0.020499229431152344 0.02283424554869186
0 0.7454047799110413 0.5936092110567315 0.020499229431152344 0.02283424554869186
0 0.7707006335258484 0.593161611148624 0.020499229431152344 0.02283424554869186
0 0.795678973197937 0.5927196295214313 0.020499229431152344 0.02283424554869186
0 0.8208496570587158 0.5922742444415425 0.020499229431152344 0.02283424554869186
0 0.8460663557052612 0.5918280451486134 0.020499229431152344 0.02283424554869186
0 0.8713696002960205 0.5906307862215059 0.02031819025675463 0.022806714671526715
0 0.8964648842811584 0.5898500486861827 0.02055887381235766 0.022665511730105378
0 0.22222468256950378 0.6386605639790379 0.020691494146982847 0.023908275042393356
0 0.24935531616210938 0.6382200551587481 0.020586331685384124 0.023240377736646077
0 0.2764298915863037 0.6376452909376571 0.02058633168538415 0.023240377736646077
0 0.30296236276626587 0.6370820350087111 0.02058633168538415 0.023240377736646077
0 0.3308410346508026 0.6364902006814975 0.02058633168538415 0.023240377736646077
0 0.35756832361221313 0.6359228089798329 0.02058633168538415 0.023240377736646077
0 0.4104689061641693 0.6340662193034511 0.02058289448420203 0.022659124330032702
0 0.4371178150177002 0.6330273051739195 0.02038896083831787 0.022642179977062138
0 0.4639964997768402 0.6324351111123728 0.02038896083831787 0.022642179977062138
0 0.4901595413684845 0.6318586841777438 0.02038896083831787 0.022642179977062138
0 0.5163689255714417 0.6312812362177387 0.02038896083831787 0.022642179977062138
0 0.5425227284431458 0.630705012831577 0.02038896083831787 0.022642179977062138
0 0.5677397847175598 0.6301494279467803 0.02038896083831787 0.022642179977062138
0 0.5943166613578796 0.629324442635104 0.02021002769470215 0.022554708081622455
0 0.6198919415473938 0.6286815820738326 0.02021002769470215 0.022554708081622455
0 0.6209542155265808 0.661282212057368 0.020489374796549553 0.02292088944782577
0 0.6467477083206177 0.6606859162796376 0.020489374796549553 0.02292088944782577
0 0.6728541254997253 0.6600823862939982 0.020489374796549553 0.02292088944782577
0 0.698462724685669 0.6594903648996834 0.020489374796549553 0.02292088944782577
0 0.7238224148750305 0.6589040978010311 0.020489374796549553 0.02292088944782577
0 0.7491663694381714 0.6583181944796906 0.020489374796549553 0.02292088944782577
0 0.7740517854690552 0.6570500662160474 0.020202358563740974 0.022746862367142077
0 0.7998222708702087 0.6561403082124059 0.020202358563740974 0.022746862367142077
0 0.824954628944397 0.655943459037299 0.01995007197062182 0.022414983705032702
0 0.8500440120697021 0.6551757232441958 0.01995007197062182 0.022414983705032702
0 0.8756044507026672 0.6543935731399891 0.01995007197062182 0.022414983705032702
0 0.9006341099739075 0.6536276648984141 0.01995007197062182 0.022414983705032702
0 0.9254702925682068 0.6532891295677008 0.019992709159851074 0.022486427957697487
0 0.16807076334953308 0.7075932524925055 0.02147123714288074 0.023748176042423692
0 0.19401200115680695 0.7069963361076802 0.02147123714288074 0.023748176042423692
0 0.2497262880206108 0.7057143321052135 0.021471237142880767 0.023748176042423692
0 0.27651047706604004 0.7050980191361003 0.021471237142880795 0.023748176042423692
0 0.3036900460720062 0.7044726083444994 0.021471237142880795 0.023748176042423692
0 0.33121615648269653 0.7037433333656068 0.02120676139990485 0.023280091988023808
0 0.35773777961730957 0.7031057934428371 0.021307309468587277 0.023762133694434407
0 0.3849218189716339 0.7021752674532503 0.021307309468587277 0.023762133694434407
0 0.41142868995666504 0.701267921343546 0.021307309468587277 0.023762133694434407
0 0.4380589425563812 0.7003563518070872 0.021307309468587277 0.023762133694434407
0 0.4652940332889557 0.6994240782981695 0.021307309468587277 0.023762133694434407
0 0.4922560155391693 0.6985570576254135 0.020744919776916504 0.02372179844582722
0 0.5181484818458557 0.6976967205573638 0.020744919776916504 0.02372179844582722
0 0.5441357493400574 0.6968332335006359 0.020744919776916504 0.02372179844582722
0 0.5703008770942688 0.6959734122218237 0.020878911018371582 0.023448323094567586
0 0.5718929767608643 0.7294064898823582 0.020821452140808105 0.02329050108443859
0 0.5975075960159302 0.7285226533602487 0.020821452140808105 0.02329050108443859
0 0.6505918502807617 0.7266909727015982 0.020821452140808105 0.02329050108443859
0 0.6759786605834961 0.7258149967637172 0.02062769730885816 0.023301826891048878
0 0.7020015716552734 0.7249039696077361 0.02062769730885816 0.023301826891048878
0 0.7275475859642029 0.7240096379667321 0.02062769730885816 0.023301826891048878
0 0.7528573274612427 0.7231235779194504 0.02062769730885816 0.023301826891048878
0 0.778207540512085 0.7222361010174417 0.02062769730885816 0.023301826891048878
0 0.8032079339027405 0.7217862772387128 0.020461440086364746 0.023179934006328676
0 0.8280329704284668 0.7206313111061273 0.02060619990030932 0.02307794260424237
0 0.853884220123291 0.7197200986009636 0.02060619990030932 0.02307794260424237
0 0.8789510726928711 0.7188365347579718 0.02060619990030932 0.02307794260424237
0 0.9043431878089905 0.7179415059644122 0.02060619990030932 0.02307794260424237
0 0.9294142127037048 0.7170577950540685 0.02060619990030932 0.02307794260424237
0 0.1675739735364914 0.7763543239859647 0.021252443393071474 0.024228887040485817
0 0.19445955753326416 0.7752732565236646 0.021082202593485533 0.02411166642063337
0 0.2222483605146408 0.7746507766098765 0.021082202593485533 0.02411166642063337
0 0.249405175447464 0.7740424534723355 0.021082202593485505 0.02411166642063337
0 0.27724581956863403 0.7734188122970043 0.021082202593485477 0.02411166642063337
0 0.3037262558937073 0.7728256403013717 0.021082202593485477 0.02411166642063337
0 0.3587917387485504 0.7708292682523645 0.02117741107940674 0.02390472648679759
0 0.38625064492225647 0.7699632776406208 0.02117741107940674 0.02390472648679759
0 0.4129396080970764 0.7691215692564498 0.02117741107940674 0.02390472648679759
0 0.44006094336509705 0.7681749920512355 0.020779887835184696 0.023884144864341195
0 0.46703630685806274 0.7668563487917878 0.021004686752955082 0.02389366682185683
0 0.49359770119190216 0.7659647038269486 0.021004686752955137 0.02389366682185683
0 0.546798825263977 0.7641275982524074 0.020496686299641853 0.023586894190588664
0 0.5734981298446655 0.7631412760156877 0.020496686299641853 0.023586894190588664
0 0.599380612373352 0.762185128712959 0.020496686299641853 0.023586894190588664
0 0.6255232691764832 0.7612289606138717 0.020232955614725823 0.023304074309593022
0 0.6519389152526855 0.760158373435342 0.020232955614725823 0.023304074309593022
0 0.6779739856719971 0.7591032104269255 0.020232955614725823 0.023304074309593022
0 0.729248046875 0.7570251483436917 0.020232955614725823 0.023304074309593022
0 0.7545800805091858 0.7559984783793605 0.020232955614725823 0.023304074309593022
0 0.7800861597061157 0.754943594220309 0.020409027735392327 0.023460506468780253
0 0.8046462535858154 0.7542096293249796 0.019732793172200447 0.02323329541110256
0 0.16683459281921387 0.8107675083975958 0.02109984556833905 0.024385614912639183
0 0.22192227840423584 0.8093271477277889 0.02111224333445233 0.024272297703942586
0 0.24933971464633942 0.8085401028665224 0.021112243334452302 0.024272297703942586
0 0.2768493592739105 0.8077504110715564 0.021112243334452274 0.024272297703942586
0 0.3043806552886963 0.8071711340615916 0.021443406740824345 0.02396446050599564
0 0.33161401748657227 0.8061593283146108 0.021443406740824345 0.02396446050599564
0 0.35934656858444214 0.8051289761173546 0.021443406740824345 0.02396446050599564
0 0.3870803117752075 0.8040985796300677 0.021443406740824345 0.02396446050599564
0 0.4136888086795807 0.8031099896098293 0.021443406740824345 0.02396446050599564
0 0.4675990045070648 0.8005426212420929 0.02088192105293274 0.023851498152858638
0 0.49495266377925873 0.799361739047738 0.02088192105293274 0.023851498152858638
0 0.5208792686462402 0.7982424640818976 0.02088192105293274 0.023851498152858638
0 0.5479867458343506 0.7976257821278726 0.0204850435256958 0.02347576525784267
0 0.5742844939231873 0.796631052017022 0.0204850435256958 0.02347576525784267
0 0.6274029612541199 0.7946836782056231 0.020566026369730706 0.02338054568268532
0 0.6532828211784363 0.7935186764615685 0.020566026369730706 0.02338054568268532
0 0.6794915795326233 0.7923388691024317 0.020566026369730706 0.02338054568268532
0 0.7052314281463623 0.7911801700749096 0.020566026369730706 0.02338054568268532
0 0.7307755947113037 0.7900302798249 0.020566026369730706 0.02338054568268532
0 0.755678117275238 0.7888693583113281 0.020383993784586663 0.023360969484314327
0 0.16677817702293396 0.8454611135083575 0.021837472915649414 0.02438182978667041
0 0.22261619567871094 0.8443793363349382 0.021931340297063173 0.024526551712390987
0 0.25010740756988525 0.8432448715652552 0.0219313402970632 0.024526551712390987
0 0.27718430757522583 0.8421275039770281 0.02193134029706323 0.024526551712390987
0 0.332984060049057 0.8398248461826326 0.02193134029706323 0.024526551712390987
0 0.36032265424728394 0.8386966794036156 0.02193134029706323 0.024526551712390987
0 0.41538214683532715 0.8365464462462515 0.021587053934733036 0.02404181901798692
0 0.4420012831687927 0.8355068916322477 0.021587053934733036 0.02404181901798692
0 0.46931108832359314 0.834440364394077 0.021587053934733036 0.02404181901798692
0 0.49664701521396637 0.8335863157760265 0.021453291177749634 0.023949970570645702
0 0.5226247310638428 0.8324584031633218 0.021453291177749634 0.023949970570645702
0 0.5760804414749146 0.8301508703897166 0.021177927652994866 0.0237896350003027
0 0.6020148992538452 0.8290259583763456 0.021177927652994866 0.0237896350003027
0 0.6288153529167175 0.8278634836276487 0.021177927652994866 0.0237896350003027
0 0.6549214124679565 0.8267311283549343 0.021177927652994866 0.0237896350003027
0 0.680577278137207 0.8256183003270349 0.021177927652994866 0.0237896350003027
0 0.7068823575973511 0.8246751829635265 0.021046916643778557 0.023653193037639183
