0 0.8410120606422424 0.09303119570709938 0.019388794898986816 0.02114557665447856
0 0.863883376121521 0.09353330800699633 0.01864469051361084 0.020444797915081647
0 0.8866674304008484 0.09366295781246452 0.019444584846496582 0.021250619444736215
0 0.22369176149368286 0.11520940373637868 0.01884163419405621 0.019978057506472566
0 0.24774442613124847 0.11515636222307073 0.018841634194056184 0.019978057506472566
0 0.2714056074619293 0.11510418401814645 0.018841634194056156 0.019978057506472566
0 0.2964876592159271 0.1150488724756647 0.018841634194056156 0.019978057506472566
0 0.3209259510040283 0.11499498056810956 0.018841634194056156 0.019978057506472566
0 0.34549564123153687 0.11494079889756235 0.018841634194056156 0.019978057506472566
0 0.3698965311050415 0.11558035917060319 0.01886814832687378 0.020182668700698722
0 0.4178805351257324 0.11568387323823771 0.019099096457163456 0.020230204560035884
0 0.44216084480285645 0.11628645596330732 0.01944114764531457 0.020841443261434865
0 0.46584567427635193 0.1165833362313204 0.01944114764531457 0.020841443261434865
0 0.5136985778808594 0.11718315405408364 0.01944114764531446 0.020841443261434865
0 0.5358256101608276 0.11746050793079035 0.01944114764531446 0.020841443261434865
0 0.5840684175491333 0.11806521304818086 0.01944114764531446 0.020841443261434865
0 0.6076098680496216 0.11836029611567024 0.01944114764531446 0.020841443261434865
0 0.6311627626419067 0.11855318379956623 0.018611113230387444 0.020082932109980606
0 0.6550464034080505 0.11893680188548944 0.018611113230387444 0.020082932109980606
0 0.6787993311882019 0.11863960221756337 0.01900625228881836 0.020388691924339116
0 0.7023576498031616 0.11880452941056871 0.018783171971638923 0.01991739199143046
0 0.22335514426231384 0.17245877035737595 0.019418527682622255 0.020691590715748408
0 0.24789069592952728 0.17273205380107082 0.019418527682622283 0.020691590715748408
0 0.2719206213951111 0.17328011356014825 0.01916736364364624 0.02077240906944572
0 0.2960647642612457 0.17341993021410565 0.019256651401519775 0.02075374958127044
0 0.3214624226093292 0.173556391657001 0.019256651401519775 0.02075374958127044
0 0.36952337622642517 0.17381462282885282 0.019256651401519775 0.02075374958127044
0 0.39371123909950256 0.17394458404901644 0.019256651401519775 0.02075374958127044
0 0.4174046516418457 0.17407188859096792 0.019256651401519775 0.02075374958127044
0 0.4414548873901367 0.1743136450301769 0.018952886263529423 0.020575700804244642
0 0.46591052412986755 0.17432415213597913 0.0187623302141825 0.020635675090227925
0 0.4898606538772583 0.17459544470143873 0.0187623302141825 0.020635675090227925
0 0.5135519504547119 0.17486380536149995 0.01876233021418261 0.020635675090227925
0 0.5374718308448792 0.17513475528056008 0.01876233021418261 0.020635675090227925
0 0.5845603346824646 0.17566814533499783 0.01876233021418261 0.020635675090227925
0 0.6083530783653259 0.17593765512643225 0.01876233021418261 0.020635675090227946
0 0.6559193134307861 0.17496589884678926 0.018209656079610115 0.02008888333342796
0 0.6798890233039856 0.17680705122394755 0.018765131632487053 0.020776153534881835
0 0.7034153938293457 0.17661797168642976 0.018765131632487053 0.020776153534881835
0 0.727317750453949 0.17642587037903545 0.018765131632487053 0.020776153534881815
0 0.7505775094032288 0.1762389335771958 0.018765131632487053 0.020776153534881815
0 0.773551344871521 0.17605429471925246 0.018765131632487053 0.020776153534881835
0 0.22292906045913696 0.2319075883829309 0.019574840863545717 0.02071556564449337
0 0.27198299765586853 0.23198387234709983 0.019574840863545773 0.02071556564449337
0 0.29578304290771484 0.23202088388792538 0.019574840863545773 0.02071556564449337
0 0.32083362340927124 0.23149075619010037 0.019409994284311893 0.020297664080479377
0 0.3455592691898346 0.23187120147006468 0.019409994284311893 0.020297664080479377
0 0.3701435923576355 0.2322494722660355 0.019409994284311893 0.020297664080479377
0 0.4179573953151703 0.23324871955753101 0.018581092357635498 0.02092873033627062
0 0.4416438341140747 0.23290119983361113 0.018501977125803593 0.020663682804551234
0 0.46585527062416077 0.23311364373495413 0.018501977125803593 0.020663682804551234
0 0.5137693285942078 0.23369010659151299 0.01864580313364672 0.020653953847959032
0 0.5371997356414795 0.2338231995976348 0.01864580313364672 0.020653953847959032
0 0.5608246922492981 0.23395739771412882 0.01864580313364672 0.020653953847959032
0 0.5845527648925781 0.23409218156620612 0.01864580313364672 0.020653953847959032
0 0.6077994108200073 0.2342242307441179 0.01864580313364672 0.020653953847959032
0 0.2213200479745865 0.291291170342024 0.019987831513086973 0.02164250750874364
0 0.24679384380578995 0.2914295963752886 0.019987831513086946 0.02164250750874364
0 0.27090170979499817 0.2915605998692898 0.019987831513086918 0.02164250750874364
0 0.2954254448413849 0.29169386321903934 0.019987831513086918 0.02164250750874364
0 0.3202650547027588 0.29182884305022483 0.019987831513086918 0.02164250750874364
0 0.3695268929004669 0.29232258020445356 0.019348422686258915 0.020607630411783883
0 0.39423948526382446 0.2923781966914511 0.019348422686258915 0.020607630411783883
0 0.44209176301956177 0.2924858897875243 0.019348422686258915 0.020607630411783883
0 0.46601492166519165 0.29253972962845204 0.019348422686258915 0.020607630411783883
0 0.4895486533641815 0.29269118477895495 0.01919885476430261 0.020731578501620006
0 0.5135456919670105 0.29284562161624456 0.019198854764302498 0.020731578501620006
0 0.5605486035346985 0.293148116483468 0.019198854764302498 0.020731578501620006
0 0.5845877528190613 0.29330282433088434 0.019198854764302498 0.020731578501620006
0 0.6088065505027771 0.2933690714805919 0.0195274750391643 0.02135987984117614
0 0.632530689239502 0.29343396555960843 0.0195274750391643 0.02135987984117614
0 0.6564436554908752 0.29349937615000576 0.0195274750391643 0.02135987984117614
0 0.6804817914962769 0.293565129124841 0.0195274750391643 0.02135987984117614
0 0.22278721630573273 0.35095272507778436 0.019478420416514097 0.02118299913036728
0 0.2465990036725998 0.3511922988278957 0.01947842041651407 0.02118299913036728
0 0.27070167660713196 0.3515353313712187 0.01933145523071289 0.021439101344855285
0 0.29573318362236023 0.35159354382742486 0.01933145523071289 0.021439101344855285
0 0.32034599781036377 0.35157702855305 0.01916372776031494 0.021414675453836577
0 0.34528040885925293 0.35168013461800507 0.01916372776031494 0.021414675453836577
0 0.3943367600440979 0.35188298710655225 0.01916372776031494 0.021414675453836577
0 0.4179384112358093 0.3519805820878834 0.01916372776031494 0.021414675453836577
0 0.44173184037208557 0.3520789700885152 0.01916372776031494 0.021414675453836577
0 0.46580830216407776 0.352178528455005 0.01916372776031494 0.021414675453836577
0 0.5141271352767944 0.3521640541888427 0.018489499886830574 0.020778508149376183
0 0.5373250842094421 0.3527329455130749 0.018243114153544182 0.020099935605544426
0 0.5608940124511719 0.3526339641837187 0.018243114153544182 0.020099935605544426
0 0.5842000246047974 0.35253608701080275 0.018243114153544182 0.020099935605544426
0 0.6087661981582642 0.35243291759679385 0.018243114153544182 0.020099935605544426
0 0.6321878433227539 0.35233455480531206 0.018243114153544182 0.020099935605544426
0 0.6565736532211304 0.3522321428561384 0.018243114153544182 0.020099935605544426
0 0.680383563041687 0.35261945106918113 0.0188790957132976 0.020750489345816678
0 0.7044647932052612 0.35276180089906206 0.0188790957132976 0.020750489345816678
0 0.22215889394283295 0.4118291278218114 0.01991956432660419 0.022934048674827397
0 0.24652938544750214 0.4110371345697447 0.019161810477574676 0.021433837654054683
0 0.27111580967903137 0.4113589033636634 0.019161810477574703 0.021433837654054683
0 0.29552924633026123 0.4116784082250739 0.019161810477574703 0.021433837654054683
0 0.3199128210544586 0.4119975222758422 0.019161810477574703 0.021433837654054683
0 0.3448299467563629 0.4123236190441043 0.019321858882904053 0.021788870641427503
0 0.3692258596420288 0.4121475983174779 0.019321858882904053 0.021788870641427503
0 0.39334747195243835 0.411973556716896 0.019321858882904053 0.021788870641427503
0 0.41748952865600586 0.411799367606485 0.019321858882904053 0.021788870641427503
0 0.4654054045677185 0.41145364628281705 0.019321858882904053 0.021788870641427503
0 0.48885577917099 0.41159718531896994 0.018837253252665165 0.020942037419755276
0 0.5133796334266663 0.4117472950917206 0.018837253252665276 0.020942037419755276
0 0.5367370247840881 0.4118697144264399 0.01844688256581617 0.021064640015594664
0 0.5602142214775085 0.41196619387687866 0.01844688256581617 0.021064640015594664
0 0.5844936966896057 0.41206597028783587 0.01844688256581617 0.021064640015594664
0 0.6080119013786316 0.4121626182604765 0.01844688256581617 0.021064640015594664
0 0.6319164633750916 0.4122608539670013 0.01844688256581617 0.021064640015594664
0 0.6562495231628418 0.4123378505147156 0.018441756566365486 0.0210272027540576
0 0.6804330348968506 0.411705943104634 0.01905294259389234 0.021396489106407516
0 0.7043286561965942 0.41206042584576763 0.01905294259389234 0.021396489106407516
0 0.7286277413368225 0.41242089382437774 0.01905294259389234 0.021396489106407516
0 0.2217799723148346 0.47129878599789876 0.019130676984786987 0.02078013457069096
0 0.2462209314107895 0.4712743980939998 0.018609931071599334 0.020526826843734913
0 0.2708723247051239 0.4712869020445169 0.01860993107159936 0.020526826843734913
0 0.29421040415763855 0.47129873984155946 0.01860993107159936 0.020526826843734913
0 0.34441858530044556 0.4713242069867655 0.01860993107159936 0.020526826843734913
0 0.39470967650413513 0.47134971618652344 0.01860993107159936 0.020526826843734913
0 0.4175303876399994 0.47075085567032277 0.01896713177363074 0.02064043976539789
0 0.441718727350235 0.4709514795347702 0.01853279272715247 0.020773835884508183
0 0.4661504030227661 0.4712026428928578 0.018561720848083496 0.02063863591630324
0 0.513751745223999 0.47088112783508673 0.018588105837504143 0.02064295332561173
0 0.537459671497345 0.47088853702988737 0.018588105837504143 0.02064295332561173
0 0.5606188178062439 0.47089577472011984 0.018588105837504143 0.02064295332561173
0 0.5837908983230591 0.4709030164525475 0.018588105837504143 0.02064295332561173
0 0.6081424355506897 0.470910626788472 0.018588105837504143 0.02064295332561173
0 0.6322160959243774 0.4709181502823963 0.018588105837504143 0.02064295332561173
0 0.656347393989563 0.47057568959126017 0.01829294363657641 0.02060081422791006
0 0.6802483201026917 0.47039488858954853 0.018376628557841057 0.02051949316216988
0 0.7043198347091675 0.4702227167943388 0.018499652544657463 0.020479542340419144
0 0.2207537740468979 0.5311847065770349 0.01941952109336853 0.02091565982315897
0 0.24611100554466248 0.5310061197391558 0.01941952109336853 0.02091565982315897
0 0.27053919434547424 0.531130546747252 0.019713183244069454 0.020763929500136266
0 0.2959054708480835 0.5302538317303325 0.019504964351654053 0.02057396349056741
0 0.3202710747718811 0.5302814643010647 0.019504964351654053 0.02057396349056741
0 0.34460559487342834 0.5303090616202218 0.019504964351654053 0.02057396349056741
0 0.3696364164352417 0.5303635264551917 0.019094844659169552 0.020558379417242006
0 0.3940782845020294 0.5302969867607182 0.019094844659169552 0.020558379417242006
0 0.4178955554962158 0.5302321474476669 0.019094844659169552 0.020558379417242006
0 0.44207608699798584 0.5301521212555641 0.018413960933685303 0.020379206930944218
0 0.4662407636642456 0.5301336152614238 0.018413960933685303 0.020379206930944218
0 0.4903900921344757 0.5301151210213669 0.018413960933685303 0.020379206930944218
0 0.5142014026641846 0.5300968856450272 0.018413960933685303 0.020379206930944218
0 0.5378761291503906 0.5300787548686183 0.018413960933685303 0.020379206930944218
0 0.5610297918319702 0.530287409937659 0.018129905064900642 0.020346944646317776
0 0.5849183797836304 0.5302449038811455 0.018129905064900642 0.020346944646317776
0 0.6089028120040894 0.5302022272845434 0.018129905064900642 0.020346944646317776
0 0.6329020857810974 0.5301595242796813 0.018129905064900642 0.020346944646317776
0 0.6570305824279785 0.5301165913426599 0.018129905064900642 0.020346944646317776
0 0.6808205842971802 0.5300894317842207 0.01873159408569336 0.020698636077171147
0 0.7052516937255859 0.5297187510101065 0.018794258435567146 0.02098287538040516
0 0.7292876839637756 0.529807911362759 0.018794258435567146 0.02098287538040516
0 0.7767002582550049 0.5299837860324554 0.018794258435567146 0.02098287538040516
0 0.8008028864860535 0.5300731935755455 0.018794258435567146 0.02098287538040516
0 0.8247588872909546 0.5301620572112328 0.018794258435567146 0.02098287538040516
0 0.8485307097434998 0.530250237646158 0.018794258435567146 0.02098287538040516
0 0.8729914426803589 0.5300356878522201 0.01912315686543775 0.021399741949037064
0 0.22032153606414795 0.591460338858671 0.0205945571263631 0.022110340207122093
0 0.27044054865837097 0.5912523726182891 0.020594557126363155 0.022110340207122093
0 0.2948451042175293 0.5911511071821777 0.020594557126363155 0.022110340207122093
0 0.3198716342449188 0.5910472608953056 0.020594557126363155 0.022110340207122093
0 0.3448902666568756 0.5909434473791788 0.020594557126363155 0.022110340207122093
0 0.36890149116516113 0.59065029233001 0.020307143529256222 0.022116727607194766
0 0.21931572258472443 0.6533595521140061 0.019709870219230652 0.021769087443980192
0 0.2446899339556694 0.6533659587650845 0.01994200547536215 0.021912626517835567
0 0.2695293724536896 0.6529678522154342 0.019865671793619755 0.02200568738833884
0 0.29374241828918457 0.652610480985584 0.019865671793619755 0.02200568738833884
0 0.31858259439468384 0.6522438536581165 0.019865671793619755 0.02200568738833884
0 0.3431033790111542 0.6518819403732362 0.019865671793619755 0.02200568738833884
0 0.3677403926849365 0.6515183116114417 0.019865671793619755 0.02200568738833884
0 0.3926036059856415 0.651153926896131 0.01979541778564453 0.022161646406779974
0 0.21784524619579315 0.7152941060620684 0.019876708587010683 0.022260414537533253
0 0.24294446408748627 0.7151285215865734 0.019610693057378142 0.022071631379829766
0 0.2678970396518707 0.7148585748214529 0.01961069305737817 0.022071631379829766
0 0.292400985956192 0.7145934815039127 0.01961069305737817 0.022071631379829766
0 0.317488431930542 0.714322075657713 0.01961069305737817 0.022071631379829766
0 0.3420940935611725 0.7140558819438136 0.01961069305737817 0.022071631379829766
0 0.3662692606449127 0.71373990586556 0.01967908938725793 0.021957308747047603
0 0.21730190515518188 0.7778437846533081 0.020021547873814882 0.0218059924221777
0 0.24249987304210663 0.7774741594181505 0.02002154787381491 0.0218059924221777
0 0.2676224112510681 0.7768479280693587 0.020060380299886105 0.02217167107633831
0 0.29216885566711426 0.7766257671122763 0.020060380299886105 0.02217167107633831
0 0.3170326352119446 0.7764007340701483 0.020060380299886105 0.02217167107633831
0 0.3419279456138611 0.77617541565368 0.020060380299886105 0.02217167107633831
0 0.3665730953216553 0.7759523613508358 0.020060380299886105 0.02217167107633831
0 0.39181482791900635 0.7754545877146166 0.020614266395568848 0.022037003391472756
