0 0.18868422508239746 0.18430724705930948 0.018354247013727842 0.019997127296388605
0 0.21064677834510803 0.1829167471476742 0.01830838123957318 0.019722713056460825
0 0.2326924353837967 0.18144582593163777 0.01830838123957318 0.019722713056460846
0 0.2547491788864136 0.1799741650091379 0.01830838123957315 0.019722713056460825
0 0.2774367332458496 0.17846041538540433 0.018308381239573124 0.019722713056460846
0 0.29952967166900635 0.1769863394803779 0.018308381239573124 0.019722713056460846
0 0.321297287940979 0.17553396958544604 0.018308381239573124 0.019722713056460846
0 0.36938467621803284 0.17251596144706396 0.01874043544133508 0.01992856994155764
0 0.4173852205276489 0.16944416179213415 0.01874043544133508 0.01992856994155764
0 0.44087502360343933 0.16765571195025775 0.019577980041503906 0.020885120066561454
0 0.4653419554233551 0.1662487930000818 0.019577980041503906 0.020885120066561454
0 0.5151762366294861 0.16338317849993295 0.019577980041503906 0.020885120066561454
0 0.5406224131584167 0.16191995016253538 0.019577980041503906 0.020885120066561454
0 0.5651074051856995 0.16051199269849198 0.019577980041503906 0.020885120066561454
0 0.5902413725852966 0.15904078372689182 0.019883592923482185 0.021534306134364415
0 0.6158921122550964 0.1575337415877054 0.019883592923482185 0.021534306134364415
0 0.6422351598739624 0.1563007366262209 0.02022178967793775 0.021378746328427824
0 0.6680041551589966 0.15494272320769556 0.02022178967793775 0.021378746328427824
0 0.18677669763565063 0.21078506735868233 0.017321725686391176 0.019801162010015444
0 0.20790934562683105 0.20979075829514865 0.017321725686391176 0.019801162010015444
0 0.23024295270442963 0.20873994308505647 0.017321725686391176 0.019801162010015444
0 0.275870680809021 0.20659311966653454 0.01732172568639123 0.019801162010015444
0 0.2980988323688507 0.20554726622825445 0.01732172568639123 0.019801162010015444
0 0.3210896849632263 0.20353156285621368 0.01828966538111365 0.020205771276193045
0 0.34504175186157227 0.20231989927070085 0.01828279097874963 0.02010824144348615
0 0.36863094568252563 0.20110349695881008 0.01828279097874963 0.02010824144348615
0 0.3926650881767273 0.19986415038697897 0.01828279097874963 0.02010824144348615
0 0.44135960936546326 0.19735316469581984 0.01828279097874963 0.02010824144348615
0 0.4651598632335663 0.19612587884415028 0.01828279097874963 0.02010824144348615
0 0.49039754271507263 0.19483912679306178 0.01888773838678992 0.020796454230020214
0 0.5400190949440002 0.19230915433043672 0.01888773838679003 0.020796454230020214
0 0.5652984380722046 0.19102027804352517 0.01888773838679003 0.020796454230020214
0 0.5909539461135864 0.18971222285492684 0.01888773838679003 0.020796454230020214
0 0.6167374849319458 0.18828815083171047 0.019247372945149666 0.021045555440030363
0 0.6431318521499634 0.1871041795993734 0.01962721347808838 0.02143167525298835
0 0.6687394976615906 0.1859282227449639 0.01962721347808838 0.02143167525298835
0 0.6944881677627563 0.18474578974527064 0.01962721347808838 0.02143167525298837
0 0.14126963913440704 0.24132969276622382 0.017473891377449036 0.019643502642017897
0 0.18468144536018372 0.23980892088085207 0.017772898077964783 0.019929205724435232
0 0.20628789067268372 0.23873905802881995 0.017772898077964783 0.019929205724435232
0 0.22845250368118286 0.23766525564541455 0.017909730474154173 0.02010083753009175
0 0.2514736279845238 0.23649385601676504 0.017961541811625154 0.020451848821122543
0 0.27384868264198303 0.23539372377617415 0.017961541811625126 0.020451848821122543
0 0.2971463203430176 0.23424823015585042 0.017961541811625126 0.020451848821122543
0 0.32037580013275146 0.23310608771016383 0.017961541811625126 0.020451848821122543
0 0.3438490927219391 0.23195195752520895 0.017961541811625126 0.020451848821122543
0 0.368181437253952 0.23075558964505677 0.017961541811625126 0.020451848821122543
0 0.41527289152145386 0.2292992126109988 0.01886894305547082 0.020739281824392893
0 0.44037696719169617 0.22792365026177389 0.01886894305547082 0.020739281824392893
0 0.4644940495491028 0.22660216960262622 0.01886894305547082 0.020739281824392893
0 0.5141385197639465 0.2238819314639361 0.01886894305547071 0.020739281824392893
0 0.5654442310333252 0.22107066664584848 0.01886894305547071 0.020739281824392893
0 0.590862512588501 0.2199899762175804 0.019196808338165283 0.020905132441557683
0 0.6163588166236877 0.21890419052904384 0.019424796104431152 0.02111418672310292
0 0.6421340107917786 0.21765223214792648 0.019424796104431152 0.02111418672310292
0 0.6684864163398743 0.2168947929559752 0.019588708877563477 0.021269997885060864
0 0.13901160657405853 0.2698187495386878 0.01757092277208966 0.02016156218772711
0 0.16063807904720306 0.26898638093011906 0.01757092277208966 0.02016156218772711
0 0.1824788600206375 0.2681457639274392 0.01757092277208966 0.02016156218772711
0 0.20469273626804352 0.26729078707969245 0.01757092277208966 0.02016156218772711
0 0.22732117772102356 0.2664198542750159 0.017587224642435728 0.020355742107066047
0 0.249962717294693 0.2654308911611706 0.0175872246424357 0.020355742107066047
0 0.2726461887359619 0.2644074240396189 0.01782468954722083 0.020482795183048692
0 0.29578790068626404 0.2631153406494601 0.017958243687947628 0.020616073016972478
0 0.34320443868637085 0.26135817239450854 0.017958243687947628 0.020616073016972478
0 0.3668467402458191 0.26048203289705807 0.017958243687947628 0.020616073016972478
0 0.39157727360725403 0.259565565563432 0.017958243687947628 0.020616073016972478
0 0.4154006242752075 0.25868271672448445 0.017958243687947628 0.020616073016972478
0 0.46422675251960754 0.2568733116902523 0.017958243687947628 0.020616073016972478
0 0.48909232020378113 0.25613460472752425 0.019588510195414188 0.021704740302507266
0 0.5138872265815735 0.2548316245855287 0.0195885101954143 0.021704740302507266
0 0.5389738082885742 0.25351331681308853 0.0195885101954143 0.021704740302507266
0 0.5900146961212158 0.2508311020766248 0.0195885101954143 0.021704740302507266
0 0.6157839298248291 0.2494769207266874 0.0195885101954143 0.021704740302507266
0 0.6423815488815308 0.24807920746545548 0.0195885101954143 0.021704740302507266
0 0.668748140335083 0.2470163404914769 0.019448836644490486 0.021621851958045692
0 0.1813773363828659 0.2967240533163381 0.016876409451166807 0.01971945651741915
0 0.20315100252628326 0.2955624097117248 0.01727217435836792 0.019993612008501364
0 0.2254483848810196 0.294894817263581 0.01727217435836792 0.019993612008501364
0 0.24821214377880096 0.2942132613172483 0.01727217435836792 0.019993612008501364
0 0.27151942253112793 0.2935154321714638 0.01727217435836792 0.019993612008501364
0 0.29483556747436523 0.29281733756841616 0.01727217435836792 0.019993612008501364
0 0.31818118691444397 0.29211836048727347 0.01727217435836792 0.019993612008501364
0 0.3420751094818115 0.2917853124335592 0.018283645311991337 0.020789686099503366
0 0.3665517568588257 0.2908496856689453 0.018283645311991337 0.020789686099503366
0 0.39053094387054443 0.28995185674623003 0.01852208375930786 0.02090881406798846
0 0.4148299992084503 0.28900593214458414 0.01852208375930786 0.02090881406798846
0 0.4387303292751312 0.2880755293003937 0.01852208375930786 0.02090881406798846
0 0.46316322684288025 0.2871243944279704 0.01852208375930786 0.02090881406798846
0 0.48847219347953796 0.28613915554312774 0.01852208375930786 0.02090881406798846
0 0.5139124989509583 0.2846764187480128 0.01970120271046949 0.021841256193412338
0 0.5384494662284851 0.28379027218863995 0.01970120271046949 0.021841256193412338
0 0.5639439821243286 0.28286954399560577 0.01970120271046949 0.021841256193412338
0 0.5895752906799316 0.28194387556919126 0.01970120271046949 0.021841256193412338
0 0.6149908900260925 0.2810259974280069 0.01970120271046949 0.021841256193412338
0 0.17948156595230103 0.32558880295864373 0.01743797461191815 0.020534707594287514
0 0.20153120160102844 0.3252270277156386 0.017255832751591982 0.02027427318484284
0 0.2242315262556076 0.3244766176341951 0.017255832751591982 0.02027427318484284
0 0.24701543152332306 0.32372344460835917 0.01725583275159201 0.02027427318484284
0 0.2701050341129303 0.3229601660727691 0.017255832751592037 0.02027427318484284
0 0.29374995827674866 0.3221785301385924 0.017255832751592037 0.02027427318484284
0 0.3176994323730469 0.3218236524005269 0.017431090275446537 0.020278501880261354
0 0.3656401038169861 0.32054055814736987 0.017431090275446537 0.020278501880261354
0 0.38978955149650574 0.3201449213753656 0.01770063241322839 0.02063853241676508
0 0.4387103319168091 0.3184909082822518 0.018562157948811886 0.02102730625359584
0 0.4629831612110138 0.3175507164551552 0.018562157948811886 0.02102730625359584
0 0.4880995750427246 0.3162498448896823 0.019420703252156613 0.021519283915674963
0 0.5379730463027954 0.31464603335358377 0.019328077634175544 0.021701191746911336
0 0.5629608035087585 0.31389111494910077 0.019328077634175544 0.021701191746911336
0 0.5889490842819214 0.3123442709521448 0.020438869794209724 0.021733808887097292
0 0.6420416831970215 0.3112994349280069 0.020557403564453125 0.022040064020674332
0 0.6683282852172852 0.3107178273813265 0.020557403564453125 0.022040064020674332
0 0.694625198841095 0.3101359916839541 0.020557403564453125 0.022040064020674332
0 0.7218816876411438 0.309532924784326 0.020557403564453125 0.022040064020674332
0 0.7479901313781738 0.30895525910133537 0.020557403564453125 0.022040064020674332
0 0.17748013138771057 0.35456610834875774 0.017766863107681274 0.020591366198635812
0 0.22300481796264648 0.3536228824791707 0.017766863107681274 0.020591366198635812
0 0.2459283322095871 0.35320619095203487 0.017769028743108123 0.02074460465778679
0 0.26894548535346985 0.3527009234964528 0.01776902874310815 0.02074460465778679
0 0.2927441895008087 0.3521784996060825 0.01776902874310815 0.02074460465778679
0 0.34048423171043396 0.3511305207571843 0.01776902874310815 0.02074460465778679
0 0.3650347590446472 0.35059159301048104 0.01776902874310815 0.02074460465778679
0 0.3890487253665924 0.3504737017830734 0.018512527147928837 0.02106904613879297
0 0.4133755564689636 0.35005445258561957 0.018512527147928837 0.02106904613879297
0 0.462636798620224 0.349205483143172 0.018512527147928837 0.02106904613879297
0 0.4872495234012604 0.3471381611884943 0.01880391438802087 0.021418224009432506
0 0.5123598575592041 0.3464570821717728 0.019081433614094978 0.02155324654985765
0 0.5375572443008423 0.3457588156268993 0.019081433614094978 0.02155324654985765
0 0.563313901424408 0.34504505065747715 0.019081433614094978 0.02155324654985765
0 0.588785707950592 0.34433917942896064 0.019081433614094978 0.02155324654985765
0 0.64180988073349 0.3428697807844295 0.019081433614094978 0.02155324654985765
0 0.6691861152648926 0.34293908851091254 0.019298911094665527 0.02159112738084421
0 0.694656491279602 0.341902821563011 0.019369125366210938 0.021753592084544603
0 0.17627011239528656 0.38433265686035156 0.017694244782129942 0.020566385845805325
0 0.2216147929430008 0.38349599616472113 0.018020828564961733 0.02091231087381531
0 0.24492590874433517 0.38316593906247937 0.01802082856496176 0.02091231087381531
0 0.2680395543575287 0.38294858710710394 0.018090347448984745 0.02051815506099736
0 0.29190272092819214 0.382554156148839 0.018090347448984745 0.02051815506099736
0 0.3158719837665558 0.3821579715401348 0.018090347448984745 0.020518155060997318
0 0.33982959389686584 0.3818210335664971 0.018374820550282833 0.02098351855610692
0 0.3883771300315857 0.38076421434513835 0.018374820550282833 0.02098351855610692
0 0.4127897620201111 0.3802327818403489 0.018374820550282833 0.02098351855610692
0 0.4371204674243927 0.37970313277496476 0.018374820550282833 0.02098351855610692
0 0.4621243476867676 0.37915882953377655 0.018374820550282833 0.02098351855610692
0 0.4863135814666748 0.37846599623214366 0.018585999806722042 0.021227821823238416
0 0.5371502041816711 0.37718969752385384 0.01858599980672193 0.021227821823238416
0 0.5627274513244629 0.376491761745001 0.019146541754404778 0.0217081114303234
0 0.5889403820037842 0.37581452249704106 0.019146541754404778 0.0217081114303234
0 0.6144785284996033 0.37515471702398256 0.019146541754404778 0.0217081114303234
0 0.17458142340183258 0.41343547022619914 0.017898971835772215 0.02082114995912064
0 0.22026294469833374 0.41322993013331266 0.017898971835772215 0.02082114995912064
0 0.24331138283014297 0.41312622565981766 0.017898971835772187 0.02082114995912064
0 0.29099905490875244 0.41291165906329486 0.01789897183577216 0.02082114995912064
0 0.3149339556694031 0.41263589193654615 0.018254061539967892 0.020883486252422426
0 0.3387634754180908 0.4121915049889992 0.018254061539967892 0.020883486252422426
0 0.36318132281303406 0.4117361465602964 0.018254061539967892 0.020883486252422426
0 0.4121847450733185 0.41082230182203644 0.018254061539967892 0.020883486252422426
0 0.4365549087524414 0.41036783262740734 0.018254061539967892 0.020883486252422426
0 0.4860847592353821 0.40970500679903255 0.01853819688161218 0.021001268726910785
0 0.5109376311302185 0.4093586179041916 0.018538196881612068 0.021001268726910785
0 0.5360620617866516 0.4085751023403434 0.019621531168619866 0.021805607995321583
0 0.5619319677352905 0.40820427828056866 0.019868969917297363 0.02200006884197856
0 0.5879384875297546 0.407863113163036 0.019868969917297363 0.02200006884197856
0 0.6140496730804443 0.40752057499346456 0.019868969917297363 0.02200006884197856
0 0.6407314538955688 0.40717055150090514 0.019868969917297363 0.02200006884197856
0 0.6672955751419067 0.4068220715190089 0.019868969917297363 0.02200006884197856
0 0.17288082838058472 0.4422666860181232 0.01761457324028015 0.02086376219756849
0 0.19567762315273285 0.4427624635918196 0.017941107352574648 0.020870652309683865
0 0.2185823917388916 0.44276697009877153 0.017941107352574648 0.020870652309683865
0 0.24202241003513336 0.44277158191595756 0.017941107352574676 0.020870652309683865
0 0.2655785381793976 0.44277621657772437 0.017941107352574703 0.020870652309683865
0 0.2892387807369232 0.44278087172397346 0.017941107352574703 0.020870652309683865
0 0.3376922607421875 0.44249964887292953 0.01795206467310584 0.02082174138505324
0 0.3617778420448303 0.44240241826966753 0.01795206467310584 0.02082174138505324
0 0.41120168566703796 0.4420135015632941 0.018811523914337158 0.021401664083318138
0 0.43560194969177246 0.44164138616517534 0.018811523914337158 0.021401664083318138
0 0.46033209562301636 0.4412642399142408 0.018811523914337158 0.021401664083318138
0 0.5103471279144287 0.4405014873622939 0.018811523914337158 0.021401664083318138
0 0.5354442000389099 0.4401187453159066 0.018811523914337158 0.021401664083318138
0 0.5610771775245667 0.43960877351982647 0.02035081386566162 0.022068822106649708
0 0.613922655582428 0.4392085867098038 0.02035081386566162 0.022068822106649708
0 0.6403566598892212 0.4390084079954003 0.02035081386566162 0.022068822106649708
0 0.6676750779151917 0.43880153181665316 0.02035081386566162 0.022068822106649708
0 0.6947553157806396 0.4385964593221975 0.02035081386566162 0.022068822106649708
0 0.7220182418823242 0.438313794910749 0.020567258199055916 0.02234135117641715
0 0.12784357368946075 0.4739875349887582 0.017643362283706665 0.02108826748160429
0 0.15025638043880463 0.47334249629530795 0.01770396033922833 0.02087757199309593
0 0.19441814720630646 0.47322418221807966 0.01770396033922833 0.02087757199309593
0 0.2179206907749176 0.4731904850449673 0.017850428819656372 0.02091985894728071
0 0.24011650681495667 0.4731175756935948 0.017850428819656372 0.02091985894728071
0 0.2889346182346344 0.4729572167848518 0.017850428819656372 0.02091985894728071
0 0.312831312417984 0.4728787203479687 0.017850428819656372 0.02091985894728071
0 0.336239218711853 0.47299425128660694 0.018478333950042725 0.021272555802219654
0 0.36100444197654724 0.47278315521949943 0.018478333950042725 0.021272555802219654
0 0.3853817880153656 0.47257536537564 0.018478333950042725 0.021272555802219654
0 0.40990573167800903 0.4726982560268668 0.018748025099436405 0.02154138845990789
0 0.4593205451965332 0.4719451194585756 0.018823683261871338 0.021742059278857747
0 0.4842473864555359 0.4718455417550594 0.018823683261871338 0.021742059278857747
0 0.5095239877700806 0.471744566830662 0.018823683261871338 0.021742059278857747
0 0.5351437330245972 0.47164222111543064 0.018823683261871338 0.021742059278857747
0 0.5612189769744873 0.4715380557747774 0.018823683261871338 0.021742059278857747
0 0.5867626667022705 0.47147116550179413 0.01892554759979248 0.021909462389095753
0 0.6135072112083435 0.47137630852420065 0.01892554759979248 0.021909462389095753
0 0.6401325464248657 0.4715311658525208 0.019370873769124275 0.022297822227773795
0 0.12698716297745705 0.5034243117931277 0.017367539306481675 0.020291794178097747
0 0.1709510236978531 0.5035005613814952 0.017744640509287535 0.020339285680490003
0 0.1936362385749817 0.5034991565777199 0.017744640509287535 0.020339285680490003
0 0.2162477672100067 0.5034977563370361 0.017744640509287535 0.020339285680490003
0 0.26425132155418396 0.5034947836707095 0.01774464050928748 0.020339285680490003
0 0.28770628571510315 0.5034933311994686 0.01774464050928748 0.020339285680490003
0 0.3118744194507599 0.5034167360628681 0.018065651257832882 0.020899661751680596
0 0.3355006277561188 0.5034806016370404 0.018065651257832882 0.020899661751680596
0 0.35981881618499756 0.5035463377486827 0.01848260561625159 0.02153408434963971
0 0.3841021656990051 0.5035397215116522 0.01848260561625159 0.02153408434963971
0 0.40852367877960205 0.503533067630601 0.01848260561625159 0.02153408434963971
0 0.4331720769405365 0.5035263519324819 0.01848260561625159 0.02153408434963971
0 0.48371097445487976 0.503144903515319 0.019228339195251465 0.021846948668014173
0 0.5092812776565552 0.5031794614570085 0.019228339195251465 0.021846948668014173
0 0.5347997546195984 0.5032139493561915 0.019228339195251465 0.021846948668014173
0 0.5606299042701721 0.5032488584770735 0.019228339195251465 0.021846948668014173
0 0.5868040919303894 0.5032842325609784 0.019228339195251465 0.021846948668014173
0 0.1254897452890873 0.5335472086742992 0.017623831828435257 0.02084116972694096
0 0.14654773473739624 0.53358242123626 0.017623831828435244 0.02084116972694096
0 0.19173508882522583 0.5336579822250984 0.017623831828435244 0.02084116972694096
0 0.21476314961910248 0.5336964890834826 0.017623831828435244 0.02084116972694096
0 0.23856836557388306 0.5337362954782885 0.017623831828435244 0.02084116972694096
0 0.26198428869247437 0.5337754509088536 0.0176238318284353 0.02084116972694096
0 0.28583523631095886 0.5341182315825694 0.0181292096773783 0.02156782519909757
0 0.30988386273384094 0.5345145275644863 0.018577555815378788 0.021683448968931686
0 0.33413395285606384 0.534598283989485 0.018577555815378788 0.021683448968931686
0 0.35837307572364807 0.5346820025351176 0.018577555815378788 0.021683448968931686
0 0.38310232758522034 0.5347674139178539 0.018577555815378788 0.021683448968931686
0 0.4079025089740753 0.5348530702812727 0.018577555815378788 0.021683448968931686
0 0.4322584867477417 0.5349371924274333 0.018577555815378788 0.021683448968931686
0 0.48293590545654297 0.5344712900560956 0.018628140290578243 0.021730349045391176
0 0.5085440874099731 0.5353670785593432 0.019812464714050293 0.022307107614916423
0 0.5343903303146362 0.535501849765405 0.019812464714050293 0.022307107614916423
0 0.5602537989616394 0.535636710792416 0.019812464714050293 0.022307107614916423
0 0.586801290512085 0.5357751385502671 0.019812464714050293 0.022307107614916423
0 0.6132022142410278 0.5359128020530524 0.019812464714050293 0.022307107614916423
0 0.6401742100715637 0.5359708621501166 0.02096005280812574 0.022893535998440583
0 0.6676616072654724 0.5360123454387995 0.02096005280812574 0.022893535998440583
0 0.694668173789978 0.5360531030699264 0.02096005280812574 0.022893535998440583
0 0.12379970028996468 0.5634736792985783 0.01698516557614009 0.021096577015958035
0 0.14528605341911316 0.563759116239326 0.01720325152079266 0.021001594011173692
0 0.16799606382846832 0.5640440655177849 0.01720325152079266 0.021001594011173692
0 0.19033309817314148 0.5643243349542446 0.01720325152079266 0.021001594011173692
0 0.21369929611682892 0.5646175176135374 0.01720325152079266 0.021001594011173692
0 0.23714414238929749 0.5649116870968841 0.01720325152079266 0.021001594011173692
0 0.26080161333084106 0.5652087304513838 0.018144935369491577 0.021475267040637167
0 0.28464698791503906 0.5654534184655478 0.018396655718485477 0.021543281022892442
0 0.30888983607292175 0.5656623840332031 0.018746813138326046 0.021881369657294696
0 0.35769417881965637 0.5660762073401232 0.018746813138326046 0.021881369657294696
0 0.4070069193840027 0.5664943414696929 0.018746813138326046 0.021881369657294696
0 0.4316151440143585 0.5667030002963634 0.018746813138326046 0.021881369657294696
0 0.48240503668785095 0.5671336595402208 0.018746813138326046 0.021881369657294696
0 0.5080723166465759 0.5676174163818359 0.018908282121022524 0.021825095479802513
0 0.5340068936347961 0.567910026304588 0.01971658070882154 0.022733377855877545
0 0.5600031018257141 0.5682033315886512 0.01971658070882154 0.022733377855877545
0 0.58609539270401 0.5684977209369637 0.01971658070882154 0.022733377855877545
0 0.6127076148986816 0.568797976471657 0.01971658070882154 0.022733377855877545
0 0.6397802829742432 0.5691291333219849 0.019869446754455566 0.022922042728394446
0 0.1217404156923294 0.593417766482331 0.018086860577265426 0.021456311839495465
0 0.143828347325325 0.5938765541104895 0.01808686057726544 0.021456311839495465
0 0.16634492576122284 0.5943442451458699 0.01808686057726544 0.021456311839495465
0 0.21295978128910065 0.595312480622144 0.01808686057726544 0.021456311839495465
0 0.2364502251148224 0.5958003997802734 0.01808686057726544 0.021456311839495465
0 0.25993844866752625 0.5961057697197548 0.018561790386835697 0.021782778954321045
0 0.3073602616786957 0.5965868484142215 0.01868150631586707 0.021793276764625728
0 0.3320327401161194 0.5970700400047086 0.01885022719701135 0.02196097558783012
0 0.356435626745224 0.5973858500635901 0.01885022719701135 0.02196097558783012
0 0.3810462951660156 0.5977043491313935 0.01885022719701135 0.02196097558783012
0 0.4062604308128357 0.5980306579728144 0.01885022719701135 0.02196097558783012
0 0.43162116408348083 0.5983588640079942 0.01885022719701135 0.02196097558783012
0 0.48168742656707764 0.5990067967523139 0.01885022719701135 0.02196097558783012
0 0.507225826382637 0.5997023215550858 0.019550621509552002 0.02245724108792096
0 0.5333797335624695 0.6001345168712527 0.019550621509552002 0.02245724108792096
0 0.5861408114433289 0.6013212869333666 0.0203594366709392 0.023006971492323766
0 0.612675666809082 0.6017321213591837 0.0203594366709392 0.023006971492323766
0 0.6399279236793518 0.6021540631843489 0.0203594366709392 0.023006971492323766
0 0.6673072576522827 0.6025779725215952 0.0203594366709392 0.023006971492323766
0 0.6945949792861938 0.6030004634413608 0.0203594366709392 0.023006971492323766
0 0.12009895965456963 0.6241112190953328 0.017860492070515946 0.021256350731664795
0 0.1419440358877182 0.6246997478396393 0.017860492070515932 0.021256350731664795
0 0.16493912041187286 0.6253192589860316 0.017860492070515932 0.021256350731664795
0 0.18821223080158234 0.6259462604342105 0.017860492070515932 0.021256350731664795
0 0.23452699184417725 0.6271940275680187 0.01853280266125995 0.02192590403002362
0 0.25846341252326965 0.6276327265139935 0.01853280266125998 0.02192590403002362
0 0.2817976474761963 0.6280603887955107 0.018532802661260006 0.02192590403002362
0 0.3302709758281708 0.6289487922181024 0.018532802661260006 0.02192590403002362
0 0.35506588220596313 0.6294032252112101 0.018532802661260006 0.02192590403002362
0 0.37966617941856384 0.6300287468488827 0.01949620246887207 0.02247826627982685
0 0.40470075607299805 0.630533297361338 0.01949620246887207 0.02247826627982685
0 0.43089696764945984 0.631061259633588 0.01949620246887207 0.02247826627982685
0 0.45560920238494873 0.6314098756435143 0.020204583803812626 0.02287262909172112
0 0.5071370005607605 0.6325978123864462 0.02020458380381268 0.02287262909172112
0 0.5330904722213745 0.6331961512187614 0.020204583803812737 0.02287262909172112
0 0.5592795610427856 0.6337999220371595 0.020204583803812737 0.02287262909172112
0 0.5859006643295288 0.6344136526418287 0.020204583803812737 0.02287262909172112
0 0.6131466031074524 0.6350417883843951 0.020204583803812737 0.02287262909172112
0 0.6402252912521362 0.6355814722381733 0.020408590634663826 0.02323097406431686
0 0.6675746440887451 0.6361822527508403 0.020408590634663826 0.02323097406431686
0 0.11849728226661682 0.6543442974087337 0.017796218395233154 0.02132046130276471
0 0.1411992460489273 0.6551940385685411 0.017909228801727295 0.021312624909156978
0 0.16404516994953156 0.6560088701107301 0.017909228801727295 0.021312624909156978
0 0.18636856973171234 0.6568050651059754 0.017909228801727295 0.021312624909156978
0 0.2096693366765976 0.6576361192557875 0.017909228801727295 0.021312624909156978
0 0.23292183876037598 0.6584654519724291 0.017909228801727295 0.021312624909156978
0 0.25678303837776184 0.6584059693092523 0.018519798914591462 0.02189733815747638
0 0.2809092700481415 0.6592472431271575 0.01858268181482947 0.02216900965964153
0 0.304883748292923 0.6599593263796311 0.01858268181482947 0.02216900965964153
0 0.32907944917678833 0.6610122503236283 0.018861154715220096 0.022479951843734913
0 0.35378512740135193 0.6617234119882472 0.018861154715220096 0.022479951843734913
0 0.37896230816841125 0.6624481460199125 0.018861154715220096 0.022479951843734913
0 0.40379777550697327 0.6631630437099717 0.018861154715220096 0.022479951843734913
0 0.429186075925827 0.6638938548953034 0.018861154715220096 0.022479951843734913
0 0.4804159104824066 0.6648175300133851 0.020074526468912723 0.02334488269894622
0 0.5062031149864197 0.6656369941179142 0.02007452646891278 0.02334488269894622
0 0.5328065156936646 0.6664823952522094 0.020074526468912834 0.02334488269894622
0 0.5592818856239319 0.6673237278328158 0.020074526468912834 0.02334488269894622
0 0.5859642624855042 0.6681716386661973 0.020517031351725334 0.023805869642154247
0 0.6127808094024658 0.6687662896096545 0.020517031351725334 0.023805869642154247
0 0.6405349969863892 0.6693817325256558 0.020517031351725334 0.023805869642154247
0 0.6675902605056763 0.669981676956497 0.020517031351725334 0.023805869642154247
0 0.695238471031189 0.6705947698548783 0.020517031351725334 0.023805869642154247
0 0.7229507565498352 0.6712215828213294 0.02061518033345533 0.02378437130950218
0 0.7506123185157776 0.6716075719789018 0.021118760108947754 0.024134377176447487
0 0.11683309450745583 0.6849302298095681 0.018187309304873153 0.021566908488902067
0 0.13953067362308502 0.6859221791112146 0.018187309304873167 0.021566908488902067
0 0.18548505008220673 0.6879305171548449 0.018187309304873167 0.021566908488902067
0 0.20860062539577484 0.6889407340891108 0.018187309304873167 0.021566908488902067
0 0.25572504848241806 0.6910002065259356 0.01818730930487314 0.021566908488902067
0 0.28063100576400757 0.6920886682868332 0.01818730930487311 0.021566908488902067
0 0.30342334508895874 0.6927128450287744 0.01917928457260132 0.022836433824642628
0 0.3278643488883972 0.693300114121548 0.01917928457260132 0.022836433824642628
0 0.352704793214798 0.6937484500662874 0.019506315390268925 0.02301782415818804
0 0.3776649236679077 0.694698688595794 0.019506315390268925 0.02301782415818804
0 0.402898907661438 0.6951030465059502 0.01967511574427283 0.023013772890549244
0 0.4283260703086853 0.6959984822433778 0.01967511574427283 0.023013772890549244
0 0.4537598192691803 0.6968941499225421 0.01967511574427283 0.023013772890549244
0 0.4797409176826477 0.6978090929045724 0.01967511574427283 0.023013772890549244
0 0.5322349071502686 0.6996577063272166 0.019675115744272942 0.023013772890549244
0 0.5587343573570251 0.7011040047605391 0.019644717375437493 0.02325906679611792
0 0.5857154130935669 0.7020057412080987 0.019644717375437493 0.02325906679611792
0 0.6128671169281006 0.7027455263359602 0.020873864491780525 0.023787801579911526
0 0.6402586102485657 0.7033025285395594 0.020873864491780525 0.023787801579911526
0 0.6675372123718262 0.7038572351163787 0.020873864491780525 0.023787801579911526
0 0.6952841281890869 0.7044214647869731 0.020873864491780525 0.023787801579911526
0 0.7223426103591919 0.704971695255187 0.020873864491780525 0.023787801579911526
0 0.16115160286426544 0.7184486065089849 0.018723279237747192 0.022441923156265087
0 0.20685197412967682 0.7204765497251998 0.018723279237747192 0.022441923156265087
0 0.23026993870735168 0.7215157163903249 0.018723279237747192 0.022441923156265087
0 0.254459410905838 0.7225891185244967 0.018723279237747192 0.022441923156265087
0 0.3025835156440735 0.7247246143429779 0.018723279237747192 0.022441923156265087
0 0.32712382078170776 0.7258135846062319 0.018723279237747192 0.022441923156265087
0 0.351814866065979 0.7264352580392598 0.019513865311940548 0.02259560518486555
0 0.40201258659362793 0.7285962578859309 0.019513865311940548 0.02259560518486555
0 0.42741140723228455 0.7296896710315642 0.019513865311940548 0.02259560518486555
0 0.4532703161239624 0.7310276738044167 0.02017066876093543 0.023084167362183508
0 0.4789395034313202 0.7319201092387355 0.02017066876093543 0.023084167362183508
0 0.5052653551101685 0.7328353747902122 0.020170668760935484 0.023084167362183508
0 0.5318759679794312 0.733760540576301 0.02017066876093554 0.023084167362183508
0 0.5588703751564026 0.7346990496613258 0.02017066876093554 0.02308416736218359
0 0.5851610898971558 0.7356130936139949 0.02017066876093554 0.023084167362183508
0 0.1594594419002533 0.749807823536008 0.018384188413619995 0.022227516470029345
0 0.1824655383825302 0.7510721721754167 0.018384188413619995 0.022227516470029345
0 0.20589613914489746 0.7523417805516442 0.01913553476333618 0.022600277449733554
0 0.2293918877840042 0.7534934962494055 0.01913553476333618 0.022600277449733554
0 0.25315865874290466 0.7546584969318229 0.01913553476333618 0.022600277449733554
0 0.27777406573295593 0.7558650960946195 0.01913553476333618 0.022600277449733638
0 0.3013605773448944 0.7570212608159974 0.01913553476333618 0.022600277449733638
0 0.35146448016166687 0.75892852073492 0.019769946734110477 0.022638720135356106
0 0.3766060471534729 0.7601048669149709 0.02012622356414795 0.023072294486585404
0 0.42679813504219055 0.7628266421085458 0.020589470863342285 0.023551526919815782
0 0.4530438780784607 0.7639931079953216 0.020589470863342285 0.023551526919815782
0 0.4789360761642456 0.7651438609291963 0.020589470863342285 0.023551526919815782
0 0.5048659443855286 0.7662962880746925 0.020589470863342285 0.023551526919815782
0 0.5315058827400208 0.7674802735794423 0.020589470863342285 0.023551526919815782
0 0.15746934711933136 0.7815300697504088 0.018865173061688723 0.0223133175872093
0 0.18110933899879456 0.7829282198296976 0.018865173061688723 0.0223133175872093
0 0.20467627048492432 0.7843675835188045 0.01896900931994122 0.02257892697356468
0 0.22804038226604462 0.7855567209324582 0.01896900931994122 0.02257892697356468
0 0.2523850128054619 0.7867957627272929 0.018969009319941194 0.02257892697356468
0 0.27612191438674927 0.7880038736120103 0.018969009319941166 0.02257892697356468
0 0.30068498849868774 0.7892540332882904 0.018969009319941166 0.02257892697356468
0 0.35092175006866455 0.7922055886777639 0.019626915454864502 0.023198445638020725
0 0.40071964263916016 0.7947973397966326 0.019626915454864502 0.023198445638020725
0 0.426602840423584 0.7961444411166879 0.019626915454864502 0.023198445638020725
0 0.4526696801185608 0.7976015558436077 0.020072638988494873 0.023417982944222385
0 0.5047138929367065 0.8003719241120094 0.021087567011515318 0.023811636044997468
0 0.5314613580703735 0.8014602820775886 0.021087567011515373 0.023811636044997468
0 0.5580651760101318 0.8025427950194637 0.021087567011515373 0.023811636044997468
0 0.585033655166626 0.8036401460754552 0.021087567011515373 0.023811636044997468
0 0.6125895380973816 0.8047613986702853 0.021087567011515373 0.023811636044997468
0 0.15546667575836182 0.8129837879309565 0.0190475732088089 0.02276374757751927
0 0.178974449634552 0.8145990593488827 0.0190475732088089 0.02276374757751927
0 0.20359688997268677 0.8162909219781237 0.0190475732088089 0.02276374757751927
0 0.2273852825164795 0.8179254753287203 0.0190475732088089 0.02276374757751927
0 0.25122661143541336 0.8191811997163682 0.019232551256815583 0.02291278691254834
0 0.2750130295753479 0.8205680847167969 0.019232551256815555 0.02291278691254834
0 0.2994791269302368 0.8219945989250694 0.019232551256815555 0.02291278691254834
0 0.3243735432624817 0.8234460865934735 0.019232551256815555 0.02291278691254834
0 0.34962576627731323 0.8249184364496276 0.019232551256815555 0.02291278691254834
0 0.3747837245464325 0.8263852901288824 0.019232551256815555 0.02291278691254834
0 0.4003632366657257 0.8276084190191224 0.019756674766540527 0.023150658422662417
0 0.4515977203845978 0.8305661674514139 0.020224591096242306 0.02357956050902363
0 0.4774509072303772 0.8320297418638717 0.020984450976053837 0.024070562318313952
0 0.5043074488639832 0.8336638260267901 0.020984450976053892 0.024070562318313952
0 0.5307982563972473 0.8352756571271448 0.020984450976053948 0.024070562318313952
0 0.5575520396232605 0.8369034889628371 0.020984450976053948 0.024070562318313952
0 0.5846819281578064 0.838554204896439 0.020984450976053948 0.024070562318313952
0 0.15404100716114044 0.8452505067337391 0.01921534538269043 0.022407768308654423
0 0.17757000029087067 0.8471562585165334 0.019475976626078306 0.022578867830971305
0 0.2017228901386261 0.8486710316194965 0.019475976626078306 0.022578867830971305
0 0.22587232291698456 0.8501855879088288 0.019475976626078306 0.022578867830971305
0 0.24976254254579544 0.8516838873813024 0.01947597662607828 0.022578867830971305
0 0.2987983226776123 0.8547592163085938 0.01947597662607825 0.022578867830971305
0 0.32353675365448 0.8565559210886214 0.01978386441866553 0.023323650507964016
0 0.3482877314090729 0.8581377960914789 0.01978386441866553 0.023323650507964016
0 0.39911139011383057 0.8611549131711176 0.02062257130940759 0.024113972981770725
0 0.42473483085632324 0.8626760338986194 0.02062257130940759 0.024113972981770725
0 0.4508749544620514 0.8642278272052144 0.021039565404256222 0.02428317994110355
0 0.5033207386732101 0.8680932688158612 0.02138778567314148 0.02491511855014535
0 0.530070424079895 0.8695460237002876 0.02138778567314148 0.02491511855014535
0 0.5846877098083496 0.8725122465701943 0.02138778567314148 0.02491511855014535
0 0.6127376556396484 0.8740356176003498 0.02138778567314148 0.02491511855014535
0 0.6405931711196899 0.875548429267351 0.02138778567314148 0.02491511855014535
0 0.6678147912025452 0.8770275079096927 0.02136695384979248 0.024662106536155522
0 0.1528850495815277 0.8775229343148165 0.019819925228754698 0.02294147107028233
0 0.17624695599079132 0.879203482963663 0.019819925228754698 0.02294147107028233
0 0.20040176808834076 0.8809410696195868 0.019819925228754698 0.02294147107028233
0 0.22451059520244598 0.8826753483262173 0.019819925228754698 0.02294147107028233
0 0.24839823693037033 0.8842418581940407 0.02021223803361258 0.023081461588541775
0 0.2727832794189453 0.8859919371443742 0.020212238033612606 0.023081461588541775
0 0.3219960927963257 0.8895238690169063 0.020212238033612606 0.023081461588541775
0 0.347187876701355 0.8913318466226129 0.020212238033612606 0.023081461588541775
0 0.37234556674957275 0.8931373773619186 0.020212238033612606 0.023081461588541775
0 0.39829495549201965 0.8951539400541223 0.021224220593770382 0.023921522983284885
0 0.4500596821308136 0.8986930845545833 0.021224220593770382 0.023921522983284885
0 0.4767465889453888 0.9007907735485893 0.022380590438842773 0.02431724607482448
0 0.5025898814201355 0.9025027252906976 0.022380590438842773 0.02431724607482448
0 0.5298593044281006 0.9043091489989151 0.022380590438842773 0.02431724607482448
0 0.5566428899765015 0.9060833891033562 0.022380590438842773 0.02431724607482448
0 0.583853006362915 0.9078858841297238 0.022380590438842773 0.02431724607482448
0 0.6122568845748901 0.9097674581913548 0.022380590438842773 0.02431724607482448
0 0.6399474143981934 0.9107832797738009 0.0218390623728435 0.02438106093295785
0 0.6671770811080933 0.9122392893440197 0.0218390623728435 0.02438106093295785
