0 0.10437235236167908 0.1466393692548885 0.019650831818580627 0.021716250929721567
0 0.12865718081593513 0.14592537087702773 0.019650831818580627 0.021716250929721567
0 0.1767423450946808 0.14443557206974472 0.01950382192929584 0.021078671595846973
0 0.2021719217300415 0.14340285258374347 0.01950382192929584 0.021078671595846973
0 0.22564780712127686 0.14244947437213185 0.01950382192929584 0.021078671595846973
0 0.24916905164718628 0.1414942540825762 0.019503821929295867 0.021078671595846973
0 0.27414318919181824 0.14048003041467003 0.019503821929295895 0.021078671595846973
0 0.3239198923110962 0.138360810834308 0.0198214054107666 0.02168497928353243
0 0.3487074375152588 0.1375536208356715 0.0198214054107666 0.02168497928353243
0 0.37313488125801086 0.13672578057577445 0.01989828546841943 0.021893626959748957
0 0.3989257216453552 0.13571732827429228 0.01989828546841943 0.021893626959748957
0 0.42428940534591675 0.1347255783034597 0.01989828546841943 0.021893626959748957
0 0.4493919610977173 0.13374403874364724 0.01989828546841943 0.021893626959748957
0 0.5013049989938736 0.13171417768611465 0.019898285468419374 0.021893626959748957
0 0.5270274877548218 0.13075014602306279 0.0200406014919281 0.02221494866896044
0 0.579216718673706 0.12928146691209588 0.02128211657206225 0.0228764807531076
0 0.6051894426345825 0.12833591949108036 0.02128211657206225 0.0228764807531076
0 0.6588866710662842 0.1263810503777845 0.02128211657206225 0.0228764807531076
0 0.6863691806793213 0.12538053860525014 0.02128211657206225 0.0228764807531076
0 0.7133199572563171 0.12439938478691634 0.02128211657206225 0.0228764807531076
0 0.7401760816574097 0.12342167681896594 0.02128211657206225 0.0228764807531076
0 0.7672770023345947 0.1227068021160522 0.02169966697692871 0.022675943004992594
0 0.7946191430091858 0.1218491044155387 0.02169966697692871 0.022675943004992594
0 0.8215804100036621 0.12100335437060594 0.02169966697692871 0.022675943004992594
0 0.10493263602256775 0.17803722758625828 0.0191611647605896 0.021032677140346793
0 0.15228396654129028 0.17496743313101834 0.01879093050956726 0.02129718869231468
0 0.17571888864040375 0.1742109807466256 0.01879093050956726 0.02129718869231468
0 0.22451412677764893 0.17253453701909144 0.019069830576578795 0.021557231282078943
0 0.24971920251846313 0.17187329225761946 0.019069830576578767 0.021557231282078943
0 0.27315235137939453 0.1715356525363121 0.019374152024587032 0.021710454955581535
0 0.29816746711730957 0.17064741045929666 0.019374152024587032 0.021710454955581535
0 0.32287338376045227 0.16964185756251532 0.019411583741505978 0.021724737891855153
0 0.3479377329349518 0.16885442511979923 0.019411583741505978 0.021724737891855153
0 0.37320268154144287 0.16806069055849865 0.019411583741505978 0.021724737891855153
0 0.3986733853816986 0.16726049190171344 0.019411583741505978 0.021724737891855153
0 0.424304723739624 0.1664552466813908 0.019411583741505978 0.021724737891855153
0 0.44971704483032227 0.16565688220233651 0.019411583741505978 0.021724737891855153
0 0.4755273759365082 0.1649369528127271 0.020003437995910645 0.022109475246695584
0 0.5273129940032959 0.1633008697206329 0.020003437995910645 0.022109475246695584
0 0.5525600910186768 0.1625032284045043 0.020003437995910645 0.022109475246695584
0 0.5797610878944397 0.16164385677319254 0.020003437995910645 0.022109475246695584
0 0.6058675646781921 0.16081906473913857 0.020003437995910645 0.022109475246695584
0 0.632344663143158 0.1600479392553025 0.02020307381947828 0.022228470144345792
0 0.10370901226997375 0.20675312017205974 0.01841597507397333 0.02109620737475018
0 0.1270977295935154 0.20651951182948447 0.01852593819300334 0.021022589631782974
0 0.15088556706905365 0.2058239648508471 0.018593549728393555 0.021212673926538247
0 0.1992228627204895 0.20421059067749606 0.018593549728393555 0.021212673926538247
0 0.22327807545661926 0.20340768976134221 0.018593549728393555 0.021212673926538247
0 0.2483523190021515 0.2025707762268244 0.018593549728393555 0.021212673926538247
0 0.2727324068546295 0.20175703181776888 0.018593549728393555 0.021212673926538247
0 0.2978934049606323 0.2010256523309752 0.019535621007283566 0.02184660859810292
0 0.3228207528591156 0.20059541641346484 0.019535621007283566 0.02184660859810292
0 0.34784582257270813 0.2002622098173647 0.019629697004953983 0.021993267443753
0 0.37292933464050293 0.1997305626092955 0.019629697004953983 0.021993267443753
0 0.42462316155433655 0.1986349074761997 0.019629697004953983 0.021993267443753
0 0.4495776295661926 0.19798560475194177 0.020230094591776493 0.022130644598672557
0 0.4752899706363678 0.19718136831309144 0.020230094591776493 0.022130644598672557
0 0.5012974292039871 0.19636790112218552 0.02023009459177655 0.022130644598672557
0 0.5537709593772888 0.19472662213769693 0.020230094591776604 0.022130644598672557
0 0.5797908306121826 0.1939127667005672 0.020230094591776604 0.022130644598672557
0 0.6061269044876099 0.1929599407107331 0.02066051959991455 0.022475109543911246
0 0.6326117515563965 0.19207507332442214 0.02066051959991455 0.022475109543911246
0 0.6595396995544434 0.1911754017914182 0.02066051959991455 0.022475109543911246
0 0.6862154006958008 0.19028415790824002 0.02066051959991455 0.022475109543911246
0 0.7135791778564453 0.1893699251806412 0.02066051959991455 0.022475109543911246
0 0.7400975227355957 0.18844674908837608 0.02104874451955152 0.02235903481180353
0 0.7655348181724548 0.18758608366153054 0.02104874451955152 0.02235903481180353
0 0.10198841989040375 0.23704256013382313 0.018569310506184905 0.021173447601554957
0 0.12584103643894196 0.23651933091143876 0.01856931050618489 0.021173447601554957
0 0.1497797667980194 0.23599421270291177 0.018569310506184877 0.021173447601554957
0 0.17383615672588348 0.23546651352283565 0.018569310506184877 0.021173447601554957
0 0.19805902242660522 0.23493516254258917 0.018569310506184877 0.021173447601554957
0 0.22242790460586548 0.234092069226642 0.018742849429448427 0.021620255108027522
0 0.24763062596321106 0.2333680290485425 0.018599778413772583 0.021541255389073127
0 0.29759272933006287 0.2326059176823274 0.019075055917104122 0.021819181220476016
0 0.32256513833999634 0.23195841125812247 0.019075055917104122 0.021819181220476016
0 0.3473944664001465 0.2313146147617074 0.019075055917104122 0.021819181220476016
0 0.37338799238204956 0.23064063192511663 0.019075055917104122 0.021819181220476016
0 0.398384153842926 0.23076315344798518 0.01971954107284546 0.022379527720370006
0 0.44943466782569885 0.23066613840502362 0.019735634326934814 0.02231015345846957
0 0.47488683462142944 0.22973978966690442 0.019735634326934814 0.02231015345846957
0 0.5274649858474731 0.22782617247148926 0.019735634326934814 0.02231015345846957
0 0.5531577467918396 0.22689106714742685 0.019735634326934814 0.02231015345846957
0 0.5796371698379517 0.22592733072680096 0.019735634326934814 0.02231015345846957
0 0.6061350107192993 0.22540103557497956 0.019782761732737297 0.02226665408112282
0 0.6325104236602783 0.2242712420086528 0.019823551177978516 0.0220645934112312
0 0.14910347759723663 0.2660734236700997 0.01887317498524982 0.02175956548646439
0 0.17300620675086975 0.26582611438839937 0.01887317498524982 0.02175956548646439
0 0.22246740758419037 0.26531436470611397 0.01887317498524982 0.02175956548646439
0 0.24766751378774643 0.2651064451350722 0.01924974222977957 0.02186516458673992
0 0.27252811193466187 0.2646952700780185 0.0192497422297796 0.02186516458673992
0 0.29747989773750305 0.2642825868476937 0.0192497422297796 0.02186516458673992
0 0.3476618826389313 0.26345261564655936 0.0192497422297796 0.02186516458673992
0 0.3734363317489624 0.26302632620168287 0.0192497422297796 0.02186516458673992
0 0.3984488248825073 0.2625802949417469 0.019109388192494747 0.021962454152661702
0 0.4238576591014862 0.2623457354168559 0.019209404786427853 0.02210915735525681
0 0.47516003251075745 0.2611679476360942 0.019431670506795284 0.02210711693578915
0 0.5012969225645065 0.26069045580397165 0.01943167050679523 0.02210711693578915
0 0.5270076990127563 0.2598214519135698 0.019568542639414543 0.02214950738951217
0 0.5533171892166138 0.2591776071592819 0.019568542639414543 0.02214950738951217
0 0.5795199275016785 0.2586674357569495 0.020506421724955315 0.02221660466157186
0 0.605685830116272 0.257912071538612 0.020506421724955315 0.02221660466157186
0 0.6324018836021423 0.25714082541897076 0.020506421724955315 0.02221660466157186
0 0.6591112613677979 0.25636977201579164 0.020506421724955315 0.02221660466157186
0 0.6862595677375793 0.25558604750522346 0.020506421724955315 0.02221660466157186
0 0.7138232588768005 0.2547622536973617 0.02115607261657715 0.02271381644315498
0 0.7684397101402283 0.2534222713736601 0.02115607261657715 0.02271381644315498
0 0.7951429486274719 0.2527671232135221 0.02115607261657715 0.02271381644315498
0 0.8230761885643005 0.2521198567269517 0.02143959204355883 0.02288187012191888
0 0.8494389057159424 0.25249944731246593 0.021575609842936272 0.022943112277245364
0 0.14826995134353638 0.29824706679092433 0.0188276469707489 0.021873947261839846
0 0.17214623093605042 0.29783641460329985 0.018744577964146913 0.021877481031787514
0 0.1963932365179062 0.29748661573543106 0.018794347842534365 0.021894100100495095
0 0.2218044251203537 0.29707845455148923 0.018794347842534365 0.021894100100495095
0 0.2722572088241577 0.2962680686914701 0.01879434784253442 0.021894100100495095
0 0.29729312658309937 0.2958399972250295 0.019078314304351807 0.02194144374640416
0 0.32240748405456543 0.29544932660336126 0.019078314304351807 0.02194144374640416
0 0.3479432463645935 0.29505210074768223 0.019078314304351807 0.02194144374640416
0 0.37388360500335693 0.29464858112560083 0.019078314304351807 0.02194144374640416
0 0.42410776019096375 0.29386731081230694 0.019078314304351807 0.02194144374640416
0 0.4490785300731659 0.2934756290247494 0.01906343301137292 0.021968649339306236
0 0.5007638484239578 0.29282237276057493 0.01956915855407715 0.02234216438707458
0 0.5271538496017456 0.2920200660572328 0.020218610763549805 0.0224126327869504
0 0.5528835654258728 0.291439832643021 0.020218610763549805 0.0224126327869504
0 0.5793535113334656 0.2908429062256075 0.020218610763549805 0.0224126327869504
0 0.6058943271636963 0.2902443816134273 0.020218610763549805 0.0224126327869504
0 0.632449746131897 0.2896455276844113 0.020218610763549805 0.0224126327869504
0 0.1470841020345688 0.3284553641217773 0.018863131602605165 0.021565075068510808
0 0.17176303267478943 0.32820916730304095 0.018863131602605165 0.021565075068510808
0 0.1964215189218521 0.32796317443741063 0.018863131602605165 0.021565075068510808
0 0.22166334092617035 0.32758349041606105 0.018972396850585938 0.021521531334219024
0 0.24659542739391327 0.3274648359698832 0.018972396850585938 0.021521531334219024
0 0.27160996198654175 0.32734578914432666 0.018972396850585938 0.021521531334219024
0 0.3220895230770111 0.32710555155441445 0.018972396850585938 0.021521531334219024
0 0.34727951884269714 0.3269856696905092 0.018972396850585938 0.021521531334219024
0 0.3983629047870636 0.32624846412398933 0.019575844208399418 0.022450838902199944
0 0.42369967699050903 0.32603148526923603 0.019575844208399418 0.022450838902199944
0 0.4487631916999817 0.32581684653490606 0.019575844208399418 0.022450838902199944
0 0.474822998046875 0.32559367576592096 0.019575844208399418 0.022450838902199944
0 0.5008341521024704 0.3253709216450536 0.019575844208399473 0.022450838902199944
0 0.5524658560752869 0.32492875845603214 0.01957584420839953 0.022450838902199944
0 0.6056696176528931 0.32437236384338397 0.019530892372131348 0.022332272788350923
0 0.6320090889930725 0.3221373447152071 0.020812670389811272 0.022841224374697218
0 0.6863627433776855 0.32108293797033627 0.020812670389811272 0.022841224374697218
0 0.7133870720863342 0.3205586929165562 0.020812670389811272 0.022841224374697218
0 0.7401583790779114 0.3200393562320127 0.020812670389811272 0.022841224374697218
0 0.7674499154090881 0.31950992761656294 0.020812670389811272 0.022841224374697218
0 0.7938190698623657 0.31890068033658464 0.020898143450419182 0.022927897845127814
0 0.14657072722911835 0.35973540017771166 0.018742342789967836 0.021992424661798966
0 0.17098410427570343 0.35959862662901215 0.018742342789967836 0.021992424661798966
0 0.1968694031238556 0.3594536067828904 0.018742342789967836 0.021992424661798966
0 0.22142651677131653 0.35947746454283247 0.018560558557510376 0.021646736204162152
0 0.2460935413837433 0.3591556727690455 0.01875027020772299 0.021947328434434046
0 0.271586149930954 0.35901065205418786 0.01875027020772302 0.021947328434434046
0 0.2967239022254944 0.3588676500227984 0.01875027020772302 0.021947328434434046
0 0.3220135271549225 0.358723784028114 0.01875027020772302 0.021947328434434046
0 0.3471773564815521 0.35858063365137854 0.01875027020772302 0.021947328434434046
0 0.3985028862953186 0.35828865627251394 0.01875027020772302 0.021947328434434046
0 0.4239543676376343 0.3582283851387099 0.01883222659428918 0.021971606468969566
0 0.44918230175971985 0.3581064579098724 0.01883222659428918 0.021971606468969566
0 0.4749569594860077 0.35798664295966476 0.019005318482716915 0.022125554639239643
0 0.5004829913377762 0.3574342738288881 0.01937347650527954 0.022186545438544696
0 0.5262762308120728 0.35707992731138716 0.02002040545145678 0.022218999936599114
0 0.5521675944328308 0.35656405126566854 0.02002040545145678 0.022218999936599114
0 0.6051523089408875 0.3550024055482689 0.020684003829956055 0.02261059783225836
0 0.6590651273727417 0.35432456260503725 0.020684003829956055 0.02261059783225836
0 0.6859040260314941 0.3539871185872859 0.020684003829956055 0.02261059783225836
0 0.7127547264099121 0.35364952618715306 0.020684003829956055 0.02261059783225836
0 0.7404429912567139 0.3533014031343682 0.020684003829956055 0.02261059783225836
0 0.7674192786216736 0.35296223173586233 0.020684003829956055 0.02261059783225836
0 0.09663079679012299 0.3909349663313045 0.01849105954170227 0.021540590034898808
0 0.12117712944746017 0.39083071178451245 0.01849105954170227 0.021540590034898808
0 0.14558067917823792 0.3907270636732928 0.01849105954170227 0.021540590034898808
0 0.17041534185409546 0.39062158451523893 0.01849105954170227 0.021540590034898808
0 0.19536064565181732 0.3905156354360699 0.01849105954170227 0.021540590034898808
0 0.24585159122943878 0.3915103646211846 0.018885701894760132 0.02190801339556086
0 0.27106204628944397 0.39126128908489477 0.018885701894760132 0.02190801339556086
0 0.32187527418136597 0.3904343982075536 0.018797357877095577 0.021541565887687686
0 0.3473046123981476 0.39035350398294105 0.018797357877095577 0.021541565887687686
0 0.3724234402179718 0.39025985362917875 0.018859386444091797 0.02172481921292096
0 0.3980538845062256 0.3903580745681855 0.01919444402058923 0.021927086881888984
0 0.423483282327652 0.3901111691497093 0.01919444402058923 0.021927086881888984
0 0.4488413333892822 0.38986495646889485 0.01919444402058923 0.021927086881888984
0 0.47404763102531433 0.38962021723009077 0.01919444402058923 0.021927086881888984
0 0.5260217189788818 0.3891155775203261 0.01919444402058912 0.021927086881888984
0 0.5520537495613098 0.3888628208703309 0.01919444402058912 0.021927086881888984
0 0.5779442191123962 0.3882583583660321 0.019208073616027832 0.022101616674615375
0 0.6051555275917053 0.3878062492193178 0.019208073616027832 0.022101616674615375
0 0.6319805979728699 0.38716146360928017 0.020216544469197517 0.022752096486646077
0 0.6587702631950378 0.3869291234525314 0.020216544469197517 0.022752096486646077
0 0.6856815218925476 0.3870695975341319 0.021082043647766113 0.022988548574521615
0 0.713129997253418 0.3866709775702898 0.021082043647766113 0.022988548574521615
0 0.7399184107780457 0.38628194334196986 0.021082043647766113 0.022988548574521615
0 0.7684301137924194 0.38586788267465616 0.021082043647766113 0.022988548574521615
0 0.7948006391525269 0.38548491721929506 0.021082043647766113 0.022988548574521615
0 0.09608899801969528 0.4220098007557004 0.018514253199100494 0.021680196126302138
0 0.12020086124539375 0.422001614569548 0.018514253199100494 0.021680196126302138
0 0.17011290788650513 0.421667498211528 0.018693789839744568 0.021548455999803227
0 0.19480620324611664 0.42175991457570294 0.018693789839744568 0.021548455999803227
0 0.24555306881666183 0.4219498382266781 0.018693789839744568 0.021548455999803227
0 0.27093660831451416 0.4220448378772359 0.018693789839744568 0.021548455999803227
0 0.296467125415802 0.42214038760163064 0.018693789839744568 0.021548455999803227
0 0.3215106725692749 0.42223750733243665 0.018737390637397766 0.021373246067254173
0 0.34702327847480774 0.4220799064917089 0.018919487794240353 0.021876253822977285
0 0.37220901250839233 0.422049776407508 0.018919487794240353 0.021876253822977285
0 0.4236074686050415 0.4219882876374001 0.018919487794240353 0.021876253822977285
0 0.4488063156604767 0.42166470372399617 0.019698838392893436 0.022001074266064128
0 0.4742313623428345 0.4212694473390677 0.019465674956639645 0.0219879150390625
0 0.5000369697809219 0.4211864471435547 0.01946567495663959 0.0219879150390625
0 0.5260791182518005 0.4211026861462658 0.019465674956639534 0.0219879150390625
0 0.5517335534095764 0.4210201721756499 0.019465674956639534 0.0219879150390625
0 0.6044626235961914 0.4208505763563999 0.019465674956639534 0.0219879150390625
0 0.6309568285942078 0.42076536138131854 0.019465674956639534 0.0219879150390625
0 0.6577262878417969 0.4197302973547647 0.019786357879638672 0.022206920061924606
0 0.6854918003082275 0.4196780005166697 0.0201146205266316 0.022645048392835567
0 0.7130195498466492 0.41927964556181674 0.0201146205266316 0.022645048392835567
0 0.0953577533364296 0.4533170655716297 0.018709465861320496 0.02169042779493696
0 0.11966683343052864 0.45335558883799876 0.018709465861320496 0.02169042779493696
0 0.1444980502128601 0.45339493954870724 0.018709465861320496 0.02169042779493696
0 0.16951163113117218 0.45343457925686675 0.018709465861320496 0.02169042779493696
0 0.19430334866046906 0.4529371266016768 0.018889417250951113 0.021720679231392266
0 0.2196013182401657 0.453056113664494 0.018889417250951113 0.021720679231392266
0 0.24514240026474 0.45317624418808017 0.01888941725095114 0.021720679231392266
0 0.2704693377017975 0.45329536749899635 0.018889417250951168 0.021720679231392266
0 0.321576327085495 0.45353574531022894 0.018889417250951168 0.021720679231392266
0 0.34690171480178833 0.4536548613321521 0.018889417250951168 0.021720679231392266
0 0.37234121561050415 0.4534125660741052 0.018994390964508057 0.021758796632751994
0 0.39761942625045776 0.45334631064187275 0.0193690458933512 0.022451474685077574
0 0.4228798747062683 0.45326516794603927 0.0193690458933512 0.022451474685077574
0 0.4736774265766144 0.4531019938714493 0.0193690458933512 0.022451474685077574
0 0.5255988240242004 0.45293520973189955 0.01936904589335131 0.022451474685077574
0 0.5514528155326843 0.4528521604316179 0.01936904589335131 0.022451474685077574
0 0.5784717798233032 0.4527653689558052 0.01936904589335131 0.022451474685077574
0 0.6043246388435364 0.45292495017827944 0.02040775616963697 0.022735418275345202
0 0.6309559345245361 0.4527103233789907 0.02040775616963697 0.022735418275345202
0 0.6577111482620239 0.4524946978999472 0.02040775616963697 0.022735418275345202
0 0.6851044297218323 0.4522739301088431 0.02040775616963697 0.022735418275345202
0 0.7127513289451599 0.4520511183627816 0.02040775616963697 0.022735418275345202
0 0.09447913616895676 0.484402057736419 0.01895080010096231 0.02155859895454815
0 0.14370378851890564 0.4846683768338935 0.018936718503634153 0.02153831304505814
0 0.1686265617609024 0.48470887381294636 0.018936718503634153 0.02153831304505814
0 0.19376279413700104 0.48478281775186227 0.0189875413974126 0.021727037060168417
0 0.21936073899269104 0.484817558937249 0.0189875413974126 0.021727037060168417
0 0.2447347417473793 0.48485199619143776 0.018987541397412627 0.021727037060168417
0 0.26998671889305115 0.4848862678341163 0.018987541397412655 0.021727037060168417
0 0.3211611807346344 0.484955721123274 0.018987541397412655 0.021727037060168417
0 0.3468930721282959 0.48501680359443305 0.01923123002052307 0.021924307180005452
0 0.3976227045059204 0.4850230993226517 0.01923123002052307 0.021924307180005452
0 0.4226417541503906 0.48502620427590026 0.01923123002052307 0.021924307180005452
0 0.448401540517807 0.48502940115721677 0.01923123002052307 0.021924307180005452
0 0.4994870573282242 0.48503574105196223 0.01923123002052307 0.021924307180005452
0 0.5249642133712769 0.48503890285784795 0.01923123002052307 0.021924307180005452
0 0.5777633190155029 0.4849940897067961 0.01940581202507019 0.022222119708393894
0 0.6039695739746094 0.48498575077500455 0.01940581202507019 0.022222119708393894
0 0.6306549906730652 0.4851422323431713 0.020141283671061272 0.022412588430005452
0 0.6578487157821655 0.48506240745680274 0.020141283671061272 0.022412588430005452
0 0.6848849058151245 0.48498304500136263 0.020141283671061272 0.022412588430005452
0 0.7122332453727722 0.48524985202523163 0.020242015520731682 0.022801362266836295
0 0.09391401708126068 0.5150551833354983 0.019445687532424927 0.022152390590933865
0 0.14333409070968628 0.5157071934189907 0.019445687532424927 0.022152390590933865
0 0.1678798645734787 0.516031031302897 0.019445687532424927 0.022152390590933865
0 0.1928461641073227 0.5163604172760129 0.019445687532424927 0.022152390590933865
0 0.21869221329689026 0.5167014099830805 0.019163310527801514 0.021816164948219478
0 0.24436908215284348 0.5166973431656295 0.019163310527801514 0.021816164948219478
0 0.27006328105926514 0.5166932736033676 0.019163310527801514 0.021816164948219478
0 0.2948053777217865 0.5166893548393219 0.019163310527801514 0.021816164948219478
0 0.32035350799560547 0.516685308412064 0.019163310527801514 0.021816164948219478
0 0.37178078293800354 0.517144522938853 0.019346992174784305 0.021986702615900612
0 0.3970828652381897 0.5171582421591115 0.019663025935490963 0.021920462911443138
0 0.422511488199234 0.5172386316373305 0.019663025935490963 0.021920462911443138
0 0.44814959168434143 0.5173196833625793 0.019663025935490963 0.021920462911443138
0 0.47377559542655945 0.5174006968359722 0.019663025935490963 0.021920462911443138
0 0.4993820935487747 0.5174816486447357 0.019663025935490908 0.021920462911443138
0 0.5254939794540405 0.5172933575297403 0.019769539435704475 0.021899082863977657
0 0.5777453780174255 0.5169357477232467 0.020351171493530273 0.02208295718644022
0 0.603936493396759 0.5170466790194189 0.020351171493530273 0.02208295718644022
0 0.6305481195449829 0.5171593913701192 0.020351171493530273 0.02208295718644022
0 0.6574119329452515 0.517273171848631 0.020351171493530273 0.02208295718644022
0 0.6843162775039673 0.517387123995049 0.020351171493530273 0.02208295718644022
0 0.2681073248386383 0.579991806385129 0.01981441179911292 0.022358088530311234
0 0.293643981218338 0.5801598309632778 0.01981441179911292 0.022358088530311234
0 0.31909051537513733 0.5805127317092149 0.019644320011138916 0.022237408068753083
0 0.3707660138607025 0.5806672739428144 0.019644320011138916 0.022237408068753083
0 0.39599478244781494 0.5807427238245316 0.019644320011138916 0.022237408068753083
0 0.4217013120651245 0.5808196025121414 0.019644320011138916 0.022237408068753083
0 0.4471062123775482 0.5808955791384675 0.01980843146642053 0.02240135133728506
0 0.4728470742702484 0.5811528666424949 0.01980843146642053 0.02240135133728506
0 0.4988800138235092 0.5814130735488555 0.019808431466420473 0.02240135133728506
0 0.5251466035842896 0.5816756158579295 0.019808431466420418 0.02240135133728506
0 0.5507195591926575 0.5819312250891397 0.019808431466420418 0.02240135133728506
0 0.5774559378623962 0.582310084174737 0.020715316136677986 0.0230566216993701
0 0.6035536527633667 0.5826798932848519 0.020715316136677986 0.0230566216993701
0 0.6295719146728516 0.5830485765324083 0.020715316136677986 0.0230566216993701
0 0.09105927497148514 0.6105325831923374 0.019250988960266113 0.021931611290273795
0 0.11566382646560669 0.6108186854872593 0.019730339447657272 0.02231849256412009
0 0.1410747468471527 0.6110709884584212 0.019730339447657286 0.02231849256412009
0 0.1664840579032898 0.6113232754507214 0.019730339447657286 0.02231849256412009
0 0.1913084238767624 0.6115697545706539 0.019730339447657286 0.02231849256412009
0 0.21670860052108765 0.6118219508681186 0.019730339447657286 0.02231849256412009
0 0.2417779266834259 0.6121721933054369 0.019481341044108064 0.022206180779508897
0 0.2677503526210785 0.6115950458594739 0.019605378309885624 0.02219686582106958
0 0.2931874990463257 0.6118092204249183 0.019605378309885624 0.02219686582106958
0 0.31889793276786804 0.6120256960027067 0.019605378309885624 0.02219686582106958
0 0.3447389602661133 0.6122432711482262 0.019605378309885624 0.02219686582106958
0 0.39569610357284546 0.6126723178597384 0.019605378309885624 0.02219686582106958
0 0.4470682144165039 0.6131048584966464 0.019605378309885624 0.02219686582106958
0 0.4984854459762573 0.6137230728700843 0.019365390141804995 0.022607285847035433
0 0.5243276357650757 0.6138657414635946 0.01936539014180494 0.022607285847035433
0 0.5511184334754944 0.6149280459381813 0.019659578800201416 0.02250869514406195
0 0.5774118304252625 0.6145189861918605 0.019828399022420173 0.02325599138126817
0 0.09027636051177979 0.6420615165688844 0.019122645258903503 0.02171062499053724
0 0.1151384636759758 0.6423663649448129 0.019122645258903503 0.02171062499053724
0 0.14053311944007874 0.6426777432508163 0.019122645258903503 0.02171062499053724
0 0.16585083305835724 0.6429881781254437 0.019122645258903503 0.02171062499053724
0 0.19113975763320923 0.6432982600012491 0.019122645258903503 0.02171062499053724
0 0.21667127311229706 0.6436113164219947 0.019122645258903503 0.02171062499053724
0 0.2417459934949875 0.6436236798535282 0.019117236137390137 0.021986436474230917
0 0.26712626218795776 0.6438977514463012 0.019117236137390137 0.021986436474230917
0 0.29274091124534607 0.6438850768577867 0.019480327765146854 0.02244801484337154
0 0.34392839670181274 0.6446940843449083 0.019480327765146854 0.02244801484337154
0 0.36925622820854187 0.6450943854173046 0.019480327765146854 0.02244801484337154
0 0.3952189087867737 0.6455047201463155 0.019480327765146854 0.02244801484337154
0 0.4212741255760193 0.6459165173907613 0.01968816916147864 0.02287147581115244
0 0.446521520614624 0.6461257093805904 0.01968816916147864 0.02287147581115244
0 0.4724053144454956 0.646340174371039 0.01968816916147864 0.02287147581115244
0 0.49848678708076477 0.6465562772660071 0.019688169161478697 0.02287147581115244
0 0.5247454643249512 0.646773848422738 0.019688169161478752 0.02287147581115244
0 0.5509822368621826 0.6474205591948123 0.020515044530232673 0.023576987806216747
0 0.6042067408561707 0.6487324911415628 0.020515044530232673 0.023576987806216747
0 0.6308356523513794 0.6493888677552689 0.020515044530232673 0.023576987806216747
0 0.6575393080711365 0.6500470867409778 0.020515044530232673 0.023576987806216747
0 0.08906667679548264 0.6741493791060268 0.019495030244191497 0.02219624482384029
0 0.13996641337871552 0.6746235337368277 0.01949503024419147 0.02219624482384029
0 0.16536656022071838 0.6748601478738865 0.01949503024419147 0.02219624482384029
0 0.19062992930412292 0.6750954878627476 0.01949503024419147 0.02219624482384029
0 0.21603848040103912 0.6753321802893351 0.01949503024419147 0.02219624482384029
0 0.24147067219018936 0.6755690929399246 0.019495030244191497 0.02219624482384029
0 0.26685643196105957 0.6761257376784185 0.019457076986630795 0.022376215735147167
0 0.292297899723053 0.6761766039552097 0.019491593043009403 0.022425540657930596
0 0.3178471624851227 0.6766466983529025 0.019720256328582764 0.02246560976486792
0 0.34349262714385986 0.6770883877658961 0.019720256328582764 0.02246560976486792
0 0.36919882893562317 0.6775311232487891 0.019720256328582764 0.02246560976486792
0 0.42057228088378906 0.6784159233542421 0.019720256328582764 0.02246560976486792
0 0.44658422470092773 0.6788639246031295 0.019720256328582764 0.02246560976486792
0 0.4723414182662964 0.6793069577650285 0.0194682081540426 0.022400227628012904
0 0.4985218346118927 0.6799671022518812 0.01951946814854938 0.022887296454851016
0 0.5240548253059387 0.6805094341899074 0.019519468148549324 0.022887296454851016
0 0.5508798360824585 0.6810792092020211 0.019519468148549324 0.022887296454851016
0 0.5776604413986206 0.6813580467241379 0.0199926495552063 0.02302394541659102
0 0.6037211418151855 0.6818267023840616 0.0199926495552063 0.02302394541659102
0 0.6310953497886658 0.6825467356090001 0.020424405733744377 0.023140604181807224
0 0.6580820679664612 0.6831279133641442 0.021081884702046638 0.02358653933502907
0 0.6856534481048584 0.6835173811476976 0.021081884702046638 0.02358653933502907
0 0.7136006355285645 0.6839121575095561 0.021081884702046638 0.02358653933502907
0 0.7405200004577637 0.6842924150570932 0.021081884702046638 0.02358653933502907
0 0.7673085927963257 0.6846708253372548 0.021081884702046638 0.02358653933502907
0 0.7965955138206482 0.6868016442587209 0.021977901458740234 0.023929063663926234
0 0.08797973394393921 0.706385133618191 0.019295066595077515 0.02225092215131414
0 0.11300342530012131 0.706617133561955 0.019295066595077515 0.02225092215131414
0 0.13871344923973083 0.7066068427507267 0.019598151246706663 0.022625146910201673
0 0.16414673626422882 0.7069973148471922 0.019598151246706663 0.022625146910201673
0 0.1897495687007904 0.7073903899399762 0.019598151246706663 0.022625146910201673
0 0.21526090800762177 0.7077820603572991 0.019598151246706663 0.022625146910201673
0 0.2408660724759102 0.7081751712532931 0.019598151246706635 0.022625146910201673
0 0.26603269577026367 0.7085373945875038 0.01942175130049384 0.02252901062484865
0 0.29134583473205566 0.7089672107997651 0.019285539786020878 0.0224858956743581
0 0.3171343207359314 0.7090555138563972 0.019285539786020878 0.0224858956743581
0 0.3426828980445862 0.709142995435138 0.019285539786020878 0.0224858956743581
0 0.36871337890625 0.7092321271129474 0.019285539786020878 0.0224858956743581
0 0.3940041959285736 0.7109056073565816 0.019859562317530277 0.022924201433048692
0 0.4199119806289673 0.7112925058689773 0.019859562317530277 0.022924201433048692
0 0.44583451747894287 0.7116796246852235 0.019859562317530277 0.022924201433048692
0 0.47210636734962463 0.712071960029615 0.019859562317530277 0.022924201433048692
0 0.49821288883686066 0.7124618264131768 0.019859562317530333 0.022924201433048692
0 0.5245910286903381 0.7134753651918511 0.019926289717356438 0.022838089817254173
0 0.5507640242576599 0.7141512071544959 0.019926289717356438 0.022838089817254173
0 0.577745258808136 0.7148479195528252 0.019926289717356438 0.022838089817254173
0 0.6042422652244568 0.7149107733438181 0.019694368044535393 0.02300200351448946
0 0.6306357383728027 0.7153919646720757 0.019694368044535393 0.02300200351448946
0 0.6579108834266663 0.7162802220266608 0.020468433698018318 0.023259894792423692
0 0.6857890486717224 0.7170147119566451 0.02126733462015795 0.023543808811394798
0 0.7132782936096191 0.7176763922964912 0.02126733462015795 0.023543808811394798
0 0.7401244044303894 0.7183225920655849 0.02126733462015795 0.023543808811394798
0 0.7667889595031738 0.7189644216939454 0.02126733462015795 0.023543808811394798
0 0.7955512404441833 0.71965674466865 0.02126733462015795 0.023543808811394798
0 0.08706316351890564 0.7373873910238576 0.019153182705243438 0.022019896396370822
0 0.11212007701396942 0.7379218560066769 0.019153182705243438 0.022019896396370905
0 0.13770411908626556 0.7385578155517578 0.019426594177881895 0.022260798964389535
0 0.16292212903499603 0.739096386262443 0.019426594177881895 0.022260798964389535
0 0.1887848973274231 0.7398117713647601 0.01951832572619122 0.02235205598579815
0 0.214241161942482 0.7402741631796194 0.01951832572619122 0.022352055985798234
0 0.2397974580526352 0.7407383719831554 0.01951832572619122 0.022352055985798234
0 0.2652789056301117 0.741201221225523 0.019518325726191166 0.02235205598579815
0 0.2909640073776245 0.7416677696760311 0.019518325726191166 0.022352055985798234
0 0.3161824941635132 0.7421258424549427 0.019518325726191166 0.022352055985798234
0 0.3422115743160248 0.7421337837396667 0.01963551839192712 0.022786532261574944
0 0.3680015504360199 0.7426886797320693 0.01963551839192712 0.02278653226157486
0 0.3936198651790619 0.7432398822658323 0.01963551839192712 0.02278653226157486
0 0.41896897554397583 0.7437852926100302 0.01963551839192712 0.02278653226157486
0 0.4451371729373932 0.7443483263947243 0.01963551839192712 0.022786532261574944
0 0.4714510440826416 0.7448803676890356 0.019829591115315792 0.02272752273914426
0 0.49770915508270264 0.7454112815665691 0.019829591115315737 0.02272752273914426
0 0.5242112278938293 0.7459471281184706 0.01982959111531568 0.02272752273914426
0 0.5509976148605347 0.7464887232305324 0.01982959111531568 0.02272752273914426
0 0.5776440501213074 0.7476067094980998 0.019916057586669922 0.02290135760639989
0 0.6043099761009216 0.7480889596351213 0.020191868146260505 0.023214354995609282
0 0.6312302947044373 0.7488404872805573 0.020191868146260505 0.023214354995609282
0 0.6578724980354309 0.7495842508531011 0.020191868146260505 0.023214354995609282
0 0.6860477924346924 0.7503708133366737 0.020191868146260505 0.023214354995609282
0 0.7130880951881409 0.751125690548919 0.020191868146260505 0.023214354995609282
0 0.7405778169631958 0.7518931140769823 0.020191868146260505 0.023214354995609282
0 0.08630840480327606 0.7700038411031394 0.019539738694826753 0.022309769031613372
0 0.11177563667297363 0.7704796901969022 0.019539738694826753 0.022309769031613372
0 0.13682840764522552 0.7709477951886184 0.01953973869482678 0.022309769031613372
0 0.1620698720216751 0.7715006983557413 0.019873480002085386 0.02265492520591096
0 0.18747185170650482 0.7719104974834794 0.019873480002085386 0.02265492520591096
0 0.2387814074754715 0.7727382523065146 0.019873480002085386 0.02265492520591096
0 0.26439690589904785 0.773151496039515 0.01987348000208533 0.02265492520591096
0 0.2901758849620819 0.773567377134811 0.01987348000208533 0.02265492520591096
0 0.31566357612609863 0.7747871044070221 0.019612550735473633 0.022913378338481106
0 0.367380291223526 0.7754794757511053 0.019612550735473633 0.022913378338481106
0 0.39331454038619995 0.7758266774424101 0.019612550735473633 0.022913378338481106
0 0.419096440076828 0.776171839514444 0.019612550735473633 0.022913378338481106
0 0.4451138973236084 0.7765201551762112 0.019612550735473633 0.022913378338481106
0 0.47167354822158813 0.7777692779803037 0.020383377869923947 0.023315784543059593
0 0.49782422184944153 0.7782376923663762 0.02038337786992389 0.023315784543059593
0 0.5510427951812744 0.7791909506154615 0.020383377869923835 0.023315784543059593
0 0.5772432684898376 0.7812039351705049 0.020401398340861077 0.023254157960876827
0 0.6312273144721985 0.7823394952818404 0.020401398340861077 0.023254157960876827
0 0.6586965918540955 0.7829173144340448 0.020401398340861077 0.023254157960876827
0 0.6858348250389099 0.7834881700365846 0.020401398340861077 0.023254157960876827
0 0.7128133177757263 0.7840556654819223 0.020401398340861077 0.023254157960876827
0 0.7398259043693542 0.7846238780951402 0.020401398340861077 0.023254157960876827
0 0.1354275792837143 0.8034800046838346 0.019979278246561705 0.022886882456698048
0 0.1610686480998993 0.8040446791537973 0.019979278246561705 0.022886882456698048
0 0.18663141131401062 0.8046076291568639 0.019979278246561705 0.022886882456698048
0 0.21237820386886597 0.8051746319032537 0.019979278246561705 0.022886882456698048
0 0.23747478425502777 0.8057273155034974 0.019979278246561705 0.022886882456698048
0 0.28909048438072205 0.8068640102457938 0.01997927824656165 0.022886882456698048
0 0.34070342779159546 0.8077489276264989 0.0197334885597229 0.022818513618883346
0 0.36677563190460205 0.8084165482489946 0.0197334885597229 0.022818513618883346
0 0.39235880970954895 0.8090716465681671 0.0197334885597229 0.022818513618883346
0 0.4187394976615906 0.809747166414363 0.0197334885597229 0.022818513618883346
0 0.44500890374183655 0.8104198367096657 0.0197334885597229 0.022818513618883346
0 0.47130587697029114 0.8103965833571025 0.02053777376810706 0.023287869239038163
0 0.4979121685028076 0.8112144470214844 0.02072401841481525 0.023271013599957497
0 0.5243222713470459 0.8120185352626167 0.020724018414815193 0.023271013599957497
0 0.5774228572845459 0.813635248268295 0.020724018414815193 0.023271013599957497
0 0.6039261817932129 0.8144421747582836 0.020724018414815193 0.023271013599957497
0 0.6310781240463257 0.8152688492176144 0.020724018414815193 0.023271013599957497
0 0.6581581234931946 0.8160215865734012 0.020727038383483887 0.023279293563014888
0 0.6853399872779846 0.8168236047501624 0.020727038383483887 0.023279293563014888
0 0.712088406085968 0.8172185143759084 0.021023869514465332 0.023309160572613747
0 0.13456687331199646 0.83638213401617 0.02082088589668274 0.02290438866430486
0 0.1855427622795105 0.837650248666544 0.02082088589668274 0.02290438866430486
0 0.21071776747703552 0.8382765210780868 0.02082088589668274 0.02290438866430486
0 0.2368740290403366 0.8389272039628636 0.02082088589668274 0.02290438866430486
0 0.26267674565315247 0.839569091796875 0.02082088589668274 0.02290438866430486
0 0.28825628757476807 0.8399435531261356 0.02030048767725623 0.023017055304475644
0 0.31432849168777466 0.8405571651814507 0.02030048767725623 0.023017055304475644
0 0.34016579389572144 0.8411652487958203 0.02030048767725623 0.023017055304475644
0 0.36606913805007935 0.8417748867143178 0.02030048767725623 0.023017055304475644
0 0.41837695240974426 0.8430059566054233 0.02030048767725623 0.023017055304475644
0 0.44442683458328247 0.8438045590422875 0.020295917987823486 0.023360732913941487
0 0.4968549758195877 0.8451041368918412 0.020295917987823486 0.023360732913941487
0 0.5233451128005981 0.8457607688921444 0.020295917987823486 0.023360732913941487
0 0.5507261753082275 0.8464394849689125 0.020295917987823486 0.023360732913941487
0 0.5774272084236145 0.8471013446186864 0.020295917987823486 0.023360732913941487
0 0.6038036346435547 0.8482772472292878 0.0208704868952434 0.023843750473140635
0 0.630499541759491 0.8491171459356982 0.0208704868952434 0.023843750473140635
