0 0.834586501121521 0.05456919956738209 0.019382715225219727 0.02139560566392056
0 0.8589060306549072 0.05451517961996304 0.019382715225219727 0.02139560566392056
0 0.8843815922737122 0.05445859182712644 0.019382715225219727 0.02139560566392056
0 0.11917897313833237 0.07937358146490053 0.020805830756823226 0.02290425189705782
0 0.14479878544807434 0.07820189069608707 0.02080583075682324 0.02290425189705782
0 0.1693062037229538 0.0770349058994027 0.020891080300013243 0.022924164468927893
0 0.19671113981681615 0.077091220981919 0.020891080300013243 0.022924164468927893
0 0.2241383045911789 0.07457227305538955 0.020891080300013243 0.022924164468927893
0 0.25021689385175705 0.07340102501962725 0.020891080300013215 0.022924164468927893
0 0.2770325839519501 0.07219667212907659 0.020891080300013187 0.022924164468927893
0 0.3045113682746887 0.07208846336187319 0.022159039974212646 0.024584962416064837
0 0.35876646637916565 0.07216171936179464 0.022875229517618778 0.025351184283116075
0 0.3859221637248993 0.0721127986907959 0.022875229517618778 0.025351184283116075
0 0.41460248827934265 0.07206113142172152 0.022875229517618778 0.025351184283116075
0 0.4418491721153259 0.0720120468396253 0.022875229517618778 0.025351184283116075
0 0.468874990940094 0.07196336014326228 0.022875229517618778 0.025351184283116075
0 0.4949612319469452 0.07191636608534353 0.022875229517618834 0.025351184283116075
0 0.5191956162452698 0.07117788736210313 0.022831956545511956 0.02467297398766806
0 0.11543721888138324 0.1425361641221664 0.021570290128389985 0.025400698175537417
0 0.14180262675698924 0.14155785284206812 0.023314389343164404 0.025379785535607494
0 0.16988406401304973 0.14038568906458596 0.02295508625961487 0.02475781029038197
0 0.1945404958765523 0.14021253460618038 0.021473855185670937 0.025104119207193097
0 0.2212839293844846 0.13816708468939976 0.02256105343500775 0.025553865950236964
0 0.24801950714215132 0.13855875512083296 0.02279420693715417 0.02658582288165425
0 0.2764897048473358 0.13751799561256586 0.02279420693715417 0.02658582288165425
0 0.3038571774959564 0.1374655709137251 0.02279420693715417 0.02658582288165425
0 0.33082279562950134 0.13741391600105354 0.02279420693715417 0.02658582288165425
0 0.35834556818008423 0.13736119381217068 0.02279420693715417 0.02658582288165425
0 0.3861554265022278 0.13730792168631306 0.02279420693715417 0.02658582288165425
0 0.41336071491241455 0.1374805295270814 0.02335468928019202 0.02721725877865339
0 0.44193753600120544 0.13750687310861986 0.02335468928019202 0.02721725877865339
0 0.4699370265007019 0.1372728902240132 0.022478540738423702 0.0257402686185615
0 0.49591556191444397 0.1375022099374197 0.022478540738423647 0.0257402686185615
0 0.5227048238929437 0.13845087861123317 0.022732297579447502 0.025722355805626224
0 0.11348314583301544 0.20991352884873155 0.02141071856021881 0.02551265095555505
0 0.14040488004684448 0.20900074746417036 0.02163805067539215 0.024977395700853923
0 0.19382022321224213 0.20400560338339996 0.020664602518081665 0.023327494776526164
0 0.2209758311510086 0.2038158372391102 0.020664602518081665 0.023327494776526164
0 0.2471451833844185 0.2036329631497842 0.020664602518081665 0.023327494776526164
0 0.27578675746917725 0.20343281292325605 0.020664602518081665 0.023327494776526164
0 0.3030267357826233 0.2032424571902253 0.020664602518081665 0.023327494776526164
0 0.3309876620769501 0.20304706339953538 0.020664602518081665 0.023327494776526164
0 0.3859061357520876 0.20237389359667543 0.021140019098917606 0.02382500227107558
0 0.41385490168519573 0.20346868801976925 0.021140019098917606 0.02382500227107558
0 0.4404999613761902 0.20397248379019803 0.022991398970286014 0.026482278986494644
0 0.4692137837409973 0.20418061285390104 0.022991398970286014 0.026482278986494644
0 0.49592627584934235 0.20437423548975386 0.02299139897028607 0.026482278986494644
0 0.5222066640853882 0.20456472606700363 0.022991398970286125 0.026482278986494644
0 0.5489874482154846 0.20475884371025618 0.022991398970286125 0.026482278986494644
0 0.5772203803062439 0.2061176300048828 0.02261812488238024 0.025008829989174513
0 0.11185286939144135 0.2739669992621611 0.02097843587398529 0.023684597754663247
0 0.16525468230247498 0.2722820075239382 0.02208221952120465 0.02480928287949673
0 0.19202400743961334 0.27181785051212753 0.02208221952120465 0.02480928287949673
0 0.21963950991630554 0.27133902151499867 0.02208221952120465 0.02480928287949673
0 0.24669361114501953 0.2708699267313531 0.02208221952120462 0.02480928287949673
0 0.2750541567802429 0.27037817932838615 0.022082219521204594 0.02480928287949673
0 0.3035862445831299 0.2698834575321712 0.022082219521204594 0.02480928287949673
0 0.3308851718902588 0.27050113771179624 0.022364318370819092 0.02548980712890625
0 0.3581472933292389 0.27056117793090845 0.022364318370819092 0.02548980712890625
0 0.3862319588661194 0.27062302966450535 0.022364318370819092 0.02548980712890625
0 0.41353970766067505 0.2705808246740034 0.02202022075653076 0.025651754334915514
0 0.47007206082344055 0.27063245551530707 0.021894852320353153 0.025801355524580582
0 0.49711060523986816 0.27143933037503726 0.02189485232035321 0.025801355524580582
0 0.5227071642875671 0.27220317400778254 0.021894852320353264 0.025801355524580582
0 0.5509680509567261 0.2730465255808493 0.021894852320353264 0.025801355524580582
0 0.5782819986343384 0.2738616189291311 0.021894852320353264 0.025801355524580582
0 0.604591965675354 0.2749584671738219 0.021870732307434082 0.025368283885393982
0 0.6318475008010864 0.2729532995889353 0.021862268447875977 0.02559281874072647
0 0.6584740281105042 0.27360969629614934 0.021862268447875977 0.02559281874072647
0 0.6846780776977539 0.27425567808960166 0.021862268447875977 0.02559281874072647
0 0.7119830250740051 0.27492879919699004 0.021862268447875977 0.02559281874072647
0 0.7372618913650513 0.27555197338725246 0.021862268447875977 0.02559281874072647
0 0.10996097326278687 0.3410672254340593 0.021577005585034698 0.024596014688181324
0 0.16353154182434082 0.34058955502349497 0.02314739922682446 0.025798250538434143
0 0.190698504447937 0.3400971168695494 0.02314739922682446 0.025798250538434143
0 0.2179429680109024 0.33960327390564987 0.02314739922682446 0.025798250538434143
0 0.2452106848359108 0.33910900944474337 0.023147399226824433 0.025798250538434143
0 0.27389487624168396 0.338589069455169 0.023147399226824406 0.025798250538434143
0 0.30271509289741516 0.338066663822898 0.023147399226824406 0.025798250538434143
0 0.33102795481681824 0.3385614547395804 0.021593868732452393 0.02501585317212482
0 0.3579888939857483 0.33865558179019906 0.021593868732452393 0.02501585317212482
0 0.3842640519142151 0.3387473146154115 0.021593868732452393 0.02501585317212482
0 0.41517534852027893 0.3388552333033362 0.021593868732452393 0.02501585317212482
0 0.47036972641944885 0.33913026671641094 0.021012067794799805 0.02470850390057231
0 0.49725542962551117 0.3393392562866211 0.021022806564966856 0.024873807448749365
0 0.5239176750183105 0.3400792853776799 0.021798094113667732 0.025628777437431867
0 0.5508976578712463 0.34053471783557343 0.021798094113667732 0.025628777437431867
0 0.57851642370224 0.34100093319512204 0.021798094113667732 0.025628777437431867
0 0.6058539748191833 0.3414624015424462 0.021798094113667732 0.025628777437431867
0 0.6336184740066528 0.3419310769369436 0.021713177363077873 0.025064453598140718
0 0.659892737865448 0.34172313862204484 0.021713177363077873 0.025064453598140718
0 0.6866419911384583 0.3415114411723929 0.021713177363077873 0.025064453598140718
0 0.7143111228942871 0.34129246367171245 0.021713177363077873 0.025064453598140718
0 0.7394589185714722 0.34109344038852424 0.021713177363077873 0.025064453598140718
0 0.765459418296814 0.342569395553234 0.02094944318135572 0.022632362306580035
0 0.10731224715709686 0.40912303967849367 0.021567684908707946 0.024036998896635724
0 0.1340639926493168 0.4089305788971657 0.021567684908707932 0.024036998896635724
0 0.1618421971797943 0.4087307334347686 0.021567684908707918 0.024036998896635724
0 0.21626095473766327 0.4083392271458975 0.021567684908707918 0.024036998896635724
0 0.24585766345262527 0.4081262987713481 0.021567684908707946 0.024036998896635724
0 0.27363839745521545 0.40754939234533977 0.022393345832824707 0.024492130723110465
0 0.30161526799201965 0.40753624807639305 0.022393345832824707 0.024492130723110465
0 0.3305710554122925 0.40752264388657083 0.022393345832824707 0.024492130723110465
0 0.3592194616794586 0.4075091841124916 0.022393345832824707 0.024492130723110465
0 0.38702645897865295 0.40749611965445587 0.022393345832824707 0.024492130723110465
0 0.41542214155197144 0.40759720913199493 0.022169053554534912 0.02428291379943369
0 0.4430473744869232 0.40762539880141313 0.022147198518117306 0.024410750514777077
0 0.4706055223941803 0.4069375326467115 0.022209425767262814 0.023927111958348474
0 0.10538381338119507 0.47872518185803864 0.02155941476424536 0.02386362238447801
0 0.13222601637244225 0.47843729063521984 0.02184845258792241 0.023745514625726744
0 0.1881418228149414 0.4776195703550827 0.02226381003856659 0.024092001508372644
0 0.2165614813566208 0.47738913817019957 0.02226381003856659 0.024092001508372644
0 0.2447962388396263 0.4765798248937955 0.022426406542460114 0.02390582062477289
0 0.272919237613678 0.47664203200229377 0.022426406542460087 0.02390582062477289
0 0.3025928735733032 0.4767076690670502 0.022426406542460087 0.02390582062477289
0 0.3312925398349762 0.47677115174424783 0.022426406542460087 0.02390582062477289
0 0.35884711146354675 0.4768321015114008 0.022426406542460087 0.02390582062477289
0 0.38763341307640076 0.4768957758230231 0.022426406542460087 0.02390582062477289
0 0.41589444875717163 0.4772136599518532 0.021250983079274532 0.023941276609435506
0 0.44286105036735535 0.47737748439127264 0.021250983079274532 0.023941276609435506
0 0.10172014683485031 0.5488641697397294 0.021618907650311797 0.024679878885431862
0 0.1299450397491455 0.5488393556471425 0.021618907650311783 0.024679878885431862
0 0.15812893211841583 0.548814577600443 0.02161890765031177 0.024679878885431862
0 0.18696753680706024 0.5496981685994438 0.022048761447270693 0.02428217451701798
0 0.21576040983200073 0.548895192700763 0.022048761447270693 0.02428217451701798
0 0.2438754290342331 0.5481111207955113 0.02204876144727072 0.02428217451701798
0 0.2720463275909424 0.5473254905263254 0.02204876144727075 0.02428217451701798
0 0.3012629747390747 0.5465106964111328 0.02204876144727075 0.02428217451701798
0 0.3301699757575989 0.5457045377099532 0.02204876144727075 0.02428217451701798
0 0.35930806398391724 0.5465440413940198 0.022626539071400997 0.024236132008160785
0 0.38798606395721436 0.5466267378870348 0.021940449873606327 0.024608020634614276
0 0.415771484375 0.5465764777604923 0.021940449873606327 0.024608020634614276
0 0.44450512528419495 0.546524502429315 0.021940449873606327 0.024608020634614276
0 0.4722452461719513 0.5465909819797425 0.021388133366902706 0.02410483545111137
0 0.5000289082527161 0.5464240672976471 0.02138813336690265 0.02410483545111137
0 0.5257261395454407 0.546269687173836 0.021388133366902595 0.02410483545111137
0 0.553212583065033 0.5461045580785904 0.021388133366902595 0.02410483545111137
0 0.5805153846740723 0.5459405322407567 0.021388133366902595 0.02410483545111137
0 0.607894241809845 0.5457760494874873 0.021388133366902595 0.02410483545111137
0 0.6359601020812988 0.5458331884339799 0.02194797992706299 0.024864551632903343
0 0.5827842354774475 0.6163238981776533 0.021586616834004646 0.024053056110707308
0 0.6093431115150452 0.6160958755848019 0.021586616834004646 0.024053056110707308
0 0.6377816200256348 0.6158517153109172 0.021586616834004646 0.024053056110707308
0 0.6646705269813538 0.6156208592206858 0.021586616834004646 0.024053056110707308
0 0.6919135451316833 0.615386962890625 0.021586616834004646 0.024053056110707308
0 0.7193984389305115 0.6151509899247743 0.021586616834004646 0.024053056110707308
0 0.7459068894386292 0.6153369726136674 0.021793802579243904 0.024120271667953663
0 0.77280592918396 0.6148589821748955 0.02115686734517408 0.02357681037843695
0 0.7988561987876892 0.6146572860847116 0.02115686734517408 0.02357681037843695
0 0.8255017399787903 0.6144509810613538 0.02115686734517408 0.02357681037843695
0 0.8520832657814026 0.6142451716817555 0.02115686734517408 0.02357681037843695
0 0.8783793449401855 0.614041572393373 0.02115686734517408 0.02357681037843695
0 0.904339611530304 0.6138238241506178 0.021348277727762932 0.02350471555724619
0 0.09706646203994751 0.6962988881272174 0.023046128451824188 0.027225671812545423
0 0.12432598695158958 0.6959486229475155 0.023046128451824188 0.027225671812545423
0 0.15367361903190613 0.6955715271009166 0.023046128451824188 0.027225671812545423
0 0.18307086825370789 0.6951937937099352 0.023046128451824188 0.027225671812545423
0 0.21208518743515015 0.6948209806930187 0.023046128451824188 0.027225671812545423
0 0.2406371459364891 0.6940088050310002 0.023118858536084502 0.02702195515004234
0 0.29826849699020386 0.6931900378784934 0.02311885853608453 0.02702195515004234
0 0.3277304172515869 0.6927714731195777 0.02311885853608453 0.02702195515004234
0 0.3570050299167633 0.6923555694349622 0.02311885853608453 0.02702195515004234
0 0.38628754019737244 0.6919395535491234 0.02311885853608453 0.02702195515004234
0 0.4157037138938904 0.6913869532761299 0.02336408694585168 0.027341620866642442
0 0.4438651204109192 0.6908579245489495 0.02336408694585168 0.027341620866642442
0 0.47341188788414 0.6903028709943905 0.02336408694585168 0.027341620866642442
0 0.5018774718046188 0.6897681281142436 0.023364086945851625 0.027341620866642442
0 0.0934152432597008 0.7711936942838148 0.0230972345690338 0.02876432793292412
0 0.12166493979035592 0.7711922270320918 0.02240141293629498 0.02777849483630672
0 0.15013626978105427 0.7703223051071916 0.023919637308639746 0.028529571086044057
0 0.181275860438136 0.7704515878091677 0.025415966198557904 0.028271005682092183
0 0.21082052461752276 0.7704745517484006 0.023458865730940887 0.02822507780362604
0 0.23889787429246773 0.7701644579837168 0.023107737809622386 0.02686773013286684
0 0.2691196258477613 0.7699031114982968 0.023782431977946772 0.027390423103706794
0 0.3276144733943907 0.7695722862090365 0.02371450559217103 0.028052073682227546
0 0.35579121112823486 0.7687033719794695 0.023487627506256104 0.026102169539577388
0 0.38476860523223877 0.767771852524765 0.023487627506256104 0.026102169539577388
0 0.4144424796104431 0.7668179437232853 0.023487627506256104 0.026102169539577388
0 0.44368913769721985 0.7658777683957475 0.023487627506256104 0.026102169539577388
0 0.4730721712112427 0.7649332090865734 0.023487627506256104 0.026102169539577388
0 0.5010086297988892 0.7639798820217202 0.02371474107106525 0.026706665985344102
0 0.5283699631690979 0.764222252984848 0.02348860104878736 0.026356541833212208
0 0.09167363294431953 0.8468318665221868 0.025251798737211284 0.027780658665798697
0 0.1195354014635086 0.8477806706129251 0.023075908422470093 0.02671660194101271
0 0.14888246357440948 0.8472897729208303 0.023075908422470093 0.02671660194101271
0 0.17938204109668732 0.8467795967349153 0.023075908422470093 0.02671660194101271
0 0.20856675505638123 0.8462914146922592 0.023075908422470093 0.02671660194101271
0 0.23602481186389923 0.845832114995912 0.023075908422470093 0.02671660194101271
0 0.2680969834327698 0.8452956335265189 0.023075908422470093 0.02671660194101271
0 0.29438865184783936 0.8455312502371672 0.022708257039388058 0.026814482932867006
0 0.32845407724380493 0.8449128462021072 0.02367985248565674 0.02644005117490299
0 0.3574657440185547 0.8439971568972565 0.023420194784800175 0.026383924853894247
0 0.3865072429180145 0.8430823190635915 0.023420194784800175 0.026383924853894247
0 0.44531041383743286 0.8412299571836908 0.023420194784800175 0.026383924853894247
0 0.4743547737598419 0.8403078123580577 0.022648930549621582 0.026435911193374625
0 0.5021743774414062 0.8394455900839258 0.022648930549621582 0.026435911193374625
0 0.5299620470222162 0.8386461267947177 0.022648930549621582 0.026435911193374625
0 0.5577039057705678 0.8378274935890608 0.022648930549621582 0.026435911193374625
0 0.5860261442709943 0.8375264357735964 0.022648930549621582 0.026435911193374625
0 0.6130869388580322 0.8362108274947765 0.022463003794352288 0.026583531106165324
