0 0.358176589012146 0.1383990354316179 0.02035744984944665 0.022842725118001315
0 0.3835814893245697 0.13666480904930103 0.02035744984944665 0.022842725118001315
0 0.4089972972869873 0.13492983807306108 0.02035744984944665 0.022842725118001315
0 0.43444639444351196 0.13319259466126906 0.02035744984944665 0.022842725118001315
0 0.45994293689727783 0.13145211246935273 0.02035744984944665 0.022842725118001315
0 0.4860563278198242 0.12883395926896915 0.020558257897694943 0.023198149925054506
0 0.5117632746696472 0.12634521685626746 0.020801444848378425 0.023459397545156566
0 0.5385348796844482 0.12379899391125883 0.020801444848378425 0.023459397545156566
0 0.5650864839553833 0.12127369503642238 0.020801444848378425 0.023459397545156566
0 0.5922733545303345 0.11991164850634198 0.02151723702748609 0.02385362728621607
0 0.17145012319087982 0.1876828393270803 0.018676966428756714 0.0207386053809824
0 0.19375984370708466 0.18570177817699202 0.018676966428756714 0.0207386053809824
0 0.21559889614582062 0.18376251146543926 0.018676966428756714 0.0207386053809824
0 0.23871305584907532 0.1817100176311129 0.018676966428756714 0.0207386053809824
0 0.26228731870651245 0.1796166675035344 0.018676966428756714 0.020738605380982378
0 0.28593167662620544 0.1775312127366813 0.018725673357645634 0.02076151943946069
0 0.3330964744091034 0.173233286382595 0.01892058054606116 0.020829740420792466
0 0.3588806390762329 0.17158777769221814 0.01924404501914978 0.021321389102196494
0 0.4095320701599121 0.1678693695577819 0.01977439721425378 0.022380488787510585
0 0.4350798726081848 0.16639569786882236 0.020150502522786495 0.02252168433610783
0 0.4604446291923523 0.16449739766675373 0.020150502522786495 0.02252168433610783
0 0.48639073967933655 0.16255558889690017 0.020150502522786495 0.02252168433610783
0 0.5392274260520935 0.1586012874990051 0.020150502522786384 0.02252168433610783
0 0.5658571720123291 0.15660831540129905 0.020150502522786384 0.02252168433610783
0 0.5926312804222107 0.15460453920750697 0.020150502522786384 0.02252168433610783
0 0.6200788021087646 0.15207403627993712 0.020458022753397698 0.022915137830630768
0 0.6470838189125061 0.150601076228035 0.02190089225769043 0.023636071256888942
0 0.6752491593360901 0.1487247444862543 0.02190089225769043 0.023636071256888942
0 0.7032651901245117 0.1468583595231596 0.02190089225769043 0.023636071256888942
0 0.7317390441894531 0.14471652541422866 0.023130853970845466 0.024362290552420195
0 0.7602989673614502 0.1428445771683094 0.023130853970845466 0.024362290552420195
0 0.17085592448711395 0.2171407522157181 0.01783129572868347 0.020414825557738284
0 0.19287459552288055 0.21547311289956772 0.01783129572868347 0.020414825557738284
0 0.21538525819778442 0.21425777257874953 0.018563767274220766 0.021419406861297872
0 0.23830921947956085 0.212506824154466 0.018563767274220766 0.021419406861297872
0 0.26266708970069885 0.21064635274822138 0.01856376727422082 0.021419406861297872
0 0.3099377453327179 0.20639696786569994 0.019456923007965088 0.02228970490684802
0 0.3344237208366394 0.20516553036002225 0.019836843013763428 0.02247534981069636
0 0.3844763934612274 0.20218259472977806 0.020156999429067013 0.022639873415924782
0 0.40973904728889465 0.20024609599937576 0.020047883192698124 0.022528071736180506
0 0.43561312556266785 0.19856617062590842 0.020047883192698124 0.022528071736180506
0 0.46100813150405884 0.196920444799024 0.020129263401031494 0.02282252792240114
0 0.4872642457485199 0.1952147427351128 0.020129263401031494 0.02282252792240114
0 0.512600839138031 0.19356877641905423 0.020129263401031494 0.02282252792240114
0 0.5395405292510986 0.19181866653610835 0.020129263401031494 0.02282252792240114
0 0.5660644173622131 0.19009556881217068 0.020129263401031494 0.02282252792240114
0 0.1693655103445053 0.24678077254184458 0.018179078896840395 0.02112914979919904
0 0.21497176587581635 0.24400054736999538 0.018179078896840395 0.02112914979919904
0 0.26193585991859436 0.24113754634284065 0.01817907889684045 0.02112914979919904
0 0.2857647240161896 0.23968490334444267 0.01817907889684045 0.02112914979919904
0 0.3105296790599823 0.23817519484962454 0.01817907889684045 0.02112914979919904
0 0.33448338508605957 0.2365033154968887 0.01848660906155908 0.021535622057064586
0 0.36007872223854065 0.2358493226310054 0.019118964672088623 0.021922680758690676
0 0.3853471279144287 0.23447416454751357 0.020251154899597168 0.022749316784762625
0 0.4361618161201477 0.23126429386334998 0.020226101080576542 0.02281617748644922
0 0.4623572826385498 0.22965466698934867 0.020226101080576542 0.02281617748644922
0 0.48763105273246765 0.22810167538593806 0.020226101080576542 0.02281617748644922
0 0.5136030912399292 0.22650577744211486 0.020226101080576653 0.02281617748644922
0 0.5406555533409119 0.2248434909554415 0.020226101080576653 0.02281617748644922
0 0.5668337345123291 0.22323492621022545 0.020226101080576653 0.02281617748644922
0 0.16833198070526123 0.27780362288108623 0.018219361702601133 0.021208326945933234
0 0.1908654123544693 0.27642678105553914 0.018219361702601133 0.021208326945933234
0 0.21421405673027039 0.275000127954188 0.018219361702601133 0.021208326945933234
0 0.23803095519542694 0.2732620700193538 0.0187576214472453 0.021577938582546054
0 0.2620387077331543 0.27207793745883674 0.018757621447245243 0.021577938582546054
0 0.286222368478775 0.2708851285911018 0.018757621447245243 0.021577938582546054
0 0.3109130263328552 0.2696673131433768 0.018757621447245243 0.021577938582546054
0 0.335221529006958 0.26846834670665654 0.018757621447245243 0.021577938582546054
0 0.36009061336517334 0.2672417307419788 0.018757621447245243 0.021577938582546054
0 0.3855682909488678 0.2663100043008494 0.019968152046203613 0.022956537645916607
0 0.4367166757583618 0.263610470295533 0.019968152046203613 0.022956537645916607
0 0.46223676204681396 0.26226355893145215 0.019968152046203613 0.022956537645916607
0 0.4882372319698334 0.26089129364931624 0.019968152046203613 0.022956537645916607
0 0.5140293836593628 0.2595300230869027 0.019968152046203613 0.022956537645916607
0 0.5399850010871887 0.25735367176144625 0.020034511884053474 0.02296900194744731
0 0.5673164129257202 0.25563003122678046 0.020034511884053474 0.02296900194744731
0 0.593876838684082 0.25455665190284127 0.0201491117477417 0.023005226785822404
0 0.12288540229201317 0.31085151581572357 0.01766824722290039 0.02117650823075645
0 0.14509618282318115 0.309554610141488 0.01766824722290039 0.02117650823075645
0 0.16813819110393524 0.3085207162901413 0.01815252502759296 0.02156708591668178
0 0.19065111875534058 0.30731174653842147 0.01815252502759296 0.02156708591668178
0 0.21376416087150574 0.30607054995922295 0.01815252502759296 0.02156708591668178
0 0.2622281610965729 0.3034679781735055 0.018152525027593014 0.02156708591668178
0 0.2863159775733948 0.3021744351054347 0.018152525027593014 0.02156708591668178
0 0.31104326248168945 0.3013647434323333 0.01824052135149634 0.02184737745181532
0 0.3355635106563568 0.3003110568950059 0.01824052135149634 0.02184737745181532
0 0.360951691865921 0.29929378420807595 0.01954573392868042 0.022539685862933045
0 0.3858321011066437 0.2981926216490602 0.01954573392868042 0.022539685862933045
0 0.4365147352218628 0.29667233930350584 0.01984945933024085 0.022889336874318676
0 0.4623042047023773 0.2950428113355154 0.020233949025472042 0.023151693418044426
0 0.48895108699798584 0.2936287591623705 0.020233949025472042 0.023151693418044426
0 0.5150607824325562 0.29224321352292854 0.02023394902547193 0.023151693418044426
0 0.5414348244667053 0.29084363998035506 0.02023394902547193 0.023151693418044426
0 0.5677551031112671 0.2894469194634016 0.02023394902547193 0.023151693418044426
0 0.6215460896492004 0.2868382653524709 0.02177043755849195 0.02369043808574827
0 0.6492491960525513 0.28538120955975876 0.02177043755849195 0.02369043808574827
0 0.676368236541748 0.2839548729438477 0.02177043755849195 0.02369043808574827
0 0.705219566822052 0.28243742586407605 0.02177043755849195 0.02369043808574827
0 0.7333914637565613 0.280955713848735 0.02177043755849195 0.02369043808574827
0 0.7624248266220093 0.27985791681336625 0.023229042689005608 0.024501593538032974
0 0.7917080521583557 0.27875067207810017 0.023229042689005608 0.024501593538032974
0 0.8205909132957458 0.2776585657493728 0.023229042689005608 0.024501593538032974
0 0.8494526147842407 0.27656725950019306 0.023229042689005608 0.024501593538032974
0 0.12267886847257614 0.34098076772689234 0.016698576509952545 0.019426597181216664
0 0.1447228193283081 0.3399731189219438 0.016698576509952545 0.019426597181216664
0 0.16768759489059448 0.33892337839209535 0.016698576509952545 0.019426597181216664
0 0.19069801270961761 0.3378715515136719 0.016698576509952545 0.019426597181216664
0 0.21390679478645325 0.33675952755749616 0.01782045761744183 0.02106718314710511
0 0.2380267232656479 0.3356376692306164 0.01832823952039081 0.02178416880526281
0 0.2626718580722809 0.3348985573943405 0.018328239520390865 0.02178416880526281
0 0.2868790626525879 0.33417257916095533 0.018328239520390865 0.02178416880526281
0 0.3363371789455414 0.3326893217375797 0.018328239520390865 0.02178416880526281
0 0.36119160056114197 0.33167211532491503 0.01942743857701623 0.022581765818041423
0 0.3864966034889221 0.33071996999341385 0.01942743857701623 0.022581765818041423
0 0.4115516245365143 0.3297772306707111 0.01942743857701623 0.022581765818041423
0 0.4372735321521759 0.3288093985655952 0.01942743857701623 0.022581765818041423
0 0.46301567554473877 0.32784080505371094 0.01942743857701623 0.022581765818041423
0 0.5152139663696289 0.3258767523696191 0.01942743857701612 0.022581765818041423
0 0.5419177412986755 0.3245902172354765 0.019340455532073975 0.022669089856997914
0 0.5677628517150879 0.3227900169521188 0.020436644554138184 0.023449816445047515
0 0.5945814847946167 0.321691912274028 0.020436644554138184 0.023449816445047515
0 0.6223435401916504 0.3205551786152134 0.020436644554138184 0.023449816445047515
0 0.6499225497245789 0.31942593987678053 0.020436644554138184 0.023449816445047515
0 0.6776933670043945 0.3182888474575309 0.020436644554138184 0.023449816445047515
0 0.7058458924293518 0.3171361257741572 0.020436644554138184 0.023449816445047515
0 0.7342647910118103 0.3153116758479628 0.021169980367024666 0.023673464161481018
0 0.7627740502357483 0.3139575022886944 0.021394411722819084 0.023817919945532066
0 0.1670667827129364 0.36968222329782885 0.018211305141448975 0.021771933681281025
0 0.21464425325393677 0.36805567273485895 0.018211305141448975 0.021771933681281025
0 0.23759578168392181 0.3672710193881317 0.018211305141448975 0.021771933681281067
0 0.26231834292411804 0.3664258190139621 0.018211305141448975 0.021771933681281067
0 0.28689247369766235 0.36558569309323335 0.018211305141448975 0.021771933681281025
0 0.31122976541519165 0.36546429922414386 0.018892427285512325 0.02185953125473138
0 0.3363678455352783 0.36474571933852007 0.018892427285512325 0.02185953125473138
0 0.38720253109931946 0.3632925939461342 0.018892427285512325 0.02185953125473142
0 0.4125438928604126 0.362568203191198 0.018892427285512325 0.02185953125473142
0 0.43801149725914 0.36184020375096526 0.018892427285512325 0.02185953125473138
0 0.46352025866508484 0.36071387211552075 0.019228756427764893 0.022135668022688047
0 0.5159409642219543 0.358965563219647 0.0202486515045166 0.023136833841486466
0 0.5418773293495178 0.3578042219192105 0.0202486515045166 0.023136833841486466
0 0.5680945515632629 0.35663030480361646 0.0202486515045166 0.023136833841486466
0 0.5950914025306702 0.35542147859161727 0.0202486515045166 0.023136833841486466
0 0.6220149993896484 0.3542159324468568 0.0202486515045166 0.023136833841486466
0 0.6509248614311218 0.35316563933309664 0.021542946497599358 0.023597584214321402
0 0.678340494632721 0.3521696314407135 0.021542946497599358 0.023597584214321402
0 0.7070875763893127 0.35153672861498453 0.021942138671875 0.02384540646575218
0 0.763767659664154 0.34939434016261367 0.021942138671875 0.02384540646575218
0 0.7928183674812317 0.34829628424306397 0.021942138671875 0.02384540646575218
0 0.8220179080963135 0.34719260275542485 0.021942138671875 0.02384540646575218
0 0.8508096933364868 0.3461043335670648 0.021942138671875 0.02384540646575218
0 0.16683651506900787 0.40065110297023615 0.018371284008026123 0.021504424339117006
0 0.2140384316444397 0.3992728619098081 0.018676439921061216 0.021650299545406426
0 0.23815321922302246 0.3987401474353879 0.018676439921061216 0.021650299545406426
0 0.2622409164905548 0.3981985047806141 0.018938203652699825 0.021890832472217122
0 0.3121768832206726 0.39709917263793754 0.018938203652699825 0.021890832472217122
0 0.33712655305862427 0.3965499097359041 0.018938203652699825 0.021890832472217122
0 0.36230307817459106 0.3959956526520176 0.018938203652699825 0.021890832472217122
0 0.3875393867492676 0.3954400794450627 0.018938203652699825 0.021890832472217122
0 0.41298919916152954 0.39477405991665154 0.019733289877573612 0.02242075010787609
0 0.46398892998695374 0.39313929675928416 0.019733289877573612 0.02242075010787609
0 0.5158888697624207 0.3914756779902961 0.019733289877573723 0.02242075010787609
0 0.5423658490180969 0.39062697566373433 0.019733289877573723 0.02242075010787609
0 0.5690117478370667 0.3897728587305823 0.019733289877573723 0.02242075010787609
0 0.5958714485168457 0.38868051132060466 0.019893328348795647 0.02261349581932831
0 0.6229473352432251 0.38753354272177054 0.019893328348795647 0.02261349581932831
0 0.16697119176387787 0.43125810221278355 0.018182804187138857 0.021786652794180045
0 0.2139846682548523 0.43048712264659794 0.018182804187138857 0.021786652794180045
0 0.23795507848262787 0.4300940290517804 0.018182804187138857 0.021786652794180045
0 0.2626817226409912 0.4298988608426826 0.018457988897959354 0.02182633747426109
0 0.28754812479019165 0.4294301368083216 0.018457988897959354 0.02182633747426109
0 0.31286463141441345 0.4289529284430087 0.018457988897959354 0.02182633747426109
0 0.3379141092300415 0.4285578173260356 0.018856803576151493 0.02223409608353016
0 0.3627417981624603 0.4280127591865007 0.019100944201151493 0.02227797988773311
0 0.4134429395198822 0.42688367571207037 0.019100944201151493 0.02227797988773311
0 0.4385608434677124 0.4263243153209522 0.019100944201151493 0.02227797988773311
0 0.4641071557998657 0.4257554145365787 0.019100944201151493 0.02227797988773311
0 0.48941850662231445 0.4251917462016261 0.019100944201151493 0.02227797988773311
0 0.5160192847251892 0.4245030602743459 0.02022663752237963 0.023106094478636804
0 0.5422343015670776 0.4238525960991224 0.02022663752237963 0.023106094478636804
0 0.5963658690452576 0.42250944817724173 0.02022663752237963 0.023106094478636804
0 0.6513932943344116 0.42114407164434586 0.02022663752237963 0.023106094478636804
0 0.6791409850120544 0.4204555777616279 0.02022663752237963 0.023106094478636804
0 0.7071714401245117 0.41974257171125917 0.02158355712890625 0.023481856944949128
0 0.7358142137527466 0.41904360749000724 0.02158355712890625 0.023481856944949128
0 0.7639994025230408 0.41818414732467296 0.021678368250529045 0.023584824199824314
0 0.7932571768760681 0.41732326773710027 0.022325317064921135 0.023994711942450946
0 0.8226643800735474 0.4167072384856468 0.02287193139394117 0.024174830710241093
0 0.1665957123041153 0.4626341050230402 0.018214682737986265 0.02167508029198456
0 0.21418115496635437 0.4619057677512945 0.01824212074279785 0.021801941154539067
0 0.2631838917732239 0.46132369750557645 0.018466373284657833 0.02202709700710084
0 0.2880493402481079 0.4608662627464117 0.018466373284657833 0.02202709700710084
0 0.3132532835006714 0.460402600901608 0.018466373284657833 0.02202709700710084
0 0.33823996782302856 0.4599429358391874 0.018466373284657833 0.02202709700710084
0 0.3629235625267029 0.45948884653490646 0.018466373284657833 0.02202709700710084
0 0.3885047137737274 0.45901824542060693 0.018466373284657833 0.02202709700710084
0 0.43880707025527954 0.4585438661797102 0.019752979278564453 0.022769839264625728
0 0.46420907974243164 0.4580969953933039 0.019752979278564453 0.022769839264625728
0 0.5168352723121643 0.4571711982404803 0.019752979278564453 0.022769839264625728
0 0.5430155992507935 0.4567106353352756 0.019752979278564453 0.022769839264625728
0 0.5695459842681885 0.456243914227153 0.019752979278564453 0.022769839264625728
0 0.5970560908317566 0.4558182703370269 0.020308494567871094 0.023055675417877907
0 0.6239808797836304 0.45538263542707574 0.020308494567871094 0.023055675417877907
0 0.651280403137207 0.4549409374282874 0.020308494567871094 0.023055675417877907
0 0.12040236592292786 0.49430913703386176 0.017875830332438156 0.021428396535474202
0 0.14341743290424347 0.49408043262570406 0.017722407976786314 0.021228701569313228
0 0.16693516075611115 0.493834477769988 0.017722407976786314 0.021228701569313228
0 0.19050586223602295 0.49372877076614735 0.017813990513483702 0.021288879157960933
0 0.21433289349079132 0.49340768912880434 0.017813990513483702 0.021288879157960933
0 0.2387072890996933 0.49307923147213395 0.017813990513483702 0.021288879157960933
0 0.2638690173625946 0.49274016409850063 0.017813990513483646 0.021288879157960933
0 0.28866341710090637 0.49240604666776433 0.017813990513483646 0.021288879157960933
0 0.3136773109436035 0.4919854629633726 0.01827385028203332 0.021657692369564503
0 0.33835941553115845 0.4915555022483648 0.01827385028203332 0.021657692369564503
0 0.38867977261543274 0.49067892478169656 0.01827385028203332 0.021657692369564503
0 0.4137161076068878 0.4911616125772166 0.018998225529988644 0.022193494693253445
0 0.438943088054657 0.4909818584576262 0.018998225529988644 0.022193494693253445
0 0.46478408575057983 0.49079772917589204 0.018998225529988644 0.022193494693253445
0 0.4905652701854706 0.4906140260918196 0.02023496230443317 0.022846074067345016
0 0.5167186856269836 0.4902464583885103 0.020234962304433113 0.022846074067345016
0 0.5435578227043152 0.48986925335399456 0.020234962304433113 0.022846074067345016
0 0.5975080728530884 0.4891110208552796 0.020234962304433113 0.022846074067345016
0 0.6243687272071838 0.4887335134107013 0.020234962304433113 0.022846074067345016
0 0.6526793837547302 0.48846595231876816 0.02046414216359449 0.022967286812242558
0 0.6801725625991821 0.48829872663630997 0.021135489145914788 0.02280955351600346
0 0.7080807089805603 0.48741730978322584 0.021214286486307854 0.02314495116241224
0 0.12034262344241142 0.5251277279435227 0.017869402964909867 0.021035867143971106
0 0.14206351339817047 0.525080485331793 0.017803817987442017 0.021005497422329215
0 0.16658763587474823 0.5250207324360692 0.017850716908772768 0.021072594694388984
0 0.19058525562286377 0.5249503124737303 0.017850716908772768 0.021072594694388984
0 0.2143673300743103 0.524880525019608 0.017850716908772768 0.021072594694388984
0 0.2385893166065216 0.5248094466627845 0.017850716908772768 0.021072594694388984
0 0.26367706060409546 0.524735827778661 0.017850716908772823 0.021072594694388984
0 0.2885417640209198 0.5244956931083817 0.018458396196365356 0.021742384563120817
0 0.33871155977249146 0.5241675709569177 0.018458396196365356 0.021742384563120817
0 0.363627165555954 0.5234255679818087 0.019174595673879025 0.022052262180535423
0 0.3891700804233551 0.523301682658153 0.019174595673879025 0.022052262180535423
0 0.41451212763786316 0.5231787715598087 0.019174595673879025 0.022052262180535423
0 0.43943288922309875 0.5230579037328297 0.019174595673879025 0.022052262180535423
0 0.46523478627204895 0.5229327623234239 0.019174595673879025 0.022052262180535423
0 0.1199534423649311 0.5562076864967582 0.018191029628117875 0.0216878846634266
0 0.16628453135490417 0.5561825951864553 0.018294562896092714 0.021755041078079577
0 0.19011342525482178 0.556212032573599 0.018294562896092714 0.021755041078079577
0 0.23849894106388092 0.5562718063577705 0.018294562896092714 0.021755041078079577
0 0.2637515664100647 0.5563030025732488 0.01829456289609277 0.021755041078079577
0 0.28875967860221863 0.5563338967256768 0.01829456289609277 0.021755041078079577
0 0.3136836290359497 0.5562284902495926 0.01888539393742883 0.022186545438544696
0 0.3390043079853058 0.5560164089776288 0.019101828336715698 0.022327393524406436
0 0.3640294075012207 0.556037326191747 0.019101828336715698 0.022327393524406436
0 0.4145514965057373 0.556079555048928 0.019101828336715698 0.022327393524406436
0 0.46626901626586914 0.5561227831061747 0.019101828336715698 0.022327393524406436
0 0.4918704777956009 0.5561441820721293 0.019101828336715698 0.022327393524406436
0 0.5178543329238892 0.5561659006615394 0.019101828336715698 0.022327393524406436
0 0.5444511771202087 0.5558457929034566 0.01945265134175611 0.0223891088204791
0 0.5710622668266296 0.5555324249099514 0.0203441778818767 0.022584161093068676
0 0.5981508493423462 0.555391178574673 0.0203441778818767 0.022584161093068676
0 0.11899105086922646 0.5875479388686086 0.017793367306391403 0.021489313406537616
0 0.14208970963954926 0.5878779925195456 0.017791032791137695 0.021683478540228375
0 0.16608792543411255 0.5878543427122039 0.01801880200703937 0.021635780038759635
0 0.18984228372573853 0.5879854157913563 0.018061955769856752 0.021871197131253083
0 0.21397389471530914 0.5880922456635184 0.018061955769856752 0.021871197131253083
0 0.2382931411266327 0.5881999061917077 0.018061955769856752 0.021871197131253083
0 0.263124018907547 0.5883098316956517 0.018061955769856808 0.021871197131253083
0 0.3130546808242798 0.5881706026055227 0.019144872824350956 0.02220665392025491
0 0.3639528155326843 0.5882508921068769 0.019144872824350956 0.02220665392025491
0 0.3894089162349701 0.5882910479523419 0.019144872824350956 0.02220665392025491
0 0.41475921869277954 0.5883310369058699 0.019144872824350956 0.02220665392025491
0 0.4402686357498169 0.5883712768554688 0.019144872824350956 0.02220665392025491
0 0.46629804372787476 0.5884123370671853 0.019144872824350956 0.02220665392025491
0 0.5184990763664246 0.5887275607016064 0.020153522491455078 0.022780159647150612
0 0.5453610420227051 0.5888092573298964 0.020153522491455078 0.022780159647150612
0 0.5722799897193909 0.5888911272604918 0.020153522491455078 0.022780159647150612
0 0.5992702841758728 0.5889732141815259 0.020153522491455078 0.022780159647150612
0 0.6263640522956848 0.5890556158021439 0.020153522491455078 0.022780159647150612
0 0.654041051864624 0.5891397912334917 0.020153522491455078 0.022780159647150612
0 0.6816843152046204 0.5896770122439362 0.02047363917032885 0.02302447769993041
0 0.1662651151418686 0.618997662566429 0.01845395565032959 0.02193445013475054
0 0.18999405205249786 0.6192425799719908 0.01845395565032959 0.02193445013475054
0 0.21411551535129547 0.6194915488251571 0.01845395565032959 0.02193445013475054
0 0.2381841242313385 0.6198181232011472 0.019055565198262514 0.022479094276132455
0 0.2877695560455322 0.6202517664709757 0.019106368223826053 0.02252250493958939
0 0.31294822692871094 0.6204730234420189 0.019106368223826053 0.02252250493958939
0 0.3378986120223999 0.6206922743571209 0.019106368223826053 0.02252250493958939
0 0.36323651671409607 0.6209149305914662 0.019106368223826053 0.02252250493958939
0 0.3889162838459015 0.6211405909338663 0.019106368223826053 0.02252250493958939
0 0.4155353903770447 0.6209796639375909 0.019727180401484135 0.022614796956380263
0 0.4406793415546417 0.621243408547607 0.019727180401484135 0.022614796956380263
0 0.4920560270547867 0.6217823184343408 0.01972718040148419 0.022614796956380263
0 0.5187917947769165 0.6220627602225686 0.019727180401484246 0.022614796956380263
0 0.5456708073616028 0.6223447045614553 0.019727180401484246 0.022614796956380263
0 0.5728856921195984 0.6226733713475204 0.020191580057144165 0.02297411778176472
0 0.5997107028961182 0.6229731981144395 0.020191580057144165 0.02297411778176472
0 0.6551659107208252 0.6581126811892487 0.021748503049214607 0.024413944214813414
0 0.6833622455596924 0.658645957240558 0.021748503049214607 0.024413944214813414
0 0.7117941975593567 0.6591836895089553 0.021748503049214607 0.024413944214813414
0 0.7696940898895264 0.6602787476478771 0.021748503049214607 0.024413944214813414
0 0.7985142469406128 0.6608238220214844 0.021748503049214607 0.024413944214813414
0 0.8277188539505005 0.6611050577572505 0.023004333178202385 0.025258234304975116
0 0.8572813272476196 0.6614556423453397 0.023004333178202385 0.025258234304975116
0 0.887251615524292 0.6618110632556536 0.023004333178202385 0.025258234304975116
0 0.16513551771640778 0.682441844496616 0.01855976382891339 0.022347383720930234
0 0.18925385177135468 0.6829982542743899 0.01855976382891339 0.022347383720930234
0 0.21375152468681335 0.6840028541032658 0.018419593572616577 0.022488704947538154
0 0.23814238607883453 0.6844328357028316 0.018419593572616577 0.022488704947538154
0 0.2621978521347046 0.6848569046853397 0.018419593572616577 0.022488704947538154
0 0.31268545985221863 0.6857469405875457 0.018419593572616577 0.022488704947538154
0 0.3379141390323639 0.6861916919087254 0.018419593572616577 0.022488704947538154
0 0.3628765344619751 0.6864426191463027 0.019901086886723873 0.023314217264338112
0 0.38821858167648315 0.6869149382890081 0.019901086886723873 0.023314217264338112
0 0.41438981890678406 0.6874027116810913 0.019901086886723873 0.023314217264338112
0 0.4400714933872223 0.687881360717263 0.019901086886723873 0.023314217264338112
0 0.49211256206035614 0.6888512899709303 0.019901086886723818 0.023314217264338112
0 0.5189510583877563 0.6894831102947856 0.01992785930633545 0.023319303527358837
0 0.546173095703125 0.6900856963374443 0.020267099142074585 0.02372392757918478
0 0.5731840133666992 0.6912549928177235 0.02096633116404223 0.02422362334968513
0 0.6003562808036804 0.6917447580540389 0.02096633116404223 0.02422362334968513
0 0.6279377341270447 0.6922418986418155 0.02096633116404223 0.02422362334968513
0 0.6555736660957336 0.692740021177332 0.02096633116404223 0.02422362334968513
0 0.6844378113746643 0.6932602815849837 0.02096633116404223 0.02422362334968513
0 0.165090411901474 0.714609234832054 0.018553624550501524 0.02201849175978071
0 0.18878832459449768 0.7151812664637748 0.018553624550501524 0.02201849175978071
0 0.21351896226406097 0.7157613042594053 0.018976867198944092 0.022563638613205494
0 0.2379109412431717 0.716367011846498 0.018976867198944092 0.022563638613205494
0 0.2622113823890686 0.7169704463437306 0.018976867198944092 0.022563638613205494
0 0.31238123774528503 0.7182162764610257 0.018976867198944092 0.022563638613205494
0 0.3373647630214691 0.7188366734704306 0.018976867198944092 0.022563638613205494
0 0.3623872697353363 0.719458038476429 0.018976867198944092 0.022563638613205494
0 0.3880867660045624 0.7201243054099636 0.019706984361012814 0.023231920345809055
0 0.41422829031944275 0.7207879357809318 0.019706984361012814 0.023231920345809055
0 0.4658101797103882 0.7220803351284225 0.020017534494400024 0.02360442996949183
0 0.49313785135746 0.7228339882784112 0.020017534494400024 0.02360442996949183
0 0.5190513134002686 0.7235486398062799 0.020017534494400024 0.02360442996949183
0 0.5464138984680176 0.7243032558121536 0.020017534494400024 0.02360442996949183
0 0.5736444592475891 0.7250542308008948 0.020017534494400024 0.02360442996949183
0 0.6004337668418884 0.725793036737793 0.020017534494400024 0.02360442996949183
0 0.6563223600387573 0.7277477259760695 0.021806637446085686 0.024163534474927327
0 0.7120881676673889 0.7295091020306763 0.02352066834767652 0.02515177763709721
0 0.7422847747802734 0.7302381826001544 0.02352066834767652 0.02515177763709721
0 0.7713293433189392 0.7309394478281072 0.02352066834767652 0.02515177763709721
0 0.8003334403038025 0.7316397358925202 0.02352066834767652 0.025151777637097292
0 0.8301252722740173 0.7323590433874796 0.02352066834767652 0.025151777637097292
0 0.16477803885936737 0.7461460646709601 0.018825004498163878 0.022061754566754455
0 0.18873527646064758 0.747015775636185 0.018825004498163878 0.022061754566754455
0 0.2132774144411087 0.7479067200291449 0.018825004498163878 0.022061754566754455
0 0.2373911589384079 0.748782112607829 0.018825004498163878 0.022061754566754455
0 0.26177290081977844 0.7496672341989916 0.018825004498163822 0.022061754566754455
0 0.28643694519996643 0.7505626041160598 0.018825004498163822 0.022061754566754455
0 0.3116345703601837 0.7512761012762167 0.019345561663309696 0.02271542807882149
0 0.36260172724723816 0.7529206386832303 0.019345561663309696 0.02271542807882149
0 0.38780394196510315 0.7537338287329514 0.019345561663309696 0.02271542807882149
0 0.43938779830932617 0.755364473012113 0.01972852150599158 0.023006882778433865
0 0.46595147252082825 0.7562148515568223 0.01972852150599158 0.023006882778433865
0 0.49324244260787964 0.7569626844729077 0.020183205604553223 0.023268529611040346
0 0.5194259285926819 0.7577063981876817 0.020183205604553223 0.023268529611040346
0 0.5468029379844666 0.7597407129771265 0.021100282669067383 0.024133963178294682
0 0.5739601850509644 0.7604758684025255 0.021100282669067383 0.024133963178294682
0 0.6016936898231506 0.761226623309629 0.021100282669067383 0.024133963178294682
0 0.6294419765472412 0.7619777783689318 0.021100282669067383 0.024133963178294682
0 0.6575508117675781 0.7627386935921603 0.021100282669067383 0.024133963178294682
0 0.36187082529067993 0.7853331454964572 0.019945621490478516 0.023907447046087583
0 0.3876868784427643 0.7864414236119249 0.019945621490478516 0.023907447046087583
0 0.4136732816696167 0.7879218168036882 0.020243386427561405 0.02381790515988372
0 0.4401613175868988 0.7886592066565226 0.020296533902486202 0.023878053177234737
0 0.46610650420188904 0.7898231616595948 0.020296533902486202 0.023878053177234737
0 0.4929793179035187 0.791028731942006 0.020296533902486147 0.023878053177234737
0 0.5199398994445801 0.7922382396721345 0.02029653390248609 0.023878053177234737
0 0.5471252202987671 0.7934578296750091 0.02029653390248609 0.023878053177234737
0 0.5741268396377563 0.7948334953770443 0.02094942331314087 0.024179443832515635
0 0.6020305752754211 0.796051025390625 0.02094942331314087 0.024179443832515635
0 0.1135888397693634 0.8095279072606286 0.01959550877412161 0.022653742354045433
0 0.13774052262306213 0.8106382203447682 0.019595508774121584 0.022653742354045433
0 0.16210885345935822 0.81191581903502 0.01981137196222943 0.023264862770257994
0 0.18655335903167725 0.8128822681515716 0.01952029267946881 0.023107543472171865
0 0.23580461740493774 0.8148164512775234 0.01952029267946881 0.023107543472171865
0 0.26036524772644043 0.8157809902212914 0.019520292679468754 0.023107543472171865
0 0.31071293354034424 0.8177536365597747 0.020017186800638798 0.023741256359011628
0 0.3359980881214142 0.818881802577189 0.020017186800638798 0.023741256359011628
0 0.3613649308681488 0.820013613334533 0.020017186800638798 0.023741256359011628
0 0.38712894916534424 0.8211631451604803 0.020017186800638798 0.023741256359011628
0 0.4136199355125427 0.8223451126453488 0.020017186800638798 0.023741256359011628
0 0.4667242467403412 0.8242559211198673 0.02072042226791382 0.024281169092932414
0 0.493176206946373 0.8255758162383223 0.02072042226791382 0.024281169092932414
0 0.5200654864311218 0.8269175326349244 0.02072042226791382 0.024281169092932414
0 0.5472666025161743 0.8282748089977175 0.02072042226791382 0.024281169092932414
0 0.5740567445755005 0.829611578653025 0.02072042226791382 0.024281169092932414
0 0.6020892858505249 0.8308444003840819 0.02078752716382337 0.023897688518198776
0 0.6300731301307678 0.8318872673566952 0.02080027262369799 0.023609486661216195
0 0.6584877967834473 0.8333981536155524 0.021624962488810295 0.024298261302386253
0 0.11166038364171982 0.8423695772218938 0.019351273775100708 0.02350433113038991
0 0.13526833057403564 0.8434947701387627 0.019351273775100708 0.02350433113038991
0 0.15998461842536926 0.8448723194211029 0.019608289003372192 0.023485464643138432
0 0.1850084513425827 0.8459650563884236 0.019608289003372192 0.023485464643138432
0 0.20937709510326385 0.8470291826543264 0.019608289003372192 0.023485464643138432
0 0.25921010971069336 0.8492052832315135 0.019608289003372192 0.023485464643138432
0 0.2841222584247589 0.8503445470055868 0.019847402969996097 0.023639649383781602
0 0.30976173281669617 0.8515624254070858 0.020065009593963623 0.023791409278100663
0 0.3349211513996124 0.8524836163188136 0.02021123965581262 0.02398326785065407
0 0.386705219745636 0.8551501784213754 0.02031775315602624 0.023827427117399356
0 0.41312095522880554 0.8566565488902641 0.02031775315602624 0.023827427117399356
0 0.4391103982925415 0.8581386098216746 0.02031775315602624 0.023827427117399356
0 0.4655113220214844 0.8596441356429033 0.02031775315602624 0.023827427117399356
0 0.4929369390010834 0.8612080951069676 0.020317753156026186 0.023827427117399356
0 0.5194082856178284 0.8623357158554117 0.020861923694610596 0.02434527966403233
0 0.5474439859390259 0.8635299746076033 0.020861923694610596 0.02434527966403233
0 0.5744538307189941 0.8646805341853652 0.020861923694610596 0.02434527966403233
0 0.6016474962234497 0.8658389241189425 0.020861923694610596 0.02434527966403233
0 0.11143173277378082 0.8752354466637899 0.019099141160647065 0.023066202799479275
0 0.1344185769557953 0.8765527349774975 0.01909914116064708 0.023066202799479275
0 0.15849711000919342 0.8779325838141324 0.019099141160647093 0.023066202799479275
0 0.18338406085968018 0.8793587599894948 0.019099141160647093 0.023066202799479275
0 0.208218514919281 0.8807819277741188 0.019099141160647093 0.023066202799479275
0 0.23328456282615662 0.8820404219652137 0.019807636737823486 0.02350853025451198
0 0.25818803161382675 0.8832907535262096 0.019807636737823486 0.02350853025451198
0 0.2834343910217285 0.8845583006393077 0.019807636737823486 0.02350853025451198
0 0.30833667516708374 0.8858085727228192 0.019807636737823486 0.02350853025451198
0 0.3333897292613983 0.8871907709853021 0.020259718100229862 0.023775085922359385
0 0.3591649830341339 0.8885490360598306 0.020259718100229862 0.023775085922359385
0 0.3860699236392975 0.8899668316508449 0.02081054449081421 0.024093213931534532
0 0.4122001528739929 0.8914224479998718 0.02081054449081421 0.024093213931534532
0 0.4391694664955139 0.8929248065699755 0.02081054449081421 0.024093213931534532
0 0.46595993638038635 0.8944172024311935 0.02081054449081421 0.024093213931534532
0 0.49259114265441895 0.8959007263183594 0.02081054449081421 0.024093213931534532
0 0.5193729996681213 0.8972337412279706 0.02243673801422119 0.025236913400102846
0 0.5747995376586914 0.9004727054059825 0.02243673801422119 0.025236913400102846
0 0.6028926968574524 0.9021808712981468 0.022816499074300056 0.02582272078639788
0 0.6305674910545349 0.9037623880284494 0.022816499074300056 0.02582272078639788
0 0.6596448421478271 0.905424055930998 0.022816499074300056 0.02582272078639788
0 0.6884871125221252 0.9070722898008516 0.022816499074300056 0.02582272078639788
0 0.7167981266975403 0.9086901642555414 0.022816499074300056 0.02582272078639788
0 0.11095276474952698 0.9074238436656208 0.019474099079767854 0.022558049638142067
0 0.13401569426059723 0.9091316045716752 0.019474099079767868 0.022558049638142067
0 0.1573478877544403 0.9108593039032867 0.01947409907976788 0.022558049638142067
0 0.1818166822195053 0.9130775739296183 0.020075783133506775 0.02336025977319514
0 0.2062947303056717 0.914483713549237 0.02015136182308197 0.023401423018107933
0 0.23084650933742523 0.9159631063771803 0.019926711916923523 0.023343936417453862
0 0.2562369033694267 0.9173947786057177 0.019926711916923523 0.023343936417453862
0 0.281730592250824 0.9188322752561625 0.019926711916923523 0.023343936417453862
0 0.3073596656322479 0.9202774057475243 0.019926711916923523 0.023343936417453862
0 0.3329346179962158 0.9217194845510084 0.019926711916923523 0.023343936417453862
0 0.3583844006061554 0.9234635109125182 0.020337983965873718 0.02348315808200108
0 0.3847618103027344 0.9242718168472308 0.021534591913223267 0.024485565895257994
0 0.4116307497024536 0.9259832515272983 0.021534591913223267 0.024485565895257994
0 0.4383049011230469 0.9276822790595518 0.021534591913223267 0.024485565895257994
0 0.46529456973075867 0.9294014036655363 0.021534591913223267 0.024485565895257994
0 0.49206505715847015 0.9311065673828125 0.021534591913223267 0.024485565895257994
0 0.5192258954048157 0.9328365947509558 0.021534591913223267 0.024485565895257994
0 0.5468042492866516 0.9342649314191894 0.022030949592590332 0.025091067765110112
0 0.5742207765579224 0.9358896654705668 0.022030949592590332 0.025091067765110112
0 0.6025053858757019 0.9375363927067188 0.022262702385584587 0.025203793547874272
0 0.6307916641235352 0.9393990982410519 0.022250890731811523 0.02503494144410137
