0 0.8925309777259827 0.1220878263314565 0.019223928451538086 0.020163277784983318
0 0.9143140316009521 0.12244895100593567 0.019274592399597168 0.019610583782196045
0 0.1811276078224182 0.09828307350775088 0.024986783663431822 0.024176524745093464
0 0.21183933317661285 0.10069416960080464 0.024986783663431822 0.024176524745093464
0 0.2411046400666237 0.10299171121693813 0.024986783663431794 0.024176524745093464
0 0.2708466947078705 0.10532668103442211 0.024986783663431766 0.024176524745093464
0 0.30019134283065796 0.10763045152028401 0.024986783663431766 0.024176524745093464
0 0.32942289113998413 0.10992534283979442 0.024986783663431766 0.024176524745093464
0 0.3571217656135559 0.15162807703018188 0.02422642707824707 0.02411365509033203
0 0.38573169708251953 0.15252679586410522 0.024413764476776123 0.024624447027842205
0 0.413604736328125 0.19665008783340454 0.02328723669052124 0.02417914072672526
0 0.4412984848022461 0.19824140054341252 0.02307868003845215 0.023383590910169838
0 0.4687836170196533 0.20026459296544394 0.02307868003845215 0.023383590910169838
0 0.4956168979406357 0.20223980233275377 0.02307868003845215 0.023383590910169838
0 0.5214183330535889 0.2041390570856562 0.02307868003845215 0.023383590910169838
0 0.5489699244499207 0.20616714159647623 0.02307868003845215 0.023383590910169838
0 0.5755453109741211 0.20812336724614824 0.02307868003845215 0.023383590910169838
0 0.6031557321548462 0.20951873361660342 0.022702624400456672 0.023546377817789715
0 0.1774921417236328 0.22346718999087756 0.025078599651654543 0.025433712535434323
0 0.20791636407375336 0.22504166762034097 0.02504502236843109 0.02523365285661483
0 0.23801685124635696 0.22665790259081187 0.02504502236843109 0.02523365285661483
0 0.2684185206890106 0.22829030943632753 0.02504502236843109 0.02523365285661483
0 0.29800841212272644 0.22987912814990422 0.02504502236843109 0.02523365285661483
0 0.3262332081794739 0.23139464855194092 0.02504502236843109 0.02523365285661483
0 0.35508742928504944 0.23310558001200357 0.025005991260210636 0.02559345298343237
0 0.38372349739074707 0.2766725818316142 0.024296462535858154 0.02587731679280599
0 0.41193708777427673 0.27839841445287067 0.025016367435455322 0.024749000867207844
0 0.43967366218566895 0.32102246085802716 0.022645195325215695 0.0246185329225328
0 0.467682808637619 0.32197081562756386 0.022041837374369266 0.024322960111829994
0 0.49481385946273804 0.32309513290723163 0.022041837374369322 0.024322960111829956
0 0.521393895149231 0.3241966159868639 0.022041837374369377 0.024322960111829956
0 0.5486584901809692 0.32532646737061305 0.022041837374369377 0.024322960111829956
0 0.5754973292350769 0.32643867532412213 0.022041837374369377 0.024322960111829956
0 0.6022074818611145 0.32754555048106276 0.022041837374369377 0.024322960111829956
0 0.6288248300552368 0.3279939691225688 0.02170189221700025 0.02411794000201754
0 0.17476269602775574 0.3528808355331421 0.025041123231252016 0.026408937242296055
0 0.2056930959224701 0.3538316630065268 0.02445979913075763 0.026383717854817707
0 0.23604749143123627 0.35490882396698 0.02445979913075763 0.026383717854817707
0 0.29533836245536804 0.3570128293509783 0.024459799130757687 0.026383717854817707
0 0.32523277401924133 0.3580736672471909 0.024459799130757687 0.026383717854817707
0 0.35436490178108215 0.3588603343760397 0.02312028408050537 0.025785949495103672
0 0.3825851380825043 0.3598388433456421 0.02312028408050537 0.025785949495103672
0 0.4106816053390503 0.3608130607452067 0.02312028408050537 0.025785949495103672
0 0.4391384422779083 0.36179977360947085 0.02312028408050537 0.025785949495103672
0 0.4669456481933594 0.3627639611562093 0.02312028408050537 0.025785949495103672
0 0.49471835792064667 0.36372695258151305 0.02312028408050537 0.025785949495103672
0 0.5220538377761841 0.3638710180918376 0.022720585266749138 0.025340133243136886
0 0.17411264777183533 0.3967966636021932 0.025009979804356874 0.0270866023169624
0 0.23445749282836914 0.3979693497293218 0.025009979804356874 0.0270866023169624
0 0.2648659646511078 0.39856027995741833 0.02500997980435693 0.0270866023169624
0 0.2943520247936249 0.39913328488667804 0.02500997980435693 0.0270866023169624
0 0.3245299160480499 0.4007236957550049 0.0234413743019104 0.026216083102756027
0 0.3534940183162689 0.40140158534637393 0.0234413743019104 0.026216083102756027
0 0.381964772939682 0.40206792839539746 0.0234413743019104 0.026216083102756027
0 0.4104895293712616 0.4027355353283602 0.0234413743019104 0.026216083102756027
0 0.43844640254974365 0.403389851252238 0.0234413743019104 0.026216083102756027
0 0.4673706889152527 0.40410131753193695 0.023360391457875607 0.026216295030381993
0 0.1739545613527298 0.44053285688326604 0.023944079875946045 0.0263344181908501
0 0.2345401495695114 0.441539208094279 0.023944079875946045 0.0263344181908501
0 0.2643496096134186 0.4420343553247967 0.023944079875946045 0.0263344181908501
0 0.2943597137928009 0.4425328353358429 0.023944079875946045 0.0263344181908501
0 0.32365188002586365 0.44301939010620117 0.023944079875946045 0.0263344181908501
0 0.35263174772262573 0.44350075747111445 0.023944079875946045 0.0263344181908501
0 0.38162368535995483 0.4436571995417277 0.022346675395965576 0.024650918112860836
0 0.4108351469039917 0.44411175426231914 0.022346675395965576 0.024650918112860836
0 0.46726176142692566 0.444989799476172 0.022346675395965576 0.024650918112860836
0 0.49474942684173584 0.44542670249938965 0.021637638409932436 0.02424446741739909
0 0.521605372428894 0.44583228695631444 0.02163763840993238 0.02424446741739909
0 0.549336850643158 0.4461447795232137 0.021056652069091797 0.023790915807088215
0 0.5757654309272766 0.4465639484660004 0.021056652069091797 0.023790915807088215
0 0.6025140285491943 0.44698819302494636 0.021056652069091797 0.023790915807088215
0 0.6282862424850464 0.4473969517078807 0.021056652069091797 0.023790915807088215
0 0.6540692448616028 0.44780588150024414 0.021056652069091797 0.023790915807088215
0 0.6804906725883484 0.4482337558324792 0.020930369695027595 0.02366299099392366
0 0.1724787801504135 0.5287684202194214 0.02431796987851459 0.026965406205919102
0 0.20325921475887299 0.528698765950394 0.02431796987851459 0.026965406205919102
0 0.23387840390205383 0.5286294765701397 0.02431796987851459 0.026965406205919102
0 0.2641577124595642 0.5290098986123927 0.02273394664128625 0.02541518211364746
0 0.29378360509872437 0.5288732846577963 0.02273394664128625 0.02541518211364746
0 0.35235390067100525 0.5286031993038302 0.02273394664128625 0.02541518211364746
0 0.38150498270988464 0.5284687748445709 0.02273394664128625 0.02541518211364746
0 0.4382161796092987 0.528207262357076 0.02273394664128625 0.02541518211364746
0 0.4664924740791321 0.5280768718079741 0.02273394664128625 0.02541518211364746
0 0.49377839267253876 0.528029203414917 0.023012886444727598 0.025518099466959637
0 0.5210522413253784 0.5279257531543946 0.022583077351252312 0.025217215220133465
0 0.5481144189834595 0.5279218753178915 0.021138787269592285 0.023952245712280273
0 0.5758135318756104 0.5271438757359866 0.02108375231424975 0.023851500617133297
0 0.6028419733047485 0.527675746715612 0.020667990048726326 0.023326502905951656
0 0.654569149017334 0.5275095701217651 0.020667990048726326 0.023326502905951656
0 0.6796379685401917 0.5274290350648501 0.020667990048726326 0.023326502905951656
0 0.7305449843406677 0.5272654932829512 0.020667990048726326 0.023326502905951656
0 0.7556864619255066 0.5271847248077393 0.020667990048726326 0.023326502905951656
0 0.780445396900177 0.5271051852731583 0.020667990048726326 0.023326502905951656
0 0.8045215010643005 0.5268992901324501 0.019536137580871582 0.02173349592420785
0 0.8283196687698364 0.5267601928287251 0.019536137580871582 0.02173349592420785
0 0.8520349264144897 0.5266215801239014 0.019536137580871582 0.02173349592420785
0 0.8752424716949463 0.5264774740848 0.01941140492757154 0.021605200237698075
0 0.8994461894035339 0.5265197356541952 0.01949608325958252 0.021490176518758137
0 0.17175321280956268 0.5725024143854777 0.024442315101623535 0.02717627419365772
0 0.20322385430335999 0.5722457836939215 0.024442315101623535 0.02717627419365772
0 0.23380552232265472 0.5719964022310658 0.024442315101623535 0.02717627419365772
0 0.26389777660369873 0.5718822876612345 0.023973385492960575 0.026461495293511234
0 0.2934046983718872 0.5715165553523964 0.023973385492960575 0.026461495293511234
0 0.32256996631622314 0.5711550577733889 0.023973385492960575 0.026461495293511234
0 0.35202229022979736 0.5707900021938817 0.023973385492960575 0.026461495293511234
0 0.38130730390548706 0.5704270203908285 0.023973385492960575 0.026461495293511234
0 0.40910831093788147 0.5700579108744405 0.022870659828186035 0.025613493389553543
0 0.4378352165222168 0.5697027842203776 0.022250135739644405 0.025223652521769207
0 0.49407702684402466 0.5688818693161011 0.02194110552469891 0.024796697828504726
0 0.548177182674408 0.5682187704949335 0.021941105524698967 0.024796697828504726
0 0.575198233127594 0.5677777134761758 0.02114502588907885 0.02421715524461539
0 0.6018732190132141 0.5675084193547567 0.02114502588907885 0.02421715524461539
0 0.6274614334106445 0.5672500966045821 0.02114502588907885 0.02421715524461539
0 0.6537771821022034 0.5669844291191797 0.02114502588907885 0.02421715524461539
0 0.6791900396347046 0.566727876663208 0.02114502588907885 0.02421715524461539
0 0.7044752836227417 0.5664726125144725 0.02114502588907885 0.02421715524461539
0 0.17249099910259247 0.6173426801541863 0.024709373712539673 0.02687684694925944
0 0.2035069316625595 0.6166343291600546 0.024709373712539673 0.02687684694925944
0 0.2332722544670105 0.6159545399595067 0.024709373712539673 0.02687684694925944
0 0.2634655237197876 0.6152649771920503 0.024709373712539673 0.02687684694925944
0 0.2935747802257538 0.6145773331324259 0.024709373712539673 0.02687684694925944
0 0.3226659297943115 0.6139129408986125 0.024709373712539673 0.02687684694925944
0 0.351781964302063 0.613368550936381 0.02433728178342187 0.026631169848971847
0 0.3813377022743225 0.6123965183893839 0.02270527680714929 0.02516317367553711
0 0.43830424547195435 0.611188968417609 0.02270527680714929 0.02516317367553711
0 0.4660155177116394 0.6106015579108001 0.02270527680714929 0.02516317367553711
0 0.4937773048877716 0.6100130766121427 0.022705276807149233 0.02516317367553711
0 0.5214211940765381 0.6094270944595337 0.022705276807149177 0.02516317367553711
0 0.5477669835090637 0.6088410775317058 0.022197723388671875 0.024970743391248867
0 0.5747413635253906 0.6082323789596558 0.022197723388671875 0.024970743391248867
0 0.6011647582054138 0.6080977916717529 0.02149577935536695 0.024332364400227863
0 0.6279521584510803 0.6076512532430665 0.02149577935536695 0.024332364400227863
0 0.6540480256080627 0.6068403134579546 0.02173912525177002 0.02400949266221793
0 0.6802603602409363 0.6062170267105103 0.02173912525177002 0.02400949266221793
0 0.17317961156368256 0.6606420874595642 0.02523815631866455 0.027260833316379147
0 0.23393180966377258 0.6595988132457816 0.02439389626185101 0.026125219133165123
0 0.2634153962135315 0.6585978865623474 0.024720152219136593 0.0264372163348728
0 0.29310619831085205 0.6575093638967896 0.024720152219136593 0.0264372163348728
0 0.3222767114639282 0.6564399160378535 0.024720152219136593 0.026437216334872726
0 0.35171055793762207 0.6553608138662063 0.024720152219136593 0.0264372163348728
0 0.38137245178222656 0.6542733510335287 0.024720152219136593 0.0264372163348728
0 0.4380141794681549 0.6527873675028483 0.023925960063934326 0.025992605421278164
0 0.4661564230918884 0.6518877780706621 0.022167007128397587 0.024626943800184414
0 0.49316099286079407 0.6511079867680868 0.02179835240046185 0.024327993392944336
0 0.5204082727432251 0.6500885486602783 0.021862586339314705 0.02419855859544547
0 0.5480700731277466 0.6492721634574193 0.021862586339314705 0.02419855859544547
0 0.5745113492012024 0.6484917996983359 0.021862586339314705 0.02419855859544547
0 0.6017463207244873 0.6476880115340509 0.021862586339314705 0.02419855859544547
0 0.6280408501625061 0.6469119787216187 0.021862586339314705 0.02419855859544547
0 0.17438827455043793 0.7480550741280796 0.025052974621454893 0.026684496137831044
0 0.20500531792640686 0.746665875116984 0.024820834398269653 0.026575883229573567
0 0.23485328257083893 0.7454067866007487 0.02498753865559894 0.026523007286919587
0 0.29432645440101624 0.742607558960625 0.024987538655598995 0.026523007286919587
0 0.32361719012260437 0.7412289300005698 0.024987538655598995 0.026523007286919587
0 0.3527156710624695 0.7398593499088087 0.024987538655598995 0.026523007286919587
0 0.38128697872161865 0.7385145823160807 0.024987538655598995 0.026523007286919587
0 0.40997210144996643 0.7370400677025897 0.024083395799001095 0.025789207882351246
0 0.4377899765968323 0.7355271975199381 0.024083395799001095 0.025789207882351246
0 0.46577024459838867 0.734005495630823 0.024083395799001095 0.025789207882351246
0 0.4931783527135849 0.7332499418186362 0.02251720428466797 0.02473391426934146
0 0.5203264355659485 0.7321599342860209 0.02194158236185717 0.024226612514919605
0 0.546878457069397 0.7307839393615723 0.02194158236185717 0.024226612514919605
0 0.5742998123168945 0.729362893297823 0.02194158236185717 0.024226612514919605
0 0.6011816263198853 0.7279698076669122 0.02194158236185717 0.024226612514919605
0 0.6531860828399658 0.7252748012542725 0.02194158236185717 0.024226612514919605
0 0.6783280968666077 0.7248065560954656 0.020924607912699456 0.023459964328342114
0 0.7037750482559204 0.7234041690826416 0.020924607912699456 0.023459964328342114
0 0.7287912368774414 0.7220255214994222 0.020924607912699456 0.023459964328342114
0 0.7535944581031799 0.7206586105955964 0.020924607912699456 0.023459964328342114
0 0.7787930369377136 0.7192699114481608 0.020924607912699456 0.023459964328342114
0 0.8024469017982483 0.7179663418230214 0.020924607912699456 0.023459964328342114
0 0.8266311883926392 0.7172505267334648 0.020224372545878166 0.02164994345770932
0 0.8506865501403809 0.716235081354777 0.020224372545878166 0.02164994345770932
0 0.8740206956863403 0.7152500805674785 0.020224372545878166 0.02164994345770932
0 0.897495448589325 0.7139929930369059 0.019943594932556152 0.021179252200656567
0 0.26539701223373413 0.7863680943222539 0.024777253468831417 0.026349862416585285
0 0.29467102885246277 0.7846461137135824 0.024777253468831417 0.026349862416585285
0 0.3244321346282959 0.7828346093495687 0.024408817291259766 0.025827301873101227
0 0.3528200387954712 0.7811983083999424 0.024408817291259766 0.025827301873101227
0 0.3820140063762665 0.7795155453261172 0.024408817291259766 0.025827301873101227
0 0.41063982248306274 0.7778655309466288 0.024408817291259766 0.025827301873101227
0 0.43871763348579407 0.7762471040089926 0.024408817291259766 0.025827301873101227
0 0.4668349325656891 0.774491265587539 0.023347993691762325 0.025372717115614247
0 0.5204311013221741 0.7711886564890543 0.023347993691762214 0.025372717115614247
0 0.5468993186950684 0.7695576784257985 0.023347993691762214 0.025372717115614247
0 0.5742139220237732 0.7683989951995693 0.02196335792541504 0.024681197272406585
0 0.6007938385009766 0.7664454704800553 0.021109501520792717 0.02386114332411034
0 0.6265067458152771 0.7652378082275391 0.0212557315826416 0.023753801981608074
0 0.6524534225463867 0.7639921748318609 0.0212557315826416 0.023753801981608074
0 0.677723228931427 0.7627790362453001 0.0212557315826416 0.023753801981608074
0 0.7037423849105835 0.761529923306835 0.0212557315826416 0.023753801981608074
0 0.7281384468078613 0.760358730951945 0.0212557315826416 0.023753801981608074
0 0.7531147599220276 0.7586627006530762 0.021139184633890862 0.023544258541530933
0 0.1760856956243515 0.8336870670318604 0.025431414445241274 0.026297039455837574
0 0.20652633905410767 0.8318137134077936 0.025431414445241274 0.026297039455837574
0 0.2662058472633362 0.8284902572631836 0.025045593579610226 0.02622254689534505
0 0.29542818665504456 0.8265260906025254 0.025045593579610226 0.02622254689534505
0 0.3246082067489624 0.8245647684148132 0.025045593579610226 0.02622254689534505
0 0.35342690348625183 0.8226277324172412 0.025045593579610226 0.02622254689534505
0 0.3827514350414276 0.8206566969553629 0.025045593579610226 0.02622254689534505
0 0.4104277789592743 0.8186791458362347 0.024188200632731083 0.02555958429972331
0 0.46660900115966797 0.8155354483015409 0.023049046595891354 0.024618678622775707
0 0.4933674782514572 0.8137132326761881 0.023049046595891298 0.024618678622775707
0 0.5203230977058411 0.8118775919260682 0.023049046595891243 0.024618678622775707
0 0.5468448996543884 0.8100714935536768 0.023049046595891243 0.024618678622775707
0 0.5739156007766724 0.8082280158996582 0.023049046595891243 0.024618678622775707
0 0.6012752056121826 0.8063648642986263 0.023049046595891243 0.024618678622775707
0 0.6270341873168945 0.8045518398284912 0.021640976270039802 0.02323182423909505
0 0.6529195308685303 0.803043387079189 0.021640976270039802 0.02323182423909505
0 0.6777902245521545 0.8015940624376489 0.021640976270039802 0.02323182423909505
0 0.7031926512718201 0.8001137513748349 0.021640976270039802 0.02323182423909505
0 0.7289241552352905 0.7986142635345459 0.021640976270039802 0.02323182423909505
0 0.2669103443622589 0.8695763746897379 0.024620036284128788 0.02519687016805013
0 0.2961026430130005 0.8675460815429688 0.02443714936574304 0.025124231974283855
0 0.32551002502441406 0.8651813341392586 0.02420145273208618 0.0251973999871149
0 0.35446855425834656 0.863027811050415 0.02420145273208618 0.0251973999871149
0 0.3818880617618561 0.8609887384850744 0.02420145273208618 0.0251973999871149
0 0.4100985527038574 0.8588908438337114 0.02420145273208618 0.0251973999871149
0 0.4387036859989166 0.8567636013031006 0.02420145273208618 0.0251973999871149
0 0.466894268989563 0.8553876914248996 0.02291986346244812 0.023712317148844402
0 0.4948795288801193 0.8532483577728271 0.02291986346244812 0.023712317148844402
0 0.5477164387702942 0.8492092393282733 0.02291986346244812 0.023712317148844402
0 0.574873685836792 0.8471332031301384 0.02291986346244812 0.023712317148844402
0 0.626828670501709 0.8431615034739176 0.02291986346244812 0.023712317148844402
0 0.6526888608932495 0.8411846207946078 0.02291986346244812 0.023712317148844402
0 0.6779286861419678 0.8399076612053354 0.02199610074361158 0.023253970675998364
0 0.7027373909950256 0.8383279432450133 0.02199610074361158 0.023253970675998364
0 0.7283689379692078 0.8366958300272623 0.02199610074361158 0.023253970675998364
