0 0.28164806962013245 0.10156383070834847 0.023638327916463253 0.025277816047964172
0 0.30828210711479187 0.09906646539998609 0.02371615171432495 0.02547667192858319
0 0.3339661657810211 0.09625573311671132 0.02371615171432495 0.02547667192858319
0 0.3630598485469818 0.09262667700301769 0.024767547845840454 0.026378199111583622
0 0.39166516065597534 0.08976837075530442 0.024767547845840454 0.026378199111583622
0 0.4497743248939514 0.08396197414764134 0.024767547845840454 0.026378199111583622
0 0.4794621467590332 0.08099550112351787 0.024767547845840454 0.026378199111583633
0 0.5083319991827011 0.07811076142067133 0.024767547845840454 0.026378199111583622
0 0.5381217002868652 0.07510034100814383 0.02479172746340441 0.02625270961791045
0 0.5683215260505676 0.07342690645262252 0.024541934331258064 0.02624777860419695
0 0.5982865691184998 0.07154585346723469 0.024541934331258064 0.02624777860419695
0 0.6288336515426636 0.06962826301162961 0.024541934331258064 0.02624777860419695
0 0.6592676043510437 0.06771777425786502 0.024541934331258064 0.02624777860419695
0 0.6885896921157837 0.06587708273599314 0.024541934331258064 0.02624777860419695
0 0.7220451353906512 0.06485753600082557 0.024608135223388672 0.026391362034997274
0 0.149896502494812 0.14826588297999183 0.02290785312652588 0.02521830566169681
0 0.2022785097360611 0.1440504303836563 0.0230085204044978 0.0252865340358527
0 0.22829990088939667 0.14169535662971292 0.023528849085172 0.025434397911840618
0 0.2549036517739296 0.13909041375409661 0.023587485154469817 0.02556542093439621
0 0.28252968192100525 0.1362595558166504 0.023587485154469845 0.02556542093439621
0 0.3100850582122803 0.13343593782745003 0.023587485154469845 0.02556542093439621
0 0.3379388451576233 0.13058174149730858 0.023587485154469845 0.02556542093439621
0 0.36605650186538696 0.1277005062546841 0.023587485154469845 0.02556542093439621
0 0.3951355814933777 0.12472075335713494 0.023587485154469845 0.02556542093439621
0 0.42278358340263367 0.12302770171054574 0.024441341559092167 0.02535062982130419
0 0.15145520865917206 0.18202473950940512 0.021570255359013857 0.02395365589348846
0 0.17626139521598816 0.1801845440037952 0.021570255359013857 0.02395365589348844
0 0.2028849869966507 0.1782095280606652 0.021570255359013857 0.02395365589348844
0 0.22945865988731384 0.17623821524686595 0.021570255359013857 0.02395365589348846
0 0.25640273839235306 0.17423942466072684 0.021570255359013885 0.02395365589348844
0 0.15037177503108978 0.216246250063874 0.02142450213432312 0.024706241696379905
0 0.17684629559516907 0.2135945248039278 0.02190066377321881 0.02455504365669667
0 0.23083403706550598 0.20994704323966198 0.022457520167032896 0.024789130040841482
0 0.2575608491897583 0.2079316072685774 0.02245752016703287 0.024789130040841482
0 0.2844483256340027 0.20590405579908333 0.02245752016703284 0.024789130040841482
0 0.31208598613739014 0.20381993387402192 0.02245752016703284 0.024789130040841482
0 0.3405081033706665 0.20167665703352108 0.02245752016703284 0.024789130040841482
0 0.3689977824687958 0.19952828543603737 0.02245752016703284 0.024789130040841482
0 0.39667439460754395 0.1964868672854083 0.023697733879089355 0.024960909702981173
0 0.4260786175727844 0.19382035455038382 0.023697733879089355 0.024960909702981173
0 0.4555535614490509 0.19111423461030155 0.024076203505198124 0.025131890940111735
0 0.15121690928936005 0.2504936262618664 0.02105019986629486 0.024475467297457938
0 0.17763708531856537 0.24844863802887673 0.021406138936678587 0.024575078210165333
0 0.20435737073421478 0.2466266282962156 0.021406138936678587 0.024575078210165333
0 0.23148642480373383 0.24477674534086347 0.021406138936678587 0.024575078210165333
0 0.258815236389637 0.2429132412683203 0.02140613893667856 0.024575078210165333
0 0.2859949767589569 0.2410599021024482 0.02140613893667853 0.024575078210165333
0 0.3134624660015106 0.23911420757639032 0.021449173490206364 0.02448593553646593
0 0.1531287580728531 0.28415888409281886 0.021456862489382444 0.024598129035890537
0 0.17883436381816864 0.2827078467341148 0.021456862489382444 0.024598129035890537
0 0.20549125969409943 0.2812031106790188 0.021456862489382444 0.024598129035890537
0 0.23248134553432465 0.2796795666218657 0.021456862489382444 0.024598129035890537
0 0.2591576501727104 0.2781737349754156 0.021456862489382417 0.024598129035890537
0 0.28690505027770996 0.2761986285378328 0.022313381234804752 0.025089441343795423
0 0.3148450255393982 0.27420981427788615 0.022313381234804752 0.025089441343795423
0 0.34276023507118225 0.27222276288409564 0.022313381234804752 0.025089441343795423
0 0.37086135149002075 0.2702224783265485 0.022313381234804752 0.025089441343795423
0 0.42888355255126953 0.26663075670136277 0.023815949757893917 0.025780433832212936
0 0.4574275016784668 0.26477739172809867 0.023815949757893917 0.025780433832212936
0 0.48659053444862366 0.2628838295160338 0.023815949757893917 0.025780433832212936
0 0.5166479349136353 0.2608801154203193 0.024975180625915527 0.026610781056012268
0 0.5470241904258728 0.2590983264049471 0.024975180625915527 0.026610781056012268
0 0.5768848657608032 0.257346779928722 0.024975180625915527 0.026610781056012268
0 0.6073055267333984 0.2555623862091112 0.024975180625915527 0.026610781056012268
0 0.6379923820495605 0.2537623782490575 0.024975180625915527 0.026610781056012268
0 0.15391084551811218 0.31944935820823495 0.021159122387568174 0.024462381998697946
0 0.1796768307685852 0.31797241143882377 0.021159122387568174 0.024462381998697946
0 0.20576006174087524 0.31647727964604194 0.021159122387568174 0.024462381998697946
0 0.2334458827972412 0.3148902848709461 0.02252921462059021 0.02514021526011383
0 0.2609967961907387 0.3132310298382761 0.02252921462059021 0.02514021526011383
0 0.28827932476997375 0.3115879382934512 0.02252921462059021 0.02514021526011383
0 0.34434986114501953 0.3081247365648753 0.02341492970784509 0.025625450666560683
0 0.37286099791526794 0.30649400311847064 0.02341492970784509 0.025625450666560683
0 0.4020596146583557 0.3048239483151353 0.02341492970784509 0.025625450666560683
0 0.4309014081954956 0.3031743025028928 0.02341492970784509 0.025625450666560683
0 0.4598204791545868 0.3015202367028525 0.02341492970784509 0.025625450666560683
0 0.48873694241046906 0.2998663200539623 0.023414929707845034 0.025625450666560683
0 0.518779456615448 0.29780402046790466 0.02449682354927063 0.02615754179252208
0 0.5487641096115112 0.2961531885612289 0.02449682354927063 0.02615754179252208
0 0.5793642997741699 0.29446846770494634 0.02449682354927063 0.02615754179252208
0 0.6093124747276306 0.2928196441295535 0.02449682354927063 0.02615754179252208
0 0.6403059363365173 0.2917178619739621 0.02463388442993164 0.026171780371850747
0 0.20749635994434357 0.3508223156596339 0.02169489860534668 0.02474537930747338
0 0.23489351570606232 0.35014654165292636 0.02225130796432495 0.024987169014391075
0 0.2624960243701935 0.3487618690313295 0.02225130796432495 0.024987169014391075
0 0.2902298867702484 0.3473706070839546 0.02225130796432495 0.024987169014391075
0 0.31775644421577454 0.3459897445353572 0.02225130796432495 0.024987169014391075
0 0.345681756734848 0.3445888785428779 0.02225130796432495 0.024987169014391075
0 0.37431541085243225 0.34315247877953264 0.02225130796432495 0.024987169014391075
0 0.4032630920410156 0.3415092202120049 0.02255139748255408 0.025122886480287064
0 0.20972692966461182 0.3866589715082895 0.021855801343917847 0.025102445321489728
0 0.2359885275363922 0.3854390077812727 0.021855801343917847 0.025102445321489728
0 0.26361653208732605 0.3841555686102613 0.021855801343917847 0.025102445321489687
0 0.2910892069339752 0.3828793451694534 0.021855801343917847 0.025102445321489687
0 0.3193117380142212 0.38156828769417694 0.021855801343917847 0.025102445321489687
0 0.3475990295410156 0.38025422181872165 0.021855801343917847 0.025102445321489687
0 0.21064253151416779 0.42180195992886926 0.02158085505167645 0.024840066599291423
0 0.237418994307518 0.42077414934025253 0.02158085505167645 0.024840066599291423
0 0.26514461636543274 0.42027899276378544 0.02215244372685754 0.025508377903191673
0 0.29291820526123047 0.41891936233110555 0.02215244372685754 0.025508377903191673
0 0.3211572766304016 0.4175369446331913 0.02215244372685754 0.025508377903191673
0 0.3494393527507782 0.41615242167733907 0.02215244372685754 0.025508377903191673
0 0.3775363862514496 0.4147769573122956 0.02215244372685754 0.025508377903191673
0 0.40568244457244873 0.4136293114578779 0.023172825574874878 0.026018808054369548
0 0.4351058304309845 0.4124295830121266 0.023172825574874878 0.026018808054369548
0 0.46475696563720703 0.4112205681649993 0.023172825574874878 0.026018808054369548
0 0.4939793795347214 0.4100290342818859 0.023172825574874878 0.026018808054369548
0 0.5232139825820923 0.4086588953597394 0.024069269498189216 0.02642467410065407
0 0.5535858869552612 0.40751616899357285 0.024069269498189216 0.02642467410065407
0 0.5836683511734009 0.40640152332394625 0.023926297823588127 0.026480977849442776
0 0.6142870187759399 0.4053856662373145 0.023926297823588127 0.026480977849442776
0 0.6766176223754883 0.403317679929008 0.023926297823588127 0.026480977849442776
0 0.7060827612876892 0.40234009427567075 0.023926297823588127 0.026480977849442776
0 0.7367304563522339 0.40132327412450036 0.023926297823588127 0.026480977849442776
0 0.7674040794372559 0.40144554055825643 0.02361973126729322 0.026105363239613558
0 0.7971016764640808 0.40097396318302597 0.02361973126729322 0.026105363239613558
0 0.21199031174182892 0.45687981538994366 0.021371314922968565 0.02474464002505759
0 0.23875649273395538 0.45597679052026757 0.021371314922968565 0.02474464002505759
0 0.26640263199806213 0.45504407803082564 0.02137131492296851 0.02474464002505759
0 0.29459571838378906 0.45409291289573495 0.02137131492296851 0.02474464002505759
0 0.32218503952026367 0.4528148562409157 0.022821148236592648 0.02577614599420113
0 0.350574791431427 0.45177409689986747 0.022821148236592648 0.02577614599420113
0 0.3791351318359375 0.45072708383851606 0.022821148236592648 0.02577614599420113
0 0.43712520599365234 0.44860118603015964 0.022821148236592648 0.02577614599420113
0 0.465406209230423 0.4475644133811773 0.022821148236592648 0.02577614599420113
0 0.5254117846488953 0.44571108967127976 0.02370166778564453 0.026325698970824304
0 0.555320143699646 0.44478734432651273 0.02370166778564453 0.026325698970824304
0 0.6165229678153992 0.4428970425627952 0.02370166778564453 0.026325698970824304
0 0.6463314294815063 0.44113315498644173 0.023115317026774163 0.02613623567329815
0 0.6774670481681824 0.44044002266817317 0.023115317026774163 0.02613623567329815
0 0.7081760764122009 0.4397563869854282 0.023115317026774163 0.02613623567329815
0 0.738890528678894 0.4390726305546278 0.023115317026774163 0.02613623567329815
0 0.7696191668510437 0.4383885583212209 0.023115317026774163 0.02613623567329815
0 0.7986176013946533 0.4377430033905918 0.023115317026774163 0.02613623567329815
0 0.21300800144672394 0.49228157421479657 0.021331369876861572 0.02501619324203615
0 0.23978015780448914 0.49150560766404305 0.021600643793741853 0.025105528129163692
0 0.268015056848526 0.4906814486481423 0.021600643793741825 0.025105528129163692
0 0.29651132225990295 0.48984966051170664 0.021600643793741825 0.025105528129163692
0 0.3241870105266571 0.4890418245080882 0.021600643793741825 0.025105528129163692
0 0.3523983955383301 0.48821835185206214 0.021600643793741825 0.025105528129163692
0 0.38040974736213684 0.48740071803948315 0.021600643793741825 0.025105528129163692
0 0.4084892272949219 0.4865873469862827 0.02210279305775964 0.025432971096778157
0 0.4383520781993866 0.48571801998216796 0.02210279305775964 0.025432971096778157
0 0.46754398941993713 0.4849201024964798 0.022566715876261356 0.02547561290652253
0 0.49748557806015015 0.4840995997180391 0.02273017168045044 0.02567436159119131
0 0.5263187289237976 0.4823181186714106 0.024186889330546135 0.02701024491657577
0 0.5874777436256409 0.48044846361178734 0.023990114529927498 0.02680877567261683
0 0.6180432438850403 0.4798343569733376 0.023990114529927498 0.02680877567261683
0 0.6482853889465332 0.47922674702468265 0.023990114529927498 0.02680877567261683
0 0.67901211977005 0.4786094010229342 0.023990114529927498 0.02680877567261683
0 0.7097287774085999 0.4779922574065452 0.023990114529927498 0.02680877567261683
0 0.7403842806816101 0.47737634247287136 0.023990114529927498 0.02680877567261683
0 0.7705046534538269 0.4755557747774346 0.023731867472330803 0.026487453963405346
0 0.2694522440433502 0.526260262524544 0.02164192994435632 0.02553105908770894
0 0.29739364981651306 0.5257331936858421 0.02164192994435632 0.02553105908770894
0 0.32561805844306946 0.5252007864620031 0.02164192994435632 0.02553105908770894
0 0.3537884056568146 0.5246693990181386 0.02164192994435632 0.02553105908770894
0 0.38255274295806885 0.5241268069245094 0.02164192994435632 0.02553105908770894
0 0.2704935371875763 0.5620813591535702 0.021684348583221436 0.025396539259326497
0 0.29855185747146606 0.5615027079383234 0.021684348583221436 0.025396539259326497
0 0.3265454173088074 0.5609253922880967 0.021684348583221436 0.025396539259326497
0 0.3552388548851013 0.5603336429476109 0.021684348583221436 0.025396539259326497
0 0.3835563063621521 0.5597496476284293 0.021684348583221436 0.025396539259326497
0 0.4125711917877197 0.5597191300503043 0.021646400292714474 0.025001023166863548
0 0.2715257406234741 0.5974760720896166 0.021687249342600468 0.025802967160247093
0 0.29913389682769775 0.5973720814216052 0.021687249342600468 0.025802967160247093
0 0.32755306363105774 0.5973293836726699 0.0222222010294596 0.026032440422117192
0 0.35554882884025574 0.5969778928078818 0.0222222010294596 0.026032440422117192
0 0.38479185104370117 0.5966107424518727 0.0222222010294596 0.026032440422117192
0 0.4135289490222931 0.5962499440473814 0.0222222010294596 0.026032440422117192
0 0.44348040223121643 0.5958738992380541 0.0222222010294596 0.026032440422117192
0 0.2729918360710144 0.6343093694642533 0.02168118953704834 0.025595287943995276
0 0.300277978181839 0.6339571753213572 0.02204829454421997 0.025620275689649898
0 0.32861417531967163 0.6338736539746759 0.02204829454421997 0.025620275689649898
0 0.357092946767807 0.6337897123881739 0.02204829454421997 0.025620275689649898
0 0.3862368166446686 0.6337038104145328 0.02204829454421997 0.025620275689649898
0 0.41493579745292664 0.6336192197577898 0.02204829454421997 0.025620275689649898
0 0.4436691999435425 0.6328862212425055 0.022003769874572754 0.025899665300236192
0 0.1669083535671234 0.6701466759970022 0.021300981442133604 0.025453493576641176
0 0.19276012480258942 0.6697563214251744 0.02130761742591858 0.024847281995669872
0 0.219772070646286 0.670050998066747 0.02130761742591858 0.024847281995669872
0 0.24668268859386444 0.6703712552092796 0.021485696236292512 0.025224109028660974
0 0.27415698766708374 0.6704740524551954 0.021485696236292484 0.025224109028660974
0 0.30189797282218933 0.6705778475280137 0.021485696236292484 0.025224109028660974
0 0.3296329379081726 0.670681620076271 0.021485696236292484 0.025224109028660974
0 0.3584411144256592 0.6707894081293151 0.021485696236292484 0.025224109028660974
0 0.38722020387649536 0.6707477569580078 0.021699587504068973 0.025238865105680772
0 0.41629907488822937 0.6707329417383948 0.022848526636759403 0.02654263400292206
0 0.47522735595703125 0.6702036950270018 0.022848526636759403 0.02654263400292206
0 0.5052730441093445 0.6699338486755091 0.02284852663675946 0.02654263400292206
0 0.5351518392562866 0.669665501223571 0.022848526636759514 0.02654263400292206
0 0.5660603046417236 0.6693879060967024 0.022848526636759514 0.02654263400292206
0 0.5967809557914734 0.6692102565321811 0.02430017789204908 0.02750101015549292
0 0.6264898777008057 0.6687457029582804 0.02430017789204908 0.02750101015549292
0 0.6583489775657654 0.6682475274018366 0.02430017789204908 0.02750101015549292
0 0.6889054775238037 0.6677697203880133 0.02430017789204908 0.02750101015549292
0 0.719822347164154 0.6672862783321527 0.02430017789204908 0.02750101015549292
0 0.749927282333374 0.6664394883602793 0.02478226025899244 0.027671429537987468
0 0.1679619401693344 0.7056915371917015 0.020913849274317442 0.025587599406870817
0 0.19418881833553314 0.7060664009211265 0.020913849274317442 0.025587599406870817
0 0.22042112052440643 0.7064413421767195 0.020913849274317442 0.025587599406870817
0 0.24786798655986786 0.7066012981326081 0.02163379391034445 0.025640236314877003
0 0.2756740152835846 0.7068931936389287 0.02163379391034448 0.025640236314877003
0 0.30308157205581665 0.7073041006633698 0.02203458547592163 0.026086526323658606
0 0.3311503231525421 0.7074587178784747 0.02203458547592163 0.026086526323658606
0 0.3594072461128235 0.7076143716416401 0.02203458547592163 0.026086526323658606
0 0.38817232847213745 0.7077728246099013 0.02203458547592163 0.026086526323658606
0 0.41739988327026367 0.7079338251158248 0.02203458547592163 0.026086526323658606
0 0.447613000869751 0.708100254611985 0.02203458547592163 0.026086526323658606
0 0.47662636637687683 0.7079904823671659 0.022892435391744015 0.026437064473943138
0 0.5062590390443802 0.7078833073673383 0.02289243539174396 0.026437064473943138
0 0.5368953347206116 0.7077725024790769 0.022892435391743904 0.026437064473943138
0 0.5987569093704224 0.7075487624767215 0.022892435391743904 0.026437064473943138
0 0.6282922029495239 0.707436043069808 0.02319147189458204 0.026652994081955494
0 0.6587774157524109 0.7067473655523255 0.023274729649225945 0.02673023430876035
0 0.6903210282325745 0.7059740333902469 0.023816148440043206 0.026944448781567952
0 0.7216822504997253 0.7049910966740098 0.023816148440043206 0.026944448781567952
0 0.1693718582391739 0.7402128476667256 0.021799961725870787 0.02502646926761592
0 0.19481496512889862 0.7410781328068223 0.021430249015490233 0.024881377700687407
0 0.22123292088508606 0.7417930498230324 0.021430249015490233 0.024881377700687324
0 0.24815209954977036 0.7425215308254005 0.021430249015490205 0.024881377700687324
0 0.2764853835105896 0.7432882800400501 0.021430249015490177 0.024881377700687407
0 0.30470672249794006 0.7440519998239916 0.021430249015490177 0.024881377700687407
0 0.3604159951210022 0.7454852840239171 0.02172650396823883 0.024956740150155976
0 0.38942307233810425 0.7453574247138445 0.02341124415397644 0.026543314142744644
0 0.4488699436187744 0.7455785034083102 0.02341124415397644 0.026543314142744644
0 0.478240430355072 0.7456877301636229 0.02341124415397644 0.026543314142744644
0 0.5081618875265121 0.7457990059388733 0.02341124415397644 0.026543314142744644
0 0.538371741771698 0.7459113542423692 0.02341124415397644 0.026543314142744644
0 0.6002911925315857 0.745849857136372 0.023480087518692017 0.026838139970173234
0 0.6312333345413208 0.7457144981206849 0.023783177137374878 0.026901836543120183
0 0.6617668867111206 0.7456817038546375 0.023783177137374878 0.026901836543120183
0 0.6931474804878235 0.7443293194438136 0.024154742558797127 0.026754896770151984
0 0.7236660718917847 0.743201448737582 0.024154742558797127 0.026754896770151984
0 0.754179060459137 0.7420737850944876 0.024154742558797127 0.026754896770151984
0 0.783797025680542 0.7409791986861819 0.024154742558797127 0.026754896770152067
0 0.8129994869232178 0.7398999679920286 0.024154742558797127 0.026754896770152067
0 0.2778218686580658 0.7795692959404158 0.02202947934468591 0.025799004606498196
0 0.305368572473526 0.780263856399891 0.02202947934468591 0.025799004606498196
0 0.3335764706134796 0.7809750881619257 0.02202947934468591 0.025799004606498196
0 0.3617558777332306 0.7816856015535806 0.02202947934468591 0.025799004606498196
0 0.39051854610443115 0.7824108212493187 0.02202947934468591 0.025799004606498196
0 0.278451144695282 0.8168136241824128 0.02186763286590576 0.02577907355256794
0 0.3066391050815582 0.8174412825878258 0.02186763286590576 0.02577907355256794
0 0.3352735936641693 0.8180788837905126 0.02186763286590576 0.02577907355256794
0 0.3626944422721863 0.8186894609971119 0.02186763286590576 0.02577907355256794
0 0.39333710074424744 0.8193717779115189 0.02186763286590576 0.02577907355256794
0 0.28020337224006653 0.8535203268361646 0.02170562744140625 0.02565818609193314
0 0.30699801445007324 0.854258515114008 0.02246083815892541 0.026225186133569413
0 0.3357721269130707 0.8552057082117533 0.02246083815892541 0.026225186133569413
0 0.36459797620773315 0.8561546043948643 0.02246083815892541 0.026225186133569413
0 0.3941779136657715 0.8571283238320153 0.02246083815892541 0.026225186133569413
0 0.4238198697566986 0.8581040848133176 0.02246083815892541 0.026225186133569413
0 0.4538838863372803 0.8590443321464378 0.02281554539998376 0.02641059816345677
0 0.28185319900512695 0.890894424083621 0.02273915211359656 0.026172844938529446
0 0.3098090887069702 0.8916517306777358 0.02273915211359656 0.026172844938529446
0 0.3383563756942749 0.892425057833843 0.02273915211359656 0.026172844938529446
0 0.3666197657585144 0.8931906944097474 0.02273915211359656 0.026172844938529446
0 0.17596134543418884 0.919461233631979 0.022021621465682983 0.025814085967780898
0 0.202168270945549 0.9212219770564589 0.022021621465682983 0.025814085967780898
0 0.22894631326198578 0.9230210916419783 0.022021621465682983 0.025814085967780898
0 0.2559056356549263 0.9249720018963481 0.022521014014879853 0.02631969599760791
0 0.28311917185783386 0.9262792550178369 0.022521014014879825 0.02631969599760791
0 0.3116428554058075 0.9276494435180167 0.022521014014879825 0.02631969599760791
0 0.33925092220306396 0.9289756486546769 0.022521014014879825 0.02631969599760791
0 0.39769643545150757 0.9317831882210665 0.022521014014879825 0.02631969599760791
0 0.42767202854156494 0.9328672157752447 0.022887587547302246 0.02649032237917878
0 0.45670583844184875 0.9338752391726471 0.022887587547302246 0.02649032237917878
0 0.487438827753067 0.9349422562952444 0.022887587547302246 0.02649032237917878
0 0.5174198746681213 0.936142304620483 0.02340819438298536 0.026774739110192586
0 0.5484945178031921 0.9364009886684113 0.024105727672576904 0.02703200939089753
0 0.578884482383728 0.9372372294581214 0.024105727672576904 0.02703200939089753
0 0.610601007938385 0.9369061492210211 0.024241884549458748 0.02725994494534267
0 0.1764099895954132 0.9557945783748183 0.02247104048728943 0.02503860828488372
0 0.20308387279510498 0.9576320389335183 0.02247104048728943 0.02503860828488372
0 0.22977060079574585 0.9594703843208334 0.02247104048728943 0.02503860828488372
0 0.25612175464630127 0.9612856133039608 0.023741106192270905 0.026578563128331022
0 0.2838894724845886 0.9629241911403391 0.023741106192270878 0.026578563128331022
0 0.3123489320278168 0.9646035887744704 0.023741106192270878 0.026578563128331022
0 0.3696088492870331 0.9679825064039362 0.023741106192270878 0.026578563128331022
0 0.3985852301120758 0.9696924076523892 0.023741106192270878 0.026578563128331022
0 0.42821022868156433 0.9714144329692043 0.023580412069956425 0.02721813113190407
0 0.4577825367450714 0.9723012403156034 0.023580412069956425 0.02721813113190407
0 0.48782622814178467 0.9732021833933754 0.023580412069956425 0.02721813113190407
0 0.5178306102752686 0.9741019476743035 0.023580412069956536 0.02721813113190407
0 0.5495996475219727 0.9750546300133993 0.023580412069956536 0.02721813113190407
0 0.5806224942207336 0.9761263326086406 0.023627301057179695 0.027252374693404798
