0 0.1658882051706314 0.09354279762090639 0.022547543048858643 0.023561723472536076
0 0.1931944191455841 0.09391687120170843 0.022547543048858643 0.023561723472536076
0 0.8396772146224976 0.10277317528153371 0.022547543048858643 0.023561723472536076
0 0.8647815585136414 0.10311708497995106 0.022547543048858643 0.023561723472536076
0 0.8904690742492676 0.103468983672386 0.022547543048858643 0.023561723472536076
0 0.3307001292705536 0.12950567866480628 0.02180955807367957 0.02294473869856014
0 0.35786619782447815 0.1297768210045775 0.02180955807367957 0.02294473869856014
0 0.3855549991130829 0.13005318069762434 0.02180955807367957 0.02294473869856014
0 0.4126984775066376 0.1303481598628514 0.021376490592956543 0.022667042044706123
0 0.4390834867954254 0.13074730717858604 0.021376490592956543 0.022667042044706123
0 0.46653056144714355 0.13116252121365013 0.021376490592956543 0.022667042044706123
0 0.4937039613723755 0.13157359515040062 0.021376490592956543 0.022667042044706123
0 0.5202900171279907 0.13197578385818837 0.021376490592956543 0.022667042044706123
0 0.5474671721458435 0.1323869146012535 0.021376490592956543 0.022667042044706123
0 0.5739976167678833 0.13295128831328262 0.02151167392730713 0.02281796654989553
0 0.6004593968391418 0.13369605707567792 0.02111264069875074 0.022714252619780297
0 0.6273233890533447 0.13413666682960293 0.02111264069875074 0.022714252619780297
0 0.6545605063438416 0.1345833963942671 0.02111264069875074 0.022714252619780297
0 0.6799153685569763 0.1349992541532872 0.02111264069875074 0.022714252619780297
0 0.7065277099609375 0.13543573645658272 0.02111264069875074 0.022714252619780297
0 0.7329339981079102 0.13524487961170284 0.02131442228953051 0.022710785385250135
0 0.4664858281612396 0.19569722996201627 0.020918548107147217 0.023286948832430574
0 0.4942765384912491 0.19594369886602417 0.020918548107147217 0.023286948832430574
0 0.5213437080383301 0.19618375086662598 0.020918548107147217 0.023286948832430574
0 0.5479025840759277 0.19641929493840163 0.020918548107147217 0.023286948832430574
0 0.5754557251930237 0.19666365690009538 0.020918548107147217 0.023286948832430574
0 0.6017720699310303 0.19674088177592058 0.021014004945755005 0.023239708686059752
0 0.3303448557853699 0.22669470824819862 0.02094986041386926 0.02318927853606468
0 0.38556647300720215 0.22816523196867217 0.020872582991917965 0.023207464883493824
0 0.41233643889427185 0.22835387740024302 0.02084030707677209 0.02295198366623519
0 0.43978309631347656 0.228599326555119 0.020593424638112423 0.02304674488629479
0 0.46630898118019104 0.22881437568374274 0.020593424638112423 0.02304674488629479
0 0.49427230656147003 0.2290410783474571 0.020593424638112368 0.02304674488629479
0 0.5210487842559814 0.22879257079602383 0.02047109603881836 0.02324491693067923
0 0.5755298137664795 0.22969984453777934 0.02047109603881836 0.02324491693067923
0 0.6025194525718689 0.23014930356613483 0.02047109603881836 0.02324491693067923
0 0.6295471787452698 0.23059939686423886 0.02047109603881836 0.02324491693067923
0 0.6558386087417603 0.23103722860646803 0.02047109603881836 0.02324491693067923
0 0.6822493672370911 0.23147704752872317 0.02047109603881836 0.02324491693067923
0 0.708497166633606 0.2319474900121482 0.020400166511535645 0.023097415303075037
0 0.7352550029754639 0.23240517461022667 0.020400166511535645 0.023097415303075037
0 0.1363459974527359 0.25930335909821267 0.021403253078460693 0.023341541142426692
0 0.16340366005897522 0.2591126498329644 0.021306107441584288 0.02313912561697556
0 0.19099374115467072 0.25929344532101656 0.021239052216211973 0.02310364006101626
0 0.21939100325107574 0.2593682356251396 0.021320263544718443 0.023404661075089303
0 0.2738046646118164 0.2597974289295285 0.021320263544718387 0.023404661075089303
0 0.30192136764526367 0.26001920229271835 0.021320263544718387 0.023404661075089303
0 0.3296301066875458 0.260237757798314 0.021320263544718387 0.023404661075089303
0 0.3571918308734894 0.26045515370923417 0.021320263544718387 0.023404661075089303
0 0.38474059104919434 0.2606724473652012 0.021320263544718387 0.023404661075089303
0 0.43987810611724854 0.26155706893566044 0.02034449577331543 0.022665393444918875
0 0.467507004737854 0.2617221583926088 0.02034449577331543 0.022665393444918875
0 0.4944537878036499 0.2618831720415394 0.02034449577331543 0.022665393444918875
0 0.52162104845047 0.26204550309818214 0.02034449577331543 0.022665393444918875
0 0.5483866930007935 0.26220543439998184 0.02034449577331543 0.022665393444918875
0 0.6027843356132507 0.26270451656607696 0.020323753356933594 0.023059253544770442
0 0.6559743881225586 0.26363994385586154 0.020323753356933594 0.023059253544770442
0 0.6828588247299194 0.26411274721826855 0.020323753356933594 0.023059253544770442
0 0.7093967795372009 0.2645794571756888 0.020323753356933594 0.023059253544770442
0 0.7360858917236328 0.2650488254635833 0.020323753356933594 0.023059253544770442
0 0.7622581720352173 0.265256172002748 0.020132780075073242 0.02292516250018923
0 0.7881157398223877 0.265202566634777 0.02038562297821045 0.022774053174395893
0 0.13612964749336243 0.29327343785485555 0.020694300532341003 0.02318037757577825
0 0.16345451772212982 0.2932641060818267 0.020694300532341003 0.02318037757577825
0 0.1912751942873001 0.2932546049849489 0.020694300532341003 0.02318037757577825
0 0.2186867743730545 0.2932452435994571 0.020694300532341003 0.02318037757577825
0 0.2463361993432045 0.2932358009870662 0.020694300532341003 0.02318037757577825
0 0.2740546464920044 0.29284572512635665 0.020665764808654785 0.022777927014254813
0 0.30191361904144287 0.2931431393290675 0.020665764808654785 0.022777927014254813
0 0.33003392815589905 0.29310816983906557 0.020377755165100098 0.02318567083787546
0 0.3575393259525299 0.29349741824837616 0.020377755165100098 0.02318567083787546
0 0.38471123576164246 0.2938819472324443 0.020377755165100098 0.02318567083787546
0 0.4118807017803192 0.29449036262392364 0.020083069801330566 0.023113531659739915
0 0.43966811895370483 0.2946596810984057 0.020083069801330566 0.023113531659739915
0 0.4672653377056122 0.29482784062722645 0.020083069801330566 0.023113531659739915
0 0.49427616596221924 0.29499242707318396 0.020083069801330566 0.023113531659739915
0 0.5213412046432495 0.29515734384226244 0.020083069801330566 0.023113531659739915
0 0.5491426587104797 0.29532674784845975 0.020083069801330566 0.023113531659739915
0 0.5762123465538025 0.2959226862858524 0.020472367604573494 0.023079716882040333
0 0.6028862595558167 0.29605576417374757 0.020472367604573494 0.023079716882040333
0 0.6299353837966919 0.296190714014932 0.020472367604573494 0.023079716882040333
0 0.6566417217254639 0.296323953672897 0.020472367604573494 0.023079716882040333
0 0.6831009387969971 0.2964632788369822 0.020153681437174553 0.022838104602902434
0 0.13518889620900154 0.32720013169971074 0.021026601394017533 0.023423971131790514
0 0.16273070871829987 0.32714655232983963 0.02102660139401752 0.023423971131790514
0 0.19067838788032532 0.32709218339394064 0.02102660139401752 0.023423971131790514
0 0.2461269199848175 0.32698431477020956 0.021026601394017547 0.023423971131790514
0 0.2737608551979065 0.32693055618640987 0.021026601394017574 0.023423971131790514
0 0.3013923764228821 0.3268768022987413 0.021026601394017574 0.023423971131790514
0 0.32954415678977966 0.32704319178412805 0.021037211020787594 0.0233157254004663
0 0.38510939478874207 0.3278770845380923 0.02058088779449463 0.022587517435236466
0 0.44018489122390747 0.3281152414721112 0.02058088779449463 0.022587517435236466
0 0.4672289490699768 0.3282321851279461 0.02058088779449463 0.022587517435236466
0 0.49474141001701355 0.3283511542479825 0.02058088779449463 0.022587517435236466
0 0.5214322805404663 0.32846657065458074 0.02058088779449463 0.022587517435236466
0 0.5490757822990417 0.328586106420039 0.02058088779449463 0.022587517435236466
0 0.5755013823509216 0.3288993382465486 0.020471791426340813 0.02298707000968995
0 0.603084146976471 0.3290833761525709 0.020471791426340813 0.02298707000968995
0 0.6573378443717957 0.3298284819030833 0.020689447720845466 0.0231472872948462
0 0.6835916042327881 0.33011937695880267 0.020689447720845466 0.0231472872948462
0 0.7103422284126282 0.33041577733545446 0.020689447720845466 0.0231472872948462
0 0.7365682721138 0.3307063652925374 0.020689447720845466 0.0231472872948462
0 0.7624143362045288 0.33099274302637854 0.020689447720845466 0.0231472872948462
0 0.13442371785640717 0.36027062216470407 0.021388490994771317 0.023879990097164197
0 0.18980683386325836 0.3607884562292764 0.021266738573710142 0.023652172827905476
0 0.21743333339691162 0.36077758337654375 0.021266738573710142 0.023652172827905434
0 0.24575268477201462 0.3607448107825128 0.02060200770696005 0.023565381072288335
0 0.2732115685939789 0.3607610655735542 0.020361344019571903 0.023357517035432592
0 0.3007369339466095 0.3607447979062103 0.020361344019571903 0.02335751703543255
0 0.3290487229824066 0.3607280654574291 0.020361344019571903 0.02335751703543255
0 0.35717055201530457 0.3607114452762271 0.020361344019571903 0.02335751703543255
0 0.3848903775215149 0.36069506268168605 0.020361344019571903 0.02335751703543255
0 0.44026657938957214 0.36066233499145484 0.020361344019571903 0.023357517035432592
0 0.46721744537353516 0.3617583074086657 0.020765066146850586 0.023317403571550276
0 0.49534592032432556 0.36196479272346455 0.020765066146850586 0.023317403571550235
0 0.5225114226341248 0.36216420905534613 0.020765066146850586 0.023317403571550235
0 0.5491481423377991 0.36235974370352186 0.020765066146850586 0.023317403571550235
0 0.5758591294288635 0.36254931605139445 0.02072729667027784 0.023245160893876408
0 0.18976597487926483 0.3943925458331441 0.021126707394917787 0.02362717029660247
0 0.21708771586418152 0.394398426687391 0.021126707394917787 0.02362717029660247
0 0.24558433890342712 0.3944045604285283 0.021126707394917815 0.02362717029660247
0 0.2735541760921478 0.39441058078191293 0.021126707394917843 0.02362717029660247
0 0.30125364661216736 0.39441654294036155 0.021126707394917843 0.02362717029660247
0 0.3290335237979889 0.39440751187963385 0.02052273352940881 0.02348933848299727
0 0.3566492795944214 0.39440590892199273 0.02052273352940881 0.02348933848299727
0 0.38436049222946167 0.3944043004235556 0.02052273352940881 0.02348933848299727
0 0.4401659369468689 0.39562454097824684 0.020466188589731815 0.023276454718537978
0 0.467328280210495 0.39565172842394725 0.020466188589731815 0.023276454718537978
0 0.5226569771766663 0.39570710825365646 0.020466188589731926 0.023276454718537978
0 0.5496467351913452 0.39586229513804294 0.020350615183512444 0.023360378058381728
0 0.5768959522247314 0.3958878184473792 0.020350615183512444 0.023360378058381728
0 0.6035886406898499 0.3959128204774881 0.020350615183512444 0.023360378058381728
0 0.6300129294395447 0.3959375711077511 0.020350615183512444 0.023360378058381728
0 0.657354474067688 0.39596318089684773 0.020350615183512444 0.023360378058381728
0 0.6837253570556641 0.3959878815039569 0.020350615183512444 0.023360378058381728
0 0.7104488611221313 0.3962629894877589 0.020599206288655525 0.02339672118194349
0 0.1893913596868515 0.4272964747191211 0.020965635776519775 0.023557175037472747
0 0.21706871688365936 0.4276268537654433 0.020965635776519775 0.023557175037472747
0 0.2453150451183319 0.4279640245046117 0.020965635776519775 0.023557175037472747
0 0.2730792462825775 0.4282954401899069 0.020965635776519775 0.023557175037472747
0 0.3008083999156952 0.4286264375198719 0.020965635776519775 0.023557175037472747
0 0.3291982114315033 0.4289653209901095 0.020965635776519775 0.023557175037472747
0 0.35768693685531616 0.42851354909497635 0.021062056223551395 0.023894760959832298
0 0.3844844102859497 0.42912168281022894 0.02060292164484656 0.02361457292423692
0 0.4401702582836151 0.4290926647499949 0.02060292164484656 0.02361457292423692
0 0.4679122865200043 0.42876633932424146 0.020501534144083622 0.02341475967288936
0 0.49544310569763184 0.42890368399110407 0.020142475763956724 0.02310136307117551
0 0.5227213501930237 0.4290496471316315 0.02014247576395678 0.02310136307117551
0 0.5766975283622742 0.4293384682278931 0.02014247576395678 0.02310136307117551
0 0.6038408279418945 0.42948370929175944 0.02014247576395678 0.02310136307117551
0 0.630527913570404 0.42962650920069495 0.02014247576395678 0.02310136307117551
0 0.6577117443084717 0.42986821019372273 0.020221908887227302 0.023104024487872455
0 0.6838377714157104 0.4298613393335231 0.020221908887227302 0.023104024487872455
0 0.7112000584602356 0.42985414335044253 0.020221908887227302 0.023104024487872455
0 0.7376529574394226 0.42962571077568584 0.020941416422526116 0.023577076520106644
0 0.790619432926178 0.4296847378331502 0.020941416422526116 0.023577076520106644
0 0.8170888423919678 0.42971423595133207 0.020941416422526116 0.023577076520106644
0 0.8434641361236572 0.42974362918477704 0.020941416422526116 0.023577076520106644
0 0.8702752590179443 0.42977350811625636 0.020941416422526116 0.023577076520106644
0 0.8965575695037842 0.42975379409510844 0.020892421404520745 0.02356223172919695
0 0.9230854511260986 0.43040235652480013 0.020928502082824707 0.023561285447704753
0 0.1882878988981247 0.46201089371082393 0.021050075689951597 0.023723691008811772
0 0.21615740656852722 0.46212604214821473 0.021050075689951597 0.023723691008811772
0 0.24495095759630203 0.4622450084552981 0.02105007568995157 0.023723691008811772
0 0.27280840277671814 0.46236010705410224 0.021050075689951542 0.023723691008811772
0 0.3012603223323822 0.46247766184252365 0.021050075689951542 0.023723691008811772
0 0.3286699056625366 0.4622653695039971 0.0210942576328913 0.023876722468886266
0 0.35744228959083557 0.4624590762825899 0.02072852849960327 0.024013962856558865
0 0.38559114933013916 0.46199763098428415 0.020459940036137936 0.023619747901147705
0 0.41265928745269775 0.46225282875057155 0.020459940036137936 0.023619747901147705
0 0.4401443898677826 0.4625119576463512 0.020459940036137936 0.023619747901147705
0 0.46792304515838623 0.46277385415170125 0.020459940036137936 0.023619747901147705
0 0.4951711446046829 0.4630307485890943 0.02045994003613788 0.023619747901147705
0 0.5224452018737793 0.46150040642073675 0.020011822382609123 0.023094975671102833
0 0.5770865678787231 0.4620091637899709 0.020011822382609123 0.023094975671102833
0 0.6037304997444153 0.4622572413486618 0.020011822382609123 0.023094975671102833
0 0.6309726238250732 0.4625108885832198 0.020011822382609123 0.023094975671102833
0 0.6577745676040649 0.4627604373665743 0.020011822382609123 0.023094975671102833
0 0.6844272613525391 0.4630085965058105 0.020011822382609123 0.023094975671102833
0 0.187782421708107 0.49675812832144806 0.02115174134572345 0.02371360719666006
0 0.2160014659166336 0.4967055841847234 0.02115174134572345 0.02371360719666006
0 0.2729964256286621 0.49655812285667245 0.020810087521870968 0.023590856744337398
0 0.30101773142814636 0.49654336581814856 0.020810087521870968 0.023590856744337398
0 0.3291188180446625 0.4965285667641456 0.020810087521870968 0.023590856744337398
0 0.38548582792282104 0.49649888184716856 0.020810087521870968 0.023590856744337398
0 0.4132342040538788 0.4964842685433321 0.020810087521870968 0.023590856744337398
0 0.44013604521751404 0.49663242073946223 0.020221183697382572 0.023621403893759083
0 0.46796783804893494 0.49631948249284613 0.020128726959228516 0.023313744123591933
0 0.49556954205036163 0.49632200500059703 0.020128726959228516 0.023313744123591933
0 0.5228832364082336 0.4963245011872715 0.020128726959228516 0.023313744123591933
0 0.5769622921943665 0.496329443448712 0.020128726959228516 0.023313744123591933
0 0.6048396825790405 0.49633199115132176 0.020128726959228516 0.023313744123591933
0 0.6310950517654419 0.49619516305767214 0.020096540451049805 0.023140456325323952
0 0.658629298210144 0.49616441061330396 0.020096540451049805 0.023140456325323952
0 0.6855472326278687 0.49599420574284875 0.020341436068217034 0.023181294285973836
0 0.7126770615577698 0.4958806592364644 0.020341436068217034 0.023181294285973836
0 0.13160866498947144 0.5305458642984014 0.02152670919895172 0.024177639983421147
0 0.159548819065094 0.530642265497252 0.02152670919895172 0.024177639983421147
0 0.18740564584732056 0.5307383791940739 0.02152670919895172 0.024177639983421147
0 0.21617798507213593 0.530837651660056 0.02152670919895172 0.024177639983421147
0 0.24411600083112717 0.5309340454811273 0.02152670919895172 0.024177639983421147
0 0.2726685702800751 0.5310325596810739 0.02152670919895172 0.024177639983421147
0 0.30084508657455444 0.5305009442706441 0.020603497823079464 0.02381335118020222
0 0.32862815260887146 0.5308460856592933 0.0205460786819458 0.02356223172919695
0 0.3855266273021698 0.5305990422652943 0.0205460786819458 0.02356223172919695
0 0.4127143919467926 0.5304809976658695 0.0205460786819458 0.02356223172919695
0 0.4405115246772766 0.5303603072949907 0.0205460786819458 0.02356223172919695
0 0.4677931070327759 0.5302418553551962 0.0205460786819458 0.02356223172919695
0 0.49563077092170715 0.5303970525752124 0.020404954751332582 0.02375128102857013
0 0.5226064920425415 0.5305020531942678 0.02049799760182691 0.02356001388194949
0 0.5503700375556946 0.5303972193839045 0.02049799760182691 0.02356001388194949
0 0.5774041414260864 0.5302951399100437 0.02049799760182691 0.02356001388194949
0 0.6046733260154724 0.530192172782713 0.02049799760182691 0.02356001388194949
0 0.6317381858825684 0.5300899771756904 0.02049799760182691 0.02356001388194949
0 0.6583225131034851 0.5300926872080353 0.020326097806294685 0.02344294111858048
0 0.13063031062483788 0.564835267549356 0.021395335594813034 0.02403924631517987
0 0.15866488218307495 0.565055714097134 0.021395335594813047 0.02403924631517987
0 0.186886727809906 0.5652947980304097 0.020872006813685118 0.02403114377990244
0 0.2154599279165268 0.5652445752967379 0.020872006813685118 0.02403114377990244
0 0.2439955323934555 0.5651944186444041 0.02087200681368509 0.02403114377990244
0 0.30060991644859314 0.5650949082947833 0.020872006813685062 0.02403114377990244
0 0.3281072676181793 0.5650465765664744 0.020872006813685062 0.02403114377990244
0 0.35648617148399353 0.5646940719249637 0.020458420117696163 0.023484577504239285
0 0.384738028049469 0.5645730684256193 0.020458420117696163 0.023484577504239285
0 0.44033145904541016 0.564334960191016 0.020458420117696163 0.023484577504239285
0 0.49551108479499817 0.5640986242959666 0.020458420117696108 0.023484577504239285
0 0.5228415131568909 0.5637885692507721 0.01999123891194654 0.023146902867990003
0 0.5501862168312073 0.5637787896369134 0.01999123891194654 0.023146902867990003
0 0.577314555644989 0.563769087404211 0.01999123891194654 0.023146902867990003
0 0.6048974990844727 0.5637592225858119 0.01999123891194654 0.023146902867990003
0 0.6322325468063354 0.563749446425327 0.01999123891194654 0.023146902867990003
0 0.6868662238121033 0.5634405003037564 0.020927707354227776 0.023386223371638808
0 0.7132146954536438 0.5634264439270521 0.020927707354227776 0.023386223371638808
0 0.7402088046073914 0.5634120431157936 0.020927707354227776 0.023386223371638808
0 0.7672092318534851 0.5633976389339606 0.020927707354227776 0.023386223371638808
0 0.7938756942749023 0.5633834129156068 0.020927707354227776 0.023386223371638808
0 0.8204980492591858 0.563478793267715 0.020748376846313477 0.023330481477486016
0 0.12992040812969208 0.599387900773869 0.021038552125295 0.02380666806716333
0 0.15779103338718414 0.5996716431520205 0.021038552125294985 0.02380666806716333
0 0.1862693876028061 0.6004313671442727 0.021311059594154358 0.023774198783460567
0 0.2147723138332367 0.6002517522767533 0.021159663796424866 0.023879265600396625
0 0.24289529770612717 0.6001076791819374 0.021159663796424866 0.023879265600396625
0 0.2711358666419983 0.5999630037028224 0.021159663796424866 0.023879265600396625
0 0.29996490478515625 0.5998153135158699 0.021159663796424866 0.023879265600396625
0 0.32815471291542053 0.5996708980826444 0.021159663796424866 0.023879265600396625
0 0.3841322362422943 0.5986840094607949 0.02056681116422021 0.02395780696425327
0 0.4399200975894928 0.5985835319341615 0.02056681116422021 0.02395780696425327
0 0.4677903652191162 0.5985333357895091 0.02056681116422021 0.02395780696425327
0 0.4956697076559067 0.5984831233005451 0.020566811164220156 0.02395780696425327
0 0.5229417085647583 0.598434004672738 0.02049267292022705 0.023556583611540147
0 0.550431489944458 0.5981529768392295 0.02049267292022705 0.023556583611540147
0 0.5783287286758423 0.5978677835722022 0.02049267292022705 0.023556583611540147
0 0.6054267287254333 0.5975907609163591 0.02049267292022705 0.023556583611540147
0 0.6325823664665222 0.5973131490308184 0.02049267292022705 0.023556583611540147
0 0.6868212819099426 0.5967725583036961 0.020466764767964607 0.023481945658839026
0 0.7141247987747192 0.5963738962413462 0.020490725835164314 0.02352813602417933
0 0.7408438920974731 0.5971158062081647 0.020386139551798577 0.023420023363690045
0 0.7678364515304565 0.5968171583487915 0.02078568935394287 0.02380374050879669
0 0.7940760850906372 0.596863680107649 0.02078568935394287 0.02380374050879669
0 0.1294884979724884 0.6347102675327035 0.021499564250310257 0.024093746214874086
0 0.15788814425468445 0.6347081263557397 0.021499564250310244 0.024093746214874086
0 0.18626180291175842 0.6347059871380998 0.021499564250310244 0.024093746214874086
0 0.21434392035007477 0.6347038699010626 0.021499564250310244 0.024093746214874086
0 0.2712763547897339 0.6345729788694339 0.0214022000630697 0.024416014205577763
0 0.2996900677680969 0.6343204587004906 0.0214022000630697 0.024416014205577763
0 0.3279271125793457 0.6343024054238963 0.020861506462097168 0.024077984713768718
0 0.3565185070037842 0.6338411907649019 0.020861506462097168 0.024077984713768718
0 0.38500240445137024 0.6333817101654914 0.020861506462097168 0.024077984713768718
0 0.4400160312652588 0.6324942721219197 0.020861506462097168 0.024077984713768718
0 0.4679858386516571 0.6331397507364729 0.02036447326342261 0.023533399714980016
0 0.49520106613636017 0.6327746578869069 0.020503520965576172 0.023489693338556862
0 0.5232509970664978 0.6325098525646121 0.020332813262939453 0.023687495741733285
0 0.55064457654953 0.6322547793081144 0.020332813262939453 0.023687495741733285
0 0.5784623622894287 0.6319957560869384 0.020332813262939453 0.023687495741733285
0 0.6058990359306335 0.6317402815624257 0.020332813262939453 0.023687495741733285
0 0.6331164836883545 0.6314868483432504 0.020332813262939453 0.023687495741733285
0 0.6599708199501038 0.6314552218415016 0.02054862181345629 0.023514503656431686
0 0.18619638681411743 0.6695986459421557 0.021529068549474062 0.02395828010499945
0 0.214056596159935 0.6698027677513961 0.021529068549474062 0.02395828010499945
0 0.2419918328523636 0.6700074392592243 0.02152906854947409 0.02395828010499945
0 0.2709854245185852 0.6702198649561683 0.021529068549474117 0.02395828010499945
0 0.29937970638275146 0.6704278997241148 0.021529068549474117 0.02395828010499945
0 0.35646748542785645 0.6691919703175969 0.0209981004397074 0.02399193224056741
0 0.38459059596061707 0.6686564157175463 0.0209981004397074 0.02399193224056741
0 0.4125409722328186 0.6679888874959512 0.020769695440928104 0.024159424064695317
0 0.4400205910205841 0.6677160928415697 0.020769695440928104 0.024159424064695317
0 0.4961303770542145 0.6671590818507448 0.02076969544092816 0.024159424064695317
0 0.5238164663314819 0.6668740205986555 0.02060178915659594 0.023903750634008545
0 0.5516148805618286 0.6666124953051906 0.02060178915659594 0.023903750634008545
0 0.5790686011314392 0.66635421286256 0.02060178915659594 0.023903750634008545
0 0.6059803366661072 0.6661010293724864 0.02060178915659594 0.023903750634008545
0 0.6338469386100769 0.6658388625743777 0.02060178915659594 0.023903750634008545
0 0.6608955264091492 0.6656742550648566 0.020451267560323005 0.023910108462784695
0 0.7155725359916687 0.6653415113947504 0.020451267560323005 0.023910108462784695
0 0.7423918843269348 0.6651782989501953 0.020451267560323005 0.023910108462784695
0 0.7694649696350098 0.6650135423580684 0.020451267560323005 0.023910108462784695
0 0.796690821647644 0.66457256050997 0.021066109339396233 0.02354537609011628
0 0.8234310746192932 0.664007497388263 0.021650711695353264 0.024034544479015263
0 0.1859203577041626 0.7051530438800191 0.021863296627998352 0.024718972139580304
0 0.21348708868026733 0.7046749647273574 0.021476070086161314 0.024355895759523433
0 0.2417699173092842 0.7060666306153838 0.021412114302317292 0.024417906768562314
0 0.2707372307777405 0.7054403881693996 0.021412114302317264 0.024417906768562314
0 0.2994288206100464 0.7048201065745832 0.021412114302317264 0.024417906768562314
0 0.32768842577934265 0.7042091640278039 0.021412114302317264 0.024417906768562314
0 0.35622191429138184 0.7035923004150391 0.021412114302317264 0.024417906768562314
0 0.38363009691238403 0.7029997647163712 0.021412114302317264 0.024417906768562314
0 0.4117222726345062 0.7031464297830179 0.021018435557683346 0.024164569470309417
0 0.4398334324359894 0.7025167371658166 0.020878007014592526 0.02392379997312555
0 0.4687965512275696 0.702132735141488 0.020878007014592526 0.02392379997312555
0 0.4965754896402359 0.7017644333484068 0.02087800701459247 0.02392379997312555
0 0.5241860747337341 0.7012333195657298 0.0208244721094768 0.024055096530174968
0 0.5520115494728088 0.7010294448497684 0.0208244721094768 0.024055096530174968
0 0.5789667963981628 0.7008319462136406 0.0208244721094768 0.024055096530174968
0 0.6065874099731445 0.7006295724967468 0.0208244721094768 0.024055096530174968
0 0.6343456506729126 0.7004261903984602 0.0208244721094768 0.024055096530174968
0 0.6616138219833374 0.7002263989938992 0.0208244721094768 0.024055096530174968
0 0.689643144607544 0.7003245686375817 0.021359801292419434 0.023716505183730016
0 0.7163354158401489 0.6999334970287205 0.021359801292419434 0.023716505183730016
0 0.7433642148971558 0.6995374949110776 0.021359801292419434 0.023716505183730016
0 0.7701103091239929 0.6991456347351903 0.021359801292419434 0.023716505183730016
0 0.7979748249053955 0.698737388433412 0.021359801292419434 0.023716505183730016
0 0.18484677374362946 0.7402187391769054 0.02129956086476642 0.024844384008599833
0 0.21296975016593933 0.7401000811896913 0.02129956086476642 0.024844384008599833
0 0.24109186977148056 0.7399814268176048 0.021299560864766448 0.02484438400859975
0 0.2699546217918396 0.7398596475290697 0.021299560864766476 0.024844384008599833
0 0.29896995425224304 0.7397372244648678 0.021299560864766476 0.024844384008599833
0 0.35581809282302856 0.7396268994343469 0.02098359664281213 0.024427635725154433
0 0.3846975266933441 0.738697657346415 0.02136048674583435 0.024642456409542976
0 0.4120752513408661 0.7384358339531477 0.02136048674583435 0.02464245640954306
0 0.4404597580432892 0.7381643823275386 0.02136048674583435 0.02464245640954306
0 0.4684692323207855 0.7378965172769039 0.02136048674583435 0.024642456409543143
0 0.4957439452409744 0.7376356790232104 0.02136048674583435 0.02464245640954306
0 0.5249233841896057 0.7373566251640044 0.02136048674583435 0.024642456409543143
0 0.5794437527656555 0.7360590678432741 0.020492831865946526 0.02369885111964018
0 0.6345776319503784 0.7352917028027911 0.020492831865946526 0.023698851119640263
0 0.6617308259010315 0.734913778882267 0.020492831865946526 0.02369885111964018
0 0.6894327998161316 0.7345282169256416 0.020492831865946526 0.023698851119640263
0 0.7161688804626465 0.7341560984766761 0.020492831865946526 0.023698851119640263
0 0.18427135050296783 0.7755907635356105 0.021340250968933105 0.024715098299721305
0 0.212498739361763 0.7755640132797437 0.021340250968933105 0.024715098299721305
0 0.24107535183429718 0.7755369320750571 0.021340250968933105 0.024715098299721305
0 0.2699802815914154 0.7755095397338567 0.021340250968933105 0.024715098299721305
0 0.29791706800460815 0.775483064873274 0.021340250968933105 0.024715098299721305
0 0.3269352316856384 0.7746427971505572 0.021460692087809208 0.024252189222232205
0 0.3549194633960724 0.7741294683412064 0.021460692087809208 0.024252189222232205
0 0.41188254952430725 0.7730845658589184 0.021460692087809208 0.024252189222232205
0 0.44005003571510315 0.7732631368304541 0.021583934624989864 0.024432692416878635
0 0.46833184361457825 0.7728416975154433 0.021583934624989864 0.024432692416878635
0 0.4965330958366394 0.7724214585950335 0.02158393462498981 0.024432692416878635
0 0.551689624786377 0.7715995475679317 0.021583934624989753 0.024432692416878635
0 0.5801839828491211 0.7711749409520349 0.021583934624989753 0.024432692416878635
0 0.6073988676071167 0.7707694003150546 0.021583934624989753 0.024432692416878635
0 0.6352372765541077 0.7700430404308231 0.02089158693949389 0.024174357569494914
0 0.6622548699378967 0.7695371231665706 0.02089158693949389 0.024174357569494914
0 0.6895586848258972 0.769339691787797 0.02097090085347486 0.02419204120488119
0 0.12669571861624718 0.8108444213867188 0.021852118273576096 0.024661278539849917
0 0.15511010587215424 0.8113255896463696 0.021507044633229555 0.024564994398013455
0 0.1843615621328354 0.811198212379633 0.021507044633229555 0.024564994398013455
0 0.21284514665603638 0.8110741788576403 0.021507044633229555 0.024564994398013455
0 0.24087873101234436 0.8112430668192219 0.02136679490407309 0.024530691693919682
0 0.2694580554962158 0.8108276544615279 0.021366794904073116 0.024530691693919682
0 0.3266802132129669 0.809995906620082 0.021366794904073116 0.024530691693919682
0 0.3543769121170044 0.8098421318586483 0.02125583092371619 0.02431766007297712
0 0.38299760222435 0.809187547826149 0.02125583092371619 0.02431766007297712
0 0.41203615069389343 0.8085234069517038 0.02125583092371619 0.02431766007297712
0 0.44001248478889465 0.8078835599907197 0.02125583092371619 0.02431766007297712
0 0.4678845703601837 0.8072460972985556 0.02125583092371619 0.02431766007297712
0 0.4961395412683487 0.807614614797193 0.02085875471433002 0.02414638312288044
0 0.5238543152809143 0.806972062439459 0.020858754714329963 0.02414638312288044
0 0.551849365234375 0.8063230120324695 0.020858754714329963 0.02414638312288044
0 0.6077563762664795 0.8050268375900491 0.020858754714329963 0.02414638312288044
0 0.6355786919593811 0.8043817919354106 0.020858754714329963 0.02414638312288044
0 0.6631543040275574 0.8042142292972504 0.020608941713968987 0.023737175520076308
0 0.6904397010803223 0.803758843000545 0.020608941713968987 0.023737175520076308
0 0.7174609899520874 0.8031061022771248 0.02109758059183764 0.023794129837390987
0 0.7439322471618652 0.8024666484130638 0.02109758059183764 0.023794129837390987
0 0.7711015939712524 0.8018103311228197 0.02109758059183764 0.023794129837390987
0 0.1263621337711811 0.8471040060353834 0.02178417394558589 0.02523212285004834
0 0.15468952059745789 0.8469899872412813 0.021608764926592527 0.02482528095097494
0 0.18368762731552124 0.8468173714571221 0.021608764926592527 0.02482528095097494
0 0.21274708211421967 0.8467126890670421 0.021475091576576233 0.02467192420663771
0 0.24099550396203995 0.8464361326184958 0.021475091576576233 0.02467192420663771
0 0.26884475350379944 0.8462205776181684 0.02171458800633752 0.02433433828427799
0 0.2980813682079315 0.845741538114326 0.02171458800633752 0.02433433828427799
0 0.3260253965854645 0.8452836775300963 0.02171458800633752 0.02433433828427799
0 0.3834574222564697 0.8443180994990211 0.021273553371429443 0.024406669675841923
0 0.41190752387046814 0.8438765060069949 0.021273553371429443 0.024406669675841923
0 0.4678427278995514 0.8430082974357377 0.021273553371429443 0.024406669675841923
0 0.49586641788482666 0.8425733225703413 0.021273553371429443 0.024406669675841923
0 0.5242795944213867 0.8421323022177053 0.021273553371429443 0.024406669675841923
0 0.5516937375068665 0.841706788546778 0.021273553371429443 0.024406669675841923
0 0.5793219208717346 0.8406022201303172 0.020983457565307617 0.024172879004663163
0 0.6071273684501648 0.8398292764701332 0.020983457565307617 0.024172879004663163
0 0.6351309418678284 0.8390508252520894 0.020983457565307617 0.024172879004663163
0 0.6626189947128296 0.838786343349892 0.020825743675231934 0.024142361426538163
0 0.6899498701095581 0.8382544406624728 0.020825743675231934 0.024142361426538163
0 0.7169679999351501 0.8377512029611995 0.020706693331400627 0.02406559434047965
0 0.12598197162151337 0.8819713148959848 0.02157723903656006 0.025053807931352846
0 0.15407103300094604 0.8822610544603925 0.021537333726882935 0.024840480597444394
0 0.18321698904037476 0.8825685368027798 0.021753807862599672 0.024853846823522176
0 0.21165022253990173 0.8823120751314083 0.021753807862599672 0.024853846823522176
0 0.2402338683605194 0.8820542567731424 0.0217538078625997 0.024853846823522176
0 0.26855117082595825 0.8817988407748483 0.021753807862599728 0.024853846823522176
0 0.2975544035434723 0.8815372378327125 0.021753807862599728 0.024853846823522176
0 0.326593279838562 0.880774741949037 0.021536896626154545 0.024684462436409885
0 0.3551498055458069 0.8799691924689287 0.021568715572357178 0.024396911147953115
0 0.4116896688938141 0.8787425728731377 0.021568715572357178 0.024396911147953115
0 0.4398163855075836 0.8781323700937047 0.021568715572357178 0.024396911147953115
0 0.468051016330719 0.8775198261398149 0.021568715572357178 0.024396911147953115
0 0.4965115785598755 0.8769023806549782 0.021568715572357178 0.024396911147953115
0 0.5239654779434204 0.8763067744937559 0.021568715572357178 0.024396911147953115
0 0.5800658464431763 0.8755053825191479 0.021360675493876213 0.02430358413578015
0 0.6079745292663574 0.8748513185467706 0.021360675493876213 0.02430358413578015
0 0.6358767747879028 0.8741974054380904 0.021360675493876213 0.02430358413578015
0 0.6634666323661804 0.8735508134093908 0.021360675493876213 0.02430358413578015
0 0.6904124617576599 0.8725443995276163 0.02112436294555664 0.02423698957576308
0 0.7179175019264221 0.8719577897577819 0.021449804306030273 0.024208246275436048
0 0.7453041672706604 0.871310832888581 0.021449804306030273 0.024208246275436048
0 0.7714977264404297 0.8706920608394579 0.021449804306030273 0.024208246275436048
0 0.12462881579995155 0.9178581237792969 0.02208281308412552 0.02455494015715843
0 0.15393270552158356 0.9180889004328997 0.02217907706896466 0.02462691669316244
0 0.18288111686706543 0.9178858912268351 0.02217907706896466 0.02462691669316244
0 0.21171164512634277 0.9176837087104098 0.02217907706896466 0.02462691669316244
0 0.2403584122657776 0.9174828148726135 0.02217907706896463 0.02462691669316244
0 0.2685995101928711 0.9172847659088844 0.022071897983551025 0.0243542101956152
0 0.2981269955635071 0.9165882456435522 0.022071897983551025 0.0243542101956152
0 0.355874627828598 0.9150528493290015 0.022099554538726807 0.02408191769622093
0 0.3838934600353241 0.9144791004269622 0.022099554538726807 0.02408191769622093
0 0.41185349225997925 0.9139065555874228 0.022099554538726807 0.02408191769622093
0 0.44008514285087585 0.9133284487480736 0.022099554538726807 0.02408191769622093
0 0.4681309461593628 0.9127541475517805 0.022099554538726807 0.02408191769622093
0 0.4966386407613754 0.9121703880875421 0.022099554538726807 0.02408191769622093
0 0.5528481602668762 0.9105587959220041 0.02180115381876635 0.024174239284308494
0 0.5806413888931274 0.9098385655602743 0.02180115381876635 0.024174239284308494
0 0.6360824108123779 0.908401873630433 0.02180115381876635 0.024174239284308494
0 0.6633479595184326 0.9076211262413495 0.021606723467509026 0.02360126584075218
0 0.6908453702926636 0.9067845899005269 0.021606723467509026 0.02360126584075218
0 0.7183995842933655 0.9059463254710631 0.021606723467509026 0.02360126584075218
0 0.7456871867179871 0.9051161719969947 0.021606723467509026 0.02360126584075218
0 0.772270917892456 0.9043074319528979 0.021606723467509026 0.02360126584075218
