0 0.1502823382616043 0.10235080330870873 0.02118294437726337 0.022787081178768657
0 0.17731618881225586 0.1022898741798443 0.02118294437726337 0.022787081178768657
0 0.8127097487449646 0.10085781861601543 0.021182944377263313 0.022787081178768657
0 0.8389803767204285 0.10079860964486766 0.021182944377263313 0.022787081178768657
0 0.8649226427078247 0.10074014073884112 0.021182944377263313 0.022787081178768657
0 0.17740850150585175 0.13555845978496778 0.020339096585909544 0.022746544475703262
0 0.20422585308551788 0.1358298700909282 0.020339096585909544 0.022746544475703262
0 0.23114845156669617 0.1361023455689529 0.020339096585909544 0.022746544475703262
0 0.25799160450696945 0.13637401700268184 0.020339096585909516 0.022746544475703262
0 0.28465452790260315 0.13664386438768963 0.02033909658590949 0.022746544475703262
0 0.31099843978881836 0.13689732945879932 0.020990510781606075 0.02227364769277648
0 0.3645061254501343 0.13646885406139286 0.020990510781606075 0.02227364769277648
0 0.3906576335430145 0.13625943969999063 0.020990510781606075 0.02227364769277648
0 0.41747474670410156 0.13604469534921226 0.020990510781606075 0.02227364769277648
0 0.44326335191726685 0.13583818701810615 0.020990510781606075 0.02227364769277648
0 0.49616171419620514 0.13504968201087592 0.02046044667561847 0.021811396576637446
0 0.5227431058883667 0.13526252258655636 0.020460446675618416 0.021811396576637446
0 0.5491936206817627 0.13547431521430398 0.020460446675618416 0.021811396576637446
0 0.5750862956047058 0.13568164114743525 0.020460446675618416 0.021811396576637446
0 0.6013152003288269 0.13589165931524233 0.020460446675618416 0.021811396576637446
0 0.6285561919212341 0.1673643422681232 0.020183205604553223 0.02186011528783989
0 0.6817747950553894 0.1675581044928972 0.0203857421875 0.02235320187354274
0 0.707461416721344 0.16741778339875432 0.0203857421875 0.02235320187354274
0 0.734070360660553 0.16727242383469434 0.0203857421875 0.02235320187354274
0 0.7605119347572327 0.16722742346830147 0.020455876986185784 0.02255764303281327
0 0.7865974307060242 0.1666603595541849 0.020455876986185784 0.02255764303281327
0 0.812879204750061 0.16608902881588514 0.020455876986185784 0.02255764303281327
0 0.8399879932403564 0.1654997198858022 0.020455876986185784 0.02255764303281327
0 0.8662752509117126 0.16492826994075332 0.020455876986185784 0.02255764303281327
0 0.8922897577285767 0.16443365673686183 0.02064768473307299 0.02271105152691983
0 0.17772617936134338 0.2012254304033378 0.02049256364504498 0.02231149895246639
0 0.20470073819160461 0.20101396427598112 0.02049256364504498 0.02231149895246639
0 0.23149484395980835 0.20103240367643432 0.02033593257268268 0.022401425265526614
0 0.257803350687027 0.20070878849473112 0.020335932572682708 0.022401425265526614
0 0.31118446588516235 0.200179188750511 0.02064436674118042 0.022526718849359556
0 0.3372756540775299 0.19975682565935204 0.02064436674118042 0.022526718849359556
0 0.3636636734008789 0.19932965747794157 0.02064436674118042 0.022526718849359556
0 0.3901594877243042 0.19890074431546284 0.02064436674118042 0.022526718849359556
0 0.4439432621002197 0.19803009476772573 0.02064436674118042 0.022526718849359556
0 0.4704592525959015 0.1976298893411619 0.020726998647054073 0.022235781647438228
0 0.49714553356170654 0.19718591556992643 0.020726998647054018 0.022235781647438228
0 0.5237916111946106 0.1973551657716201 0.020463546117146736 0.021995884503505
0 0.5501705408096313 0.19752271910608507 0.020463546117146736 0.021995884503505
0 0.6033129096031189 0.19786026809774873 0.020463546117146736 0.021995884503505
0 0.6294386982917786 0.19858186094757424 0.019608736038208008 0.022011172863864188
0 0.6556838154792786 0.1987256781999455 0.019608736038208008 0.022011172863864188
0 0.68238765001297 0.19887200911868266 0.019608736038208008 0.022011172863864188
0 0.7081111073493958 0.19901296779412633 0.019608736038208008 0.022011172863864188
0 0.7342223525047302 0.19915605145831441 0.019608736038208008 0.022011172863864188
0 0.7614922342093094 0.20022508372431214 0.019971847534179688 0.021811729253724564
0 0.1775713562965393 0.2333310446513515 0.0200529545545578 0.022307891254277165
0 0.23080973327159882 0.23272829277570858 0.0200529545545578 0.022307891254277165
0 0.25764166563749313 0.2317660685389413 0.020045340061187744 0.02220485007116034
0 0.28353965282440186 0.23160162637400072 0.020045340061187744 0.02220485007116034
0 0.3105301558971405 0.23155886049597504 0.02053103844324744 0.022375934807829127
0 0.33719930052757263 0.23122838486072628 0.02053103844324744 0.022375934807829127
0 0.390359103679657 0.23056964533383734 0.02053103844324744 0.022375934807829127
0 0.4174067974090576 0.23021811108256496 0.020477235317230225 0.022257486979166696
0 0.4440513551235199 0.22990362095725347 0.020477235317230225 0.022257486979166696
0 0.47060123085975647 0.22959024837900419 0.020477235317230225 0.022257486979166696
0 0.4975651353597641 0.22927198895071982 0.020477235317230225 0.022257486979166696
0 0.5242125988006592 0.22895746452863827 0.020477235317230225 0.022257486979166696
0 0.550682783126831 0.2289016191349473 0.020027359326680427 0.02193320814029188
0 0.6040967702865601 0.229362266008244 0.019833962122599358 0.022226732830668606
0 0.6304423213005066 0.22973976043388789 0.019833962122599358 0.022226732830668606
0 0.6566414833068848 0.23011515731242396 0.019833962122599358 0.022226732830668606
0 0.6830785870552063 0.23049396355906035 0.019833962122599358 0.022226732830668606
0 0.7087452411651611 0.2308617303537768 0.019833962122599358 0.022226732830668606
0 0.7351749539375305 0.2307737483534702 0.019799550374348884 0.0219829766325248
0 0.1765912026166916 0.2639997082517427 0.02004733681678772 0.02203568746877271
0 0.22966371476650238 0.26366380203601925 0.02004733681678772 0.02203568746877271
0 0.28257882595062256 0.2633288920415146 0.02004733681678772 0.02203568746877271
0 0.30986467003822327 0.26315619464583806 0.02004733681678772 0.02203568746877271
0 0.33692237734794617 0.26298494117204535 0.02004733681678772 0.02203568746877271
0 0.36348822712898254 0.2628168007598818 0.02004733681678772 0.02203568746877271
0 0.41732296347618103 0.26181479396423984 0.02026089032491052 0.022116875463677958
0 0.4437943398952484 0.26148242164540997 0.02026089032491052 0.022116875463677958
0 0.4703531265258789 0.26068742582507054 0.019970854123433468 0.022189413854318045
0 0.49772578477859497 0.26080526307571766 0.019970854123433412 0.022189413854318045
0 0.5242438912391663 0.26091942154468445 0.019970854123433357 0.022189413854318045
0 0.5779889225959778 0.26115078989307644 0.019970854123433357 0.022189413854318045
0 0.6050446629524231 0.2612672628358353 0.019970854123433357 0.022189413854318045
0 0.6311964988708496 0.26137984453745705 0.019970854123433357 0.022189413854318045
0 0.6577277183532715 0.26154553239188555 0.019954800605773926 0.02216918708742124
0 0.6839726567268372 0.2619744456091592 0.01955668131510424 0.021886174992997543
0 0.7098730206489563 0.2622065089153785 0.01955668131510424 0.021886174992997543
0 0.12189947441220284 0.29668419860130135 0.020458536843458816 0.02218298209730042
0 0.147719144821167 0.29636181295263814 0.02045853684345883 0.02218298209730042
0 0.17493464052677155 0.29602199896207315 0.02045853684345883 0.02218298209730042
0 0.20162159204483032 0.2956887843996979 0.02045853684345883 0.02218298209730042
0 0.22792838513851166 0.2951179633775199 0.02011588712533313 0.0221173633900724
0 0.2547505870461464 0.29485154706378314 0.02011588712533316 0.0221173633900724
0 0.28191661834716797 0.2945665315140125 0.020401080449422238 0.02200755038002662
0 0.3091040849685669 0.2943728011870496 0.020401080449422238 0.02200755038002662
0 0.3358911871910095 0.29404560355252995 0.020466864109039307 0.02247440722561619
0 0.362901896238327 0.2938698859152033 0.020466864109039307 0.02247440722561619
0 0.41784054040908813 0.2935124836443222 0.020466864109039307 0.02247440722561619
0 0.4442947506904602 0.29334038629879 0.020466864109039307 0.02247440722561619
0 0.4712159037590027 0.29316525126612464 0.020466864109039307 0.02247440722561619
0 0.49802306294441223 0.2929772855892629 0.020375728607177734 0.022589454355165968
0 0.525149405002594 0.29233516704713347 0.020004789034525627 0.022578912187916335
0 0.5518724322319031 0.2926830690960551 0.020004789034525627 0.022578912187916335
0 0.605720043182373 0.293384100982093 0.020004789034525627 0.022578912187916335
0 0.6321233510971069 0.2937278406655885 0.020004789034525627 0.022578912187916335
0 0.6582110524177551 0.2940674715263899 0.020004789034525627 0.022578912187916335
0 0.6848941445350647 0.29441485366762404 0.020004789034525627 0.022578912187916335
0 0.7110655903816223 0.2940673162770826 0.019705375035603767 0.022488187449847107
0 0.12058853358030319 0.32835505729497866 0.020257726311683655 0.02255478200986401
0 0.1461428999900818 0.32811304584277146 0.020257726311683655 0.02255478200986401
0 0.17340703308582306 0.32794236027917195 0.020286003748575865 0.02238517583802689
0 0.20042486488819122 0.3275989709898483 0.020298272371292114 0.02225688076758567
0 0.22723080217838287 0.32735174943816514 0.020298272371292114 0.02225688076758567
0 0.254081666469574 0.3271041135408548 0.020298272371292114 0.02225688076758567
0 0.28144532442092896 0.3268517483314153 0.020298272371292114 0.02225688076758567
0 0.30838048458099365 0.3266033350035202 0.020298272371292114 0.02225688076758567
0 0.36293715238571167 0.3264357806795716 0.02030014991760254 0.022517714389534885
0 0.3902401030063629 0.32619372079538744 0.02030014991760254 0.022517714389534885
0 0.41708436608314514 0.32595572749929075 0.02030014991760254 0.022517714389534885
0 0.44457104802131653 0.3257120387075919 0.02030014991760254 0.022517714389534885
0 0.4713645875453949 0.32547449511150983 0.02030014991760254 0.022517714389534885
0 0.5253338813781738 0.3249960193161216 0.02030014991760254 0.022517714389534885
0 0.5791450142860413 0.32570465264681525 0.020319978396097893 0.022470740384833758
0 0.606023907661438 0.3256950821987418 0.020319978396097893 0.022470740384833758
0 0.6323519945144653 0.32614931949349335 0.02021261056264234 0.022513056910315226
0 0.6591311693191528 0.32620780530436716 0.020080089569091797 0.022802308548328487
0 0.6860530376434326 0.32646772199947804 0.020080089569091797 0.022802308548328487
0 0.712327778339386 0.32672139101250225 0.020080089569091797 0.022802308548328487
0 0.7380449175834656 0.3265779184740643 0.020188728968302483 0.022862486136976112
0 0.11875658109784126 0.36059408409650934 0.02019728968540828 0.02271242659221321
0 0.1453501582145691 0.3604216595750461 0.020197289685408293 0.02271242659221321
0 0.17222779989242554 0.36018411503281705 0.020453542470932007 0.0228578730147014
0 0.19903936982154846 0.36002842206282804 0.020453542470932007 0.0228578730147014
0 0.22645805776119232 0.3598692035996866 0.020453542470932007 0.0228578730147014
0 0.28142350912094116 0.3595500229477664 0.020453542470932007 0.0228578730147014
0 0.30852368474006653 0.35939265406408977 0.020453542470932007 0.0228578730147014
0 0.3354412019252777 0.35880547900532567 0.020575662453969357 0.023083945577458846
0 0.362642377614975 0.35878115347271144 0.020575662453969357 0.023083945577458846
0 0.3902324140071869 0.3587564801888158 0.020575662453969357 0.023083945577458846
0 0.41731950640678406 0.35876580171806866 0.020256400108337402 0.023095064384992734
0 0.4719916582107544 0.3586683324592863 0.020256400108337402 0.023095064384992734
0 0.49873390793800354 0.35862065650044656 0.020256400108337402 0.023095064384992734
0 0.5259107947349548 0.35857220567265385 0.020256400108337402 0.023095064384992734
0 0.5526573061943054 0.3585245221160179 0.019893884658813477 0.022837424463079854
0 0.579035758972168 0.35864700845381364 0.019893884658813477 0.022837424463079854
0 0.632814884185791 0.35889672772858483 0.019893884658813477 0.022837424463079854
0 0.6593431234359741 0.3590199095884644 0.019893884658813477 0.022837424463079854
0 0.6860264539718628 0.35914381160292513 0.019893884658813477 0.022837424463079854
0 0.7135186195373535 0.35936140877478334 0.019935568173726326 0.022654895634614192
0 0.11830129474401474 0.3935992662296739 0.02037970721721649 0.022908055505087208
0 0.1444278508424759 0.3931474202328275 0.020438571770985903 0.022734738135522705
0 0.17134012281894684 0.39288764776185503 0.020438571770985903 0.022734738135522705
0 0.19857974350452423 0.3926247155359905 0.020438571770985903 0.022734738135522705
0 0.25288155674934387 0.3921005637208919 0.02043857177098593 0.022734738135522705
0 0.2808152139186859 0.39183093226233195 0.020438571770985958 0.022734738135522705
0 0.3355395197868347 0.3917806314867596 0.02078866958618164 0.02311283673426907
0 0.3626597225666046 0.3917793648654267 0.02078866958618164 0.02311283673426907
0 0.39036208391189575 0.3917780710549735 0.02078866958618164 0.02311283673426907
0 0.4179394841194153 0.39177678308070235 0.02078866958618164 0.02311283673426907
0 0.44476038217544556 0.3917755304380905 0.02078866958618164 0.02311283673426907
0 0.4718681275844574 0.39146210426507994 0.019894897937774658 0.022752983625545058
0 0.49902696907520294 0.3914564917680477 0.019894897937774658 0.022752983625545058
0 0.5259536504745483 0.39145092724794495 0.019894897937774658 0.022752983625545058
0 0.5799856185913086 0.3914397612981453 0.019894897937774658 0.022752983625545058
0 0.6068785786628723 0.39143420374670695 0.019894897937774658 0.022752983625545058
0 0.660603940486908 0.3914814612928766 0.01982327302296949 0.02230429834173637
0 0.6871269345283508 0.39149209086413084 0.01982327302296949 0.02230429834173637
0 0.7139081954956055 0.39150282394054325 0.01982327302296949 0.02230429834173637
0 0.7405509352684021 0.39140803314918693 0.020351648330688477 0.022498197333757266
0 0.7668112516403198 0.39125730653882296 0.020351648330688477 0.022498197333757266
0 0.17071527242660522 0.4256864148516988 0.02079804241657257 0.022720603055732196
0 0.1976921558380127 0.42550087836824885 0.02079804241657257 0.022720603055732196
0 0.2244926393032074 0.4251670837402344 0.021098395188649477 0.022827828577322497
0 0.2527928575873375 0.425055953136827 0.021098395188649505 0.022827828577322497
0 0.2800467014312744 0.42494893148486873 0.021098395188649532 0.022827828577322497
0 0.3079959452152252 0.42483917910432856 0.021098395188649532 0.022827828577322497
0 0.3351577818393707 0.42494363998536566 0.020790616671244266 0.023041924764943676
0 0.39033132791519165 0.4248820016550463 0.020790616671244266 0.023041924764943676
0 0.4176841080188751 0.42485144390019647 0.020790616671244266 0.023041924764943676
0 0.47248274087905884 0.42479022441235276 0.020790616671244266 0.023041924764943676
0 0.4992809593677521 0.4247602861981059 0.020542720953623472 0.02276111573211901
0 0.5268682837486267 0.42465245665893364 0.020542720953623528 0.02276111573211901
0 0.5537787675857544 0.4245472726609861 0.020542720953623528 0.02276111573211901
0 0.580788791179657 0.4244416995957279 0.020542720953623528 0.02276111573211901
0 0.6076692342758179 0.4243366330168968 0.020542720953623528 0.02276111573211901
0 0.6341133713722229 0.4243426212044649 0.020397305488586426 0.022782850635144083
0 0.6616862416267395 0.4574688729873749 0.02076951662699389 0.02332932819691734
0 0.7156215310096741 0.45748104064049566 0.020370284716288323 0.023017558016518346
0 0.7420966625213623 0.4572565389233966 0.020370284716288323 0.023017558016518346
0 0.7687381505966187 0.4570306265491247 0.020370284716288323 0.023017558016518346
0 0.7957891225814819 0.45680124186572413 0.020370284716288323 0.023017558016518346
0 0.8226636648178101 0.45657335325729015 0.020370284716288323 0.023017558016518346
0 0.8489370942115784 0.4563505619177883 0.020370284716288323 0.023017558016518346
0 0.876347005367279 0.4566877941752589 0.020753820737202888 0.02307800174683558
0 0.9029524326324463 0.45628578718318497 0.020643393198649163 0.022861332856407516
0 0.1695926934480667 0.49292125258334846 0.021106580893198668 0.02336023020189862
0 0.19611410796642303 0.4926013110964702 0.021106580893198668 0.02336023020189862
0 0.2231156975030899 0.4922755770109651 0.021106580893198668 0.02336023020189862
0 0.2508165240287781 0.49194140766942224 0.02110658089319864 0.02336023020189862
0 0.27854016423225403 0.491412475575192 0.02108786503473914 0.023692936860313766
0 0.33486300706863403 0.49130856713583304 0.02108786503473914 0.023692936860313766
0 0.3623470067977905 0.4913054530395383 0.02084992329279578 0.023531270581622455
0 0.3899650275707245 0.4912443999156324 0.020850737889607784 0.02358201492664426
0 0.4176924228668213 0.4911557574604833 0.020850737889607784 0.02358201492664426
0 0.4456096589565277 0.4910665080981996 0.020850737889607784 0.02358201492664426
0 0.4731628894805908 0.4909784224350906 0.020850737889607784 0.02358201492664426
0 0.5275813937187195 0.4908044504564862 0.020850737889607673 0.02358201492664426
0 0.5550020933151245 0.49071678848506145 0.020850737889607673 0.02358201492664426
0 0.6094562411308289 0.4905918032624001 0.020742177963256836 0.02349294618118641
0 0.6365450024604797 0.49051423047096426 0.020742177963256836 0.02349294618118641
0 0.6635169386863708 0.4905182490935973 0.02070295810699463 0.02341475967288936
0 0.6897720694541931 0.4901333298794059 0.020459334055582756 0.023044142612191135
0 0.7168073654174805 0.4901607171579767 0.020459334055582756 0.023044142612191135
0 0.7439314723014832 0.4901984458745912 0.02047252655029297 0.022990884706955494
0 0.7704265117645264 0.4902755826018577 0.02055247624715162 0.023132560789123006
0 0.796962320804596 0.4901639479766461 0.02055247624715162 0.023132560789123006
0 0.8233590722084045 0.4900528983589269 0.02055247624715162 0.023132560789123006
0 0.8501048684120178 0.48994038032977355 0.02055247624715162 0.023132560789123006
0 0.876211941242218 0.48983054937318316 0.02055247624715162 0.023132560789123006
0 0.16882558166980743 0.5266372256004422 0.020969142516454042 0.023424399915591747
0 0.19581256806850433 0.5267250985188093 0.02072325348854065 0.023317144822704753
0 0.22293321788311005 0.5264629541441451 0.02072325348854065 0.023317144822704753
0 0.2508629858493805 0.5261929889475853 0.02072325348854065 0.023317144822704753
0 0.27828449010849 0.5259279365563079 0.02072325348854065 0.023317144822704753
0 0.3346211016178131 0.5253833948179732 0.02072325348854065 0.023317144822704753
0 0.36183178424835205 0.525120380198813 0.02072325348854065 0.023317144822704753
0 0.3901980221271515 0.5252103625031975 0.020943979422251346 0.023689979730650436
0 0.4177103042602539 0.5249576220238263 0.02099752426147461 0.023845288180565593
0 0.4454249441623688 0.5248938715735147 0.0209200382232666 0.023483838221823577
0 0.500118613243103 0.5247037236370165 0.0209200382232666 0.023483838221823577
0 0.5279349088668823 0.5246842850086301 0.020891427993774414 0.023424991341524346
0 0.5551324486732483 0.5244814764003426 0.020891427993774414 0.023424991341524346
0 0.5827725529670715 0.524275367644747 0.020891427993774414 0.023424991341524346
0 0.6098261475563049 0.5240736324177053 0.020891427993774414 0.023424991341524346
0 0.6371665596961975 0.5238697584285292 0.020891427993774414 0.023424991341524346
0 0.6646812558174133 0.5239066692178788 0.020433227221171135 0.023173221321993096
0 0.6912565231323242 0.5239698720532794 0.020433227221171135 0.023173221321993096
0 0.16710174083709717 0.560738630073015 0.020906557639439882 0.023397726606028894
0 0.19438676536083221 0.560660748697067 0.020906557639439882 0.023397726606028894
0 0.2224058210849762 0.5605807721293102 0.020906557639439882 0.023397726606028894
0 0.25000789761543274 0.5605019857717115 0.02090655763943991 0.023397726606028894
0 0.27758297324180603 0.5604232764845057 0.020906557639439938 0.023397726606028894
0 0.3341391086578369 0.5595142896785292 0.020763744910558102 0.02352245833522584
0 0.3617906868457794 0.5593353409134857 0.020763744910558102 0.02352245833522584
0 0.3896845579147339 0.5591548241362463 0.020763744910558102 0.02352245833522584
0 0.445447713136673 0.558793949697396 0.020763744910558102 0.02352245833522584
0 0.5004342049360275 0.5584381014801735 0.020763744910558046 0.02352245833522584
0 0.5278856158256531 0.558128135148869 0.02107030153274536 0.024009349734284157
0 0.5555628538131714 0.5579040279384565 0.02107030153274536 0.024009349734284157
0 0.5837758183479309 0.5579929528155817 0.02055537700653076 0.023532364719597923
0 0.6103376150131226 0.5576122348530524 0.02055537700653076 0.023532364719597923
0 0.6378008723258972 0.5572185959926871 0.02055537700653076 0.023532364719597923
0 0.6649463772773743 0.5568295115693995 0.02055537700653076 0.023532364719597923
0 0.6914997696876526 0.5572995917741642 0.020174940427144294 0.02330224088920185
0 0.11350696533918381 0.5955930754195812 0.020665461818377168 0.023672857949900074
0 0.1397254467010498 0.5952132025430369 0.020614435275395693 0.023655410884886804
0 0.19375333189964294 0.5954211479009583 0.020718663930892944 0.023765475250953853
0 0.22143232822418213 0.5951928230628287 0.020718663930892944 0.023765475250953853
0 0.2488175556063652 0.5949669215331681 0.020718663930892944 0.023765475250953853
0 0.27724912762641907 0.594732388676444 0.020718663930892944 0.023765475250953853
0 0.305105060338974 0.5945026042849518 0.020718663930892944 0.023765475250953853
0 0.33276188373565674 0.5940145004627316 0.02106209595998132 0.02420384015223782
0 0.3615395128726959 0.5937646243756259 0.02106209595998132 0.02420384015223782
0 0.38959428668022156 0.5935210248396712 0.02106209595998132 0.02420384015223782
0 0.4455900192260742 0.5930348140237437 0.02106209595998132 0.02420384015223782
0 0.4733984172344208 0.5927933537682821 0.02106209595998132 0.02420384015223782
0 0.5002797693014145 0.5929749725507025 0.021125217278798403 0.024252218793528894
0 0.5288417935371399 0.5927851411721361 0.021125217278798347 0.024252218793528894
0 0.5564976334571838 0.5926013325535974 0.021125217278798347 0.024252218793528894
0 0.5837949514389038 0.5925382553743562 0.021047453085581536 0.024168236311091933
0 0.6112465262413025 0.5919042631637218 0.02092314759890246 0.023849753446357196
0 0.11320722103118896 0.6298054733193225 0.020648380120595305 0.023691813151041612
0 0.139311283826828 0.6298130833825399 0.020648380120595278 0.023691813151041612
0 0.16573694348335266 0.6298207872002226 0.020648380120595278 0.023691813151041612
0 0.22057193517684937 0.6300655950512011 0.021293898423512758 0.023971735044967298
0 0.2487095296382904 0.6304674276474128 0.021046380201975495 0.02390694433404488
0 0.27678754925727844 0.6300357108892396 0.021046380201975468 0.02390694433404488
0 0.3048856258392334 0.6296036857429698 0.021046380201975468 0.02390694433404488
0 0.33333638310432434 0.6291662379150699 0.021046380201975468 0.02390694433404488
0 0.36152252554893494 0.6287328587021939 0.021046380201975468 0.02390694433404488
0 0.3895036280155182 0.6283026321046309 0.021046380201975468 0.02390694433404488
0 0.44601598381996155 0.6281001395521048 0.021021078030268314 0.02411092713821766
0 0.4733174443244934 0.6272307994753815 0.02130778630574548 0.024430977281673878
0 0.5014518648386002 0.6270267093602088 0.021307786305745424 0.024430977281673878
0 0.5293319821357727 0.626976589823878 0.02125914891560865 0.02434900564740789
0 0.556937575340271 0.6267259039273377 0.02125914891560865 0.02434900564740789
0 0.6124154329299927 0.6262221104980498 0.02125914891560865 0.02434900564740789
0 0.6395813822746277 0.6259754169995119 0.02125914891560865 0.02434900564740789
0 0.667629599571228 0.6257207116415334 0.02125914891560865 0.02434900564740789
0 0.6946017146110535 0.6254658976721723 0.02159249782562256 0.024311834527540523
0 0.7218431830406189 0.6252085390374671 0.02159249782562256 0.024311834527540523
0 0.7485277652740479 0.6249564414800599 0.02159249782562256 0.024311834527540523
0 0.7758281230926514 0.6246985264989594 0.02159249782562256 0.024311834527540523
0 0.8026275634765625 0.6248552258616072 0.02166835467020678 0.02421983822371603
0 0.8289315700531006 0.6239332863133175 0.021944880485534668 0.02442183975101436
0 0.11278436332941055 0.6639854519866234 0.02048213283220926 0.024136565452398256
0 0.13830213248729706 0.6643941779938262 0.020482132832209288 0.024136565452398256
0 0.16515445709228516 0.6649523003156795 0.020764301220575987 0.023926609246305772
0 0.19224703311920166 0.6652582301649936 0.021011432011922182 0.02425881319267805
0 0.21969439089298248 0.6651688730783015 0.021011432011922182 0.02425881319267805
0 0.2476949393749237 0.6650777150346475 0.02101143201192221 0.02425881319267805
0 0.27582448720932007 0.6649861370231986 0.021011432011922238 0.02425881319267805
0 0.3041210472583771 0.6648940152900163 0.021431008974711063 0.024565644966539433
0 0.36088263988494873 0.6641989204792708 0.021431008974711063 0.024565644966539433
0 0.3894233703613281 0.663849414541699 0.021431008974711063 0.024565644966539433
0 0.4177252948284149 0.6635028329903213 0.021431008974711063 0.024565644966539433
0 0.4458576440811157 0.663158328034157 0.021431008974711063 0.024565644966539433
0 0.4739677309989929 0.6626755026883857 0.021576424439748165 0.02448742888694586
0 0.5014875680208206 0.66213517963107 0.021184325218200684 0.024344155954760173
0 0.5574459433555603 0.6611059903331459 0.021184325218200684 0.024344155954760173
0 0.5844365358352661 0.6606095779773801 0.021184325218200684 0.024344155954760173
0 0.6129786968231201 0.6608872017621 0.0210078159968059 0.02433685184449183
0 0.6402179002761841 0.6605430184821465 0.0210078159968059 0.02433685184449183
0 0.6676047444343567 0.6601969696754633 0.0210078159968059 0.02433685184449183
0 0.11265972256660461 0.6991808248120684 0.02052256961663565 0.024383663207061586
0 0.16556493937969208 0.700673520846037 0.02077906827131909 0.024471963098806872
0 0.19194096326828003 0.701027686470375 0.021293188134829222 0.02467254520386683
0 0.21907944977283478 0.7010629785611575 0.02170849343140918 0.024739317191663692
0 0.24689172953367233 0.7008194590723792 0.02170849343140921 0.024739317191663692
0 0.27504250407218933 0.7006805331207985 0.021386325359344482 0.024714477302492183
0 0.30322396755218506 0.7004016440167163 0.021386325359344482 0.024714477302492183
0 0.36034461855888367 0.6998363672277678 0.021386325359344482 0.024714477302492183
0 0.38905248045921326 0.6992344967154569 0.021609127521514893 0.02461505860321276
0 0.4175727665424347 0.6987854968860705 0.021609127521514893 0.02461505860321276
0 0.47440922260284424 0.6978907106626928 0.021609127521514893 0.02461505860321276
0 0.5304533839225769 0.6970083976733616 0.021609127521514893 0.02461505860321276
0 0.5582905411720276 0.6965701524601426 0.02143704891204834 0.024111607278040157
0 0.585777997970581 0.6961546992618639 0.02143704891204834 0.024111607278040157
0 0.6417828798294067 0.6953082256336199 0.02143704891204834 0.024111607278040157
0 0.6688151359558105 0.6948996524670769 0.02143704891204834 0.024111607278040157
0 0.6965123414993286 0.6944810290669285 0.02143704891204834 0.024111607278040157
0 0.7233614921569824 0.6939923316307269 0.021835287412007576 0.02408348497494241
0 0.7509536743164062 0.6935045109238736 0.021835287412007576 0.02408348497494241
0 0.7777977585792542 0.6931071170540744 0.021565834681193108 0.02410841357800382
0 0.8038244247436523 0.6926672060518013 0.02160278956095385 0.02396188780318859
0 0.11282311379909515 0.7339213615240052 0.020686497290929168 0.02440581210823946
0 0.13909538090229034 0.7345124356476876 0.02068649729092914 0.024405812108239545
0 0.1646929383277893 0.7359104060412279 0.021361996730168642 0.024772910184638446
0 0.1914798468351364 0.7360877547153207 0.021361996730168642 0.024772910184638446
0 0.2190663367509842 0.7362703971956244 0.021361996730168642 0.02477291018463853
0 0.2467404305934906 0.736453619677171 0.02136199673016867 0.024772910184638362
0 0.275098979473114 0.7362851262968588 0.021846115589141846 0.02492708013963327
0 0.3030882775783539 0.7360353469848633 0.021846115589141846 0.02492708013963327
0 0.3319297730922699 0.7357779625774623 0.021846115589141846 0.02492708013963335
0 0.3605617880821228 0.7355224475953317 0.021846115589141846 0.02492708013963327
0 0.41817694902420044 0.7350082841030386 0.021846115589141846 0.02492708013963327
0 0.44639724493026733 0.7347564433434305 0.021846115589141846 0.02492708013963335
0 0.4747507870197296 0.733813991423048 0.021518945693969727 0.024912619775579854
0 0.5028181821107864 0.7332214793062936 0.021518945693969727 0.024912619775579854
0 0.5310080051422119 0.7326263826946879 0.021518945693969727 0.024912619775579854
0 0.5587331652641296 0.7321204252021257 0.02123885353406263 0.02505358614662818
0 0.112189382314682 0.7689948858216752 0.02126946548620859 0.02509230975956869
0 0.13803228735923767 0.7696838559817569 0.021269465486208616 0.02509230975956869
0 0.19065925478935242 0.7710868874951424 0.021269465486208616 0.02509230975956869
0 0.21855171024799347 0.7718304985353595 0.021269465486208616 0.02509230975956869
0 0.2459859624505043 0.7725618939067043 0.02126946548620859 0.02509230975956869
0 0.27410098910331726 0.7733533083715736 0.02097267409165704 0.024842018304869186
0 0.30223891139030457 0.7722178614416788 0.02150648832321167 0.024818716123122468
0 0.33172157406806946 0.7717717879114048 0.02150648832321167 0.024818716123122468
0 0.3606630861759186 0.7713339020047445 0.02150648832321167 0.024818716123122468
0 0.38897210359573364 0.7709055857608197 0.02150648832321167 0.024818716123122468
0 0.41793614625930786 0.7704673589662064 0.02150648832321167 0.024818716123122468
0 0.44643518328666687 0.7704632781272711 0.02214392026265466 0.02511951535247093
0 0.4748249351978302 0.7696565140125363 0.02156706651051843 0.024713264879330295
0 0.531546413898468 0.7683749531590661 0.021921197573343987 0.02515346320100544
0 0.559686005115509 0.7677389955374772 0.021921197573343987 0.02515346320100544
0 0.5875504612922668 0.767109255995763 0.021921197573343987 0.02515346320100544
0 0.6153196692466736 0.766481669073555 0.021921197573343987 0.02515346320100544
0 0.6429525017738342 0.7658571642498637 0.021921197573343987 0.02515346320100544
0 0.670278787612915 0.7649629282396894 0.02210454146067309 0.025025715199551952
0 0.16246598958969116 0.8065846465354742 0.021479005614916502 0.025120284206183494
0 0.1889658272266388 0.8081998603288517 0.021585524082183838 0.02502429577731358
0 0.21722924709320068 0.8091948140846084 0.022032851974169432 0.024973137434138808
0 0.24537158757448196 0.8089639530625454 0.022032851974169404 0.024973137434138808
0 0.2736549973487854 0.808731934801937 0.022032851974169376 0.024973137434138808
0 0.3315596580505371 0.8082569235227328 0.022032851974169376 0.024973137434138808
0 0.360393226146698 0.8080203921295875 0.022032851974169376 0.024973137434138808
0 0.3895377516746521 0.8077813098487304 0.022032851974169376 0.024973137434138808
0 0.41830962896347046 0.8065420265888381 0.022080163160959843 0.024687301280886628
0 0.4467393159866333 0.8061641231693467 0.021978338559468624 0.02458533945009701
0 0.4750767648220062 0.8054942641147348 0.021829644838968876 0.02474804072417041
0 0.504000186920166 0.8048225785609965 0.02182964483896893 0.02474804072417041
0 0.560020387172699 0.8033824299657067 0.021751801172892327 0.02487028846445021
0 0.6164904236793518 0.8019834266072977 0.021751801172892327 0.02487028846445021
0 0.6441546082496643 0.801567787347838 0.021719733874003166 0.025005251862281978
0 0.6719496250152588 0.8006149210475826 0.021719733874003166 0.025005251862281978
0 0.6991665959358215 0.799681871263733 0.021719733874003166 0.025005251862281978
0 0.7265894412994385 0.7987417637104811 0.021719733874003166 0.025005251862281978
0 0.7534570693969727 0.7978206900663154 0.021719733874003166 0.025005251862281978
0 0.7545469403266907 0.8329064125238463 0.021760900815327888 0.02436935069949128
0 0.7809717059135437 0.8318787826253099 0.021760900815327888 0.02436935069949128
0 0.8084667921066284 0.8308095291425499 0.021760900815327888 0.02436935069949128
0 0.8347966074943542 0.829785591752209 0.021760900815327888 0.02436935069949128
0 0.8613807559013367 0.8287517636321312 0.021760900815327888 0.02436935069949128
0 0.8880913257598877 0.8276328153388445 0.022036830584208245 0.02447787735813337
0 0.9150450825691223 0.8264707211651597 0.022036830584208245 0.02447787735813337
0 0.1597207933664322 0.8803705571396271 0.022339691718419374 0.026247068893077763
0 0.18738369643688202 0.8805164071016534 0.022339691718419374 0.026247068893077763
0 0.24395286291837692 0.8808146625219964 0.022339691718419402 0.026247068893077763
0 0.3022959232330322 0.8820930004472816 0.022936105728149414 0.026093416435773984
0 0.33126354217529297 0.8813538651928536 0.022869090239206913 0.025872696277707122
0 0.3604145646095276 0.8805038097292878 0.02279553810755408 0.025760857633841946
0 0.3885559141635895 0.8797495673588666 0.02279553810755408 0.025760857633841946
0 0.44697803258895874 0.8780074008675509 0.022400081157684326 0.025291502013687125
0 0.4750930368900299 0.8771514561958077 0.022400081157684326 0.025291502013687125
0 0.5040677785873413 0.8762693373276984 0.022400081157684326 0.025291502013687125
0 0.5328848361968994 0.8753920190583472 0.022400081157684326 0.025291502013687125
0 0.5608702898025513 0.8745400184808776 0.022400081157684326 0.025291502013687125
0 0.5890345573425293 0.8736596218375272 0.02226378520329786 0.025237209113069394
0 0.6446921825408936 0.871834905715613 0.022142251332600837 0.024852841399436772
0 0.6729496717453003 0.8709229757619459 0.022142251332600837 0.024852841399436772
0 0.7004954218864441 0.8700340151586796 0.022142251332600837 0.024852841399436772
0 0.7279375195503235 0.868473585261855 0.022035320599873787 0.024795591369155875
0 0.1587313860654831 0.9175337774474742 0.022510757048924745 0.02562867393789354
0 0.21515464782714844 0.9183711232446798 0.02255090077718097 0.0254962536715723
0 0.24357324838638306 0.9186802637850409 0.022851188977559417 0.025777949843295785
0 0.2724183201789856 0.9182968139648438 0.022851188977559445 0.025777949843295785
0 0.30173930525779724 0.9179070376267119 0.022851188977559445 0.025777949843295785
0 0.3312057852745056 0.9180837502402345 0.023196280002593994 0.025953425917514535
0 0.3612962067127228 0.9171153223791788 0.0229245126247406 0.025863824888717298
0 0.389424592256546 0.9161855603059543 0.0229245126247406 0.025863824888717298
0 0.41888976097106934 0.91521161189682 0.0229245126247406 0.025863824888717298
0 0.4487368166446686 0.9142250405090133 0.0229245126247406 0.025863824888717298
0 0.5055069476366043 0.9123485476471657 0.0229245126247406 0.025863824888717298
0 0.5334702134132385 0.9108106050523118 0.02236727873484301 0.02511271395424529
0 0.5621088743209839 0.9098189597906068 0.022428909937540764 0.025056587633236545
0 0.5904008746147156 0.9088475260743741 0.022428909937540764 0.025056587633236545
0 0.6181936860084534 0.9078932325010507 0.022428909937540764 0.025056587633236545
0 0.6457624435424805 0.9069466320378402 0.022428909937540764 0.025056587633236545
0 0.6733294129371643 0.9060000929721567 0.022428909937540764 0.025056587633236545
