0 0.8315367102622986 0.05684893630271733 0.022730032602946038 0.023661277090856265
0 0.8603677823595757 0.05689608453411374 0.022730032602946038 0.023661277090856265
0 0.8872113375768176 0.0575828579635574 0.022730032602946038 0.023661277090856265
0 0.9144318325676186 0.058248929754013384 0.022730032602946038 0.023661277090856265
0 0.26214829087257385 0.08015561721116583 0.024269501368204716 0.026071184365324265
0 0.2906196415424347 0.08053843907479458 0.024269501368204716 0.026071184365324265
0 0.3197298049926758 0.0809298503271717 0.024269501368204716 0.026071184365324265
0 0.348993182182312 0.08132332167040751 0.024269501368204716 0.026071184365324285
0 0.37782084941864014 0.08171093451756208 0.024269501368204716 0.026071184365324285
0 0.26107004284858704 0.11430884466932842 0.02391876777013144 0.02543864139290743
0 0.290744811296463 0.11494331581648005 0.023918767770131466 0.02543864139290743
0 0.31990599632263184 0.11556680612436078 0.023918767770131466 0.02543864139290743
0 0.3489373028278351 0.11618751952180556 0.023918767770131466 0.02543864139290743
0 0.37895891070365906 0.11682940638342569 0.023918767770131466 0.02543864139290743
0 0.4089064519770824 0.11683255475197006 0.023918767770131466 0.02543864139290743
0 0.43779462575912476 0.11652281117993732 0.02367601792017615 0.025122989979825264
0 0.26132509112358093 0.14919822968903618 0.023293753465016692 0.025108418723409475
0 0.29077979922294617 0.15013850935178696 0.02312237024307251 0.025053046470464663
0 0.31982365250587463 0.15050191657487735 0.02312237024307251 0.025053046470464663
0 0.3493971526622772 0.15087195093168979 0.02312237024307251 0.025053046470464663
0 0.37884441018104553 0.15124040569484665 0.02312237024307251 0.025053046470464663
0 0.40784457325935364 0.1516032662502555 0.02312237024307251 0.025053046470464663
0 0.4366852641105652 0.151964131431337 0.02312237024307251 0.025053046470464663
0 0.2616451606154442 0.18537237070285573 0.023175716400146484 0.02548189680705698
0 0.2910873293876648 0.18567038691321083 0.023308078447977665 0.02550149888031243
0 0.3206706941127777 0.18604932829391124 0.0227867762247721 0.025431226390276774
0 0.35006752610206604 0.1864359877830328 0.02282251914342248 0.025149766788926234
0 0.3787640631198883 0.18656088644330418 0.02282251914342248 0.025149766788926234
0 0.4078347980976105 0.18668741376085363 0.02282251914342248 0.025149766788926234
0 0.4374680817127228 0.18681638951220195 0.02282251914342248 0.025149766788926234
0 0.4674876034259796 0.18694704632426418 0.02282251914342248 0.025149766788926234
0 0.147002175450325 0.2244238813497665 0.023440698782602964 0.0252887814543968
0 0.17419548332691193 0.22401066713554915 0.023440698782602964 0.0252887814543968
0 0.23222193121910095 0.22312892986480531 0.023440698782602964 0.0252887814543968
0 0.2903604805469513 0.22224548916368594 0.02344069878260291 0.0252887814543968
0 0.31977081298828125 0.22179858629093613 0.022880544265111324 0.02503612429596657
0 0.3495887517929077 0.22214181954957637 0.022880544265111324 0.02503612429596657
0 0.40878039598464966 0.22282317251140654 0.022880544265111324 0.02503612429596657
0 0.4374500811100006 0.2230405735769458 0.022340506315231323 0.02503637565198792
0 0.49643807113170624 0.22383219696754633 0.022340506315231323 0.02503637565198792
0 0.5252007246017456 0.22421819400277743 0.022340506315231323 0.02503637565198792
0 0.5532299280166626 0.22459434808151418 0.022340506315231323 0.02503637565198792
0 0.5815867185592651 0.2249748984048533 0.022340506315231323 0.02503637565198792
0 0.6107602715492249 0.22536640974343727 0.022340506315231323 0.02503637565198792
0 0.6391696929931641 0.22589557115421738 0.022262255350748772 0.02488279712292578
0 0.665794849395752 0.2262969976714169 0.022395650545756096 0.024919066318245822
0 0.14758320152759552 0.26008420910717134 0.02279855807622272 0.02529635170633476
0 0.17417706560044394 0.26051063303508176 0.023414323727289854 0.025080910024716845
0 0.23317846655845642 0.2582585268606229 0.022561371326446533 0.02517161997713781
0 0.29114285111427307 0.25726225209790604 0.02257738510767615 0.0251435716022817
0 0.32046186923980713 0.2575577538334075 0.02257738510767615 0.0251435716022817
0 0.3497250974178314 0.25785269327087285 0.02257738510767615 0.0251435716022817
0 0.40878915786743164 0.2584479905722316 0.02257738510767615 0.0251435716022817
0 0.4380151033401489 0.25874255424322085 0.02257738510767615 0.0251435716022817
0 0.466778039932251 0.2590386800578081 0.022451062997182247 0.025112980095915064
0 0.496176540851593 0.2589075177214866 0.02245954672495526 0.0249506484630496
0 0.5251254439353943 0.25946334995840736 0.022459546724955315 0.0249506484630496
0 0.5530804395675659 0.26000009871570423 0.022459546724955315 0.0249506484630496
0 0.5820653438568115 0.2605566221923067 0.022459546724955315 0.0249506484630496
0 0.6106632351875305 0.2611057148423306 0.022459546724955315 0.0249506484630496
0 0.6383100748062134 0.2615494395411292 0.02245684464772535 0.024952319241309324
0 0.32065337896347046 0.3293716741162677 0.023286600907643673 0.02541060041087545
0 0.34981322288513184 0.32950110527294246 0.023286600907643673 0.02541060041087545
0 0.37933114171028137 0.3296321258088012 0.023286600907643673 0.02541060041087545
0 0.4388160705566406 0.32989616025171475 0.023286600907643673 0.02541060041087545
0 0.4676295220851898 0.330024053884107 0.023286600907643673 0.02541060041087545
0 0.49724291265010834 0.33031955804894575 0.0224943260351817 0.025146809659262987
0 0.5545983910560608 0.33089189314539885 0.022494326035181755 0.025146809659262987
0 0.5828521847724915 0.3311738302541334 0.022494326035181755 0.025146809659262987
0 0.6114024519920349 0.3314587257932692 0.022494326035181755 0.025146809659262987
0 0.6398180723190308 0.3318543552823222 0.022460192441940308 0.02506383260091143
0 0.6667712926864624 0.3308740216632222 0.022141337394714355 0.02496017042056532
0 0.3501591682434082 0.36502919086190155 0.02283620834350586 0.025529839271722837
0 0.37982550263404846 0.36520462909845675 0.022351106007893917 0.025167738744454764
0 0.40952184796333313 0.3655181041983671 0.022351106007893917 0.025167738744454805
0 0.4683944582939148 0.36613956442186346 0.022351106007893917 0.025167738744454764
0 0.4974668025970459 0.3664464525568848 0.02235110600789386 0.025167738744454805
0 0.5264313817024231 0.36675220312074175 0.02204211552937818 0.024784435597501046
0 0.554872453212738 0.3669211524680479 0.02204211552937818 0.024784435597501046
0 0.5831177830696106 0.36708893904535866 0.02204211552937818 0.024784435597501046
0 0.6116148829460144 0.3672582212196428 0.02204211552937818 0.024784435597501046
0 0.6398041248321533 0.36742567461590436 0.02204211552937818 0.024784435597501046
0 0.09556617587804794 0.4054386671199355 0.021252885460853577 0.025150476500045423
0 0.1211446039378643 0.4048575432208206 0.021252885460853577 0.025150476500045423
0 0.1474570482969284 0.4042597429875372 0.021252885460853577 0.025150476500045423
0 0.17466585338115692 0.40364157806888673 0.021252885460853577 0.025150476500045423
0 0.23246781527996063 0.40139083699622347 0.022918800512949644 0.025712153708287968
0 0.261862576007843 0.4013210327133555 0.022525568803151486 0.025304542955502003
0 0.3214434087276459 0.4014856205430142 0.022525568803151486 0.025304542955502003
0 0.35108399391174316 0.4015675005598345 0.022525568803151486 0.025304542955502003
0 0.3801705241203308 0.4016573706338572 0.021943747997283936 0.025090949479923692
0 0.40966179966926575 0.4017703227115657 0.021943747997283936 0.025090949479923692
0 0.43922102451324463 0.40188353503620855 0.021943747997283936 0.025090949479923692
0 0.497641384601593 0.4021072859906733 0.021943747997283936 0.025090949479923692
0 0.5270342230796814 0.4022198610527571 0.021943747997283936 0.025090949479923692
0 0.5548593997955322 0.4023344662392437 0.021863023440043206 0.024984877238902067
0 0.6123865842819214 0.40256220795387443 0.021863023440043206 0.024984877238902067
0 0.6405596137046814 0.40267374085930635 0.021863023440043206 0.024984877238902067
0 0.6692913174629211 0.40224186209745183 0.02216593424479174 0.025062176608299968
0 0.6975337862968445 0.401854264922857 0.022355357805887932 0.02409099608428724
0 0.7249502539634705 0.40184286374216205 0.022355357805887932 0.02409099608428724
0 0.7531982064247131 0.40183111678722294 0.022355357805887932 0.02409099608428724
0 0.0955989733338356 0.441108038259107 0.020895351966222137 0.025381724039713487
0 0.12068210914731026 0.44061090519412005 0.020895351966222123 0.025381724039713487
0 0.14800481498241425 0.4400693851626316 0.02089535196622211 0.025381724039713487
0 0.17517857253551483 0.4395308171988793 0.02089535196622211 0.025381724039713487
0 0.20414689183235168 0.43895668207212934 0.02089535196622211 0.025381724039713487
0 0.23312585055828094 0.4388577590929029 0.02224382758140564 0.025515977726426234
0 0.2622830867767334 0.4386618616172981 0.02224382758140564 0.025515977726426234
0 0.29243767261505127 0.43845926329146984 0.02224382758140564 0.025515977726426234
0 0.3219325542449951 0.43813798593920333 0.02287733554840088 0.025774815285852657
0 0.3514406979084015 0.4378006181941183 0.02287733554840088 0.025774815285852657
0 0.381111741065979 0.43757559138651614 0.02289338906606042 0.025837329006934407
0 0.4102366268634796 0.4374277649305838 0.02264140049616492 0.025397515112115375
0 0.4400938153266907 0.43769342742321965 0.022118369738260868 0.025177711664244186
0 0.46892082691192627 0.4378049776354835 0.022118369738260868 0.025177711664244186
0 0.49813956022262573 0.43791804367055454 0.022118369738260923 0.025177711664244186
0 0.52691650390625 0.4380294001379678 0.02211836973826098 0.025177711664244186
0 0.09601496905088425 0.47688497498978016 0.021284406383832305 0.025202433268229112
0 0.12097704783082008 0.4765419878113354 0.02128440638383229 0.025202433268229112
0 0.14787700772285461 0.47617237350857694 0.021284406383832277 0.025202433268229112
0 0.20396608114242554 0.47540169117865716 0.021284406383832277 0.025202433268229112
0 0.23280799388885498 0.4750053938045058 0.021284406383832277 0.025202433268229112
0 0.2623310089111328 0.47470189504282806 0.022657831509908077 0.025408722633539244
0 0.32271358370780945 0.4742409018583076 0.02249908447265625 0.025578964588253997
0 0.35203102231025696 0.4740630711142044 0.02249908447265625 0.025578964588253997
0 0.3814431130886078 0.4736353187241676 0.02224595348040259 0.024666926657506718
0 0.4106426537036896 0.47359402786518867 0.022134939829508427 0.024760815524315593
0 0.44056588411331177 0.47352604533350745 0.022134939829508427 0.024760815524315593
0 0.4694330096244812 0.47346046216458676 0.022134939829508427 0.024760815524315593
0 0.49838902056217194 0.4733946770570304 0.022134939829508482 0.024760815524315593
0 0.5272727608680725 0.47332905614098836 0.022116462389628166 0.024643358334090305
0 0.5848073363304138 0.473027695057004 0.022189895311991448 0.02475037685660429
0 0.6138015389442444 0.4728939075033142 0.022189895311991448 0.02475037685660429
0 0.6417990922927856 0.47276471877473675 0.022189895311991448 0.02475037685660429
0 0.6709062457084656 0.47262879305107647 0.0217897891998291 0.024111252422480564
0 0.6987401247024536 0.4725199336540112 0.0217897891998291 0.024111252422480564
0 0.726136326789856 0.4724127860285666 0.0217897891998291 0.024111252422480564
0 0.7538629174232483 0.4723043462405054 0.0217897891998291 0.024111252422480564
0 0.7836971879005432 0.47218766323355743 0.0217897891998291 0.024111252422480564
0 0.0959579274058342 0.5119058475937954 0.020591152211030334 0.02512466075808503
0 0.12068552151322365 0.5118536838265353 0.02160017440716426 0.025095828743868096
0 0.1756180077791214 0.5116145641649531 0.021600174407164274 0.025095828743868096
0 0.20365816354751587 0.5114925061076209 0.021600174407164274 0.025095828743868096
0 0.23254966735839844 0.5113667421547494 0.021600174407164274 0.025095828743868096
0 0.2624390721321106 0.5112366343653479 0.02160017440716422 0.025095828743868096
0 0.3221585750579834 0.5103608508442723 0.02202884356180823 0.025198618570963487
0 0.35194703936576843 0.510060403706709 0.02202884356180823 0.025198618570963487
0 0.38135719299316406 0.5103037634561228 0.02228093147277832 0.024960362633993458
0 0.41060638427734375 0.5095417998557867 0.022162357966105106 0.024962550909944228
0 0.43974030017852783 0.5097459890041918 0.022313714027404785 0.024821318397226205
0 0.47006285190582275 0.5094814300537109 0.022313714027404785 0.024821318397226205
0 0.4986934959888458 0.509231632700958 0.022313714027404785 0.024821318397226205
0 0.557050883769989 0.5087224747183768 0.022313714027404785 0.024821318397226205
0 0.5856931805610657 0.5084725756977879 0.022313714027404785 0.024821318397226205
0 0.14778956770896912 0.5479137509368187 0.02150067687034607 0.025288130885870827
0 0.17531688511371613 0.5481992584805581 0.022042165199915587 0.025464523670285247
0 0.20370374619960785 0.5478818139364553 0.022042165199915587 0.025464523670285247
0 0.23280510306358337 0.5475563793301245 0.022042165199915587 0.025464523670285247
0 0.26258939504623413 0.5472233075980564 0.02204216519991553 0.025464523670285247
0 0.29261359572410583 0.5468875530154206 0.02204216519991553 0.025464523670285247
0 0.35180166363716125 0.5462256647855762 0.02204216519991553 0.025464523670285247
0 0.38184934854507446 0.5462229294907615 0.022260725498199463 0.02499253620472984
0 0.41147711873054504 0.546002263306794 0.022260725498199463 0.02499253620472984
0 0.4408184587955475 0.5457837304403615 0.022260725498199463 0.02499253620472984
0 0.470786452293396 0.5460919421410928 0.02243926127751672 0.025278461071871917
0 0.49986156821250916 0.5456254648607831 0.022439261277516664 0.025278461071871917
0 0.528612494468689 0.5445730076279751 0.022567590077718025 0.025029648182003997
0 0.5861353278160095 0.5440501355976253 0.022567590077718025 0.025029648182003997
0 0.6432874202728271 0.5435306335341368 0.022567590077718025 0.025029648182003997
0 0.672145426273346 0.5432683195396534 0.022567590077718025 0.025029648182003997
0 0.7004417777061462 0.5430111108824264 0.022567590077718025 0.025029648182003997
0 0.7282750010490417 0.5425810259441997 0.0225872198740642 0.025091156479000176
0 0.14756599068641663 0.584210240563681 0.02185098330179852 0.025324828864992183
0 0.17497123777866364 0.584246297758665 0.02185098330179852 0.025324828864992183
0 0.2330743670463562 0.5843227442819944 0.02185098330179852 0.025324828864992183
0 0.26316946744918823 0.5843623405279115 0.021850983301798466 0.025324828864992183
0 0.29267388582229614 0.5844011596110815 0.021850983301798466 0.025324828864992183
0 0.32278528809547424 0.583789869796398 0.022576769193013546 0.025627550228621555
0 0.3522493243217468 0.5833023079354502 0.022576769193013546 0.025627550228621555
0 0.4116509258747101 0.5823193483988126 0.022576769193013546 0.025627550228621555
0 0.44124308228492737 0.5818296664442417 0.022576769193013546 0.025627550228621555
0 0.47054800391197205 0.5813447375630223 0.022576769193013546 0.025627550228621555
0 0.4999561309814453 0.5808248733610433 0.022447645664215088 0.025318323179732923
0 0.5292960405349731 0.5803276328153388 0.022447645664215088 0.025318323179732923
0 0.5576860904693604 0.5804680225461029 0.022237817446390862 0.025539871334105554
0 0.5871474146842957 0.5800485644554496 0.022237817446390862 0.025539871334105554
0 0.6154585480690002 0.5796454823038415 0.022237817446390862 0.025539871334105554
0 0.6439403891563416 0.5792399696869058 0.022237817446390862 0.025539871334105554
0 0.6718529462814331 0.578842562298442 0.022237817446390862 0.025539871334105554
0 0.09517426788806915 0.619900947393373 0.021049683292706817 0.02511581894039189
0 0.1205446869134903 0.6211181683095095 0.022163301706314087 0.02598633877066679
0 0.17515496909618378 0.6211602410604787 0.02220232288042706 0.02605594960294023
0 0.20365485548973083 0.6210286191659465 0.02220232288042706 0.02605594960294023
0 0.23291097581386566 0.6208935047331888 0.02220232288042706 0.02605594960294023
0 0.2621510326862335 0.6207584644867602 0.022202322880427006 0.02605594960294023
0 0.322671115398407 0.6204789627430051 0.022202322880427006 0.02605594960294023
0 0.3821171820163727 0.6198200201925903 0.022666752338409424 0.025474341340767266
0 0.41195595264434814 0.6191871997921966 0.022666752338409424 0.025474341340767266
0 0.4415910542011261 0.6185586988037783 0.022666752338409424 0.025474341340767266
0 0.5003718137741089 0.6173120769414973 0.022666752338409424 0.025474341340767266
0 0.5295997858047485 0.6166922103526981 0.022666752338409424 0.025474341340767266
0 0.5586135387420654 0.6160768869206561 0.022666752338409424 0.025474341340767266
0 0.5874242186546326 0.6161055010418559 0.022630532582600837 0.025451305300690407
0 0.6165659427642822 0.6157168146125515 0.022630532582600837 0.025451305300690407
0 0.6443811058998108 0.6153969711826089 0.0227470795313518 0.02523570097694096
0 0.6734438538551331 0.6150153847627862 0.0227470795313518 0.02523570097694096
0 0.7010037302970886 0.6145070541736691 0.022599458694458008 0.025149027506510362
0 0.09538015723228455 0.6566184110430614 0.02169873317082724 0.025988586189210933
0 0.12009891867637634 0.6569106523380723 0.021698733170827225 0.025988586189210933
0 0.14695538580417633 0.6572281669817812 0.02169873317082721 0.025988586189210933
0 0.20374760031700134 0.6578996015256723 0.02169873317082721 0.025988586189210933
0 0.23293238878250122 0.65961567617223 0.022940119107564272 0.02591841350230141
0 0.2928812503814697 0.6584009569744731 0.022629598776499393 0.02597264726032577
0 0.322548508644104 0.657705743311437 0.022629598776499393 0.02597264726032577
0 0.35237592458724976 0.6570067765611846 0.022629598776499393 0.02597264726032577
0 0.4121043086051941 0.65560711946201 0.022629598776499393 0.02597264726032577
0 0.4414847791194916 0.654918626297352 0.022975414991378784 0.02589422418165571
0 0.47064363956451416 0.6544228589678519 0.022975414991378784 0.02589422418165571
0 0.5006353408098221 0.6539129314395941 0.022975414991378784 0.02589422418165571
0 0.5299025177955627 0.6534153224811239 0.022975414991378784 0.02589422418165571
0 0.5595836043357849 0.6529106761133948 0.022975414991378784 0.02589422418165571
0 0.5883464217185974 0.652390703887246 0.023180097341537476 0.026041903237039785
0 0.09520329535007477 0.6923996681390807 0.021458412210146577 0.025848625242248006
0 0.12077696993947029 0.6933528378395076 0.02145841221014659 0.025848625242248006
0 0.14745105803012848 0.6943470216227438 0.021458412210146605 0.025848625242248006
0 0.17515084147453308 0.6953794346299282 0.021458412210146605 0.025848625242248006
0 0.23332905769348145 0.6961845240083172 0.023180723190307617 0.026124318440755263
0 0.2629641890525818 0.6957464883493822 0.023180723190307617 0.026124318440755263
0 0.29310065507888794 0.6953010424833307 0.023180723190307617 0.026124318440755263
0 0.32354676723480225 0.6948510197505605 0.023180723190307617 0.026124318440755263
0 0.3537309765815735 0.694404868192451 0.023876269658406613 0.026234915090161702
0 0.4126538634300232 0.693080968494034 0.023876269658406613 0.026234915090161702
0 0.44284820556640625 0.6924025516243538 0.023876269658406613 0.026234915090161702
0 0.4726279377937317 0.6917334503527869 0.023876269658406613 0.026234915090161702
0 0.5025084614753723 0.6910620844641397 0.023876269658406557 0.026234915090161702
0 0.5308739542961121 0.689943180527798 0.023594697316487556 0.026213357614916423
0 0.5896497368812561 0.6888502697611965 0.022945920626322502 0.02584031570789426
0 0.618584930896759 0.6882343454456857 0.022945920626322502 0.02584031570789426
0 0.6469050645828247 0.6876315135121445 0.022945920626322502 0.02584031570789426
0 0.6757866144180298 0.6870167310847792 0.022945920626322502 0.02584031570789426
0 0.09497252106666565 0.7287271189135175 0.02220606307188669 0.02551299102546638
0 0.14747947454452515 0.7319305061556098 0.023213624954223633 0.025345410487448494
0 0.1754995584487915 0.7332023136221524 0.023328383763631166 0.02550911718560738
0 0.20453107357025146 0.7328618071800055 0.023328383763631166 0.025509117185607465
0 0.23315675556659698 0.7325260606958889 0.023328383763631166 0.025509117185607465
0 0.2629998028278351 0.7321760359106432 0.023328383763631222 0.02550911718560738
0 0.29288867115974426 0.7318254736966865 0.023328383763631222 0.025509117185607465
0 0.09481609612703323 0.7653357927189317 0.02242995301882425 0.02553150265715843
0 0.12004850059747696 0.7664934251314701 0.022429953018824264 0.02553150265715843
0 0.14699000120162964 0.7677294688219685 0.022429953018824278 0.02553150265715843
0 0.1753065288066864 0.7690285970998365 0.022429953018824278 0.02553150265715843
0 0.20388393104076385 0.7703396939923688 0.022429953018824278 0.02553150265715843
0 0.3833003342151642 0.8050047408702762 0.024103224277496338 0.026546507842780898
0 0.4130028784275055 0.8043602665146562 0.024103224277496338 0.026546507842780898
0 0.44345325231552124 0.8036995660389806 0.024103224277496338 0.026546507842780898
0 0.4735245108604431 0.8030470914618913 0.024103224277496338 0.026546507842780898
0 0.5029706805944443 0.8024081798208841 0.024103224277496338 0.026546507842780898
0 0.532707154750824 0.8008101220068319 0.023841500282287598 0.02664356083832959
0 0.5612537860870361 0.7999781231547511 0.023841500282287598 0.02664356083832959
0 0.5904986262321472 0.7991257748288332 0.023841500282287598 0.02664356083832959
0 0.6201452612876892 0.7982617160877591 0.023841500282287598 0.02664356083832959
0 0.6497768041510019 0.7969820600325328 0.023841500282287598 0.02664356083832959
0 0.14650869369506836 0.8424666648687318 0.024080743392308535 0.02662842033445384
0 0.1747613549232483 0.842902048927379 0.024080743392308535 0.02662842033445384
0 0.20379610359668732 0.8444709777832031 0.023735105991363525 0.026845296223958225
0 0.23372237384319305 0.8444323183544228 0.023735105991363525 0.026845296223958225
0 0.293392539024353 0.8443552350933903 0.023735105991363525 0.026845296223958225
0 0.32356905937194824 0.8452630549039941 0.023765166600545284 0.02632401340691607
0 0.35384756326675415 0.8442771379337755 0.023765166600545284 0.02632401340691607
0 0.383699506521225 0.8433051104666708 0.023765166600545284 0.02632401340691607
0 0.4141610562801361 0.8423132332275968 0.023765166600545284 0.02632401340691607
0 0.44360053539276123 0.8413546362588572 0.02320767442385352 0.02617290408112282
0 0.5040130466222763 0.8391538883919405 0.023207674423853575 0.02617290408112282
0 0.5331893563270569 0.8380910340255102 0.02320767442385363 0.02617290408112282
0 0.5626159310340881 0.837019062836113 0.02320767442385363 0.02617290408112282
0 0.5920233130455017 0.8359477908112282 0.02320767442385363 0.02617290408112282
0 0.6214079260826111 0.8348228099734284 0.023276885350545173 0.026246359181958577
0 0.6508516669273376 0.8336694779307926 0.023276885350545173 0.026246359181958577
0 0.679557204246521 0.8331066347678054 0.024164875348408943 0.026821047760719478
0 0.7368713021278381 0.8309718772129465 0.024164875348408943 0.026821047760719478
0 0.7652997970581055 0.8299130113043997 0.024164875348408943 0.026821047760719478
0 0.7945406436920166 0.8288238880246185 0.024164875348408943 0.026821047760719478
0 0.14587609469890594 0.881241017623549 0.024001250664393126 0.026351455570191487
0 0.20375126600265503 0.8816358876782794 0.023925811052322388 0.02638339257055486
0 0.2333141267299652 0.8817767236389883 0.023925811052322388 0.02638339257055486
0 0.26288285851478577 0.8819175875691158 0.023925811052322388 0.02638339257055486
0 0.2935081124305725 0.8822482796602471 0.024253765741984012 0.02629325925841823
0 0.3238440454006195 0.8826946252360732 0.024098406235376957 0.026457439097323048
0 0.38446471095085144 0.8803395116051962 0.024098406235376957 0.026457439097323048
0 0.44449374079704285 0.8780073830289776 0.024098406235376957 0.026457439097323048
0 0.4741438329219818 0.8768554765712312 0.024098406235376957 0.026457439097323048
0 0.5035970360040665 0.8757112192553144 0.024098406235377012 0.026457439097323048
0 0.5338862538337708 0.8745344827557748 0.024098406235377068 0.026457439097323048
0 0.5636117458343506 0.8740326166231189 0.023852090040842766 0.026388715403948753
0 0.5930243730545044 0.8729822912881541 0.023852090040842766 0.026388715403948753
0 0.621971607208252 0.8720989493542493 0.02374516924222303 0.02656803574672965
0 0.11961551956886801 0.05327356709545201 0.022730032602946024 0.023661277090856265
0 0.1477337723230794 0.05172930470046919 0.022730032602946038 0.023661277090856265
