0 0.29220670461654663 0.07748940805198279 0.02729131778081262 0.031309556591418354
0 0.3273688852787018 0.07664785274239473 0.02729131778081262 0.031309556591418354
0 0.36202913522720337 0.07581831040950966 0.02729131778081262 0.031309556591418354
0 0.3980364061537243 0.07584952526801622 0.02729131778081262 0.031309556591418354
0 0.4669421911239624 0.07330737003060274 0.02729131778081262 0.031309556591418354
0 0.5018628090620041 0.07247159617111955 0.027291317780812563 0.031309556591418354
0 0.5369634628295898 0.07208535801741539 0.02678990364074707 0.03095566209896591
0 0.5713068246841431 0.07146384549695392 0.02678990364074707 0.03095566209896591
0 0.6047221422195435 0.07156696984934252 0.027338862419128418 0.030461108037667675
0 0.639568030834198 0.07104081380576024 0.027338862419128418 0.030461108037667675
0 0.6746156811714172 0.07051161125787254 0.027338862419128418 0.030461108037667675
0 0.7100194692611694 0.06997703120238516 0.027338862419128418 0.030461108037667675
0 0.7451292276382446 0.06944689085317213 0.027338862419128418 0.030461108037667675
0 0.291756272315979 0.1642697578252748 0.027008652687072754 0.030480798824813003
0 0.3275042176246643 0.163546985529929 0.027008652687072754 0.030480798824813003
0 0.36320844292640686 0.16282509719055596 0.027008652687072754 0.030480798824813003
0 0.3972474932670593 0.16297843728370312 0.02733912070592248 0.02971479874248651
0 0.4324217438697815 0.1619925720747127 0.02733912070592248 0.02971479874248651
0 0.46873918175697327 0.16097466556983664 0.02733912070592248 0.02971479874248651
0 0.5040674656629562 0.15998448310967223 0.027339120705922426 0.02971479874248651
0 0.5386144518852234 0.15901619889015375 0.02733912070592237 0.02971479874248651
0 0.5728064775466919 0.15805786351848447 0.02733912070592237 0.02971479874248651
0 0.6066011190414429 0.15874847399801142 0.027559886376063103 0.031230542086815635
0 0.6405755281448364 0.15825651967248253 0.027559886376063103 0.031230542086815635
0 0.1257607638835907 0.3419355946323164 0.02714134256045024 0.03147836433824645
0 0.16059568524360657 0.3415032542029092 0.027124573787053408 0.03125870874685837
0 0.19447650015354156 0.34109515467817814 0.027124573787053408 0.03125870874685837
0 0.2286451905965805 0.34106190260066543 0.02651249368985492 0.03124056675637418
0 0.262818306684494 0.34015759833453235 0.027220427989959717 0.030930763067201127
0 0.29668086767196655 0.3398640876592592 0.027220427989959717 0.030930763067201127
0 0.3314409554004669 0.3395627974873338 0.027220427989959717 0.030930763067201127
0 0.36625707149505615 0.3392610216780826 0.027220427989959717 0.030930763067201127
0 0.4013362228870392 0.33895696595657704 0.027220427989959717 0.030930763067201127
0 0.4356960654258728 0.33865914499171895 0.027220427989959717 0.030930763067201127
0 0.12748229131102562 0.42851150867550875 0.02722444385290146 0.030450185139974013
0 0.16180658340454102 0.4278643824385036 0.027160276969273867 0.03044424130935083
0 0.19590464234352112 0.42761563145837117 0.027160276969273867 0.03044424130935083
0 0.23028446733951569 0.4273648249482458 0.027160276969273867 0.03044424130935083
0 0.2652702331542969 0.42710959799961856 0.027160276969273922 0.03044424130935083
0 0.29982948303222656 0.4268574825553007 0.027160276969273922 0.03044424130935083
0 0.3340807855129242 0.4266076136381834 0.027160276969273922 0.03044424130935083
0 0.3681209683418274 0.4264589526539079 0.027273495992024777 0.030449564142744724
0 0.40308934450149536 0.4260865557659874 0.027273495992024777 0.030449564142744724
0 0.4369437098503113 0.42572602257334347 0.027273495992024777 0.030449564142744724
0 0.4715183675289154 0.4253578186035156 0.027273495992024777 0.030449564142744724
0 0.1291372962296009 0.5148766539817633 0.02704616139332454 0.030143826506858647
0 0.1635509431362152 0.5144674810128099 0.027046161393324553 0.030143826506858647
0 0.1985955685377121 0.5136607414068177 0.02667777736981708 0.029638955759447673
0 0.23278364539146423 0.5134595107066688 0.02667777736981708 0.029638955759447673
0 0.2667948305606842 0.5132593211893183 0.026677777369817135 0.029638955759447673
0 0.3008597791194916 0.5130588152211601 0.026677777369817135 0.029638955759447673
0 0.33573606610298157 0.5128535337226335 0.026677777369817135 0.029638955759447673
0 0.3705725371837616 0.5117709137672601 0.02662249406178796 0.030065639998561596
0 0.43860703706741333 0.5115430947350509 0.02662249406178796 0.030065639998561596
0 0.4727558195590973 0.5114287447715518 0.02662249406178796 0.030065639998561596
0 0.5063639879226685 0.5113162050982388 0.026622494061787905 0.030065639998561596
0 0.5414787530899048 0.5111986204635265 0.02662249406178785 0.030065639998561596
0 0.576248049736023 0.5106466426405796 0.026888787746429443 0.030467543491097385
0 0.6075295805931091 0.5102199279608419 0.026888787746429443 0.030467543491097385
0 0.1298048533499241 0.6000768175183122 0.027272562185923263 0.030967357546784157
0 0.16439683735370636 0.5999312733494958 0.027272562185923277 0.030967357546784157
0 0.19919417798519135 0.5997848651521899 0.027272562185923277 0.030967357546784157
0 0.23346246778964996 0.5996406829117088 0.027272562185923277 0.030967357546784157
0 0.26748108863830566 0.5994975511417833 0.02727256218592322 0.030967357546784157
0 0.30243825912475586 0.5993504704677731 0.02727256218592322 0.030967357546784157
0 0.3371986746788025 0.5984629102764967 0.02672440807024634 0.03056329534959429
0 0.3712690472602844 0.5980820323145667 0.02672440807024634 0.03056329534959429
0 0.3039446175098419 0.8153321909350019 0.027014056841532352 0.030961975570796885
0 0.33904218673706055 0.8156764895416969 0.027127524216969845 0.0309701963912609
0 0.3729364275932312 0.8154732096915954 0.027127524216969845 0.0309701963912609
0 0.4416724741458893 0.8150609669952895 0.027127524216969845 0.0309701963912609
0 0.47674548625946045 0.814850617494461 0.027127524216969845 0.0309701963912609
0 0.5118704438209534 0.8146399564521257 0.027359445889790834 0.031371064888414596
0 0.5454767942428589 0.8145699618941996 0.02735944588979078 0.031371064888414596
0 0.5796061754226685 0.8144988779794636 0.02735944588979078 0.031371064888414596
0 0.6469786763191223 0.8143585560356221 0.02735944588979078 0.031371064888414596
0 0.6815650463104248 0.8142865203147711 0.02735944588979078 0.031371064888414596
0 0.7162843346595764 0.8142142898329481 0.02746117115020752 0.03143008919649346
0 0.7510951161384583 0.8141418279603471 0.02746117115020752 0.03143008919649346
0 0.7862051725387573 0.8140687431192202 0.02746117115020752 0.03143008919649346
0 0.8209390640258789 0.814083046590483 0.027600566546122307 0.0314430414244186
0 0.4775526821613312 0.9009960085846657 0.02680196364720666 0.02967911358027506
0 0.5128852277994156 0.9009224686350884 0.026801963647206606 0.02967911358027506
0 0.5472952723503113 0.9008508487476582 0.02680196364720655 0.02967911358027506
0 0.5800928473472595 0.900782584999095 0.02680196364720655 0.02967911358027506
0 0.6133919358253479 0.9007132774175599 0.02680196364720655 0.02967911358027506
