0 0.181939035654068 0.15230175506236943 0.018877476453781128 0.02098132288733194
0 0.20436353981494904 0.15068067506302235 0.018719226121902466 0.02073838729266974
0 0.22893895208835602 0.149350421062131 0.018719226121902466 0.02073838729266974
0 0.25119343400001526 0.1481457977878031 0.018719226121902466 0.02073838729266974
0 0.2741663157939911 0.14690228790978127 0.018719226121902466 0.02073838729266974
0 0.29847854375839233 0.14558627993561502 0.018719226121902466 0.02073838729266974
0 0.32277724146842957 0.14383001105729923 0.01876199245452881 0.02074660072030946
0 0.372138112783432 0.14072534462599784 0.01876199245452881 0.02074660072030946
0 0.39723798632621765 0.13997349295887523 0.019825736681620243 0.021819698718167104
0 0.4217081069946289 0.13879194506785122 0.01990380883216858 0.022249628407086528
0 0.4725804626941681 0.1368191075879474 0.01990380883216858 0.022249628407086528
0 0.49840040504932404 0.13581780640370386 0.01990380883216858 0.022249628407086528
0 0.5238742232322693 0.1351789107952704 0.020541508992512947 0.022501871567363874
0 0.5499014258384705 0.13382058919862258 0.020541508992512947 0.022501871567363874
0 0.602901041507721 0.13105461685550096 0.020541508992512947 0.022501871567363874
0 0.6292199492454529 0.12968107159513462 0.020541508992512947 0.022501871567363874
0 0.6561118364334106 0.12827762337618095 0.020541508992512947 0.022501871567363874
0 0.6833779811859131 0.12685464320289774 0.020541508992512947 0.022501871567363874
0 0.7102556228637695 0.12623045155102247 0.0207822322845459 0.022774681564449353
0 0.737328052520752 0.12507936566375022 0.0207822322845459 0.022774681564449353
0 0.7651333212852478 0.12398440680508309 0.020993510882059807 0.022947400115257085
0 0.7930418848991394 0.12358441463736601 0.02123788992563891 0.02321736387504165
0 0.8204464912414551 0.12276383961996565 0.02123788992563891 0.02321736387504165
0 0.18080750107765198 0.18203525210535804 0.01801907022794086 0.02058392532112062
0 0.2026880830526352 0.18076658475303004 0.01801907022794086 0.02058392532112062
0 0.22599896788597107 0.17941498640085896 0.01801907022794086 0.020583925321120636
0 0.24973329901695251 0.17756305089117508 0.01873008410135904 0.021198760631472545
0 0.2732939124107361 0.17667275805806004 0.018730084101359012 0.021198760631472545
0 0.2974027693271637 0.175761748562316 0.018730084101359012 0.021198760631472566
0 0.3220694959163666 0.17482965865736597 0.018730084101359012 0.021198760631472566
0 0.3462693989276886 0.1739152087721714 0.018730084101359012 0.021198760631472566
0 0.3709956109523773 0.172980871071037 0.018730084101359012 0.021198760631472566
0 0.42110592126846313 0.17070148746347058 0.01908298333485925 0.021625851475915243
0 0.4464280903339386 0.17003800148187678 0.019537170728047726 0.02218190274497334
0 0.4985988736152649 0.16783244668082556 0.01953717072804767 0.02218190274497334
0 0.5243043303489685 0.16674573128292722 0.019537170728047615 0.02218190274497334
0 0.5497983694076538 0.1656679537088229 0.019537170728047615 0.02218190274497334
0 0.5759703516960144 0.16456151563067767 0.019537170728047615 0.02218190274497334
0 0.6026023626327515 0.16314820356147233 0.02012169361114502 0.022367573523706257
0 0.6289305686950684 0.162187736113225 0.02012169361114502 0.022367573523706257
0 0.6561389565467834 0.16119515914884672 0.02012169361114502 0.022367573523706257
0 0.6828711032867432 0.16021995572234926 0.02012169361114502 0.022367573523706257
0 0.7097404599189758 0.15923974680346112 0.02012169361114502 0.022367573523706257
0 0.1778455525636673 0.2109796779857002 0.018497327963511168 0.020741056102190857
0 0.2008967101573944 0.20999932843585348 0.018467923005421938 0.020951411520787885
0 0.22442471981048584 0.2091414615636968 0.018467923005421938 0.020951411520787885
0 0.24883604794740677 0.20825138756156983 0.018467923005421966 0.020951411520787885
0 0.2723487615585327 0.2073940784062737 0.018467923005421993 0.020951411520787885
0 0.32069745659828186 0.20563121174657067 0.018467923005421993 0.020951411520787885
0 0.34458696842193604 0.20480441640321084 0.01873900492986047 0.02154512922893196
0 0.3956104815006256 0.20303853674326947 0.01873900492986047 0.02154512922893196
0 0.4209078252315521 0.20221284378406612 0.019098003705342648 0.021948333858519534
0 0.44601312279701233 0.2012839419519276 0.019098003705342648 0.021948333858519534
0 0.47118762135505676 0.2003524796670149 0.019098003705342648 0.021948333858519534
0 0.5235195159912109 0.19841618742908965 0.019098003705342537 0.021948333858519534
0 0.5487305521965027 0.19748337324275528 0.02013683319091797 0.022703470185745592
0 0.5754293203353882 0.19634503686918378 0.020295699437459236 0.022692454877749887
0 0.6289721727371216 0.19454401592875636 0.020295699437459236 0.022692454877749887
0 0.6556814908981323 0.19364559458669572 0.020295699437459236 0.022692454877749887
0 0.6822700500488281 0.19275123521549706 0.020295699437459236 0.022692454877749887
0 0.7092248201370239 0.1918445576068967 0.020295699437459236 0.022692454877749887
0 0.7361816167831421 0.1909378118309669 0.020295699437459236 0.022692454877749887
0 0.17674537003040314 0.2402590596398642 0.018055051565170288 0.0210723876953125
0 0.19958268105983734 0.2396921750938393 0.018055051565170288 0.0210723876953125
0 0.22308655083179474 0.23910874473602128 0.018055051565170288 0.0210723876953125
0 0.2473026067018509 0.23850763597060154 0.018055051565170288 0.0210723876953125
0 0.27146613597869873 0.23790783105894578 0.018055051565170288 0.0210723876953125
0 0.2956462800502777 0.2367690773897393 0.018090486526489258 0.020971224289531885
0 0.34406009316444397 0.23676956531613372 0.018199433883031246 0.02092222465101136
0 0.3951950967311859 0.23410478746339333 0.01863744854927063 0.02170942735302353
0 0.4201914668083191 0.23354077893634176 0.01863744854927063 0.02170942735302353
0 0.4454042613506317 0.23324206071959533 0.019214332103729248 0.02198859517888508
0 0.47123342752456665 0.23228303776230924 0.019214332103729248 0.02198859517888508
0 0.4965750128030777 0.2313421184197158 0.019214332103729248 0.02198859517888508
0 0.5226728916168213 0.2303731183075826 0.019214332103729248 0.02198859517888508
0 0.5487045049667358 0.2294065785962482 0.019214332103729248 0.02198859517888508
0 0.5748420357704163 0.22843610622719443 0.019214332103729248 0.02198859517888508
0 0.12858007848262787 0.2718509186145871 0.0180311103661855 0.020833126334256904
0 0.1509433388710022 0.2713137607606343 0.018031110366185488 0.020833126334256904
0 0.19832144677639008 0.27017575483820483 0.018031110366185488 0.020833126334256904
0 0.22233310341835022 0.2695990030709021 0.018031110366185488 0.020833126334256904
0 0.2463003247976303 0.2690233186233875 0.018031110366185515 0.020833126334256904
0 0.27067533135414124 0.26844615904106145 0.018334011236826542 0.0209804505340813
0 0.29489865899086 0.267888113509777 0.018334011236826542 0.0209804505340813
0 0.34429121017456055 0.2671162583107172 0.018798450628916386 0.02179601210956423
0 0.3942234516143799 0.2661070052858505 0.018798450628916386 0.02179601210956423
0 0.42020106315612793 0.2655645636625068 0.018943240245183346 0.02196171487024591
0 0.44556760787963867 0.2648606923111182 0.018943240245183346 0.02196171487024591
0 0.4702882766723633 0.2641747427369834 0.018943240245183346 0.02196171487024591
0 0.4961210638284683 0.2634579340819659 0.01894324024518329 0.02196171487024591
0 0.5220534801483154 0.26273836091507313 0.018943240245183235 0.02196171487024591
0 0.5745257139205933 0.26094892732932035 0.019470254580179924 0.02222864017930142
0 0.6011778116226196 0.2600231836008471 0.019470254580179924 0.02222864017930142
0 0.6276201605796814 0.2591838305792837 0.020511190096537346 0.022352898767752268
0 0.654586672782898 0.2583278391718807 0.020511190096537346 0.022352898767752268
0 0.6813616156578064 0.2574779287028548 0.020511190096537346 0.022352898767752268
0 0.7082449793815613 0.2566245766573174 0.020511190096537346 0.022352898767752268
0 0.7361369729042053 0.2565413630285928 0.020708640416463142 0.022444141003512625
0 0.12775282561779022 0.30187817507011944 0.017640163501103714 0.020823116450346745
0 0.15065789222717285 0.30200422160413337 0.01766026020050049 0.02073693090631059
0 0.1737452745437622 0.30133714322873306 0.01788110534350079 0.020938769791477383
0 0.1976412534713745 0.30079781618957435 0.018213272094726562 0.021176182946493458
0 0.22124247252941132 0.30037438592245413 0.018213272094726562 0.021176182946493458
0 0.24535980820655823 0.29994169598966336 0.018213272094726562 0.021176182946493458
0 0.2700432538986206 0.2994988494580017 0.018213272094726562 0.021176182946493458
0 0.3191509544849396 0.2986178065455237 0.01852238178253174 0.021692882212557506
0 0.3440004587173462 0.29818922105720974 0.01852238178253174 0.021692882212557506
0 0.36905360221862793 0.29775712335252824 0.01852238178253174 0.021692882212557506
0 0.4194642901420593 0.29688767786589637 0.01852238178253174 0.021692882212557506
0 0.44421637058258057 0.2964607726695926 0.01852238178253174 0.021692882212557506
0 0.4960441440343857 0.29554605263326694 0.018451849619547545 0.02166699254235556
0 0.5212668180465698 0.2949254828993429 0.018569260835647583 0.02169329621071039
0 0.5479460954666138 0.29396740786550923 0.019258668025334602 0.022124475286912523
0 0.5736536383628845 0.2932539429775504 0.019258668025334602 0.022124475286912523
0 0.17296242713928223 0.33166588184445406 0.01796009143193561 0.021233610404554237
0 0.1961318701505661 0.33126946382744366 0.017710467179616274 0.021055162415023896
0 0.22054336965084076 0.3309254524072491 0.017710467179616274 0.021055162415023896
0 0.24461911618709564 0.3305861724806682 0.0177104671796163 0.021055162415023896
0 0.26911523938179016 0.3302409685275323 0.01771046717961633 0.021055162415023896
0 0.3189365267753601 0.32953887762025347 0.01771046717961633 0.021055162415023896
0 0.36900925636291504 0.3292162859827722 0.01852571964263916 0.02140774098477625
0 0.39357852935791016 0.32905799938500807 0.01852571964263916 0.02140774098477625
0 0.41879427433013916 0.3288955479163563 0.01852571964263916 0.02140774098477625
0 0.4440317749977112 0.32873295628747273 0.01852571964263916 0.02140774098477625
0 0.46938788890838623 0.32797875515250274 0.019628286361694336 0.022307018901026526
0 0.5211997628211975 0.32694544984028273 0.019628286361694336 0.022307018901026526
0 0.5473595261573792 0.3264237350212592 0.019628286361694336 0.022307018901026526
0 0.5732563734054565 0.32590726364490596 0.019628286361694336 0.022307018901026526
0 0.5998104810714722 0.32537768425623675 0.019628286361694336 0.022307018901026526
0 0.6262804865837097 0.32455508653507675 0.019818345705668206 0.022372844607331032
0 0.6532386541366577 0.324005126953125 0.02010877927144361 0.022493717282317405
0 0.6803557872772217 0.32356837569071173 0.020748933156331306 0.02309237339699918
0 0.7077776193618774 0.322973337174759 0.021547675132751465 0.02373305032419604
0 0.7350296378135681 0.32262205523113874 0.021547675132751465 0.02373305032419604
0 0.7632104754447937 0.32225880069153484 0.021547675132751465 0.02373305032419604
0 0.7915072441101074 0.32189405178632824 0.021547675132751465 0.02373305032419604
0 0.8189164400100708 0.32154074380564135 0.021547675132751465 0.02373305032419604
0 0.171571284532547 0.36229405292244843 0.018319000800450624 0.021598734596903025
0 0.19525344669818878 0.36181114177683243 0.01821768283843994 0.021315434182337074
0 0.21952654421329498 0.36174655515094134 0.01821768283843994 0.021315434182337074
0 0.2439747452735901 0.3616815026039968 0.01821768283843994 0.021315434182337074
0 0.2686293423175812 0.3616159008720883 0.01821768283843994 0.021315434182337115
0 0.2932135760784149 0.36155048636502995 0.01821768283843994 0.021315434182337074
0 0.31809377670288086 0.36148428433997626 0.01821768283843994 0.021315434182337115
0 0.3434832990169525 0.3611783385062437 0.01836264133453369 0.021699520968651614
0 0.36870476603507996 0.36098322757454804 0.01836264133453369 0.021699520968651614
0 0.39342740178108215 0.3607919755553492 0.01836264133453369 0.021699520968651614
0 0.4186217188835144 0.3605970746528855 0.01836264133453369 0.021699520968651614
0 0.44407692551612854 0.36040015553319177 0.01836264133453369 0.021699520968651614
0 0.46933165192604065 0.3602047873099233 0.01836264133453369 0.021699520968651614
0 0.49523650109767914 0.3597134878469068 0.01957210898399353 0.022531568542007354
0 0.5209093689918518 0.35919670934690473 0.01957210898399353 0.022531568542007354
0 0.5469618439674377 0.35867228959782477 0.01957210898399353 0.022531568542007354
0 0.572976291179657 0.35814863532343155 0.01957210898399353 0.022531568542007354
0 0.5987194776535034 0.3576304413551508 0.01957210898399353 0.022531568542007354
0 0.6260013580322266 0.3575375434020104 0.02000192801157641 0.022584737733353014
0 0.6531703472137451 0.3570193235948966 0.02000192801157641 0.022584737733353014
0 0.6800562739372253 0.3565065029055573 0.02000192801157641 0.022584737733353014
0 0.707394003868103 0.3564112463662791 0.020230889320373535 0.02265056343965752
0 0.12316706031560898 0.39321757471838664 0.018377885222434998 0.021368544231089567
0 0.14619070291519165 0.3935963588956456 0.018575082222620665 0.020913382833318138
0 0.16987596452236176 0.3934140759845113 0.018575082222620665 0.020913382833318138
0 0.19421803951263428 0.3932267382060282 0.018575082222620665 0.020913382833318138
0 0.21817779541015625 0.39304234277364913 0.018575082222620665 0.020913382833318138
0 0.26764968037605286 0.39266160477039425 0.01857508222262061 0.020913382833318138
0 0.2927074432373047 0.3924687590236756 0.01857508222262061 0.020913382833318138
0 0.31746041774749756 0.39250770111517475 0.018437167008717892 0.02136322139769567
0 0.34276822209358215 0.3924295058544742 0.018437167008717892 0.02136322139769567
0 0.36775457859039307 0.39235230379326397 0.018437167008717892 0.02136322139769567
0 0.3927886188030243 0.3923988342285156 0.01895008484522498 0.022047560344370817
0 0.4176603853702545 0.39217644629998055 0.01895008484522498 0.022047560344370817
0 0.46880462765693665 0.39171914616941333 0.01895008484522498 0.022047560344370817
0 0.4941398501396179 0.3915780033275054 0.01979231834411621 0.022469217463057224
0 0.5199156403541565 0.3912621431572493 0.01979231834411621 0.022469217463057224
0 0.5459960699081421 0.39094254989354293 0.01979231834411621 0.022469217463057224
0 0.5716695785522461 0.39062794309608284 0.01979231834411621 0.022469217463057224
0 0.5981022715568542 0.3899015279509281 0.020077308019002205 0.022674678832061586
0 0.6251267194747925 0.3897294776384221 0.020077308019002205 0.022674678832061586
0 0.6521667838096619 0.3895573279044802 0.020077308019002205 0.022674678832061586
0 0.6794472932815552 0.38938364738400427 0.020077308019002205 0.022674678832061586
0 0.7067344188690186 0.3892099247422329 0.020077308019002205 0.022674678832061586
0 0.7347941398620605 0.3890312833956883 0.020077308019002205 0.022674678832061586
0 0.12219414114952087 0.42393471473871275 0.018654098113377884 0.021344473195630452
0 0.168964684009552 0.4234289463389827 0.01871784528096515 0.021262945130813952
0 0.19311130046844482 0.42357715340547786 0.01871784528096515 0.021262945130813952
0 0.2169634848833084 0.4241989471834752 0.01891403396924335 0.021492240964904256
0 0.24179507791996002 0.42410779553790423 0.018914033969243377 0.021492240964904256
0 0.2661241590976715 0.4240184885095029 0.018914033969243405 0.021492240964904256
0 0.291775643825531 0.42403740106626997 0.018817941347757938 0.021798422170239827
0 0.3166055679321289 0.42403783953245333 0.018817941347757938 0.021798422170239827
0 0.367439866065979 0.4240387372041737 0.018817941347757938 0.021798422170239827
0 0.3922809362411499 0.424039175867183 0.018817941347757938 0.021798422170239827
0 0.4173702299594879 0.42403961891351744 0.018817941347757938 0.021798422170239827
0 0.4422318637371063 0.42383619796398075 0.018718481063842773 0.02198806289554561
0 0.4680081605911255 0.4235872573301253 0.019051680962244633 0.022099014400511804
0 0.4935638755559921 0.4233589615932731 0.019900808731714903 0.022416580555050872
0 0.5453891158103943 0.4229105642510452 0.01990080873171496 0.022416580555050872
0 0.5717633962631226 0.42268237124701613 0.01990080873171496 0.022416580555050872
0 0.6249034404754639 0.4222225980848711 0.01990080873171496 0.022416580555050872
0 0.6518668532371521 0.4225019180739691 0.021200935045878166 0.022726310315982372
0 0.6789985299110413 0.4222248432248138 0.021200935045878166 0.022726310315982372
0 0.7060985565185547 0.4219480915933304 0.021200935045878166 0.022726310315982372
0 0.7336145639419556 0.42166709187120366 0.021200935045878166 0.022726310315982372
0 0.7615643739700317 0.4213816620582758 0.021200935045878166 0.022726310315982372
0 0.29005205631256104 0.4859698348065962 0.019108513991037968 0.021626790364583388
0 0.3154393434524536 0.48635181160860286 0.019108513991037968 0.021626790364583388
0 0.3405286967754364 0.4866650159968886 0.019433408975601196 0.02191723964011028
0 0.36594244837760925 0.4869843416435774 0.01963670055071509 0.022147777468659157
0 0.3903532922267914 0.48711283580652043 0.01963670055071509 0.022147777468659157
0 0.4412727653980255 0.4873808664867811 0.01963670055071509 0.022147777468659157
0 0.4927981048822403 0.4876520863351518 0.019636700550715147 0.022147777468659157
0 0.5188040137290955 0.4877889766249546 0.019636700550715203 0.022147777468659157
0 0.5449150800704956 0.48789983583610624 0.020040422677993774 0.02214910817700763
0 0.5712506175041199 0.48802894769712934 0.020040422677993774 0.02214910817700763
0 0.5971276164054871 0.4881558115401123 0.020040422677993774 0.02214910817700763
0 0.6238135695457458 0.4879229789556459 0.020528793334960938 0.02231098145477526
0 0.6509486436843872 0.48802415714707487 0.020643432935078865 0.022589217784792878
0 0.11905722320079803 0.5168327465771733 0.01859777172406514 0.021787776503452035
0 0.14233724772930145 0.5168723616489145 0.018597771724065126 0.021787776503452035
0 0.1658211350440979 0.5169123236291778 0.018597771724065126 0.021787776503452035
0 0.19003093242645264 0.5169535208735779 0.018597771724065126 0.021787776503452035
0 0.2150370329618454 0.5169960731683776 0.018597771724065126 0.021787776503452035
0 0.2650315463542938 0.5170811476592694 0.018597771724065182 0.021787776503452035
0 0.2898632287979126 0.5177636515648921 0.018476029237111447 0.021555257398028705
0 0.3147948682308197 0.5179823498393215 0.018524527549743652 0.021641250728636804
0 0.3397360146045685 0.5181675518698672 0.018524527549743652 0.021641250728636804
0 0.36463817954063416 0.5183524644413278 0.018524527549743652 0.021641250728636804
0 0.39007872343063354 0.5184137045347054 0.0191042423248291 0.022106969079305958
0 0.41489359736442566 0.5187256391658339 0.0191042423248291 0.022106969079305958
0 0.44065213203430176 0.5190494360560418 0.0191042423248291 0.022106969079305958
0 0.46663495898246765 0.5193760524056302 0.0191042423248291 0.022106969079305958
0 0.492587685585022 0.5197022903797238 0.0191042423248291 0.022106969079305958
0 0.5180606842041016 0.5200224979475391 0.0191042423248291 0.022106969079305958
0 0.5443238615989685 0.5199946470038835 0.01942245165507006 0.02215679671413209
0 0.11764165386557579 0.5471281450848247 0.018576882779598236 0.021904790124227833
0 0.14094100892543793 0.5474643682644904 0.018576882779598236 0.021904790124227833
0 0.1652834117412567 0.5478156432270125 0.018576882779598236 0.021904790124227833
0 0.18973493576049805 0.5481684928716615 0.018576882779598236 0.021904790124227833
0 0.21438059210777283 0.548524143958172 0.018576882779598236 0.021904790124227833
0 0.2389814853668213 0.5489182139551917 0.018429319063822447 0.02177316828291551
0 0.28905346989631653 0.5496624476448086 0.01842931906382239 0.02177316828291551
0 0.3141794800758362 0.5494786639546239 0.018474380175272587 0.021714055260946583
0 0.33923742175102234 0.5497160623239916 0.018662075201670292 0.0217945187590843
0 0.3637498617172241 0.5499967974285747 0.018845657507578495 0.021807500558306134
0 0.38966360688209534 0.5503005921041642 0.018845657507578495 0.021807500558306134
0 0.4147934913635254 0.5505951973437798 0.018845657507578495 0.021807500558306134
0 0.4404972195625305 0.5508965299269312 0.018845657507578495 0.021807500558306134
0 0.46623775362968445 0.5511982939964117 0.018845657507578495 0.021807500558306134
0 0.4919397085905075 0.5514836370213716 0.019057095050811768 0.02195843245631959
0 0.5180551409721375 0.5517812596241363 0.019057095050811768 0.02195843245631959
0 0.5445663332939148 0.5520833924759266 0.019057095050811768 0.02195843245631959
0 0.5699347853660583 0.5523524173470431 0.019444167613983154 0.022028191145076308
0 0.11669830977916718 0.5780418750851654 0.01832981904347737 0.021853454353273433
0 0.140289306640625 0.5784991603881998 0.018329819043477358 0.021853454353273433
0 0.16373130679130554 0.5791596700978834 0.01838416854540509 0.0218397924142291
0 0.18795694410800934 0.5795280126452189 0.01838416854540509 0.0218397924142291
0 0.21307635307312012 0.5799099446854296 0.01838416854540509 0.0218397924142291
0 0.23760969936847687 0.5802829658427663 0.01838416854540509 0.0218397924142291
0 0.2623748481273651 0.5806595114774482 0.018384168545405033 0.0218397924142291
0 0.2870611250400543 0.5810361906539562 0.018701811631520626 0.022020561750545058
0 0.3125154972076416 0.5814236357483654 0.018701811631520626 0.022020561750545058
0 0.3634081780910492 0.5819789981765999 0.01931830247243249 0.021964139716569766
0 0.414349228143692 0.5826080677121185 0.01931830247243249 0.021964139716569766
0 0.4397393465042114 0.5826686606904237 0.019572476545969608 0.022175751915273795
0 0.46524083614349365 0.5831346733625545 0.019572476545969608 0.022175751915273795
0 0.4908391535282135 0.5836024554590219 0.019572476545969664 0.022175751915273795
0 0.5171743631362915 0.5840837034792035 0.01957247654596972 0.022175751915273795
0 0.5431946516036987 0.5845591966495958 0.01957247654596972 0.022175751915273795
0 0.11518906056880951 0.6097922122009988 0.018793036540349334 0.02177458770515388
0 0.16271357238292694 0.6106200994447221 0.018817673126856505 0.021708850712739276
0 0.18749698996543884 0.6109526434610056 0.018824120362599672 0.021572615749152077
0 0.21140363812446594 0.6118003490359284 0.018999725580215454 0.021926495455956218
0 0.23659676313400269 0.6121313474156747 0.018999725580215454 0.021926495455956218
0 0.2610768973827362 0.6122602861981059 0.019350409507751465 0.0218450265337331
0 0.28635174036026 0.6125979393189127 0.019350409507751465 0.0218450265337331
0 0.3113536536693573 0.6129319463021595 0.019350409507751465 0.0218450265337331
0 0.33636313676834106 0.6130995999148231 0.01986396312713623 0.022167501523513256
0 0.36221370100975037 0.6136113987412564 0.01986396312713623 0.022167501523513256
0 0.38780146837234497 0.614117994619974 0.01986396312713623 0.022167501523513256
0 0.4126593768596649 0.6146101404885356 0.01986396312713623 0.022167501523513256
0 0.4646105468273163 0.6156386885532114 0.01986396312713623 0.022167501523513256
0 0.5165849924087524 0.6166676974369124 0.01986396312713623 0.022167501523513256
0 0.5428619980812073 0.6175086218665616 0.020213524500529045 0.022525757782218936
0 0.5690779089927673 0.6181350895469411 0.020213524500529045 0.022525757782218936
0 0.5953547954559326 0.618763014327648 0.020213524500529045 0.022525757782218936
0 0.6223488450050354 0.6190305947471314 0.020742853482564216 0.023223995238311586
0 0.6495454907417297 0.6194569787313772 0.020742853482564216 0.023223995238311586
0 0.46360349655151367 0.6482610924299373 0.019530951976776123 0.02280115526775981
0 0.4903510808944702 0.6491232140119686 0.019480466842651367 0.02276673427847929
0 0.11110852658748627 0.6718503375386082 0.01921895643075308 0.021917476210483285
0 0.13565810024738312 0.6731080473595098 0.01933261752128601 0.022325353104938776
0 0.16008463501930237 0.6737818163494731 0.01933261752128601 0.022325353104938776
0 0.18479663133621216 0.6744634593640838 0.01933261752128601 0.022325353104938776
0 0.209377259016037 0.6751414787736785 0.01933261752128601 0.022325353104938776
0 0.2589746117591858 0.6765095466791198 0.01933261752128601 0.022325353104938776
0 0.28402936458587646 0.6772006441132604 0.01933261752128601 0.022325353104938776
0 0.3091403543949127 0.6774838353473857 0.019516855478286743 0.022389877674191497
0 0.3346177041530609 0.6780826657317406 0.019516855478286743 0.022389877674191497
0 0.3602384626865387 0.6788813363608696 0.01993064085642493 0.022755645042242006
0 0.38544732332229614 0.679667166981664 0.01993064085642493 0.022755645042242006
0 0.4110579192638397 0.6800943945839962 0.020253479480743408 0.023233221482861003
0 0.4629577100276947 0.6816172488900119 0.020253479480743408 0.023233221482861003
0 0.5150757431983948 0.6831465069094939 0.020253479480743408 0.023233221482861003
0 0.5415061712265015 0.6839220339499703 0.020253479480743408 0.023233221482861003
0 0.5680261850357056 0.684700189634811 0.020253479480743408 0.023233221482861003
0 0.5946756601333618 0.685482143999332 0.020253479480743408 0.023233221482861003
0 0.6215211153030396 0.686319439910179 0.02063453197479248 0.02326208306837446
0 0.11020836234092712 0.7038983189782431 0.019144540031751006 0.022421459818995276
0 0.13453374430537224 0.7048997677848657 0.01917911072572072 0.02249707362448528
0 0.1836346685886383 0.7064194346583167 0.019179110725720705 0.02249707362448528
0 0.20828644931316376 0.7071824038912891 0.019179110725720705 0.02249707362448528
0 0.23326392471790314 0.7080564506959892 0.019330506523450197 0.02246948360472692
0 0.25779636949300766 0.7087147291316542 0.019330506523450225 0.02246948360472692
0 0.28312474489212036 0.709394364752503 0.019330506523450253 0.02246948360472692
0 0.30830657482147217 0.710070068122674 0.019330506523450253 0.02246948360472692
0 0.3332692086696625 0.7107398898102516 0.019330506523450253 0.02246948360472692
0 0.3847976624965668 0.7121225514360441 0.019330506523450253 0.02246948360472692
0 0.4098188281059265 0.712255832760833 0.019652287165323856 0.022739499114280522
0 0.46199387311935425 0.7146786534508993 0.01981508731842041 0.02263023317322256
0 0.48834627866744995 0.715393951729445 0.020260155200958252 0.023239993309789795
0 0.5146167874336243 0.7164437754698659 0.020260155200958252 0.023239993309789795
0 0.5413776636123657 0.7175131953039835 0.020260155200958252 0.023239993309789795
0 0.5676040649414062 0.7184496564097239 0.020332157611846924 0.023251348687696773
0 0.1090068519115448 0.7356863908989485 0.01922304431597391 0.022493643354075853
0 0.13296745344996452 0.7365884850799375 0.019223044315973922 0.02249364335407577
0 0.18175658583641052 0.7384253501665978 0.019223044315973936 0.02249364335407577
0 0.2062191665172577 0.7393021694449491 0.019335185488065065 0.022580642108769353
0 0.23119118809700012 0.7400303252120374 0.019335185488065065 0.022580642108769353
0 0.25629324465990067 0.740762272651442 0.019335185488065093 0.022580642108769353
0 0.2814856767654419 0.7414968553389529 0.01933518548806512 0.022580642108769436
0 0.3068385124206543 0.7422361152116642 0.01933518548806512 0.022580642108769353
0 0.33199042081832886 0.743202811038 0.019418299198150635 0.022770874260007817
0 0.3581129312515259 0.7441321750019871 0.019418299198150635 0.0227708742600079
0 0.3833114206790924 0.7450286649500257 0.019418299198150635 0.0227708742600079
0 0.10677895694971085 0.7676463459813317 0.019335508346557617 0.022400375484496013
0 0.15603289008140564 0.7697882541390353 0.01937666038672131 0.022515821826550497
0 0.1806069165468216 0.7709195354604854 0.019322514533996582 0.0225576356399891
0 0.20505297183990479 0.7717254993527435 0.01937467356522876 0.02276859727016715
0 0.22927653789520264 0.7726049287829551 0.01937467356522876 0.02276859727016715
0 0.2547425255179405 0.7735294639621982 0.01937467356522879 0.02276859727016715
0 0.28016993403434753 0.7744525985383501 0.019374673565228817 0.02276859727016715
0 0.30527201294898987 0.7753639221191406 0.019374673565228817 0.02276859727016715
0 0.3312056362628937 0.7763754948627571 0.01983136435349786 0.023035448650981106
0 0.3570697605609894 0.7773354108943495 0.01983136435349786 0.023035448650981106
0 0.1047663614153862 0.8001149199729742 0.019402354955673218 0.022700642430505086
0 0.12911519408226013 0.8010912630222324 0.019402354955673218 0.022700642430505086
0 0.15360476076602936 0.8020732492446593 0.019402354955673218 0.022700642430505086
0 0.17853085696697235 0.8034636031749637 0.019779776533444704 0.023027760113856478
0 0.2039070576429367 0.8045016713378976 0.019779776533444704 0.023027760113856478
0 0.22789061069488525 0.8054827702492428 0.019779776533444704 0.023027760113856478
0 0.25286898761987686 0.8065045645745123 0.019779776533444732 0.023027760113856478
0 0.27815279364585876 0.8075388531352199 0.020342449347178104 0.02333358646363262
0 0.3297857940196991 0.8096965813503534 0.020342449347178104 0.02333358646363262
0 0.3555307686328888 0.8104188929148368 0.020945966243743896 0.023841266484223484
0 0.3815544843673706 0.8115260989166969 0.020945966243743896 0.023841266484223484
0 0.43341484665870667 0.8137325518680536 0.020945966243743896 0.023841266484223484
0 0.45955681800842285 0.8148447891778284 0.020945966243743896 0.023841266484223484
0 0.48614028096199036 0.8159758102062137 0.020945966243743896 0.023841266484223484
0 0.5124319195747375 0.8170944152650678 0.020945966243743896 0.023841266484223484
0 0.539505124092102 0.818975933017903 0.021396517753601074 0.024060034936712583
0 0.566448986530304 0.8203673251839572 0.021396517753601074 0.024060034936712583
0 0.5936494469642639 0.8214273674543514 0.021592259407043457 0.02419434776601854
0 0.10334114730358124 0.8319153896597928 0.020030746857325227 0.022940583931383346
0 0.1271895281970501 0.8331871547936013 0.02003074685732524 0.022940583931383346
0 0.1769903302192688 0.8358428874376944 0.020030746857325255 0.022940583931383346
0 0.20207346975803375 0.83718049867656 0.020030746857325255 0.022940583931383346
0 0.22666729986667633 0.8384920164596202 0.020030746857325255 0.022940583931383346
0 0.25234779715538025 0.839865664480786 0.02004910757144293 0.022900130397589744
0 0.2774631083011627 0.8404249215043973 0.020552953084309933 0.023061885390170785
0 0.3025985062122345 0.8414610929267351 0.02061319351196289 0.02347854495972637
0 0.35428211092948914 0.8439891726471657 0.020452121893564823 0.023501492285913163
0 0.38019874691963196 0.8453401901265779 0.02096313238143921 0.02393264179081869
0 0.4061106741428375 0.8467086082281068 0.02096313238143921 0.02393264179081869
0 0.43183407187461853 0.8476077257771477 0.021903296311696407 0.02444552635961736
0 0.4580318331718445 0.8495696455762507 0.021600385506947872 0.0245769412018532
0 0.4845566749572754 0.8508513694585755 0.02167942126592004 0.024523003156795058
0 0.5384203195571899 0.8534625064951843 0.02167942126591993 0.024523003156795058
0 0.5661429166793823 0.8548064092450709 0.02167942126591993 0.024523003156795058
0 0.5930971503257751 0.8561130641936967 0.02167942126591993 0.024523003156795058
0 0.6206137537956238 0.8574469810308412 0.02167942126591993 0.024523003156795058
0 0.6483017206192017 0.8588364893596132 0.02166672547658277 0.024499227834302327
