0 0.09055988490581512 0.16285476088523865 0.02127997577190399 0.023573776086171467
0 0.11454831063747406 0.16143886744976044 0.020872831344604492 0.023304452498753864
0 0.06492789834737778 0.20019872983296713 0.021021301547686257 0.02190229627821183
0 0.11407307535409927 0.1968463663202807 0.02102130154768625 0.02190229627821183
0 0.13809840381145477 0.19520751507573783 0.021021301547686277 0.02190229627821183
0 0.1616937816143036 0.19359799226125082 0.021021301547686277 0.02190229627821183
0 0.18690752983093262 0.19187807477010146 0.021021301547686277 0.02190229627821183
0 0.21085648238658905 0.19018798956136798 0.021812736988067627 0.02260303497314453
0 0.2614932060241699 0.18577712912916997 0.021812736988067627 0.02260303497314453
0 0.28760817646980286 0.18350230798056835 0.021812736988067627 0.02260303497314453
0 0.31278595328330994 0.18180052350495005 0.02306787172953284 0.02342928449312846
0 0.3394578993320465 0.17972280581792197 0.02306787172953284 0.02342928449312846
0 0.391864150762558 0.1756404117058068 0.02306787172953284 0.02342928449312846
0 0.4184301495552063 0.17357094720313446 0.02306787172953284 0.02342928449312846
0 0.44551390409469604 0.17146115005016327 0.02306787172953284 0.02342928449312846
0 0.472797155380249 0.1693358123019523 0.02306787172953284 0.02342928449312846
0 0.5008416622877121 0.16782981157302856 0.02275694410006207 0.023174948162502707
0 0.5282265543937683 0.16587087015310922 0.02293410897254944 0.023306392961078226
0 0.555992603302002 0.16399425291897307 0.02304385105768847 0.023244072993596394
0 0.06599021703004837 0.23641014099121094 0.020570889115333557 0.02167035473717586
0 0.08996152132749557 0.23469600874357735 0.020570889115333557 0.02167035473717586
0 0.113729327917099 0.23299642814398955 0.020570889115333557 0.02167035473717586
0 0.13767795264720917 0.23128391765949627 0.020570889115333557 0.02167035473717586
0 0.16188393533229828 0.22955300410588583 0.020570889115333557 0.02167035473717586
0 0.18704445660114288 0.22788989543914795 0.02204910914103192 0.022877944840325275
0 0.21186794340610504 0.22611386855526158 0.02218899130821228 0.023080216513739666
0 0.2363480180501938 0.22433159748713175 0.02218899130821228 0.023080216513739666
0 0.2624855041503906 0.22242865862982417 0.02218899130821228 0.023080216513739666
0 0.2877446711063385 0.22058966577031844 0.02218899130821228 0.023080216513739666
0 0.3138304054737091 0.21869049469629923 0.02218899130821228 0.023080216513739666
0 0.3399714529514313 0.2167872965530124 0.02218899130821228 0.023080216513739666
0 0.36624875664711 0.21575878063837686 0.021942774454752567 0.02275576856401229
0 0.39331257343292236 0.21429109573364258 0.021761278311411503 0.023058493932088215
0 0.06550075113773346 0.309234877427419 0.02034299075603485 0.02300284968482121
0 0.08939002454280853 0.30805160601933795 0.020800073941548675 0.022642585966322182
0 0.11307381093502045 0.3068023490669208 0.020800073941548675 0.022642585966322182
0 0.13691692054271698 0.30554468823721265 0.020800073941548647 0.022642585966322182
0 0.16139760613441467 0.3042533969644023 0.020800073941548647 0.022642585966322182
0 0.18576908111572266 0.3029678662618001 0.020800073941548647 0.022642585966322182
0 0.2111254632472992 0.3016453981399536 0.02116769552230835 0.022841453552246094
0 0.23658299446105957 0.3002861911868292 0.02116769552230835 0.022841453552246094
0 0.2618221938610077 0.2986820737520854 0.0214083194732666 0.023282633887396893
0 0.2879234552383423 0.2973239663173793 0.021777351697286007 0.024111284150017658
0 0.3404475152492523 0.294682438818584 0.02225979169209802 0.02413390742407902
0 0.36655938625335693 0.29329655567804974 0.022103607654571533 0.02418173684014217
0 0.3930475413799286 0.2918541232744853 0.02275400360425317 0.02415051725175643
0 0.4201385974884033 0.2904380396191913 0.02275400360425317 0.02415051725175643
0 0.4473412036895752 0.2890161250999258 0.02275400360425317 0.02415051725175643
0 0.47502365708351135 0.28756912836297227 0.02275400360425317 0.02415051725175643
0 0.5026317685842514 0.2861260175704956 0.022754003604253115 0.02415051725175643
0 0.5312420129776001 0.2847188512484233 0.022861411174138313 0.023920575777689617
0 0.5597738027572632 0.2832598933998243 0.023279458284378052 0.02415017286936442
0 0.58943110704422 0.28220550383895887 0.023230602343877083 0.024169392055935306
0 0.06535468995571136 0.346347173055013 0.020902534325917564 0.02313122484419076
0 0.08901414275169373 0.3451192378997803 0.02102435628573099 0.02328946855333121
0 0.11303055286407471 0.34411824742952984 0.021400357286135346 0.02336492803361682
0 0.13709338009357452 0.34305192987914407 0.021400357286135374 0.02336492803361682
0 0.16159676015377045 0.3419660897177716 0.021400357286135374 0.02336492803361682
0 0.18569982051849365 0.34081990520159405 0.02138039469718933 0.023603777090708416
0 0.21114540100097656 0.33957195033651905 0.02138039469718933 0.023603777090708416
0 0.2371753305196762 0.33773987491925556 0.021315048138300596 0.02364338106579252
0 0.26202017068862915 0.33675959114411325 0.02131504813830054 0.02364338106579252
0 0.2875418961048126 0.3357526000276887 0.02131504813830054 0.02364338106579252
0 0.3137829899787903 0.33471722534257425 0.02131504813830054 0.02364338106579252
0 0.3397649824619293 0.3336920738220215 0.02131504813830054 0.02364338106579252
0 0.3666941523551941 0.3324522773424784 0.021670659383138058 0.023871468173132977
0 0.39343932271003723 0.3313125979879112 0.021670659383138058 0.023871468173133015
0 0.4206622540950775 0.33039220174153644 0.021657447020212772 0.023974736531575485
0 0.44759422540664673 0.328949232896169 0.022917668024698856 0.024341947502560097
0 0.4753265082836151 0.32752762238184613 0.023397445678710938 0.024716258049011192
0 0.5024954080581665 0.32648516658395477 0.023397445678710938 0.02471625804901123
0 0.5315383076667786 0.32539923807015764 0.023678700129191155 0.024601459503173828
0 0.5602527260780334 0.32433350880940753 0.023678700129191155 0.024601459503173866
0 0.589175283908844 0.3232600545003364 0.023678700129191155 0.024601459503173828
0 0.6177234053611755 0.32220049731427575 0.023678700129191155 0.024601459503173828
0 0.6473168730735779 0.3211021423339844 0.023678700129191155 0.024601459503173828
0 0.6772443056106567 0.3199913923234116 0.023678700129191155 0.024601459503173828
0 0.06485636532306671 0.38387417793273926 0.02106266220410665 0.023245069715711757
0 0.08842358738183975 0.38303394691979986 0.021062662204106658 0.023245069715711757
0 0.11263669282197952 0.3822125991185506 0.02128810187180838 0.023481713400946774
0 0.13699878752231598 0.38126291659888617 0.02128810187180835 0.023481713400946774
0 0.16108444333076477 0.3802146116892497 0.021736502647399902 0.023689773347642735
0 0.18575569987297058 0.3792516541482305 0.021736502647399902 0.023689773347642735
0 0.21052321791648865 0.37828493937099433 0.021736502647399902 0.023689773347642735
0 0.2361515313386917 0.37728462641039195 0.021736502647399902 0.023689773347642735
0 0.2621390223503113 0.37607206853601566 0.021600325902303097 0.024469163682725743
0 0.2877185642719269 0.37520329157511395 0.021600325902303097 0.024469163682725743
0 0.3136560916900635 0.3743223560871883 0.021600325902303097 0.024469163682725743
0 0.3666890561580658 0.37252115816740905 0.021600325902303097 0.024469163682725743
0 0.3931945264339447 0.3716209332148234 0.021600325902303097 0.024469163682725743
0 0.42020556330680847 0.3707035373288017 0.021600325902303097 0.024469163682725743
0 0.44796887040138245 0.36956123867936924 0.022598246733347538 0.024990611606173996
0 0.4754049777984619 0.3685167630513509 0.022598246733347538 0.024990611606173996
0 0.5032729059457779 0.3674645027895853 0.022582372029622377 0.025374280081854977
0 0.5322304368019104 0.3667568006091422 0.02307741840680433 0.02528712484571664
0 0.5605002045631409 0.36581261952718097 0.02307741840680433 0.02528712484571664
0 0.5901390314102173 0.36436275176501987 0.024026304483413696 0.02577744589911572
0 0.06463550962507725 0.42124966780344647 0.020535542319218315 0.022910806867811367
0 0.0885002613067627 0.4205740460034381 0.02053554231921831 0.022910806867811367
0 0.11221569031476974 0.4199073569592504 0.021091163158416748 0.02308262719048389
0 0.1361445188522339 0.41919652620951336 0.021091163158416748 0.02308262719048389
0 0.16095447540283203 0.41845952063532926 0.021091163158416748 0.02308262719048389
0 0.1853448450565338 0.41771944363911945 0.021185209353764833 0.02309253480699332
0 0.2109488546848297 0.4170484492742544 0.021185209353764833 0.02309253480699332
0 0.23570629954338074 0.4163996405044676 0.021185209353764833 0.02309253480699332
0 0.26145240664482117 0.4157249222461528 0.02118520935376489 0.02309253480699332
0 0.28702017664909363 0.4150548775990804 0.02118520935376489 0.02309253480699332
0 0.313681036233902 0.41427857040518185 0.022190312544504764 0.023976564407348633
0 0.34013137221336365 0.4134092728296916 0.022190312544504764 0.023976564407348633
0 0.3669576942920685 0.4125276183675158 0.022190312544504764 0.023976564407348633
0 0.3938807547092438 0.41164278457320774 0.022190312544504764 0.023976564407348633
0 0.42100366950035095 0.41075138250986737 0.022190312544504764 0.023976564407348633
0 0.4485839307308197 0.40984494962985957 0.022190312544504764 0.023976564407348633
0 0.4765179753303528 0.40923129271917197 0.023822704950968387 0.02469613817003043
0 0.5043032765388489 0.408519983291626 0.023822704950968443 0.02469613817003043
0 0.53212571144104 0.4078077232338815 0.0238227049509685 0.02469613817003043
0 0.5614131093025208 0.40705795982297444 0.0238227049509685 0.02469613817003043
0 0.5908286571502686 0.40630491574605304 0.0238227049509685 0.02469613817003043
0 0.06373832933604717 0.49592626094818115 0.020974140614271164 0.023057831658257328
0 0.08760140836238861 0.49573973693657614 0.020974140614271164 0.023057831658257328
0 0.11196309328079224 0.4955493156084892 0.020974140614271164 0.023057831658257328
0 0.16025549173355103 0.4953935941060384 0.021412144104639708 0.02431943681504996
0 0.2091679573059082 0.4948527520558666 0.021412144104639708 0.02431943681504996
0 0.23476454615592957 0.4945697217193448 0.021412144104639708 0.02431943681504996
0 0.2605119049549103 0.4942850242673477 0.02141214410463968 0.02431943681504996
0 0.2862674593925476 0.49400023619333905 0.021412144104639652 0.02431943681504996
0 0.33938437700271606 0.4928521712621053 0.02229219675064087 0.024455494350857254
0 0.36645975708961487 0.49258139627306385 0.02229219675064087 0.024455494350857254
0 0.39339718222618103 0.4923120009414841 0.02229219675064087 0.024455494350857254
0 0.42052435874938965 0.49224289258321124 0.022413382927576664 0.02479690975613069
0 0.4485556483268738 0.49191795709282826 0.022413382927576664 0.02479690975613069
0 0.4763650596141815 0.4915955935901102 0.022413382927576664 0.02479690975613069
0 0.504209354519844 0.49127282572049324 0.02241338292757672 0.02479690975613069
0 0.53293377161026 0.4909398555755615 0.022413382927576775 0.02479690975613069
0 0.5613591074943542 0.4907012522059035 0.023335327704747444 0.025088204277886234
0 0.5915980935096741 0.4904023011525472 0.023335327704747444 0.025088204277886234
0 0.06401685439050198 0.5335172637187536 0.021135667959849037 0.023838943905300614
0 0.11137555539608002 0.5336092313130697 0.021122018496195466 0.023999479081895665
0 0.13575877249240875 0.5335177977879842 0.021184980869293213 0.024237182405259922
0 0.15951023995876312 0.5335597311533116 0.021184980869293213 0.024237182405259922
0 0.18383245170116425 0.5337499380111694 0.021556893984476744 0.02424290445115836
0 0.20883452892303467 0.5336556507441028 0.021556893984476744 0.02424290445115836
0 0.23449742794036865 0.5335783680241902 0.02203784386316937 0.024516926871405758
0 0.2595002055168152 0.5334734519322714 0.022037843863169343 0.024516926871405758
0 0.28570297360420227 0.5333635004672079 0.022037843863169315 0.024516926871405758
0 0.3123714327812195 0.5332515948796869 0.022037843863169315 0.024516926871405758
0 0.36573100090026855 0.5330276886622111 0.022037843863169315 0.024516926871405758
0 0.4201076924800873 0.5327995144141865 0.022037843863169315 0.024516926871405758
0 0.4479816257953644 0.532926548041399 0.02243010203043616 0.024938636355929855
0 0.47608739137649536 0.5328355846210078 0.02243010203043616 0.024938636355929855
0 0.5045678466558456 0.532743408529272 0.022430102030436216 0.024938636355929855
0 0.5324364900588989 0.5326532125473022 0.022430102030436272 0.024938636355929855
0 0.5612250566482544 0.532612681388855 0.022708674271901375 0.024884621302286785
0 0.5910307168960571 0.5325387431461984 0.022708674271901375 0.024884621302286785
0 0.06403554417192936 0.5723873376846313 0.020913629482189812 0.023656447728474934
0 0.11079674959182739 0.5725316181252982 0.020913629482189805 0.023656447728474934
0 0.134983628988266 0.5724855264027914 0.020694951216379806 0.023892800013224285
0 0.15888608992099762 0.5726531643008804 0.02069495121637982 0.023892800013224285
0 0.18330064415931702 0.5728243937222699 0.02069495121637982 0.023892800013224285
0 0.20804627239704132 0.5729979451032906 0.02069495121637982 0.023892800013224285
0 0.23410634696483612 0.5731807152430216 0.02069495121637982 0.023892800013224285
0 0.2598790228366852 0.5732245047887167 0.021905640761057527 0.025222195519341312
0 0.3118470013141632 0.5734960323980528 0.02222694953282678 0.02540132734510629
0 0.33921557664871216 0.5737338860829672 0.02222694953282678 0.02540132734510629
0 0.36565059423446655 0.5739636264427296 0.02222694953282678 0.02540132734510629
0 0.3926791846752167 0.5741985254009613 0.02222694953282678 0.02540132734510629
0 0.41978341341018677 0.5744340817133585 0.02222694953282678 0.02540132734510629
0 0.44782716035842896 0.5746778031518663 0.02222694953282678 0.02540132734510629
0 0.47649887204170227 0.5742487112681071 0.022449155648549435 0.025432904561360676
0 0.06420156173408031 0.6098033984502157 0.020674667010704674 0.02330668767293294
0 0.11022903770208359 0.6112370099623907 0.020332237084706634 0.022962782118055507
0 0.13548773527145386 0.6116186380386353 0.020332237084706606 0.022962782118055507
0 0.15950772166252136 0.6119689146677653 0.020534093181292234 0.02341236008538135
0 0.18336810171604156 0.6123348009813988 0.020534093181292234 0.02341236008538135
0 0.20816577970981598 0.612715060263416 0.020534093181292234 0.02341236008538135
0 0.2340853363275528 0.6131125229610179 0.020534093181292234 0.02341236008538135
0 0.2596049979329109 0.6135038534800211 0.020534093181292207 0.02341236008538135
0 0.2858899235725403 0.6134392165087726 0.02128356695175171 0.023936086230807785
0 0.3130320906639099 0.6137321716604248 0.02128356695175171 0.023936086230807785
0 0.33901724219322205 0.6140126387278239 0.02128356695175171 0.023936086230807785
0 0.39273545145988464 0.6152553160985311 0.0225239793459574 0.02434176868862581
0 0.4198051393032074 0.6154621545156456 0.0225239793459574 0.02434176868862581
0 0.4483797252178192 0.6156804917995659 0.0225239793459574 0.02434176868862581
0 0.47619226574897766 0.6158930063247681 0.0225239793459574 0.02434176868862581
0 0.06626905500888824 0.6861240862070385 0.021042699615160622 0.02338520685831706
0 0.11235471814870834 0.6871967912028837 0.020930975675582886 0.023084693484836254
0 0.1365984082221985 0.6880159378051758 0.020906398693720518 0.023327774471706714
0 0.18575698137283325 0.6900725585655753 0.02127318580945331 0.023910045623779297
0 0.21126465499401093 0.6907240549723307 0.02127318580945331 0.023910045623779297
0 0.23681671917438507 0.691584839200456 0.02123244603474933 0.02448097864786784
0 0.2622533142566681 0.6923418045043945 0.021232446034749386 0.02448097864786784
0 0.2882258892059326 0.6931147199841173 0.021232446034749386 0.02448097864786784
0 0.31373563408851624 0.693873862146265 0.021232446034749386 0.02448097864786784
0 0.34063950181007385 0.695434101495186 0.022436459859212277 0.024911191728379894
0 0.39450278878211975 0.6966700553894043 0.022436459859212277 0.024911191728379894
0 0.42223721742630005 0.6973064531477604 0.022436459859212277 0.024911191728379894
0 0.44898250699043274 0.6979201539938661 0.022436459859212277 0.024911191728379894
0 0.4765658676624298 0.6985530853271484 0.022436459859212277 0.024911191728379894
0 0.5048519372940063 0.6992021411103839 0.02243645985921222 0.024911191728379894
0 0.5335861444473267 0.7004489103953043 0.022575676441192627 0.024943987528483074
0 0.5628306269645691 0.7013217999674038 0.022711356480916267 0.024996810489230786
0 0.0656669270247221 0.7236386934916178 0.02097513899207115 0.02340131335788313
0 0.11266899853944778 0.7255274586423724 0.02097513899207115 0.02340131335788313
0 0.13672730326652527 0.7260628541310629 0.021159728368123354 0.02361403571234799
0 0.16187816858291626 0.727289517627352 0.021159728368123354 0.02361403571234799
0 0.18649578094482422 0.7284901731940798 0.021159728368123354 0.02361403571234799
0 0.2111636996269226 0.7296932823116432 0.021159728368123354 0.02361403571234799
0 0.23623088002204895 0.7309158643086752 0.021159728368123354 0.02361403571234799
0 0.26236245036125183 0.7316392262776693 0.021076063315073612 0.023608313666449554
0 0.28854694962501526 0.7326781083905312 0.021956443786621094 0.024365478091769848
0 0.31457018852233887 0.7336686452229818 0.021956443786621094 0.024365478091769848
0 0.34120163321495056 0.7346823325266062 0.021956443786621094 0.024365478091769848
0 0.36741796135902405 0.7356802190210882 0.021956443786621094 0.024365478091769848
0 0.3947872817516327 0.7367219924926758 0.021956443786621094 0.024365478091769848
0 0.449675589799881 0.7388112363030716 0.021956443786621094 0.024365478091769848
0 0.477474182844162 0.7397423585255941 0.02342057228088379 0.025540086958143544
0 0.5337432622909546 0.7420371317882629 0.023585836092631096 0.02530066172281901
0 0.5624862909317017 0.7429300944010416 0.023585836092631096 0.02530066172281901
0 0.5917832851409912 0.7438402671188394 0.023585836092631096 0.02530066172281901
0 0.6218224763870239 0.7447734977479453 0.023585836092631096 0.02530066172281901
0 0.6516106128692627 0.7456989288330078 0.023585836092631096 0.02530066172281901
0 0.6820522546768188 0.7466446624349015 0.023585836092631096 0.02530066172281901
0 0.0654999390244484 0.7622056802113851 0.021222621202468872 0.023459116617838543
0 0.11318034678697586 0.7637105697050138 0.021142552296320588 0.023723337385389637
0 0.13797248899936676 0.76493239402771 0.021142552296320616 0.023723337385389637
0 0.1620582938194275 0.7661194081190601 0.021142552296320616 0.023723337385389637
0 0.21253344416618347 0.7686069610645491 0.021142552296320616 0.023723337385389637
0 0.23728549480438232 0.7698268095652262 0.021142552296320616 0.023723337385389637
0 0.28941619396209717 0.772579034169515 0.02210867404937744 0.02488491270277245
0 0.31526660919189453 0.7740039914596296 0.02213641007741296 0.024675899081760082
0 0.3415417969226837 0.7751526832580566 0.02213641007741296 0.024675899081760082
0 0.3692379891872406 0.7763634981617565 0.02213641007741296 0.024675899081760082
0 0.3954499363899231 0.7775094252272838 0.02213641007741296 0.024675899081760082
0 0.4221094846725464 0.7786749203999838 0.02213641007741296 0.024675899081760082
0 0.45000070333480835 0.7798942614168295 0.02213641007741296 0.024675899081760082
0 0.506443440914154 0.7823281288146973 0.02218578259150189 0.024758338928222656
0 0.534451961517334 0.783476588830086 0.022387325763702393 0.025175359514024425
0 0.563164472579956 0.7851422563042384 0.022546211878458733 0.025324609544542003
0 0.592481255531311 0.7863483874950417 0.023102879524230957 0.025679535335964527
0 0.06613511592149734 0.7988325661134567 0.021007796128590904 0.02280367745293521
0 0.09057796746492386 0.8003287315368652 0.02100779612859091 0.02280367745293521
0 0.1385253667831421 0.8032636281005837 0.021007796128590883 0.02280367745293521
0 0.162265345454216 0.8047167701440565 0.021007796128590883 0.02280367745293521
0 0.18790732324123383 0.8062863349914551 0.021007796128590883 0.02280367745293521
0 0.2134089171886444 0.8078473068378919 0.021007796128590883 0.02280367745293521
0 0.23842768371105194 0.8090972900390625 0.021355042854944883 0.022898885938856434
0 0.2640644609928131 0.8105700998130315 0.021406670411427853 0.023143185509575837
0 0.2898138761520386 0.8120768864949545 0.02118883530298865 0.023228168487548828
0 0.31539681553840637 0.8129622995477631 0.02239427963892615 0.023755868275960285
0 0.34193238615989685 0.8144595623016357 0.02239427963892615 0.023755868275960285
0 0.3691629469394684 0.815996039696597 0.02239427963892615 0.023755868275960285
0 0.42270177602767944 0.8190169543708348 0.02239427963892615 0.023755868275960285
0 0.4500582218170166 0.8205605347951254 0.02239427963892615 0.023755868275960285
0 0.4776482582092285 0.8221172955091608 0.02239427963892615 0.023755868275960285
0 0.5061725229024887 0.8233245213826498 0.023392528295516968 0.024627261691623364
0 0.5346765518188477 0.8244506055041794 0.023392528295516968 0.024627261691623364
0 0.5624648928642273 0.8255484155613709 0.023392528295516968 0.024627261691623364
0 0.5925370454788208 0.8267364501953125 0.023392528295516968 0.024627261691623364
