0 0.3355785608291626 0.0924458808677141 0.02765677372614539 0.03450947214466657
0 0.3707074224948883 0.09194449184582493 0.02765677372614539 0.03450947214466656
0 0.4062206745147705 0.09143761647753694 0.02765677372614539 0.03450947214466657
0 0.44275885820388794 0.09091611241185388 0.02765677372614539 0.03450947214466657
0 0.4791887104511261 0.09039615454474112 0.02765677372614539 0.03450947214466657
0 0.5148728489875793 0.09021852182787518 0.02779344717661547 0.03415109390436217
0 0.5506895184516907 0.09013235901402591 0.02779344717661547 0.034151093904362176
0 0.5865989327430725 0.09004597308743591 0.02779344717661547 0.03415109390436217
0 0.6223559975624084 0.08995995366223748 0.02779344717661547 0.034151093904362176
0 0.6593527793884277 0.08987095189649005 0.02779344717661547 0.03415109390436217
0 0.22831758856773376 0.15115274384964345 0.028137659033139528 0.03468665041664776
0 0.2624741420149803 0.1511968552280027 0.028137659033139556 0.03468665041664776
0 0.29938822984695435 0.15124452781586076 0.028137659033139584 0.03468665041664776
0 0.3350208103656769 0.15129054540494816 0.028137659033139584 0.03468665041664776
0 0.3703669607639313 0.1513361930847168 0.028137659033139584 0.03468665041664776
0 0.4058421850204468 0.15066062572390534 0.027893806497255924 0.03509044647216797
0 0.4421655833721161 0.15022600861551189 0.027320146560668945 0.035181097281995685
0 0.4785258173942566 0.15004836681277253 0.027320146560668945 0.035181097281995685
0 0.5147725939750671 0.14987127931846803 0.027320146560668945 0.035181097281995685
0 0.5508179664611816 0.14970150659250658 0.027513066927592034 0.034732086713923964
0 0.5868372917175293 0.14941033459558087 0.027513066927592034 0.034732086713923964
0 0.6225424408912659 0.1491217023263349 0.027513066927592034 0.034732086713923964
0 0.6586306095123291 0.14882997381537577 0.027513066927592034 0.034732086713923964
0 0.6944265365600586 0.14854060771853425 0.027513066927592034 0.034732086713923964
0 0.731543779373169 0.14820300305711304 0.027551134427388435 0.034864854442980875
0 0.33475157618522644 0.2093068056328352 0.02797996997833252 0.034671339877816135
0 0.3706672787666321 0.2090640165738864 0.02797996997833252 0.034671339877816135
0 0.40550729632377625 0.2088284991130408 0.02797996997833252 0.034671339877816135
0 0.44086751341819763 0.20822945300512463 0.02770874897638953 0.03464956061784611
0 0.4779133200645447 0.2082216129746548 0.02770874897638953 0.03464956061784611
0 0.5137203931808472 0.208214035098245 0.027708748976389586 0.03464956061784611
0 0.5501829385757446 0.20820631850376958 0.02770874897638964 0.03464956061784611
0 0.58585524559021 0.208198769148006 0.02770874897638964 0.03464956061784611
0 0.6213995218276978 0.208191246887487 0.02770874897638964 0.03464956061784611
0 0.6580743789672852 0.20824860417565635 0.02844138940175367 0.03573011058245521
0 0.33558985590934753 0.26659140475960663 0.027417361736297607 0.033893747847209575
0 0.3707466423511505 0.26641790256943815 0.027089476585388184 0.03417250167491824
0 0.4059658944606781 0.266204222873105 0.027089476585388184 0.03417250167491824
0 0.47795194387435913 0.2657674743262846 0.027089476585388184 0.03417250167491824
0 0.5142775177955627 0.26554708243435937 0.027089476585388184 0.03417250167491824
0 0.5497791171073914 0.2653316897015239 0.027089476585388184 0.03417250167491824
0 0.5856794714927673 0.2657376414013995 0.027507781982421875 0.034720457801523164
0 0.6216742396354675 0.2658406904537301 0.027507781982421875 0.034720457801523164
0 0.658121645450592 0.26594503535780795 0.027507781982421875 0.034720457801523164
0 0.26453232765197754 0.4968103808025981 0.027108291784922245 0.033350153486858096
0 0.3010404407978058 0.49700056089455535 0.026833772659301758 0.03313135546307231
0 0.3360513746738434 0.49708845449048417 0.027165770530700684 0.03310296701830487
0 0.3706539273262024 0.497177028000052 0.027165770530700684 0.03310296701830487
0 0.4414743185043335 0.497358309729716 0.027165770530700684 0.03310296701830487
0 0.47628897428512573 0.4974474261679707 0.027165770530700684 0.03310296701830487
0 0.5117816925048828 0.4975382782692133 0.027165770530700684 0.03310296701830487
0 0.547227680683136 0.49760810878318246 0.02729278802871704 0.033308783242868824
0 0.5836420059204102 0.49809968620665857 0.02761220932006836 0.03338407176409575
0 0.6193496584892273 0.4983552519244162 0.02761220932006836 0.03338407176409575
0 0.6547503471374512 0.4986086206493993 0.02761220932006836 0.03338407176409575
0 0.6909427642822266 0.4988676559093387 0.02761220932006836 0.03338407176409575
0 0.7275723814964294 0.49919804527333633 0.02739393711090088 0.03344824147778888
0 0.3693647086620331 0.6109389312389759 0.0275782744089762 0.033521105152692035
0 0.4050620198249817 0.6112646144573801 0.027584950129191044 0.033373869666757455
0 0.4406208097934723 0.6109092202862209 0.027345478534698486 0.033319488052249824
0 0.4766046106815338 0.6112765378730242 0.02739594380060828 0.033537546793619734
0 0.5112711191177368 0.6116253365099455 0.027395943800608336 0.033537546793619734
0 0.5473292469978333 0.6119881369886169 0.02739594380060839 0.033537546793619734
0 0.583331286907196 0.6123503731356429 0.02739594380060839 0.033537546793619734
0 0.6184236407279968 0.6127034564350926 0.02739594380060839 0.033537546793619734
0 0.40234506130218506 0.8431722064350926 0.028711408376693726 0.0351318832515745
0 0.438309907913208 0.843548885728955 0.028711408376693726 0.0351318832515745
0 0.4741085469722748 0.8439238242412153 0.028711408376693726 0.0351318832515745
0 0.5101463943719864 0.8443012681118277 0.028711408376693726 0.0351318832515745
0 0.5460867285728455 0.8446776906739585 0.028711408376693726 0.0351318832515745
0 0.5830099582672119 0.8452829760174418 0.029093295335769653 0.03506564354711736
0 0.4022831618785858 0.9016973805982013 0.028830071290334103 0.034565060637718026
0 0.4376387298107147 0.9021097830736645 0.028830071290334103 0.034565060637718026
0 0.474059522151947 0.902534610782519 0.028830071290334103 0.034565060637718026
0 0.5103920102119446 0.9029584084724455 0.028830071290334047 0.034565060637718026
0 0.5465596318244934 0.9033802830895712 0.028830071290333992 0.034565060637718026
