0 0.15052761137485504 0.15695093953332237 0.018341968456904112 0.020486528559248592
0 0.17349658906459808 0.15688316528082122 0.018453856309254946 0.020352725834809546
0 0.19638946652412415 0.15566167166066724 0.01828859249750775 0.02016308510950368
0 0.21894054114818573 0.15463775812193406 0.018542071183522524 0.02031628660453384
0 0.26613402366638184 0.15206738278064147 0.01854207118352258 0.02031628660453384
0 0.2888290584087372 0.1507293789885765 0.018723011016845703 0.020319325055262853
0 0.31237226724624634 0.14960184932235243 0.018723011016845703 0.020319325055262853
0 0.335812509059906 0.1484792509454371 0.018723011016845703 0.020319325055262853
0 0.36049947142601013 0.14729694471739263 0.018723011016845703 0.020319325055262853
0 0.3840893805027008 0.1461671784866688 0.018723011016845703 0.020319325055262853
0 0.43409448862075806 0.14420657934144485 0.01921733220418298 0.020540947137877
0 0.45932111144065857 0.14365701897199765 0.020312686761220333 0.021618066832076673
0 0.48392394185066223 0.14259453447843748 0.020312686761220333 0.021618066832076673
0 0.5094438195228577 0.14149244687906784 0.020312686761220278 0.021618066832076673
0 0.5344961285591125 0.14041055144527764 0.020312686761220222 0.021618066832076673
0 0.5603572726249695 0.13929372610047805 0.020312686761220222 0.021618066832076673
0 0.5863232016563416 0.1381969069232107 0.019900143146514893 0.02159625800081
0 0.610946536064148 0.13670475538386856 0.02033686637878418 0.021576009055440725
0 0.149167999625206 0.18565976342489554 0.01790076494216919 0.019944653030513786
0 0.17260655760765076 0.1847426358821628 0.01790076494216919 0.019944653030513786
0 0.21650657057762146 0.1832453665991917 0.01858674486478168 0.02025819748871087
0 0.24048449099063873 0.1820866396260816 0.01858674486478168 0.02025819748871087
0 0.2639736533164978 0.18095153176460255 0.018586744864781735 0.02025819748871087
0 0.28660592436790466 0.1798578329584389 0.018586744864781735 0.02025819748871087
0 0.3110784888267517 0.17867520243622537 0.018586744864781735 0.02025819748871087
0 0.3352958858013153 0.1775049028185109 0.018586744864781735 0.020258197488710848
0 0.35986554622650146 0.17710350161680086 0.018654048442840576 0.020611774089724498
0 0.4089372158050537 0.17552263186572764 0.018654048442840576 0.02061177408972452
0 0.4328080117702484 0.17475362156712734 0.018654048442840576 0.02061177408972452
0 0.45792803168296814 0.17422130496002908 0.019031604131062863 0.020924520122912516
0 0.48249611258506775 0.17363680326225503 0.019031604131062863 0.020924520122912516
0 0.5083631724119186 0.17153345877571438 0.019255876541137695 0.021390578543493004
0 0.5336948037147522 0.17206680287634626 0.019159803787867302 0.021144778229469478
0 0.19201555848121643 0.21257612712171003 0.01786595582962036 0.020175549411034426
0 0.21452133357524872 0.21174364311750546 0.017862041791280092 0.02022726960884511
0 0.23736147582530975 0.21091913080643102 0.017862041791280092 0.02022726960884511
0 0.2611381709575653 0.2100608096261785 0.017862041791280148 0.02022726960884511
0 0.2851894497871399 0.20919257617671233 0.017862041791280148 0.02022726960884511
0 0.30872708559036255 0.20834288486214572 0.017862041791280148 0.02022726960884511
0 0.3329463005065918 0.20714722123256948 0.01881907383600867 0.021072461623554053
0 0.3573867678642273 0.2066942938275903 0.01881907383600867 0.021072461623554053
0 0.4069846570491791 0.20577515251526313 0.01881907383600867 0.021072461623554053
0 0.45664075016975403 0.20485493257554574 0.01881907383600867 0.021072461623554053
0 0.4821279048919678 0.20438260810319767 0.01881907383600867 0.021072461623554053
0 0.5079713612794876 0.20343002586093256 0.019172032674153627 0.021416316660799694
0 0.5328232645988464 0.20254880328511082 0.019772251447041755 0.021713360335475742
0 0.5581899881362915 0.20160792606248085 0.019772251447041755 0.021713360335475742
0 0.6098843812942505 0.19969052916302685 0.019772251447041755 0.021713360335475742
0 0.635595440864563 0.1987368801715172 0.019772251447041755 0.021713360335475742
0 0.6628953814506531 0.19772429798924646 0.019772251447041755 0.021713360335475742
0 0.6891084909439087 0.1965349403711163 0.020423173904418945 0.021952832392019825
0 0.7168540358543396 0.19580042540162365 0.020423173904418945 0.021952832392019825
0 0.7442425489425659 0.19507536222768385 0.020423173904418945 0.021952832392019825
0 0.7715142369270325 0.19422252209601854 0.02113123734792066 0.02202379611111426
0 0.7996974587440491 0.1933411764815165 0.02113123734792066 0.02202379611111426
0 0.8265605568885803 0.19250111376990256 0.02113123734792066 0.02202379611111426
0 0.854360818862915 0.191631744074267 0.02113123734792066 0.02202379611111426
0 0.1892186999320984 0.24105697454408156 0.01782601078351337 0.02059819716815798
0 0.21218831837177277 0.24051401553438193 0.01782601078351337 0.02059819716815798
0 0.23579829931259155 0.2399559195475321 0.01782601078351337 0.02059819716815798
0 0.25933921337127686 0.239574765050134 0.018154799938201904 0.0205818738124167
0 0.28302207589149475 0.23883963740149208 0.018340011437734005 0.02068411657052444
0 0.30720892548561096 0.23840849054216365 0.018340011437734005 0.02068411657052444
0 0.3313532769680023 0.23801987670188726 0.018595119317372677 0.020739695822545697
0 0.3562217950820923 0.23751134424860346 0.018595119317372677 0.020739695822545697
0 0.40528959035873413 0.23650796454600986 0.018595119317372677 0.020739695822545697
0 0.4305635690689087 0.23599114089215306 0.018595119317372677 0.020739695822545697
0 0.4561443328857422 0.2354680438374364 0.018595119317372677 0.020739695822545697
0 0.4814773201942444 0.23475367081672419 0.0190999607245127 0.021565991778706394
0 0.5061068385839462 0.23420943793209717 0.019099960724512755 0.021565991778706394
0 0.5314371585845947 0.23364971959313682 0.01909996072451281 0.021565991778706394
0 0.5572731494903564 0.2323773941416476 0.019252389669418335 0.0218531142833621
0 0.6099494099617004 0.2305058989413949 0.019252389669418335 0.0218531142833621
0 0.6362152099609375 0.22957272110778407 0.019252389669418335 0.0218531142833621
0 0.6623031497001648 0.22922043467676917 0.02048726876576734 0.022002404974412523
0 0.6889962553977966 0.2284060233101945 0.02048726876576734 0.022002404974412523
0 0.7162657380104065 0.22757402658220457 0.02048726876576734 0.022002404974412523
0 0.743301510810852 0.22674916038183712 0.02048726876576734 0.022002404974412523
0 0.7712249159812927 0.22589721236118052 0.02048726876576734 0.022002404974412523
0 0.1871066689491272 0.26999036655869596 0.018141786257425963 0.020815324413683958
0 0.21082833409309387 0.2697496374712339 0.018141786257425963 0.020815324413683958
0 0.2340121567249298 0.26951436644653254 0.018141786257425963 0.020815324413683958
0 0.25738459825515747 0.26927718130429296 0.018141786257425935 0.020815324413683958
0 0.2811853289604187 0.2690356498540834 0.018141786257425907 0.020815324413683958
0 0.30505961179733276 0.2687157681603922 0.018141061067581177 0.02062362848326217
0 0.33002474904060364 0.2683982405551644 0.018141061067581177 0.02062362848326217
0 0.37923893332481384 0.2676901099547599 0.01842021942138672 0.020864752836005633
0 0.40399327874183655 0.26735041862310366 0.01842021942138672 0.020864752836005633
0 0.4290018081665039 0.26675367975160763 0.018597662448883057 0.02102758718091388
0 0.47991079092025757 0.26590779770252315 0.018597662448883057 0.02102758718091388
0 0.5047988444566727 0.26531745112219524 0.01893588900566101 0.021180766497471564
0 0.5300552845001221 0.26386227718619415 0.019476612408955818 0.02193023622498029
0 0.5559961199760437 0.2632690810730174 0.019476612408955818 0.02193023622498029
0 0.608363151550293 0.26235079210858014 0.02001035213470459 0.02216723538184348
0 0.6349771022796631 0.2615125852937452 0.020332137743632073 0.022232188734897348
0 0.6613525748252869 0.26085986647495 0.020332137743632073 0.022232188734897348
0 0.6885243654251099 0.26018744102231833 0.020332137743632073 0.022232188734897348
0 0.716200053691864 0.2595025455186047 0.020332137743632073 0.022232188734897348
0 0.7428074479103088 0.2588440872902094 0.020332137743632073 0.022232188734897348
0 0.7705685496330261 0.2581570780435101 0.020332137743632073 0.022232188734897348
0 0.18430395424365997 0.29986576701319495 0.018362815181414305 0.020950435667999003
0 0.20752350986003876 0.30009921761446223 0.01822940011819202 0.020857271297957572
0 0.25501952320337296 0.29955263785268577 0.018229400118192046 0.020857271297957572
0 0.2796363830566406 0.29926934928913784 0.018229400118192074 0.020857271297957572
0 0.3042629063129425 0.2989859495200349 0.018229400118192074 0.020857271297957572
0 0.3283844292163849 0.29870836124863737 0.018229400118192074 0.020857271297957572
0 0.35295331478118896 0.2985969809598701 0.01815531651178992 0.020943501198938678
0 0.3775680959224701 0.2983109352287491 0.01815531651178992 0.020943501198938678
0 0.428215354681015 0.29776041259587704 0.018331050872802734 0.02092269779175754
0 0.453276664018631 0.29778194427490234 0.018558184305826786 0.021286424740340384
0 0.4775330424308777 0.29714473458223567 0.018535137176513672 0.02136430075002271
0 0.5031436234712601 0.2965179314442377 0.01884953180948895 0.021729107050932683
0 0.5292240381240845 0.2958568528641102 0.018849531809489006 0.021729107050932683
0 0.5544188022613525 0.29521822348937704 0.018849531809489006 0.021729107050932683
0 0.5811128616333008 0.29461785249931866 0.019093533356984382 0.021777071694070952
0 0.6074972748756409 0.2937332419461982 0.01927439371744799 0.02187795417253361
0 0.13538916409015656 0.3306578037350677 0.017955531676610292 0.020893008209938228
0 0.15847241878509521 0.3304553417522517 0.017955531676610292 0.020893008209938228
0 0.18229719996452332 0.3302463758806062 0.017955531676610292 0.020893008209938228
0 0.20579126477241516 0.33004031070443085 0.017955531676610292 0.020893008209938228
0 0.22946393489837646 0.32998592908992325 0.01811860998471576 0.020966182383455944
0 0.2535115256905556 0.33068777367326574 0.018641571203867585 0.021247390628785154
0 0.30274611711502075 0.3300544162129247 0.018466254075368282 0.021304832872494274
0 0.3521255552768707 0.32939687201366163 0.018466254075368282 0.021304832872494274
0 0.37663131952285767 0.32907054948492725 0.018466254075368282 0.021304832872494274
0 0.4016038775444031 0.3287380110584266 0.018466254075368282 0.021304832872494274
0 0.42646345496177673 0.3284069770990416 0.018466254075368282 0.021304832872494274
0 0.4513452351093292 0.3289137933987908 0.019441554943720463 0.022010433581448312
0 0.47632142901420593 0.3284631108128747 0.019441554943720463 0.022010433581448312
0 0.5023322850465775 0.32799375828049104 0.019441554943720518 0.022010433581448312
0 0.5282517671585083 0.3275260545435526 0.019441554943720574 0.022010433581448312
0 0.5535322427749634 0.3270698813504951 0.019441554943720574 0.022010433581448312
0 0.5798213481903076 0.32659550795096387 0.019441554943720574 0.022010433581448312
0 0.6061305403709412 0.3261186257663678 0.019989490509033203 0.022163509398467753
0 0.6600106358528137 0.32512545031170514 0.019989490509033203 0.022163509398467753
0 0.6871514320373535 0.324629824814426 0.02004297574361158 0.022411656934161518
0 0.7144978642463684 0.3241106227584041 0.021248817443847656 0.02300728199093841
0 0.7418534755706787 0.32360112302924204 0.021248817443847656 0.02300728199093841
0 0.769639253616333 0.32308361142180686 0.021248817443847656 0.02300728199093841
0 0.13371127843856812 0.36060812306958573 0.018511513868967697 0.02135710013929261
0 0.1572602242231369 0.3607726391170722 0.018495827913284302 0.021498199581175784
0 0.1802249699831009 0.36061712752941044 0.018495827913284302 0.021498199581175784
0 0.2038956880569458 0.36045683527156297 0.018495827913284302 0.021498199581175784
0 0.22795994579792023 0.3602938780602654 0.018495827913284302 0.021498199581175784
0 0.27622929215431213 0.35996700996576353 0.018495827913284302 0.021498199581175784
0 0.32585835456848145 0.3596309342098696 0.018495827913284302 0.021498199581175784
0 0.34986555576324463 0.36091462560522264 0.018992920716603634 0.02198022650193796
0 0.3754989802837372 0.3606681823730469 0.018904636303583744 0.02187371069146684
0 0.40041399002075195 0.3604700476413437 0.018904636303583744 0.02187371069146684
0 0.42539310455322266 0.36020558379417245 0.019497394561767578 0.02226456930471021
0 0.4500082731246948 0.3599483032989906 0.019497394561767578 0.02226456930471021
0 0.5010466426610947 0.3594148445518172 0.019497394561767578 0.02226456930471021
0 0.5270580053329468 0.35977969058724335 0.0200920502344768 0.02236904469571375
0 0.552790641784668 0.35930615451946096 0.0200920502344768 0.02236904469571375
0 0.5793188214302063 0.35881797873932497 0.0200920502344768 0.02236904469571375
0 0.6056110858917236 0.35833414430791877 0.0200920502344768 0.02236904469571375
0 0.6321113705635071 0.35784648185552553 0.0200920502344768 0.02236904469571375
0 0.6589920520782471 0.3577054045921148 0.020223697026570564 0.022518882455751905
0 0.47413164377212524 0.39103685423385265 0.019594192504882812 0.0218404725540516
0 0.4997437745332718 0.39143513524255086 0.019745558500289917 0.021932734999545785
0 0.12823213636875153 0.4204920814534417 0.018613576889038086 0.0213565678559533
0 0.1515953242778778 0.4208299576820162 0.018854990601539612 0.021567736485207673
0 0.17541131377220154 0.42098289312318316 0.018854990601539612 0.021567736485207673
0 0.19892755150794983 0.4211339036950328 0.018854990601539612 0.021567736485207673
0 0.2234078049659729 0.42129110473693676 0.018854990601539612 0.021567736485207673
0 0.24778830260038376 0.4214476651923601 0.018854990601539612 0.021567736485207673
0 0.12655742466449738 0.4509762165158294 0.01816033323605855 0.021770536437515087
0 0.1498202234506607 0.4512880756745447 0.018160333236058535 0.021770536437515087
0 0.1736043095588684 0.45160692316803414 0.018160333236058535 0.021770536437515087
0 0.19704721868038177 0.4519211968710256 0.018160333236058535 0.021770536437515087
0 0.1242067776620388 0.4819850668134149 0.01826800902684529 0.021570250045421513
0 0.14716669917106628 0.4821924608807231 0.018268009026845278 0.021570250045421513
0 0.17134718596935272 0.482338173444881 0.01874026656150818 0.02143232951792641
0 0.19485041499137878 0.48246982485749 0.018556425968805967 0.021543990734011628
0 0.21999108791351318 0.48285027437431866 0.018556187550226866 0.021503359772438228
0 0.243779718875885 0.4828794280783898 0.019129733244578034 0.021956569464631728
0 0.29345107078552246 0.4837469500164653 0.019129733244578007 0.021956569464631728
0 0.3183668553829193 0.48418211010193934 0.019129733244578007 0.021956569464631728
0 0.36832982301712036 0.4850547251777858 0.019129733244578007 0.021956569464631728
0 0.39343252778053284 0.48549314986827763 0.019129733244578007 0.021956569464631728
0 0.4189414381980896 0.48593866903682964 0.019129733244578007 0.021956569464631728
0 0.4446965157985687 0.48587759874280545 0.01943937937418616 0.022181873173676776
0 0.4699985086917877 0.4861495882965798 0.01943937937418616 0.022181873173676776
0 0.4956759810447693 0.48652141291188905 0.019647955894470215 0.022071513094643346
0 0.5207760334014893 0.48686808209086574 0.019647955894470215 0.022071513094643346
0 0.12148679047822952 0.512343074000159 0.01828935742378235 0.021637288174887904
0 0.1446133702993393 0.5128666633783385 0.01846209168434143 0.02186581515526581
0 0.19341659545898438 0.5137226583541494 0.01846209168434143 0.02186581515526581
0 0.24215226620435715 0.5145774684443503 0.01846209168434143 0.02186581515526581
0 0.2670099139213562 0.5150134646615393 0.01846209168434143 0.02186581515526581
0 0.291709303855896 0.5154466850813045 0.01846209168434143 0.02186581515526581
0 0.31639283895492554 0.5159426309280484 0.018921633561452267 0.022005864816118634
0 0.3669824004173279 0.5169590851269794 0.018921633561452267 0.022005864816118634
0 0.3922136127948761 0.5174660350001136 0.018921633561452267 0.022005864816118634
0 0.4175555109977722 0.5177698716291793 0.019948701063791874 0.02242935535519622
0 0.46882304549217224 0.5184915675673374 0.019948701063791874 0.02242935535519622
0 0.4946255534887314 0.5188547909093424 0.01994870106379193 0.02242935535519622
0 0.5201953649520874 0.5192147385692906 0.019948701063791985 0.02242935535519622
0 0.5466151833534241 0.5195866518242415 0.019948701063791985 0.02242935535519622
0 0.5731572508811951 0.5199602859869532 0.019948701063791985 0.02242935535519622
0 0.5994834303855896 0.5204273107630374 0.020172367493311638 0.022700583287911878
0 0.6270975470542908 0.5204852791719659 0.020728151003519768 0.022809109946553965
0 0.11989929899573326 0.5433110969011173 0.018650593856970474 0.021944859231165157
0 0.1427897959947586 0.5438397113055973 0.018650593856970488 0.021944859231165157
0 0.16659824550151825 0.5446028044136593 0.018888245026270567 0.022050724473110465
0 0.21566729247570038 0.5455703735351562 0.01895559827486676 0.021892458893531978
0 0.23999229073524475 0.5460826470102064 0.01895559827486676 0.021892458893531978
0 0.26509976387023926 0.5466113990526671 0.018955598274866703 0.021892458893531978
0 0.2899729907512665 0.5471352179748351 0.018955598274866703 0.021892458893531978
0 0.3150555193424225 0.5476634446964708 0.018955598274866703 0.021892458893531978
0 0.3402950167655945 0.5477526021558184 0.019018252690633175 0.021762345188347923
0 0.3655914068222046 0.5480756505541686 0.019018252690633175 0.021762345188347923
0 0.39063000679016113 0.5487008580535236 0.019392291704813602 0.021511166594749272
0 0.11713960021734238 0.5741287497586982 0.018635893861452743 0.021667894466902805
0 0.14122220873832703 0.5749553651275319 0.018635893861452757 0.021667894466902805
0 0.16469591856002808 0.5757610805584517 0.018635893861452757 0.021667894466902805
0 0.1887146532535553 0.5765855035116506 0.018635893861452757 0.021667894466902805
0 0.21340946853160858 0.5773211634436319 0.019678463538487734 0.022227028543634987
0 0.2378164380788803 0.5778421975211615 0.019678463538487734 0.022227028543634987
0 0.26248905062675476 0.5783689024811618 0.01967846353848779 0.022227028543634987
0 0.2875206470489502 0.5789032709420094 0.01967846353848779 0.022227028543634987
0 0.3126319348812103 0.5794393406357876 0.01967846353848779 0.022227028543634987
0 0.11512193083763123 0.6050829332928325 0.018647819757461548 0.021966239278630638
0 0.13864582777023315 0.606321431670467 0.018833070993423462 0.02194568722747093
0 0.1622907966375351 0.6071232640466024 0.01899433135986328 0.0219987085623334
0 0.18656547367572784 0.6079079076426258 0.01899433135986328 0.0219987085623334
0 0.21138525009155273 0.6087101707824718 0.01899433135986328 0.0219987085623334
0 0.23633429408073425 0.609516612308438 0.01899433135986328 0.0219987085623334
0 0.26102495193481445 0.6103147018787473 0.01899433135986328 0.0219987085623334
0 0.2860153019428253 0.6112675777701444 0.019008735815683964 0.02195532747017315
0 0.31058749556541443 0.6118531781573628 0.01930760343869531 0.022212154181428603
0 0.11211942136287689 0.6368474294972974 0.019107659657796233 0.022297940512960215
0 0.13583648204803467 0.6377671585356676 0.019107659657796205 0.022297940512960215
0 0.1600705087184906 0.6389590862185456 0.01915438969930011 0.022222297136173692
0 0.1842437982559204 0.639774494951873 0.01915438969930011 0.022222297136173692
0 0.20912903547286987 0.640613918966805 0.01915438969930011 0.022222297136173692
0 0.23358556628227234 0.6414388819400073 0.01915438969930011 0.022222297136173692
0 0.2835124433040619 0.6431230057117551 0.019154389699300167 0.022222297136173692
0 0.3088631331920624 0.64400371285372 0.01925361156463623 0.022348418716312324
0 0.33391425013542175 0.64485629659387 0.01930961012840271 0.022272509197856106
0 0.35945165157318115 0.6456614958446493 0.019631286462148068 0.0225275320600169
0 0.384959876537323 0.6465141828670058 0.02045232057571411 0.023175320884053965
0 0.43705782294273376 0.6482790430377218 0.02045232057571411 0.023175320884053965
0 0.4632655382156372 0.6491668506394012 0.02045232057571411 0.023175320884053965
0 0.48904693126678467 0.6500402162301957 0.02045232057571411 0.023175320884053965
0 0.5156784653663635 0.6509423810382222 0.02045232057571411 0.023175320884053965
0 0.5416258573532104 0.6519030523726458 0.020663321018218994 0.023340240005374824
0 0.1576559692621231 0.6706211555181363 0.019356985886891664 0.022726694742838487
0 0.18226054310798645 0.6716601349586664 0.019356985886891664 0.022726694742838487
0 0.20665542781352997 0.6726902598379649 0.019356985886891664 0.022726694742838487
0 0.23119346797466278 0.6737264297549094 0.019356985886891664 0.022726694742838487
0 0.25656959414482117 0.6747979896013127 0.019356985886891692 0.022726694742838487
0 0.2818163335323334 0.6758640858209982 0.01935698588689172 0.022726694742838487
0 0.3067852258682251 0.6763925330583439 0.01974111795425415 0.02299750867740134
0 0.3319731056690216 0.6774110128713209 0.01974298556645715 0.02308305843855978
0 0.38312432169914246 0.6794009918133879 0.01974298556645715 0.02308305843855978
0 0.4088246822357178 0.6804008346370892 0.01974298556645715 0.02308305843855978
0 0.43496212363243103 0.6814176815865017 0.01974298556645715 0.02308305843855978
0 0.4613628685474396 0.6824447720549828 0.01974298556645715 0.02308305843855978
0 0.48748454451560974 0.6833497096635139 0.020066360632578495 0.023114906725033253
0 0.5139585733413696 0.6846616798020548 0.020155469576517815 0.02317106261733885
0 0.1555965542793274 0.7025634337706835 0.019402200977007567 0.022601105446039244
0 0.17965835332870483 0.7037896888200627 0.019402200977007567 0.022601105446039244
0 0.20470035076141357 0.704735378886378 0.019557962814966856 0.02274736507918478
0 0.22905364632606506 0.7059366450598205 0.019557962814966856 0.02274736507918478
0 0.2538852319121361 0.7071615036715964 0.01955796281496683 0.02274736507918478
0 0.27905139327049255 0.708402865781087 0.0195579628149668 0.02274736507918478
0 0.3044765591621399 0.7096570037132086 0.0195579628149668 0.02274736507918478
0 0.35557180643081665 0.7116902817127316 0.019953151543935177 0.02281437363735465
0 0.38132864236831665 0.7126084704731785 0.02035502592722571 0.023049140161322125
0 0.4071376323699951 0.7137846357881406 0.02035502592722571 0.023049140161322125
0 0.4330390989780426 0.7149650154399227 0.02035502592722571 0.023049140161322125
0 0.45922109484672546 0.7161581793496775 0.02035502592722571 0.023049140161322125
0 0.15242978930473328 0.7352932331173919 0.01971036195755005 0.022615388382312862
0 0.17705777287483215 0.7364476004312205 0.019739508628845215 0.023384848306345386
0 0.20211781561374664 0.7372710205787836 0.019497185945510864 0.022579370543014173
0 0.14969076216220856 0.7675187754076581 0.019783511757850647 0.02323085577913044
0 0.1743767410516739 0.7689690882640126 0.019783511757850647 0.02323085577913044
0 0.22450242936611176 0.7719139959997582 0.019783511757850647 0.02323085577913044
0 0.24974261969327927 0.7733968690384266 0.019783511757850647 0.02323085577913044
0 0.2746540307998657 0.7748604261434369 0.019783511757850647 0.02323085577913044
0 0.3002183437347412 0.7757263741873015 0.020289823412895203 0.0233776476956152
0 0.3262759745121002 0.7769289599097664 0.020289823412895203 0.0233776476956152
0 0.37783193588256836 0.7793083190917969 0.021004537741343143 0.02375107402949381
0 0.40372344851493835 0.7807284373042471 0.021004537741343143 0.02375107402949381
0 0.43072980642318726 0.7822097034342728 0.021004537741343143 0.02375107402949381
0 0.4567197561264038 0.7836352208012289 0.021004537741343143 0.02375107402949381
0 0.48348385095596313 0.7851031990938409 0.021004537741343143 0.02375107402949381
0 0.5103707313537598 0.786717324793077 0.021108686923980713 0.023839728776798692
0 0.09708806872367859 0.7988581102947856 0.019800662994384766 0.02288043591403233
0 0.12161761522293091 0.8001837363156518 0.019781266649564103 0.023203058760295433
0 0.17222890257835388 0.8028072978174964 0.01978126664956409 0.023203058760295433
0 0.19708749651908875 0.8040959046374514 0.01978126664956409 0.023203058760295433
0 0.22194936871528625 0.8053846813939024 0.01978126664956409 0.023203058760295433
0 0.2472628727555275 0.8066968696061955 0.019781266649564117 0.023203058760295433
0 0.2734873592853546 0.8080562808533771 0.019781266649564144 0.023203058760295433
0 0.29797065258026123 0.8091435099756995 0.02087845404942834 0.02382174942844587
0 0.35000374913215637 0.8120198130952289 0.02087845404942834 0.02382174942844587
0 0.3759557008743286 0.8134543938659398 0.02087845404942834 0.02382174942844587
0 0.4021351933479309 0.8149015527102038 0.02087845404942834 0.02382174942844587
0 0.42878103256225586 0.8163744904274164 0.02087845404942834 0.02382174942844587
0 0.45515671372413635 0.8182221346123274 0.02099829912185669 0.023907447046087583
0 0.48197367787361145 0.8189715895541879 0.021249810854593876 0.0237325623978016
0 0.09400887787342072 0.8317020327545875 0.02018710970878601 0.02297725233920785
0 0.11866392940282822 0.8331135876305155 0.02018710970878601 0.02297725233920785
0 0.14340700209140778 0.8345301819076495 0.02018710970878601 0.02297725233920785
0 0.16883008182048798 0.8359857080544874 0.02018710970878601 0.02297725233920785
0 0.1940619796514511 0.837430288625318 0.02018710970878601 0.02297725233920785
0 0.21925783157348633 0.8389430326115104 0.020165562629699707 0.02320708045663771
0 0.24456709623336792 0.8404633278070495 0.020165562629699707 0.02320708045663771
0 0.295762836933136 0.8435385905483368 0.020165562629699707 0.02320708045663771
0 0.32197749614715576 0.8440958026404246 0.020127197106679318 0.02343052117399456
0 0.34795182943344116 0.8460271968397983 0.02083587646484375 0.02408588024996983
0 0.09153896570205688 0.8645101148028707 0.02007212241490683 0.023428451183230378
0 0.11617795377969742 0.8661312823690881 0.020072122414906815 0.023428451183230378
0 0.14137595891952515 0.8677510106286337 0.02037909130255383 0.02380004409671765
0 0.16640737652778625 0.8694666221539005 0.02037909130255383 0.02380004409671765
0 0.19119477272033691 0.8716831295702719 0.020518556237220764 0.023942400318707497
0 0.2163446843624115 0.8731437505677689 0.020518556237220764 0.023942400318707497
0 0.24209987372159958 0.8746395240284442 0.020518556237220764 0.023942400318707497
0 0.267376571893692 0.8761075083547106 0.020518556237220764 0.023942400318707497
0 0.2934759259223938 0.8776232697242914 0.020518556237220764 0.023942400318707497
0 0.3194913864135742 0.8791341588436553 0.020518556237220764 0.023942400318707497
0 0.09069874882698059 0.8966469875601835 0.02025774121284485 0.022722111191860465
0 0.11433647572994232 0.8985531829124274 0.020638540387153625 0.02326462619988482
0 0.13909529149532318 0.9005763918854469 0.02090721329053241 0.023324301076489827
0 0.16345030069351196 0.9024179504122118 0.02090721329053241 0.023324301076489827
0 0.18898136913776398 0.9043484344620569 0.02090721329053241 0.023324301076489827
0 0.21421648561954498 0.906256540657081 0.02090721329053241 0.023324301076489827
0 0.23951347172260284 0.9081693250079488 0.02090721329053241 0.023324301076489827
0 0.2653649151325226 0.9098707409470796 0.021201322476069095 0.023800990378209676
0 0.29144343733787537 0.9117170821788699 0.021201322476069095 0.023800990378209676
