0 0.7917817234992981 0.05269516711277705 0.019870638847351074 0.022152408148891245
0 0.8177894353866577 0.053539742812689736 0.019870638847351074 0.022152408148891245
0 0.8442609058756407 0.05340810086866324 0.019870638847351074 0.022152408148891245
0 0.07495521008968353 0.07950170095576796 0.020395224293073028 0.021248270374859945
0 0.10107707977294922 0.07894300814733768 0.020395224293073028 0.021248270374859945
0 0.1273154318332672 0.07838182402158757 0.020395224293073014 0.021248270374859945
0 0.15405362844467163 0.0778099492538807 0.020395224293073 0.021248270374859945
0 0.18075580894947052 0.07723884479626235 0.020395224293073 0.021248270374859945
0 0.207266703248024 0.07807104863756104 0.02049076557159424 0.021442465079847227
0 0.2611273229122162 0.07783239941264308 0.020679394404093387 0.02205507145371548
0 0.31436362862586975 0.07870180538830364 0.020679394404093387 0.02205507145371548
0 0.3412396311759949 0.07918866845064385 0.020412981510162354 0.022112702214440633
0 0.3682728707790375 0.07954801023365539 0.020412981510162354 0.022112702214440633
0 0.3958567678928375 0.07991467168144442 0.020412981510162354 0.022112702214440633
0 0.42289939522743225 0.08027413825172688 0.020412981510162354 0.022112702214440633
0 0.44822072982788086 0.0806107243826223 0.020412981510162354 0.022112702214440633
0 0.4733131527900696 0.0809545073398324 0.020117302735646603 0.02235585220100343
0 0.4998258948326111 0.08127004340280725 0.020117302735646547 0.02235585220100343
0 0.5265651941299438 0.08072450549103492 0.020661433537801033 0.02241218921750091
0 0.5521456599235535 0.08123128913169683 0.020613431930541992 0.022826335226842593
0 0.6082264184951782 0.08156074915656042 0.020613431930541992 0.022826335226842593
0 0.6345922946929932 0.08171564189426453 0.020613431930541992 0.022826335226842593
0 0.6607657670974731 0.08186940430919573 0.020613431930541992 0.022826335226842593
0 0.6875535249710083 0.08202677549317826 0.020613431930541992 0.022826335226842603
0 0.6898476323302911 0.14737231926419392 0.0206338564554851 0.02256318765093191
0 0.7155277570899652 0.14744803885946628 0.0206338564554851 0.02256318765093191
0 0.7420381745513605 0.1475262066292674 0.0206338564554851 0.02256318765093191
0 0.7689391216453241 0.14760552590226395 0.0206338564554851 0.02256318765093191
0 0.7959629139121698 0.14768520739261182 0.0206338564554851 0.02256318765093191
0 0.8220800003226922 0.14774041537185426 0.020647843678792244 0.02246031650277071
0 0.8498399695571588 0.14820438901602212 0.02132944266001391 0.022942949635113872
0 0.0667160302400589 0.20826246572095294 0.021475543578465782 0.02402451980945676
0 0.09421839565038681 0.20787387224434148 0.021314819653828948 0.023966560068056593
0 0.12096478044986725 0.20805247994356377 0.021314819653828934 0.023966560068056593
0 0.14889787137508392 0.2082390122596029 0.02131481965382892 0.023966560068056593
0 0.17568182945251465 0.2084178708666311 0.02131481965382892 0.023966560068056593
0 0.2030153125524521 0.20860039910604788 0.02131481965382892 0.023966560068056593
0 0.25752022862434387 0.20896437344235125 0.021314819653828948 0.023966560068056593
0 0.3138147685803524 0.20941664480198344 0.02083439628283179 0.022891702578049324
0 0.34107873776332054 0.20997976008292862 0.02195967237154639 0.024026589800221022
0 0.3683190439023128 0.2104515387534379 0.02190234263738 0.02376887595006659
0 0.3950465414799801 0.21071867322921137 0.02160910765329993 0.023417746373849295
0 0.4221600135978387 0.21163510514331604 0.02160910765329993 0.023417746373849295
0 0.44966722933613523 0.21226125145172325 0.021890083948771122 0.02372065995090689
0 0.4752211710628198 0.21258424328316844 0.021890083948771122 0.02372065995090689
0 0.502110942285888 0.2121491462853473 0.022103309631347656 0.024074731871139173
0 0.5285274228271173 0.2125531490647591 0.022103309631347656 0.024074731871139173
0 0.5833761533912347 0.21339198297227102 0.022103309631347656 0.024074731871139173
0 0.610294445436828 0.21380366025026662 0.022103309631347656 0.024074731871139173
0 0.6371851405318902 0.21421491547186075 0.022103309631347656 0.024074731871139173
0 0.6877951622009277 0.27916588894156524 0.02169013023376465 0.025935017785360646
0 0.7139109969139099 0.28030856820039973 0.021760662396748787 0.0256882157436637
0 0.7408674955368042 0.2799365314977605 0.021760662396748787 0.0256882157436637
0 0.7684276700019836 0.27955616323941856 0.021760662396748787 0.0256882157436637
0 0.7958294749259949 0.27917798069824706 0.021760662396748787 0.0256882157436637
0 0.8234055042266846 0.2787973936214003 0.021760662396748787 0.0256882157436637
0 0.8509886860847473 0.27813405768815863 0.0221294562021892 0.02545982183412064
0 0.06359497644007206 0.34134199452954667 0.022204730659723282 0.026098487913146527
0 0.11729391664266586 0.3425322295941035 0.022204730659723282 0.026098487913146527
0 0.14509350061416626 0.3431484063659008 0.022204730659723282 0.026098487913146527
0 0.17287667095661163 0.3437642193302047 0.022204730659723282 0.026098487913146527
0 0.20102368295192719 0.3443880968315657 0.022204730659723282 0.026098487913146527
0 0.22835001349449158 0.3436927889146268 0.02229688564936322 0.026578799698703946
0 0.28270816802978516 0.344084806220476 0.022296885649363163 0.026578799698703946
0 0.3103562891483307 0.3454752633737963 0.02185523509979248 0.02756708721781886
0 0.3372211158275604 0.3448340545213512 0.021648546059926388 0.025452502938204034
0 0.3648858368396759 0.34500944891641305 0.021648546059926388 0.025452502938204034
0 0.39273422956466675 0.34518600779055847 0.021648546059926388 0.025452502938204034
0 0.4196358025074005 0.34535656382509927 0.021648546059926388 0.025452502938204034
0 0.4463619589805603 0.34552600771881814 0.021648546059926388 0.025452502938204034
0 0.4718642830848694 0.34568769251249415 0.021648546059926388 0.025452502938204034
0 0.06058579310774803 0.40900194922158883 0.022058121860027313 0.024082154266593936
0 0.08815834671258926 0.40951524348853025 0.022058121860027313 0.024082154266593936
0 0.11632781475782394 0.4100396499928254 0.022058121860027313 0.024082154266593936
0 0.14454792439937592 0.41056499924770623 0.022058121860027313 0.024082154266593936
0 0.17174102365970612 0.4110712295429025 0.022058121860027313 0.024082154266593936
0 0.19965916872024536 0.41030834996423055 0.021188601851463318 0.024153805518335205
0 0.22709675133228302 0.4103942998890057 0.02157058815161389 0.02434947878815407
0 0.2551724910736084 0.4105548037487961 0.021560033162434905 0.02467890303264298
0 0.28279975056648254 0.4110513731490734 0.021560033162434933 0.02467890303264298
0 0.31049585342407227 0.41154917993260753 0.021560033162434933 0.02467890303264298
0 0.3648166060447693 0.4125255353166233 0.021560033162434933 0.02467890303264298
0 0.3918270766735077 0.4130110186199809 0.021560033162434933 0.02467890303264298
0 0.4189121127128601 0.4134978421540349 0.021560033162434933 0.02467890303264298
0 0.4461519420146942 0.41359743293057555 0.020925939083099365 0.02472435411556741
0 0.4718117117881775 0.41385961133380267 0.020925939083099365 0.02472435411556741
0 0.49846455454826355 0.41414238324538827 0.020865539709726988 0.02501382753830542
0 0.5250174403190613 0.4146611634995545 0.020675083001454597 0.024849647699400436
0 0.5519476532936096 0.41387685570653404 0.020904044310251946 0.02455902099609375
0 0.05819539353251457 0.4782145782508102 0.021500041087468467 0.024099009905674606
0 0.11400086432695389 0.4784743286842524 0.021153618892033904 0.02398992139239644
0 0.14130614697933197 0.478641632668595 0.021153618892033876 0.02398992139239644
0 0.1692502200603485 0.4788128506275787 0.021153618892033876 0.02398992139239644
0 0.19783419370651245 0.47898798936319376 0.021153618892033876 0.02398992139239644
0 0.22581325471401215 0.4791594216989916 0.021153618892033876 0.02398992139239644
0 0.253299243748188 0.4793343112317457 0.02065509557723999 0.023662271425705494
0 0.30976760387420654 0.4794495161189589 0.02065509557723999 0.023662271425705494
0 0.33661311864852905 0.47926822928495183 0.02090628941853845 0.0230973413748334
0 0.39203786849975586 0.4794335990333709 0.02090628941853845 0.0230973413748334
0 0.418506383895874 0.47951257262808866 0.02090628941853845 0.0230973413748334
0 0.4454866647720337 0.4795930731675181 0.02090628941853845 0.0230973413748334
0 0.472017377614975 0.47967223233954853 0.02090628941853845 0.0230973413748334
0 0.5249335169792175 0.48009495667632757 0.020745356877644783 0.022756088611691497
0 0.551803708076477 0.48027087366858195 0.020745356877644783 0.022756088611691497
0 0.5791013240814209 0.480449588977525 0.020745356877644783 0.022756088611691497
0 0.0554724165774656 0.5488020646227675 0.021651229510704674 0.024026441943737833
0 0.08368613548351056 0.5492634655641283 0.021572719017664582 0.023820123007131176
0 0.11204419262481458 0.5496394793864621 0.021997074286142976 0.023979453153388446
0 0.1404465658195091 0.5496334031546146 0.021997074286143004 0.023979453153388446
0 0.16866648919654614 0.5496273659549771 0.021997074286143004 0.023979453153388446
0 0.1964484972484184 0.5496214224402941 0.021997074286143004 0.023979453153388446
0 0.22421482927871472 0.5496154822792445 0.021997074286143004 0.023979453153388446
0 0.053464359519156554 0.6187224667033652 0.021682552993297605 0.0243016915727956
0 0.10915257781744003 0.6178833665020146 0.021682552993297577 0.0243016915727956
0 0.1380136234290672 0.618700220425173 0.021682552993297577 0.0243016915727956
0 0.16576144821716077 0.618427031976056 0.021682552993297577 0.0243016915727956
0 0.19364141650272138 0.6187004843480844 0.021682552993297577 0.0243016915727956
0 0.2219817340373993 0.6179935987605605 0.021494542558987917 0.023909960606301423
0 0.04941627010703087 0.6879300369560645 0.02232758204142253 0.024628483971884083
0 0.0775931254029274 0.6878944219544877 0.022327582041422517 0.024628483971884083
0 0.10677216947078705 0.687834806220476 0.02170740564664206 0.02450721208439317
0 0.13511686027050018 0.6877055371102943 0.021707405646642045 0.02450721208439317
0 0.16265869140625 0.6875799295307709 0.02170740564664203 0.02450721208439317
0 0.191196471452713 0.687449779815636 0.02170740564664203 0.02450721208439317
0 0.21955598890781403 0.6873204430868459 0.02170740564664203 0.02450721208439317
0 0.24737539142370224 0.6871640320532522 0.021808465321858733 0.024164865183275798
0 0.27612757682800293 0.6869526352993277 0.02180846532185876 0.024164865183275798
0 0.300812304019928 0.686852605606743 0.021682411432266235 0.024126008499500362
0 0.04693576321005821 0.7602539116265994 0.022342361509799957 0.025180609651314304
0 0.07472492009401321 0.7601665530845495 0.022342361509799957 0.025180609651314304
0 0.10370355099439621 0.7600754552885052 0.022342361509799957 0.025180609651314304
0 0.13241895660758018 0.7600882012003911 0.02196888128916423 0.024883713833121365
0 0.159760519862175 0.7598992334947862 0.021968881289164244 0.024883713833121365
0 0.18907757103443146 0.7596966124579587 0.021968881289164244 0.024883713833121365
0 0.24689929164720303 0.7602162082233926 0.02223445475101471 0.02558070929475544
0 0.2740341497190071 0.7593102077576527 0.022170265515645382 0.025218342625817586
0 0.30160445697379834 0.7592966887545972 0.022170265515645382 0.025218342625817586
0 0.33053804166389233 0.7592825012732529 0.022170265515645382 0.025218342625817586
0 0.35860354430747754 0.7592687394528828 0.022170265515645382 0.025218342625817586
0 0.3871800077683998 0.7592547270846753 0.022170265515645382 0.025218342625817586
0 0.4147196782357765 0.7592412231042606 0.022170265515645382 0.025218342625817586
0 0.44185010321212537 0.7591555449557691 0.021785755952199337 0.024950840676477824
0 0.4694849632003091 0.7587507853848241 0.021593032461224182 0.025473734265067292
0 0.5238946676254272 0.7584059959234193 0.02203989028930664 0.026379489159399337
0 0.5515134334564209 0.7587345163957168 0.02203989028930664 0.026379489159399337
0 0.5794656872749329 0.7590670036503041 0.02203989028930664 0.026379489159399337
0 0.6077843904495239 0.7594038497569949 0.02203989028930664 0.026379489159399337
0 0.6354690194129944 0.7597331536599323 0.02203989028930664 0.026379489159399337
0 0.6635850667953491 0.7595704174838167 0.02263319492340088 0.02678443849548802
0 0.6920204758644104 0.7596552985598188 0.02263319492340088 0.02678443849548802
0 0.7186080813407898 0.7597346638524255 0.02263319492340088 0.02678443849548802
0 0.04526555842973969 0.8325073828236833 0.022684616347153977 0.026049710059350663
0 0.10064097493886948 0.8324236049103939 0.02268461634715399 0.026049710059350663
0 0.12923607602715492 0.8334628768590235 0.022986163695653275 0.026789524758509074
0 0.18566229939460754 0.8331126723178598 0.02298616369565326 0.026789524758509074
0 0.2146490216255188 0.8328408529592115 0.023004919290542603 0.027353035387142795
0 0.24301965534687042 0.832681486148604 0.023004919290542603 0.027353035387142795
0 0.30091794512488634 0.8334150513216376 0.022661864757537842 0.026816198068071596
0 0.3300731696865776 0.8329686063372643 0.022661864757537842 0.026816198068071596
0 0.3575519242069939 0.8325478326228821 0.022661864757537842 0.026816198068071596
0 0.3856930353424767 0.8321169164454215 0.022661864757537842 0.026816198068071596
0 0.41415907623189874 0.8322440101026733 0.022474934657414625 0.02574277613010085
0 0.4422784068367699 0.8323515696143206 0.022661864757537842 0.026816198068071596
0 0.4689260043881157 0.8327741581168212 0.022955795129140255 0.027268284050993106
0 0.4971640028736809 0.8329947769347843 0.0229557951291402 0.027268284050993106
0 0.5243692334854242 0.8331052649599981 0.022521002726121342 0.027323649079298802
0 0.55369489662575 0.833217677020645 0.02453492265759083 0.025997697403389097
0 0.5819490922219825 0.8336165470502341 0.02277321707118629 0.025199957344210953
