0 0.11892896890640259 0.15691990076109422 0.018870751063028976 0.020957776742388124
0 0.14316323399543762 0.15616312692331713 0.018853227297465025 0.020283048467118595
0 0.1671118587255478 0.15502949563552854 0.018853227297465025 0.020283048467118595
0 0.19025816023349762 0.153933843092566 0.018853227297465025 0.020283048467118595
0 0.21381936967372894 0.1528185504817964 0.018853227297465025 0.020283048467118595
0 0.23723509907722473 0.15171014430911042 0.018853227297465025 0.020283048467118595
0 0.2606353163719177 0.14962981468023256 0.018961727619171143 0.020718862844067952
0 0.2840630114078522 0.1480437666978854 0.018961727619171143 0.020718862844067952
0 0.30714142322540283 0.14701578045697927 0.019189129273096683 0.020702029383459757
0 0.35513928532600403 0.14379261815270714 0.02013132969538367 0.021561068157817043
0 0.40603119134902954 0.14027642919424688 0.02013132969538367 0.021561068157817043
0 0.42988821864128113 0.1386281156901556 0.02013132969538367 0.021561068157817043
0 0.45533832907676697 0.13686973396901586 0.02013132969538367 0.021561068157817043
0 0.4798491597175598 0.13517624832863032 0.02013132969538367 0.021561068157817043
0 0.5061423778533936 0.13345780096420687 0.020399888356526674 0.021552780801935727
0 0.53175288438797 0.13187327585535988 0.021038571993510002 0.02190793207449505
0 0.5576208233833313 0.13001241240390513 0.021038571993510002 0.02190793207449505
0 0.5833908319473267 0.12815859377966085 0.021038571993510002 0.02190793207449505
0 0.6102687120437622 0.1262250781357199 0.021038571993510002 0.02190793207449505
0 0.6366941332817078 0.12432411105133766 0.021038571993510002 0.02190793207449505
0 0.6644346117973328 0.12232854261409766 0.021038571993510002 0.02190793207449505
0 0.6913031339645386 0.12074976189191951 0.021087487538655525 0.02176900612291438
0 0.7177327871322632 0.1189460856902829 0.020927747090657478 0.021787820860396986
0 0.11915024369955063 0.18737994399127764 0.018056829770406083 0.020061267438785044
0 0.14219844341278076 0.18668935077521603 0.018504162629445375 0.020144691762998115
0 0.16655781865119934 0.1849370612654575 0.018504162629445375 0.020144691762998115
0 0.18931090831756592 0.1833003197666818 0.018504162629445375 0.020144691762998136
0 0.23608922958374023 0.17993532535132614 0.018504162629445375 0.020144691762998115
0 0.2601988911628723 0.17820099897162858 0.01850416262944543 0.020144691762998115
0 0.28272274136543274 0.17658074779346736 0.01850416262944543 0.020144691762998136
0 0.3074396550655365 0.17601392989934878 0.018423408269882202 0.020353139832962372
0 0.33107584714889526 0.17478845285814862 0.01927107572555542 0.020844806996426827
0 0.3552839756011963 0.17265155703522436 0.01929153998692834 0.021135248879129587
0 0.38031840324401855 0.17134294233849726 0.01929153998692834 0.021135248879129587
0 0.4058407247066498 0.17026685005010558 0.01971280574798584 0.02144074255181836
0 0.4301859736442566 0.1687157576019399 0.01971280574798584 0.02144074255181836
0 0.4550884962081909 0.16712915995456376 0.01971280574798584 0.02144074255181836
0 0.48092326521873474 0.16548316671723612 0.01971280574798584 0.02144074255181836
0 0.5065877437591553 0.16384802308193472 0.01971280574798584 0.02144074255181836
0 0.532372236251831 0.1626901626586914 0.01999862988789869 0.02148360614628756
0 0.5576773285865784 0.1611367146389696 0.020102322101593018 0.021622458169626636
0 0.5842871069908142 0.1585109732871832 0.020320097605387444 0.02188227158184198
0 0.6112829446792603 0.1578733957485625 0.021042704582214355 0.022229837816815045
0 0.6366080641746521 0.15603036658708438 0.02115730444590258 0.022255136061084348
0 0.6646769046783447 0.1540852146790311 0.02115730444590258 0.022255136061084348
0 0.6915879845619202 0.15164752089864547 0.021714448928833008 0.022695179133452172
0 0.7186174988746643 0.1500621507334155 0.021714448928833008 0.022695179133452172
0 0.746446967124939 0.14842986063128077 0.021714448928833008 0.022695179133452172
0 0.7749718427658081 0.1467567825920425 0.021714448928833008 0.022695179133452172
0 0.8027194738388062 0.14512929251027665 0.021714448928833008 0.022695179133452172
0 0.1163543313741684 0.21587999476942904 0.018544673919677734 0.02026250380878298
0 0.14067035913467407 0.21457560045277774 0.018717363476753235 0.02037645680035729
0 0.1640646755695343 0.21321117046267488 0.018717363476753235 0.02037645680035729
0 0.18541884422302246 0.21196572829702492 0.018717363476753235 0.02037645680035729
0 0.233698770403862 0.20897154122841657 0.01890579362710315 0.020745210869367734
0 0.2572043016552925 0.20777897502100745 0.019244447350502014 0.020528645478477745
0 0.28227418661117554 0.20654538957566465 0.019244447350502014 0.020528645478477745
0 0.3301376402378082 0.2040995442590048 0.018990059693654415 0.020906463149906157
0 0.35480818152427673 0.20281998605427168 0.018990059693654415 0.020906463149906157
0 0.3793444335460663 0.20154739287427934 0.018990059693654415 0.020906463149906157
0 0.404621958732605 0.20023635294320477 0.018990059693654415 0.020906463149906157
0 0.4552929401397705 0.19760826022125955 0.018990059693654415 0.020906463149906157
0 0.4804598093032837 0.19648582436317621 0.019695242245992062 0.020999779072842863
0 0.5065622478723526 0.194992603257645 0.02023493250211078 0.021535877109498024
0 0.5318825840950012 0.19340190655546813 0.020234932502110725 0.021535877109498024
0 0.5580984354019165 0.1917549510074858 0.020234932502110725 0.021535877109498024
0 0.5845579504966736 0.1900926877961157 0.020234932502110725 0.021535877109498024
0 0.6113090515136719 0.1884121063143708 0.020234932502110725 0.021535877109498024
0 0.6378213763237 0.1870542847832968 0.02028612295786547 0.02181594685990682
0 0.6924188733100891 0.18345727476962778 0.020590821901957268 0.022016421769016487
0 0.7196019887924194 0.18158968104872591 0.0216942230860393 0.022879352865293037
0 0.7477620840072632 0.1799321301628106 0.0216942230860393 0.022879352865293037
0 0.7760146260261536 0.17826913770147518 0.0216942230860393 0.022879352865293037
0 0.8036043047904968 0.17664516249368356 0.0216942230860393 0.022879352865293037
0 0.8325139284133911 0.174943493096545 0.0216942230860393 0.022879352865293037
0 0.8601969480514526 0.1737613677978516 0.021741072336832756 0.022962352102117008
0 0.1149323508143425 0.2439511682816529 0.018337031205495208 0.02020467713821766
0 0.13763311505317688 0.24292513381603154 0.018308361371358217 0.019961482794709936
0 0.1607290804386139 0.24179349069409903 0.018308361371358217 0.019961482794709936
0 0.18388333916664124 0.24065899134775265 0.018308361371358217 0.019961482794709936
0 0.20698182284832 0.2395272248357573 0.018308361371358217 0.019961482794709936
0 0.23139140009880066 0.2383312180984852 0.018308361371358217 0.019961482794709936
0 0.2549491599202156 0.23697645983908208 0.018923963109652192 0.020422425380972928
0 0.2801101505756378 0.23550026915794195 0.018923963109652164 0.020422425380972928
0 0.32960045337677 0.23373337679131087 0.019370774428049686 0.02077766536742215
0 0.3536797761917114 0.23269094637108173 0.019370774428049686 0.02077766536742215
0 0.378212034702301 0.23162890767734842 0.019370774428049686 0.02077766536742215
0 0.4037570655345917 0.23052302453312862 0.019370774428049686 0.02077766536742215
0 0.42863520979881287 0.22944601192030795 0.019370774428049686 0.02077766536742215
0 0.45423319935798645 0.22832283440051043 0.019518812497456905 0.020893791849298966
0 0.4800557494163513 0.2271975140238917 0.019518812497456905 0.020893791849298966
0 0.5057387799024582 0.22607827376783599 0.01951881249745685 0.020893791849298966
0 0.5320334434509277 0.22454665466870627 0.020474473635355706 0.022009576013846018
0 0.557952880859375 0.22318496260532114 0.020474473635355706 0.022009576013846018
0 0.6119706630706787 0.2203471083664468 0.020474473635355706 0.022009576013846018
0 0.6385402083396912 0.21895126252494812 0.020474473635355706 0.022009576013846018
0 0.6650741696357727 0.2175572861072629 0.020474473635355706 0.022009576013846018
0 0.720490574836731 0.21464595443156506 0.020474473635355706 0.022009576013846018
0 0.7767320275306702 0.21076932093411405 0.022017280260721916 0.022915862327398256
0 0.8053146004676819 0.2091634111510856 0.022017280260721916 0.022915862327398256
0 0.8338209986686707 0.20756178124006405 0.022017280260721916 0.022915862327398256
0 0.11224723607301712 0.27255468590314996 0.01810501515865326 0.020676221034323494
0 0.1351446956396103 0.2715395630889674 0.01810501515865326 0.020676221034323494
0 0.15863202512264252 0.27050324945399884 0.018283153573671995 0.020871923875439048
0 0.18170017004013062 0.2694791749466297 0.018283153573671995 0.020871923875439048
0 0.20511047542095184 0.26843774041464163 0.01850070059299469 0.020800435265829396
0 0.22903363406658173 0.2673762718855266 0.01850070059299469 0.020800435265829396
0 0.25292255729436874 0.2663163223790106 0.01850070059299469 0.020800435265829396
0 0.27752959728240967 0.2652245100924775 0.01850070059299469 0.020800435265829396
0 0.32665443420410156 0.26304484522619914 0.01850070059299469 0.020800435265829396
0 0.35169094800949097 0.2619358525246047 0.018542364239692688 0.02086929203003879
0 0.3770405948162079 0.2614196790441783 0.01898779471715295 0.02096219025841052
0 0.4026571214199066 0.26102703644986497 0.0198133488496145 0.0211667644885159
0 0.42763614654541016 0.2597877591155296 0.0198133488496145 0.0211667644885159
0 0.4538286030292511 0.2584882801531643 0.0198133488496145 0.0211667644885159
0 0.47958242893218994 0.2572105628462008 0.0198133488496145 0.0211667644885159
0 0.5050616413354874 0.2559464698614076 0.019813348849614443 0.0211667644885159
0 0.5584394335746765 0.25329825249717797 0.019813348849614387 0.0211667644885159
0 0.5843941569328308 0.2522960387886574 0.020144055287043328 0.021443418754163612
0 0.6119575500488281 0.25102772823599884 0.020144055287043328 0.021443418754163612
0 0.6391248106956482 0.24977764544611214 0.020144055287043328 0.021443418754163612
0 0.6663202047348022 0.24882050447685775 0.020518342653910393 0.02178057589272193
0 0.6933884620666504 0.24748582297981236 0.020518342653910393 0.02178057589272193
0 0.7493999004364014 0.24492281238082664 0.021634221076965332 0.022770903831304506
0 0.7773244380950928 0.2435857196186864 0.021634221076965332 0.022770903831304506
0 0.806304931640625 0.242219045175721 0.02163151899973559 0.02277272246604742
0 0.11098413914442062 0.30355173132342916 0.018089873095353454 0.02096689209457513
0 0.13355061039328575 0.30228011552677597 0.01808987309535344 0.02096689209457513
0 0.1571633666753769 0.3009495417937499 0.018089873095353426 0.02096689209457513
0 0.17972888052463531 0.2996779799463584 0.018089873095353426 0.02096689209457513
0 0.2035466879606247 0.2983358516249546 0.018089873095353426 0.02096689209457513
0 0.22801318764686584 0.2969571696349027 0.018089873095353426 0.02096689209457513
0 0.25281351804733276 0.2949894764344431 0.018095672130584717 0.02091638431992642
0 0.2763010263442993 0.2959334129510924 0.019333183765411377 0.021592177161874726
0 0.32610172033309937 0.2939602382206739 0.019333183765411377 0.021592177161874726
0 0.3508913815021515 0.2929946322773778 0.01946312189102173 0.021814301956531612
0 0.37623918056488037 0.2919898972526401 0.01946312189102173 0.021814301956531612
0 0.40129196643829346 0.2909968559486602 0.01946312189102173 0.021814301956531612
0 0.4269758462905884 0.28997879936730203 0.01946312189102173 0.021814301956531612
0 0.45333725214004517 0.28957097076663424 0.020085891087849972 0.022267408149186953
0 0.4789696931838989 0.28840597285780795 0.020085891087849972 0.022267408149186953
0 0.5312260985374451 0.28603091217375115 0.02008589108784986 0.022267408149186953
0 0.5580062866210938 0.2848137490068859 0.02008589108784986 0.022267408149186953
0 0.5851591229438782 0.28357964892720067 0.02008589108784986 0.022267408149186953
0 0.611623227596283 0.28237685179499367 0.02008589108784986 0.022267408149186953
0 0.6672397255897522 0.280397749545054 0.020480990409851074 0.022310759670050598
0 0.6944798827171326 0.2793417699793685 0.020480990409851074 0.022310759670050598
0 0.7218146920204163 0.2782821211703988 0.020480990409851074 0.022310759670050598
0 0.10774871706962585 0.3326009356989351 0.018218706051508576 0.020641474760780067
0 0.13138173520565033 0.33175342027531113 0.01821870605150859 0.020641474760780067
0 0.1550523340702057 0.33090455715048045 0.018218706051508604 0.020641474760780067
0 0.17751188576221466 0.330099123990945 0.018218706051508604 0.020641474760780067
0 0.20155517756938934 0.3292368955390398 0.018218706051508604 0.020641474760780067
0 0.22629007697105408 0.3283498650030312 0.018218706051508604 0.020641474760780067
0 0.2503006383776665 0.32732843795380395 0.018873969713846833 0.021194960719855285
0 0.2749905288219452 0.3267237048445336 0.019357482592264774 0.02172273443650827
0 0.300037682056427 0.32599371533061183 0.019357482592264774 0.02172273443650827
0 0.32486316561698914 0.32578575580922586 0.019406358400980595 0.02206376541492551
0 0.34974807500839233 0.3248986088952353 0.019577274719874027 0.02237278546473774
0 0.401280015707016 0.3230482880906267 0.019577274719874027 0.02237278546473774
0 0.4529193341732025 0.3211941117487614 0.019577274719874027 0.02237278546473774
0 0.47862958908081055 0.32030398346656974 0.02012925346692407 0.022646453029425598
0 0.504556342959404 0.319342569508776 0.020129253466924013 0.022646453029425598
0 0.5312959551811218 0.3183510131983974 0.020129253466923958 0.022646453029425598
0 0.5577667951583862 0.31736942348038494 0.020129253466923958 0.022646453029425598
0 0.5846495032310486 0.31637256090031113 0.020129253466923958 0.022646453029425598
0 0.6115290522575378 0.3153127697900542 0.020671844482421875 0.022404352823893258
0 0.6389783024787903 0.3142305168348786 0.020671844482421875 0.022404352823893258
0 0.6672527194023132 0.31311572969043217 0.020671844482421875 0.022404352823893258
0 0.6947683691978455 0.3120308587717455 0.020671844482421875 0.022404352823893258
0 0.10545378178358078 0.36384747578524074 0.018410017093022674 0.021185571833174332
0 0.15247195959091187 0.361604486226165 0.018705512086550413 0.021340421927991737
0 0.17619433999061584 0.3606281280517578 0.01875665783882141 0.021318997523581306
0 0.19992472231388092 0.35986969407797337 0.01875665783882141 0.021318997523581306
0 0.22346177697181702 0.3591174389456193 0.01875665783882141 0.021318997523581306
0 0.2487477883696556 0.3575391270081159 0.01910686492919922 0.0218404725540516
0 0.2994857132434845 0.35668767884720204 0.01910686492919922 0.0218404725540516
0 0.324415922164917 0.3562693176195772 0.01910686492919922 0.0218404725540516
0 0.34927889704704285 0.3558520846663006 0.01910686492919922 0.0218404725540516
0 0.3750162124633789 0.3554201791452807 0.01910686492919922 0.0218404725540516
0 0.40087148547172546 0.3549862941429353 0.01910686492919922 0.0218404725540516
0 0.12708161771297455 0.39242681737085944 0.01865370074907939 0.02129304871078615
0 0.17486244440078735 0.3912576631058094 0.018653700749079405 0.02129304871078615
0 0.1990332305431366 0.39066622550066743 0.018653700749079405 0.02129304871078615
0 0.2232045829296112 0.39007477404003627 0.018653700749079405 0.02129304871078615
0 0.2481728047132492 0.38946382389512174 0.018653700749079377 0.02129304871078615
0 0.2730094790458679 0.38885609259914883 0.01865370074907935 0.02129304871078615
0 0.324068546295166 0.3881775612054869 0.019407371679941776 0.02195021163585574
0 0.34939077496528625 0.387639813690173 0.019407371679941776 0.02195021163585574
0 0.37522825598716736 0.3870751136957213 0.019778698682785034 0.022393455801084115
0 0.40023282170295715 0.38649350541776484 0.019778698682785034 0.022393455801084115
0 0.4265443980693817 0.38588149596338206 0.019778698682785034 0.022393455801084115
0 0.47812420129776 0.3846817454508568 0.019778698682785034 0.022393455801084115
0 0.5042100101709366 0.3840749873671421 0.019778698682785034 0.022393455801084115
0 0.531294584274292 0.3834198738535034 0.020080357789993286 0.022834452547768305
0 0.5577041506767273 0.38279524291403244 0.020080357789993286 0.022834452547768305
0 0.5845582485198975 0.3821600980536882 0.02152431011199951 0.023666167444036927
0 0.6116052865982056 0.38135747910658996 0.02152431011199951 0.023666167444036927
0 0.6392528414726257 0.38053703986592696 0.02152431011199951 0.023666167444036927
0 0.6952369213104248 0.3788757162458105 0.02152431011199951 0.023666167444036927
0 0.7232018709182739 0.37804585833882176 0.02152431011199951 0.023666167444036927
0 0.751412034034729 0.3772291041919736 0.022471149762471443 0.023938807406166742
0 0.7804063558578491 0.37637439702860614 0.022471149762471443 0.023938807406166742
0 0.8109849095344543 0.3754729891932288 0.022471149762471443 0.023938807406166742
0 0.8407101631164551 0.37460175952299085 0.02257009347279859 0.023935147958208437
0 0.10214052349328995 0.423893521110323 0.018178919951121003 0.021602275759674782
0 0.12552157044410706 0.4232993015023165 0.01852094133694966 0.021638618883236378
0 0.14912153780460358 0.42284614994760344 0.018520941336949648 0.021638618883236378
0 0.17366820573806763 0.4223748204509494 0.018520941336949648 0.021638618883236378
0 0.1976248174905777 0.4219148208375822 0.018520941336949648 0.021638618883236378
0 0.22250622510910034 0.4214781657924378 0.019473363955815615 0.021929689155992558
0 0.2478647083044052 0.42110678207042607 0.019473363955815642 0.021929689155992558
0 0.2727803885936737 0.4207418833495122 0.01947336395581567 0.021929689155992558
0 0.3233819007873535 0.420000806771975 0.01947336395581567 0.021929689155992558
0 0.3487671911716461 0.4196290304494459 0.01947336395581567 0.021929689155992558
0 0.37473899126052856 0.4192486644902492 0.01947336395581567 0.021929689155992558
0 0.4005432426929474 0.41876484211863574 0.019637326399485233 0.022198403528494372
0 0.42588016390800476 0.418350185856062 0.019637326399485233 0.022198403528494372
0 0.45219841599464417 0.41791946943416153 0.019637326399485233 0.022198403528494372
0 0.4782724976539612 0.4174927490304026 0.019637326399485233 0.022198403528494372
0 0.504167914390564 0.4168020341080449 0.02015787363052368 0.022747394650481468
0 0.531122088432312 0.4163476810898892 0.020782430966695076 0.022953477016715115
0 0.5579149723052979 0.4156901509236986 0.020782430966695076 0.022953477016715115
0 0.5849352478981018 0.41502704028636384 0.020782430966695076 0.022953477016715115
0 0.611897885799408 0.4143653441485301 0.020782430966695076 0.022953477016715115
0 0.6677921414375305 0.41299363069756084 0.020782430966695076 0.022953477016715115
0 0.6959044933319092 0.41225852093196225 0.021344463030497307 0.02376322783240971
0 0.7238728404045105 0.4115593614854491 0.021344463030497307 0.02376322783240971
0 0.7527801394462585 0.41083672989246456 0.021344463030497307 0.02376322783240971
0 0.7821237444877625 0.40996130122694857 0.0223313570022583 0.023460506468780336
0 0.8110841512680054 0.40950018446302244 0.0223313570022583 0.023460506468780336
0 0.8414551019668579 0.40901660857232847 0.0223313570022583 0.023460506468780336
0 0.8709584474563599 0.4085468469664108 0.0223313570022583 0.023460506468780336
0 0.10009419173002243 0.45392049745071766 0.01877310872077942 0.021649382835210756
0 0.12313814088702202 0.4538257517625222 0.01877310872077942 0.021649382835210756
0 0.17164184153079987 0.45346273377884266 0.018908138076464354 0.022044987641563766
0 0.1965147703886032 0.4532355581734434 0.018908138076464354 0.022044987641563766
0 0.22096799314022064 0.4530122159319921 0.018908138076464354 0.022044987641563766
0 0.24621108919382095 0.45278165942371307 0.018908138076464326 0.022044987641563766
0 0.27174967527389526 0.45254840407260627 0.018908138076464298 0.022044987641563766
0 0.29635196924209595 0.4521927438251806 0.019466201464335087 0.022489059803097747
0 0.34848305583000183 0.45133838028710876 0.01960512002309167 0.022577625836512894
0 0.37405404448509216 0.4510001692661019 0.01957945028940833 0.0228481440581092
0 0.4000150263309479 0.4506591511521982 0.01957945028940833 0.0228481440581092
0 0.4258692264556885 0.450462119523869 0.019717931747436523 0.022812126218810506
0 0.45144352316856384 0.45005681901350747 0.019717931747436523 0.022812126218810506
0 0.47714436054229736 0.4496495130914232 0.019717931747436523 0.022812126218810506
0 0.503892794251442 0.449225604901282 0.019717931747436523 0.022812126218810506
0 0.5306182503700256 0.44880206085914787 0.019717931747436523 0.022812126218810506
0 0.557843029499054 0.44839819141580134 0.01970325907071424 0.022803934969643346
0 0.584536612033844 0.4480864946232286 0.01996678113937378 0.02284459550251327
0 0.6115624904632568 0.4474935636855996 0.020330270131428962 0.023028795109238734
0 0.6679964065551758 0.44658128605332487 0.020330270131428962 0.023028795109238734
0 0.6961117386817932 0.44588882978572403 0.020499825477600098 0.02299144656159157
0 0.724412739276886 0.4456293246866494 0.02087167898813891 0.023400535879209115
0 0.753925621509552 0.4451435443966888 0.02087167898813891 0.023400535879209115
0 0.7828723192214966 0.4446161846781886 0.02139202753702807 0.023720142453215843
0 0.09782658517360687 0.4849889888319858 0.018635595838228852 0.021568061769470744
0 0.12155627459287643 0.48510855743796943 0.018635595838228866 0.021568061769470744
0 0.1461469829082489 0.48574917824565367 0.0186994920174281 0.02200568738833884
0 0.1708572506904602 0.4853569740472838 0.0186994920174281 0.02200568738833884
0 0.19475753605365753 0.48497762598257244 0.0186994920174281 0.02200568738833884
0 0.22043827176094055 0.4845700184062242 0.0186994920174281 0.02200568738833884
0 0.24567272514104843 0.4841694942740507 0.01869949201742807 0.02200568738833884
0 0.2708292007446289 0.4837702078140709 0.018699492017428043 0.02200568738833884
0 0.2962212562561035 0.48413768866846313 0.0190647691488266 0.022097920262536336
0 0.322090744972229 0.48412141134572584 0.0190647691488266 0.022097920262536336
0 0.3477369546890259 0.4841052745122101 0.0190647691488266 0.022097920262536336
0 0.37359246611595154 0.4834803204203761 0.019332309563954708 0.022375624309214567
0 0.39866894483566284 0.48311388769815133 0.019733349482218387 0.02255719207053961
0 0.42502471804618835 0.4828289144875409 0.019733349482218387 0.02255719207053961
0 0.45118483901023865 0.4825460567773332 0.019733349482218387 0.02255719207053961
0 0.5040023922920227 0.4819749641512482 0.019733349482218443 0.02255719207053961
0 0.530785322189331 0.4816853722860647 0.0197333494822185 0.02255719207053961
0 0.5577021241188049 0.48171488354248615 0.020719806353251213 0.02348079237827035
0 0.5849003195762634 0.4813636070074037 0.020743250846862793 0.02355894931527071
0 0.6122776865959167 0.4810087319275213 0.020743250846862793 0.02355894931527071
0 0.6397358179092407 0.4806528099524006 0.020743250846862793 0.02355894931527071
0 0.6677555441856384 0.4802896083854464 0.020743250846862793 0.02355894931527071
0 0.6962926983833313 0.4799196997354197 0.020743250846862793 0.02355894931527071
0 0.7544490694999695 0.4791706941558475 0.021161794662475586 0.02378549501877417
0 0.09587275236845016 0.5166348745656568 0.018855705857276917 0.022128881410110827
0 0.11977469176054001 0.517067177351131 0.018942683935165405 0.02220289836558266
0 0.1443793624639511 0.5169689837227168 0.018942683935165405 0.02220289836558266
0 0.1694648563861847 0.5168688711994289 0.018942683935165405 0.02220289836558266
0 0.2191142439842224 0.5166658800701762 0.019143059849739075 0.022256895553234013
0 0.2445477768778801 0.5165675313085447 0.019143059849739075 0.022256895553234013
0 0.2698749601840973 0.5164695937894357 0.019143059849739075 0.022256895553234013
0 0.2963986098766327 0.5163670296623003 0.019143059849739075 0.022256895553234013
0 0.3215613067150116 0.5162697281948355 0.019143059849739075 0.022256895553234013
0 0.3730624318122864 0.515995484867179 0.01947287718454993 0.022637182427931148
0 0.4250146746635437 0.5157413926235465 0.01947287718454993 0.022637182427931148
0 0.45105645060539246 0.5152168273925781 0.020090818405151367 0.022834452547768346
0 0.47714659571647644 0.5150450297567848 0.020090818405151367 0.022834452547768346
0 0.5033783316612244 0.5150150476500045 0.0204365650812785 0.02296089941216988
0 0.530623197555542 0.5147587296952568 0.020436565081278557 0.02296089941216988
0 0.5579007863998413 0.51451328188874 0.02104099591573072 0.023629654285519622
0 0.5850915312767029 0.5144712546888996 0.02104099591573072 0.023629654285519622
0 0.6405048370361328 0.5143856054694497 0.02104099591573072 0.023629654285519622
0 0.6685292720794678 0.5143422896817683 0.02104099591573072 0.023629654285519622
0 0.6968854069709778 0.5142984612043514 0.02104099591573072 0.023629654285519622
0 0.7252441048622131 0.5141293583522797 0.02226622899373365 0.024387980616369914
0 0.7546751499176025 0.5139538610964676 0.02226622899373365 0.024387980616369914
0 0.784676194190979 0.5137749649365939 0.02226622899373365 0.024387980616369914
0 0.8143945336341858 0.51359775454499 0.02226622899373365 0.024387980616369914
0 0.843906581401825 0.5134484934252362 0.02306044101715088 0.024775394173555596
0 0.8736766576766968 0.5124984563783158 0.023161371548970466 0.024420479471369362
0 0.09419728070497513 0.5489337946725878 0.01911228895187378 0.022387541541757455
0 0.11877840757369995 0.5487216615831861 0.019341647624969482 0.022234894508539244
0 0.14325542747974396 0.5493598939668595 0.019357234239578247 0.022297674371290523
0 0.1679152548313141 0.5492669038994368 0.019357234239578247 0.022297674371290523
0 0.19288745522499084 0.5491727359003995 0.019357234239578247 0.022297674371290523
0 0.21813662350177765 0.5490775234795275 0.019357234239578247 0.022297674371290523
0 0.2689704895019531 0.5488858333853788 0.019357234239578247 0.022297674371290523
0 0.32103604078292847 0.5486894987129988 0.019357234239578247 0.022297674371290523
0 0.34657022356987 0.5489576091166127 0.019662976264953613 0.022346289582954766
0 0.372351735830307 0.5489338719567587 0.019662976264953613 0.022346289582954766
0 0.3986429274082184 0.5489460887884196 0.019557833671569824 0.02252084894697801
0 0.42465734481811523 0.5484867131722415 0.020241141319274902 0.023250491120094478
0 0.476593017578125 0.5485434864842614 0.020241141319274902 0.023250491120094478
0 0.5036678314208984 0.54857308322909 0.020241141319274902 0.023250491120094478
0 0.5307000875473022 0.548602633452089 0.020241141319274902 0.023250491120094478
0 0.5585185885429382 0.5486330431561137 0.020241141319274902 0.023250491120094478
0 0.5852468013763428 0.5486622610151745 0.020241141319274902 0.023250491120094478
0 0.11630940064787865 0.5806086340615916 0.019392165044943496 0.022593919620957484
0 0.16606859862804413 0.5812692863996639 0.01966935396194458 0.02282806514769567
0 0.19111564755439758 0.581220815083418 0.01966935396194458 0.02282806514769567
0 0.2163354456424713 0.5811720094611519 0.01966935396194458 0.02282806514769567
0 0.2421981692314148 0.5811219596425986 0.01966935396194458 0.02282806514769567
0 0.26781487464904785 0.5810723859210347 0.01966935396194458 0.02282806514769567
0 0.2933749556541443 0.5810330658311681 0.01982601483662927 0.022877183071402615
0 0.34566420316696167 0.5812946171374127 0.020248373349507687 0.023510600245276164
0 0.3717043101787567 0.5814333627390307 0.020248373349507687 0.023510600245276164
0 0.3979743421077728 0.5815733334151446 0.020248373349507687 0.023510600245276164
0 0.424052894115448 0.5817122838574754 0.020248373349507687 0.023510600245276164
0 0.4503091275691986 0.5818521810132403 0.020248373349507687 0.023510600245276164
0 0.47712281346321106 0.5819950483593415 0.020248373349507687 0.023510600245276164
0 0.5035363435745239 0.5818704560745595 0.020594120025634766 0.023500339005344654
0 0.5308325886726379 0.5822935090166955 0.02137148380279541 0.02394662901412609
0 0.5581600069999695 0.5824674561966298 0.02137148380279541 0.02394662901412609
0 0.5855013132095337 0.5826414917770824 0.02137148380279541 0.02394662901412609
0 0.6132330894470215 0.5828180128158901 0.02137148380279541 0.02394662901412609
0 0.6703537702560425 0.5831816030103106 0.02137148380279541 0.02394662901412609
0 0.6989326477050781 0.5833635161013461 0.02137148380279541 0.02394662901412609
0 0.7275767922401428 0.583488198213799 0.021885236104329353 0.024275875830835205
0 0.7567300200462341 0.583925956903502 0.021929820378621345 0.024292879326398984
0 0.08974172919988632 0.613063324329465 0.019768307606379182 0.022871180098186224
0 0.11471009999513626 0.6134367365257656 0.01965870459874472 0.023156868394955128
0 0.1397649496793747 0.6136077614717705 0.019658704598744692 0.023156868394955128
0 0.16452644765377045 0.6137767839926574 0.019658704598744692 0.023156868394955128
0 0.18961592018604279 0.6139660768730696 0.01967260241508484 0.023216927698416247
0 0.21525469422340393 0.614136180211023 0.01967260241508484 0.023216927698416247
0 0.24054202437400818 0.614303951854873 0.01967260241508484 0.023216927698416247
0 0.2666884660720825 0.6144774233711773 0.01967260241508484 0.023216927698416247
0 0.3183688819408417 0.6148203029188999 0.01967260241508484 0.023216927698416247
0 0.3444535732269287 0.6150279186702426 0.02034970124562585 0.023532335148301234
0 0.3706364631652832 0.6152363160136216 0.02034970124562585 0.023532335148301234
0 0.39703550934791565 0.6154464338083017 0.02034970124562585 0.023532335148301234
0 0.42331913113594055 0.6156556329061819 0.02034970124562585 0.023532335148301234
0 0.4763893485069275 0.615924881261211 0.02129618326822913 0.024289005486540147
0 0.502902016043663 0.6160593915849921 0.021296183268229185 0.024289005486540147
0 0.5304032564163208 0.6162248212237691 0.02152073383331299 0.024538380231044144
0 0.5581358671188354 0.6164946373131864 0.0219306548436482 0.024629341539486378
0 0.5857484936714172 0.6166504622946988 0.021773695945739746 0.024657049844431324
0 0.6135042309761047 0.6170622359874637 0.021773695945739746 0.024657049844431324
0 0.6420443058013916 0.6174856458170633 0.021773695945739746 0.024657049844431324
0 0.6703993678092957 0.6179063108660008 0.021773695945739746 0.024657049844431324
0 0.7284716367721558 0.6187678492346476 0.021773695945739746 0.024657049844431324
0 0.7577548623085022 0.6192022841690468 0.021773695945739746 0.024657049844431324
0 0.7873662114143372 0.619963725756313 0.022644877433776855 0.024997563325157516
0 0.8182942867279053 0.6205233196879543 0.022644877433776855 0.024997563325157516
0 0.8482819199562073 0.6211093901737706 0.022510766983032227 0.025060254474018894
0 0.08775672316551208 0.6455091875652934 0.02003715435663858 0.02335416808608885
0 0.11285249143838882 0.6457423338582998 0.02003715435663858 0.02335416808608885
0 0.13802872598171234 0.6459762277041392 0.02003715435663861 0.02335416808608885
0 0.16313284635543823 0.6462094515903609 0.02003715435663861 0.02335416808608885
0 0.18834243714809418 0.6464436553245367 0.02003715435663861 0.02335416808608885
0 0.21392850577831268 0.6473588278127271 0.019769673546155275 0.02299869152926654
0 0.23954884707927704 0.647516782893691 0.019900421301523863 0.023285326107527805
0 0.2655995488166809 0.6477932060579462 0.019900421301523807 0.023285326107527805
0 0.29136455059051514 0.6480665976690113 0.019900421301523807 0.023285326107527805
0 0.3169019818305969 0.6483375745364098 0.019900421301523807 0.023285326107527805
0 0.3432493507862091 0.648617145627044 0.019900421301523807 0.023285326107527805
0 0.3693864941596985 0.648939251764371 0.020584841569264767 0.02377464235291006
0 0.4228103458881378 0.6495976309252257 0.020584841569264767 0.02377464235291006
0 0.44909000396728516 0.6499214933700688 0.020584841569264767 0.02377464235291006
0 0.4765682518482208 0.6502601268679596 0.020584841569264767 0.02377464235291006
0 0.5032530426979065 0.6507467687341757 0.021287639935811342 0.024077097574869737
0 0.530808687210083 0.6511593752129133 0.021287639935811287 0.024077097574869737
0 0.5866259932518005 0.6521327698565603 0.021491547425587898 0.024397561716478923
0 0.6137598752975464 0.6525944554528524 0.021491547425587898 0.024397561716478923
0 0.642457127571106 0.653042150098224 0.021951397260030037 0.024690494980922965
0 0.6710541248321533 0.6533172518707985 0.022601524988810295 0.025017494379087936
0 0.7009243965148926 0.6540307550001535 0.022601524988810295 0.025017494379087936
0 0.7298756241798401 0.6547223051727468 0.022601524988810295 0.025017494379087936
0 0.7884533405303955 0.6561215352959445 0.022601524988810295 0.025017494379087936
0 0.8183267116546631 0.6568351124608239 0.022601524988810295 0.025017494379087936
0 0.8496947288513184 0.6577025093222092 0.02246312300364184 0.024999396745548692
0 0.08619123697280884 0.6782578293912357 0.019830708702405303 0.023195104081501276
0 0.1110147088766098 0.6787469553392987 0.019830708702405303 0.023195104081501276
0 0.13613060116767883 0.6792418431888277 0.019830708702405275 0.023195104081501276
0 0.16096720099449158 0.6797312278117374 0.019830708702405275 0.023195104081501276
0 0.18691430985927582 0.6803098136560991 0.020392547051111876 0.023529851159384083
0 0.2123602330684662 0.6806079509646393 0.020392547051111876 0.023529851159384083
0 0.23841583728790283 0.6809132316043123 0.020392547051111876 0.023529851159384083
0 0.264212042093277 0.6812154729892289 0.02039254705111182 0.023529851159384083
0 0.28989824652671814 0.6815164255541425 0.02039254705111182 0.023529851159384083
0 0.342151939868927 0.6821286562586941 0.02039254705111182 0.023529851159384083
0 0.3682531416416168 0.6827222247456395 0.020420531431833866 0.023676613504572487
0 0.3946840763092041 0.6851656776802753 0.020713796218236324 0.02479009110798202
0 0.4219365119934082 0.6852651196856832 0.020713796218236324 0.02479009110798202
0 0.44794392585754395 0.6853600187038881 0.020713796218236324 0.02479009110798202
0 0.5031892508268356 0.6855616045719556 0.02071379621823627 0.02479009110798202
0 0.5300900340080261 0.6856597634248955 0.020713796218236213 0.02479009110798202
0 0.5582930445671082 0.6857626740036429 0.020713796218236213 0.02479009110798202
0 0.586628258228302 0.687112761915307 0.022002458572387695 0.025438944498697862
0 0.6143496036529541 0.6875123312306959 0.02225295702616381 0.025012822114220016
0 0.6433228850364685 0.6881828043594128 0.02225295702616381 0.025012822114220016
0 0.6718872785568237 0.6887901383312316 0.022486329078674316 0.02511602593946821
0 0.7004925012588501 0.6894756139710893 0.022486329078674316 0.02511602593946821
0 0.7595130801200867 0.6908899420286299 0.022486329078674316 0.02511602593946821
0 0.789594829082489 0.6916108001157295 0.022486329078674316 0.02511602593946821
0 0.8204303979873657 0.692349722219068 0.022486329078674316 0.02511602593946821
0 0.8507488965988159 0.6930762536099155 0.022486329078674316 0.02511602593946821
0 0.08384113758802414 0.7118534265562545 0.020066221555074065 0.023425375768380628
0 0.10866139829158783 0.7118350533386089 0.020272165536880493 0.023777688196463122
0 0.13415394723415375 0.7124977998955305 0.020272165536880493 0.023777688196463122
0 0.15943346917629242 0.7131550082494509 0.020272165536880493 0.023777688196463122
0 0.21063701808452606 0.7144861805781795 0.020272165536880493 0.023777688196463122
0 0.23611074686050415 0.7151484378548556 0.020272165536880493 0.023777688196463122
0 0.28831952810287476 0.716505743869543 0.020272165536880493 0.023777688196463122
0 0.3148047924041748 0.7161076915462185 0.020485152800877926 0.023607919382494548
0 0.3675277531147003 0.7178627723871276 0.020786285400390625 0.024497719698174054
0 0.39392179250717163 0.7184919692343571 0.020786285400390625 0.024497719698174054
0 0.42127659916877747 0.7191815043604651 0.021007855733235714 0.024827291799146077
0 0.4480094611644745 0.719785700197926 0.021007855733235714 0.024827291799146077
0 0.5027356743812561 0.7205286593324417 0.02184295654296875 0.024946907694025612
0 0.5302376747131348 0.7213467886281568 0.02184295654296875 0.024946907694025612
0 0.5582299828529358 0.7221795035967952 0.02184295654296875 0.024946907694025612
0 0.5866650342941284 0.7230253892897802 0.02184295654296875 0.024946907694025612
0 0.6148943305015564 0.7238651541776435 0.02184295654296875 0.024946907694025612
0 0.6436777710914612 0.7247214037483621 0.02184295654296875 0.024946907694025612
0 0.7017595171928406 0.7260251599688863 0.021804769833882576 0.025297445844310144
0 0.7305766344070435 0.7262881079385447 0.022758324940999275 0.025430871534717122
0 0.7610076069831848 0.7272133387110485 0.022758324940999275 0.025430871534717122
0 0.7912755012512207 0.7281336112105753 0.022758324940999275 0.025430871534717122
0 0.8209008574485779 0.7290343478246154 0.022758324940999275 0.025430871534717122
0 0.85197514295578 0.7299791380416515 0.022758324940999275 0.025430871534717122
0 0.08170626312494278 0.7456519326498342 0.020280197262763977 0.02397044869356377
0 0.10642524063587189 0.7463266245214627 0.020280197262763977 0.02397044869356377
0 0.1320195496082306 0.7470252081184569 0.020280197262763977 0.02397044869356377
0 0.15780840814113617 0.7477291018463844 0.020280197262763977 0.02397044869356377
0 0.1831955760717392 0.7484220316343935 0.020280197262763977 0.02397044869356377
0 0.2084760218858719 0.7495846415674964 0.020828723907470703 0.0239509464234345
0 0.26117146015167236 0.7504649942837373 0.020828723907470703 0.0239509464234345
0 0.2873963415622711 0.750601147496423 0.02096503973007202 0.024654092714768074
0 0.3137390911579132 0.751319289339054 0.02096503973007202 0.024654092714768074
0 0.3400048017501831 0.7520353309858935 0.02096503973007202 0.024654092714768074
0 0.36672210693359375 0.7527636837610997 0.02096503973007202 0.024654092714768074
0 0.3934527337551117 0.7534923997036246 0.02096503973007202 0.024654092714768074
0 0.42041221261024475 0.754334760266681 0.02117224534352624 0.024705369343129266
0 0.4751806855201721 0.7558367733680929 0.021678080161412594 0.024673535842304053
0 0.5027682334184647 0.7564760030702103 0.02167808016141254 0.024673535842304053
0 0.5300695896148682 0.7571086014386179 0.021678080161412483 0.024673535842303973
0 0.5587181448936462 0.7577724156900498 0.021678080161412483 0.024673535842303973
0 0.5869654417037964 0.7584667981452095 0.022420724232991462 0.02573672745578962
0 0.6156325340270996 0.7595193552416425 0.022420724232991462 0.02573672745578962
0 0.6441560387611389 0.7605666402953327 0.022420724232991462 0.02573672745578962
0 0.6730948090553284 0.7616291724730532 0.022420724232991462 0.02573672745578962
0 0.7026199102401733 0.7627132327057594 0.022420724232991462 0.02573672745578962
0 0.7317955493927002 0.7637844618937994 0.022420724232991462 0.02573672745578962
0 0.7621374130249023 0.7644931227711329 0.02317555745442701 0.025911552961482558
0 0.7924945950508118 0.7654009640644092 0.02317555745442701 0.025911552961482558
0 0.8223593831062317 0.7662940801576127 0.02317555745442701 0.025911552961482558
0 0.07946167141199112 0.7786504767211614 0.020369922121365874 0.024094929066739452
0 0.1048111617565155 0.7795078366301781 0.020369922121365874 0.024094929066739452
0 0.13018573448061943 0.7805323046307231 0.020670823752880096 0.024105515590933865
0 0.15561963617801666 0.7813085646901604 0.020670823752880096 0.024105515590933865
0 0.18109576404094696 0.7820861135210241 0.020670823752880096 0.024105515590933865
0 0.20668888092041016 0.782867232936614 0.020670823752880096 0.024105515590933865
0 0.23319850862026215 0.7836763248887173 0.020670823752880096 0.024105515590933865
0 0.25932835787534714 0.7844105419930559 0.020751784245173127 0.024223505064498548
0 0.28549250960350037 0.7851457229553256 0.0207517842451731 0.024223505064498548
0 0.31250372529029846 0.7859047053885045 0.0207517842451731 0.024223505064498548
0 0.3389178216457367 0.7866469094919604 0.0207517842451731 0.024223505064498548
0 0.36572015285491943 0.7872718988462936 0.021599094072977665 0.02509461632070604
0 0.39292773604393005 0.7880417808003967 0.021709084510803223 0.025262995283732933
0 0.42007526755332947 0.7889314695846202 0.021709084510803223 0.025262995283732933
0 0.44715192914009094 0.789818835793943 0.021709084510803223 0.025262995283732933
0 0.5023248195648193 0.7914541711919477 0.02221862475077313 0.025358333144077035
0 0.5304845571517944 0.7925498430119005 0.022218624750773186 0.025358333144077035
0 0.5581067204475403 0.7936245982661284 0.022218624750773186 0.025358333144077035
0 0.586546778678894 0.7947311771277271 0.022218624750773186 0.025358333144077035
0 0.6158851981163025 0.7958727104719295 0.022218624750773186 0.025358333144077035
0 0.6440012454986572 0.796966682342589 0.022218624750773186 0.025358333144077035
0 0.6740067601203918 0.7979369797862151 0.02285158634185791 0.025711946709211484
0 0.7032110691070557 0.7989742120423244 0.02285158634185791 0.025711946709211484
0 0.732353925704956 0.8000092617301053 0.02285158634185791 0.025711946709211484
0 0.7634202241897583 0.8013956023920928 0.023528218269348145 0.026418404985767818
0 0.792973518371582 0.8027144248916572 0.023528218269348145 0.026418404985767818
0 0.8246099352836609 0.8041262072186137 0.023528218269348145 0.026418404985767818
0 0.8542356491088867 0.8054482614612977 0.023528218269348145 0.026418404985767818
0 0.07725253701210022 0.8137209564782816 0.020688071846961975 0.024273362270621365
0 0.10316947847604752 0.8146032910409526 0.020813594261805207 0.02452034174009811
0 0.12824958562850952 0.8154442365779433 0.02081359426180522 0.02452034174009811
0 0.15425218641757965 0.816316113677622 0.020813594261805235 0.02452034174009811
0 0.17975661158561707 0.817171286759148 0.020813594261805235 0.02452034174009811
0 0.20548509061336517 0.8180339724518532 0.020813594261805235 0.02452034174009811
0 0.2312348186969757 0.8188973706334877 0.020813594261805235 0.02452034174009811
0 0.2579728662967682 0.8197196250738099 0.020932624737421662 0.024499286976895702
0 0.2838369905948639 0.8204524905182594 0.021395524342854855 0.02527009239492479
0 0.33841878175735474 0.8222013536368776 0.021395524342854855 0.02527009239492479
0 0.3648230731487274 0.8230473773822352 0.021395524342854855 0.02527009239492479
0 0.3919508755207062 0.823916583248277 0.021395524342854855 0.02527009239492479
0 0.4189934730529785 0.8247830590536428 0.021395524342854855 0.02527009239492479
0 0.4463857412338257 0.8260143191315407 0.02206440766652429 0.025757072507873173
0 0.47457632422447205 0.8267520908036219 0.022441397110621097 0.026148064191951308
0 0.5022543519735336 0.827855575916379 0.022441397110621153 0.026148064191951308
0 0.5303501486778259 0.8289757169060235 0.02244139711062121 0.026148064191951308
0 0.5591247081756592 0.8301229192399427 0.02244139711062121 0.026148064191951308
0 0.5876936316490173 0.8312619231468024 0.02244139711062121 0.026148064191951308
0 0.6157943606376648 0.8323822607798785 0.02244139711062121 0.026148064191951308
0 0.6453737616539001 0.8331622892939683 0.02272288004557299 0.026227610979893522
0 0.7045451402664185 0.8352485479310502 0.02272288004557299 0.026227610979893522
0 0.7636982202529907 0.8372666745049329 0.022874077161153084 0.026281194169392067
0 0.794823944568634 0.8408108924863599 0.02357681592305494 0.02657631570978671
0 0.825508177280426 0.8423800801121911 0.02357681592305494 0.02657631570978671
0 0.07600176334381104 0.8472702558650527 0.020874592165152223 0.02446090343386628
0 0.1008741706609726 0.8481068278467933 0.02108287811279297 0.024538321088450932
0 0.12680239602923393 0.8492216068986018 0.02108287811279297 0.024538321088450932
0 0.15280795097351074 0.8503397107206254 0.02108287811279297 0.024538321088450932
0 0.17859886586666107 0.8514485861350244 0.02108287811279297 0.024538321088450932
0 0.20514002442359924 0.8525897181311319 0.02108287811279297 0.024538321088450932
0 0.25634270906448364 0.8548257268136259 0.021172585586706788 0.024492249008296885
0 0.2833356559276581 0.8554600965618419 0.021778543790181515 0.025344493777252907
0 0.3098722994327545 0.8566575004588052 0.021778543790181515 0.025344493777252907
0 0.3370298445224762 0.8578829210858012 0.021778543790181515 0.025344493777252907
0 0.3636656403541565 0.8590847989993153 0.021778543790181515 0.025344493777252907
0 0.39100393652915955 0.8601659567968412 0.022034376859664917 0.025722474090812852
0 0.41849929094314575 0.8613572231558866 0.022034376859664917 0.025722474090812852
0 0.44669559597969055 0.8625788589687471 0.022034376859664917 0.025722474090812852
0 0.4732622504234314 0.8637298883839242 0.022034376859664917 0.025722474090812852
0 0.501698836684227 0.8649619346441224 0.022034376859664917 0.025722474090812852
0 0.5583082437515259 0.8674145992371811 0.022034376859664917 0.025722474090812852
0 0.5877435803413391 0.8684645423062775 0.02194936076800036 0.025830172753149337
0 0.6163725256919861 0.8696042070732638 0.02275749047597242 0.026492865510689304
0 0.6458345651626587 0.8701746971220908 0.02376004060109449 0.02672523675962936
0 0.6750854849815369 0.8719876311546149 0.02374962965647387 0.026765217152676952
0 0.7050940990447998 0.8738612932576504 0.02374962965647387 0.026765217152676952
0 0.736024022102356 0.8757924795683736 0.02374962965647387 0.026765217152676952
0 0.7655818462371826 0.8776379954863317 0.02374962965647387 0.026765217152676952
0 0.7959452867507935 0.8795338120571402 0.02374962965647387 0.026765217152676952
0 0.82743239402771 0.8814687422925921 0.024078965187072754 0.027054010435592298
0 0.8579215407371521 0.8815118697272387 0.024393637975056892 0.026947731195494186
0 0.07393375784158707 0.8819707155175577 0.021110291282335908 0.0249035266018652
0 0.098821260035038 0.8831229986146439 0.021110291282335908 0.0249035266018652
0 0.15048949420452118 0.8857464940189118 0.021513322989145933 0.025136134421178426
0 0.20224100351333618 0.8879958751589753 0.021513322989145933 0.025136134421178426
0 0.22831572592258453 0.8891292138693454 0.021513322989145933 0.025136134421178426
0 0.25473151355981827 0.8902773769916332 0.021513322989145905 0.025136134421178426
0 0.28163135051727295 0.8914465793343478 0.021513322989145878 0.025136134421178426
0 0.30843523144721985 0.8926116109450116 0.021513322989145878 0.025136134421178426
0 0.3626933991909027 0.8951452110112549 0.021703099211057064 0.025481349738069394
0 0.3903743624687195 0.8964126941769622 0.021703099211057064 0.025481349738069394
0 0.4179646670818329 0.8974647740750267 0.022548536459604862 0.026385403418725663
0 0.4455673396587372 0.8988999655080396 0.022548536459604862 0.026385403418725663
0 0.4728185832500458 0.9008491627985662 0.023135145505269405 0.02695388202519369
0 0.5303047895431519 0.9034797313601471 0.023135145505269294 0.02695388202519369
0 0.5577917098999023 0.9047375327216854 0.023135145505269294 0.02695388202519369
0 0.5879095792770386 0.9061157262994863 0.023135145505269294 0.02695388202519369
0 0.6167310476303101 0.9074345965718114 0.023135145505269294 0.02695388202519369
0 0.6454272866249084 0.9087477363492028 0.023135145505269294 0.02695388202519369
0 0.7051900029182434 0.9117570671453111 0.024506688117980957 0.027617935062378987
0 0.7363414168357849 0.9135934696641079 0.024506688117980957 0.027617935062378987
0 0.7667540311813354 0.9153863193156583 0.024506688117980957 0.027617935062378987
0 0.7975773811340332 0.9172033821828761 0.024506688117980957 0.027617935062378987
0 0.8282774686813354 0.9190131786257721 0.024506688117980957 0.027617935062378987
0 0.8594937920570374 0.9208534076126959 0.024506688117980957 0.027617935062378987
0 0.07303164154291153 0.9157702886430527 0.021658949553966522 0.024533412253209676
0 0.098006971180439 0.9172714588253997 0.021681152284145355 0.024672042491824128
0 0.12317699566483498 0.9187326450597738 0.021681152284145355 0.024672042491824128
0 0.17470087110996246 0.9220981952070952 0.022501895825068174 0.025880266529644997
0 0.20046624541282654 0.9234298883482467 0.022624929745992006 0.025910133539244186
0 0.22636044025421143 0.9247599304806385 0.022624929745992006 0.025910133539244186
0 0.25260473042726517 0.9261079550814686 0.022624929745992034 0.025910133539244186
0 0.27980610728263855 0.9275305991949037 0.022504369417826298 0.025912262672601744
0 0.30742138624191284 0.9290236011096309 0.022504369417826298 0.025912262672601744
0 0.3339559733867645 0.9304581761313853 0.022504369417826298 0.025912262672601744
0 0.361516535282135 0.9319595540213975 0.022836585839589474 0.026213889898255814
0 0.3893243372440338 0.933451630348383 0.022793134053548214 0.02623139610586229
0 0.41704341769218445 0.934930345159726 0.022793134053548214 0.02623139610586229
0 0.4440059959888458 0.9363687032594417 0.022793134053548214 0.02623139610586229
0 0.4728107154369354 0.9379053330680727 0.022793134053548214 0.02623139610586229
0 0.5012742280960083 0.9394237607024437 0.02279313405354816 0.02623139610586229
0 0.5290004014968872 0.9406080911325854 0.02393651008605957 0.027118061864098836
0 0.5867636203765869 0.9440120018336308 0.02393651008605957 0.027118061864098836
0 0.6158976554870605 0.9457288322977313 0.02393651008605957 0.027118061864098836
0 0.6462594270706177 0.9475697377305835 0.024826129277547127 0.02784320920012718
0 0.6752227544784546 0.949224782544513 0.024826129277547127 0.02784320920012718
0 0.7053797245025635 0.950948035406293 0.024826129277547127 0.02784320920012718
0 0.7366214990615845 0.9527332770062573 0.024826129277547127 0.02784320920012718
0 0.7673043608665466 0.9544865807821584 0.024826129277547127 0.02784320920012718
0 0.8301911950111389 0.9580801088064034 0.024826129277547127 0.02784320920012718
0 0.8611202239990234 0.9586938455387397 0.026296019554138184 0.028285359227380086
0 0.8918769359588623 0.9600731605707213 0.026296019554138184 0.028285359227380086
