0 0.1993916928768158 0.08961108118988746 0.02115901311238605 0.022516091664632164
0 0.22371740639209747 0.08807611179382478 0.02115901311238605 0.022516091664632164
0 0.24972684681415558 0.08643489806204689 0.021159013112386077 0.022516091664632164
0 0.27571991086006165 0.08479471769096349 0.021159013112386105 0.022516091664632153
0 0.3014271855354309 0.08317257082739542 0.021159013112386105 0.022516091664632164
0 0.32866811752319336 0.08142945932787518 0.02093493938446045 0.022383035615433092
0 0.35497528314590454 0.08121094038320142 0.020760128895441654 0.021939530853153207
0 0.1954919993877411 0.12313006784769909 0.020951002836227417 0.023088595663854333
0 0.2206221967935562 0.11999103389435904 0.02108206351598102 0.023550262746884855
0 0.24709433317184448 0.11872233900912972 0.021082063515981048 0.023550262746884855
0 0.2735065221786499 0.11745651714187286 0.021082063515981075 0.023550262746884855
0 0.2999310791492462 0.1161901025316587 0.021082063515981075 0.023550262746884855
0 0.32695168256759644 0.11489512199579283 0.021082063515981075 0.023550262746884855
0 0.35392940044403076 0.11360219677827761 0.021082063515981075 0.023550262746884855
0 0.3798859715461731 0.11367049386585823 0.020938177903493282 0.023377758587977696
0 0.1934267282485962 0.15355717858602835 0.020516390601793943 0.023242373799168787
0 0.21869081258773804 0.15279365963985825 0.020516390601793943 0.023242373799168787
0 0.24446135014295578 0.1520148349093727 0.020516390601793916 0.023242373799168787
0 0.2712722420692444 0.15120456909191243 0.020516390601793888 0.023242373799168787
0 0.29730549454689026 0.15041780471801758 0.020516390601793888 0.023242373799168787
0 0.32421231269836426 0.149480331775754 0.020718733469645145 0.023474005765693133
0 0.35201361775398254 0.14747413369112236 0.020403648416201237 0.023506866869076264
0 0.3786633312702179 0.14823911356371502 0.020907998085021973 0.023716076399928825
0 0.1903984546661377 0.187167761031499 0.020664413770039858 0.023734351461247888
0 0.21625465154647827 0.18641276692235192 0.020816187063852964 0.023812312488408045
0 0.26986297965049744 0.18485546467501715 0.02081618706385291 0.023812312488408045
0 0.29574623703956604 0.18410356555176655 0.02081618706385291 0.023812312488408045
0 0.3230668008327484 0.1833099132052315 0.02081618706385291 0.023812312488408045
0 0.3508625030517578 0.18250245826188907 0.02081618706385291 0.023812312488408045
0 0.3782016634941101 0.1818477998504841 0.021033843358357784 0.02410089137942292
0 0.40520179271698 0.18123347260231196 0.021033843358357784 0.02410089137942292
0 0.43353018164634705 0.18064241277181634 0.021744608879089355 0.023994493854138287
0 0.4624367356300354 0.17977187245391135 0.021744608879089355 0.023994493854138287
0 0.18868409097194672 0.22090601104907495 0.02099093794822693 0.023584720700286155
0 0.21355989575386047 0.22022943718488827 0.02099093794822693 0.023584720700286155
0 0.26763543486595154 0.21875868692069392 0.02099093794822693 0.023584720700286155
0 0.2945106327533722 0.21802773342411821 0.02099093794822693 0.023584720700286155
0 0.32128071784973145 0.2172996387925259 0.02099093794822693 0.023584720700286155
0 0.34914430975914 0.21654180288677152 0.02099093794822693 0.023584720700286155
0 0.37662339210510254 0.2165548654848533 0.02155015865961707 0.024035623831342386
0 0.40453803539276123 0.2161792045415834 0.02155015865961707 0.024035623831342386
0 0.1345907859504223 0.25578740585682 0.020520128309726715 0.023319865381994914
0 0.1324952393770218 0.288187958473383 0.020675708850224808 0.023679511491642442
0 0.15769919753074646 0.2880435539101233 0.020675708850224794 0.023679511491642442
0 0.18362699449062347 0.28789500215593294 0.020675708850224794 0.023679511491642442
0 0.20993006229400635 0.2877443003100018 0.020675708850224794 0.023679511491642442
0 0.1303660310804844 0.3223527198614076 0.020382292568683624 0.02358519384103225
0 0.15584395825862885 0.3222451190096577 0.02059669295946759 0.024028438006260627
0 0.18196286261081696 0.3221534906431686 0.02059669295946759 0.024028438006260627
0 0.20851263403892517 0.3220603507413637 0.02059669295946759 0.024028438006260627
0 0.23576797544956207 0.3219647356122647 0.02059669295946759 0.024028438006260627
0 0.2625371515750885 0.32187082601148026 0.020596692959467533 0.024028438006260627
0 0.2903088331222534 0.32177339949693323 0.020596692959467533 0.024028438006260627
0 0.12811169400811195 0.35582236356513447 0.02049057434002559 0.023407204206599745
0 0.15430742502212524 0.3561128128406613 0.020649502674738585 0.023606352103772987
0 0.1805165708065033 0.35630240970863947 0.020649502674738585 0.023606352103772987
0 0.20756208896636963 0.35649805689142605 0.020649502674738585 0.023606352103772987
0 0.2352641522884369 0.35669845351959567 0.020649502674738585 0.023606352103772987
0 0.26260918378829956 0.3568962673808253 0.02064950267473853 0.023606352103772987
0 0.2904178500175476 0.35684536778649617 0.020730992158254025 0.02369465199551844
0 0.12607353553175926 0.39018675338390263 0.02013600617647171 0.02418047882789789
0 0.1524556577205658 0.3905852561773256 0.0202673077583313 0.023924095686091933
0 0.12517130374908447 0.4242942721344704 0.020484447479248047 0.02356864870056631
0 0.1511436104774475 0.4245886305201729 0.020484447479248047 0.02356864870056631
0 0.1784982681274414 0.4248986558464373 0.020484447479248047 0.02356864870056631
0 0.20568154752254486 0.4252067388490189 0.020484447479248047 0.02356864870056631
0 0.23292067646980286 0.42551545482518216 0.020484447479248047 0.02356864870056631
0 0.26056692004203796 0.42593423710312955 0.020698507626851437 0.02369222714919458
0 0.12381577491760254 0.4579950820567996 0.02051427960395813 0.023877580036488558
0 0.1772468090057373 0.45963468531581686 0.020631064971288027 0.023901030074718388
0 0.2046489119529724 0.45993166191633356 0.020631064971288027 0.023901030074718388
0 0.232009157538414 0.4602281848780534 0.020631064971288027 0.023901030074718388
0 0.2591232359409332 0.4605220399462438 0.020631064971288054 0.023901030074718388
0 0.28687378764152527 0.46082279294036155 0.020631064971288082 0.023901030074718388
0 0.31459540128707886 0.46112323231164426 0.020631064971288082 0.023901030074718388
0 0.12268388643860817 0.4920977131415378 0.020491162935892746 0.023896742236706583
0 0.14913959801197052 0.49276476128156793 0.02049116293589276 0.023896742236706583
0 0.17608056962490082 0.49344404465503455 0.02049116293589276 0.023896742236706583
0 0.2038232982158661 0.49414354334191163 0.02049116293589276 0.023896742236706583
0 0.23080681264400482 0.4948238993799964 0.02049116293589276 0.023896742236706583
0 0.2583402097225189 0.4955181200309513 0.02049116293589273 0.023896742236706583
0 0.17491497099399567 0.5279346732206123 0.0205744206905365 0.02355664275413336
0 0.20230934023857117 0.5278601979100427 0.02093285322189331 0.023683592330577763
0 0.17349688708782196 0.5618158384811046 0.02110451956590015 0.024075471153555045
0 0.2004527598619461 0.5625621692852468 0.02110451956590015 0.024075471153555045
0 0.2279471755027771 0.5633624349725294 0.02128605544567108 0.023777037627937314
0 0.2557459697127342 0.5640930796778479 0.02128605544567108 0.023777037627937314
0 0.28320497274398804 0.5648147935416429 0.02128605544567108 0.023777037627937314
0 0.3113683760166168 0.5655550213849615 0.02128605544567108 0.023777037627937314
0 0.33945152163505554 0.5662931397903798 0.02128605544567108 0.023777037627937314
0 0.3664681613445282 0.5670032268758172 0.02128605544567108 0.023777037627937314
0 0.39435431361198425 0.5674048080993547 0.022032539049784305 0.024173440859299244
0 0.42173582315444946 0.5680536669354106 0.022032539049784305 0.024173440859299244
0 0.17172957956790924 0.596427784409634 0.021210134029388428 0.023893134538517442
0 0.19836679100990295 0.5973927253900573 0.021042734384536743 0.02424373183139535
0 0.22634491324424744 0.5981097997621049 0.020884543657302856 0.02423202159792878
0 0.19778679311275482 0.6314216436341752 0.021315624316533388 0.02423246516737827
0 0.22496257722377777 0.6325158112119873 0.021315624316533388 0.02423246516737827
0 0.25263968110084534 0.6336301632242902 0.021315624316533416 0.02423246516737827
0 0.2798561751842499 0.6347259698912154 0.021315624316533444 0.02423246516737827
0 0.3073141276836395 0.6358314983004493 0.021315624316533444 0.02423246516737827
0 0.1708425266533783 0.6316964957274512 0.020697295665740967 0.024238497711891353
0 0.1954801082611084 0.6666467381587335 0.02201118071873981 0.02534878161526471
0 0.2228013575077057 0.6678128353385038 0.02201118071873981 0.02534878161526471
0 0.24997326731681824 0.6689725585675331 0.022011180718739837 0.02534878161526471
0 0.27778226137161255 0.6701594731645507 0.022011180718739864 0.02534878161526471
0 0.3048546612262726 0.6713149492130723 0.022011180718739864 0.02534878161526471
0 0.1659548431634903 0.700798611308253 0.02189024289449054 0.025438086931095567
0 0.22082605957984924 0.7032526411339021 0.02189024289449054 0.025438086931095567
0 0.24753159284591675 0.7044470045802581 0.02189024289449057 0.025438086931095567
0 0.2749078571796417 0.7056713654305816 0.021890242894490597 0.025438086931095567
0 0.3022526800632477 0.706894320110942 0.021890242894490597 0.025438086931095567
0 0.16360127925872803 0.7355114027511241 0.021860241889953613 0.02498359088749846
0 0.21803881227970123 0.7385760906130768 0.021796067555745424 0.025116602579752633
0 0.24548519402742386 0.7399528674281496 0.021796067555745452 0.025116602579752633
0 0.2726919949054718 0.7413176262880058 0.02179606755574548 0.025116602579752633
0 0.2995668351650238 0.7426657332012678 0.02179606755574548 0.025116602579752633
0 0.32784658670425415 0.7440843138583871 0.02179606755574548 0.025116602579752633
0 0.3548186719417572 0.745341278785883 0.021848440170288086 0.025204074475192313
0 0.10669156163930893 0.7684241142841918 0.02182265619436899 0.025301201398982558
0 0.16110071539878845 0.7714169524436774 0.021822656194369017 0.025301201398982558
0 0.1888640969991684 0.772944109220592 0.021822656194369017 0.025301201398982558
0 0.21528089046478271 0.7743971953664388 0.021822656194369017 0.025301201398982558
0 0.2432115599513054 0.7759335540061774 0.02182265619436899 0.025301201398982558
0 0.2704889178276062 0.7774339764884497 0.02182265619436896 0.025301201398982558
0 0.10409471392631531 0.8044115110885265 0.022374036411444337 0.025446100752482933
0 0.13113541528582573 0.8054608189782431 0.022451711197694138 0.025509087614310696
0 0.1855652779340744 0.8082761992527215 0.02247968316078186 0.025583548139232182
0 0.21286630630493164 0.8099691701489825 0.02247968316078186 0.025583548139232182
0 0.24018773436546326 0.8116634060555004 0.02247968316078186 0.025583548139232182
0 0.2678890526294708 0.813407631807549 0.022810081640879276 0.02544243391170058
0 0.2958516776561737 0.8150996084422643 0.022810081640879276 0.02544243391170058
0 0.323584645986557 0.8167776888936347 0.022810081640879276 0.02544243391170058
0 0.351614773273468 0.8184737499891955 0.022810081640879276 0.02544243391170058
0 0.37987422943115234 0.8201836874318678 0.022810081640879276 0.02544243391170058
0 0.40837323665618896 0.8218085710392442 0.023104409376780155 0.025863351747971282
0 0.10103105008602142 0.8399479366245709 0.021947344144185393 0.02512004763581032
0 0.1555280238389969 0.8431790374046149 0.022030413150787354 0.025145005810168253
0 0.18265442550182343 0.8448063792918157 0.022030413150787354 0.025145005810168253
0 0.20971930027008057 0.8464300301147181 0.022030413150787354 0.025145005810168253
0 0.2369706630706787 0.8480648685544029 0.022030413150787354 0.025145005810168253
0 0.26513999700546265 0.8497547770655433 0.022030413150787354 0.025145005810168253
0 0.09835900366306305 0.8756916134856468 0.02239803473154703 0.02596229730650436
0 0.12528088688850403 0.8775307273531667 0.022398034731547042 0.02596229730650436
0 0.1798064112663269 0.8813828448102548 0.02278861403465271 0.026327561962512003
0 0.20733429491519928 0.8824794697619524 0.02318109075228375 0.026418345843174772
0 0.23542086780071259 0.8845041851664699 0.02318109075228375 0.026418345843174772
0 0.26297736167907715 0.8862937002511654 0.02327980597813928 0.026653082795845554
0 0.290810763835907 0.8884524855502817 0.02327980597813928 0.026653082795845554
0 0.3189755082130432 0.8906369700689953 0.02327980597813928 0.026653082795845554
0 0.34723010659217834 0.892828423750066 0.02327980597813928 0.026653082795845554
0 0.3755488693714142 0.8950248540833939 0.02327980597813928 0.026653082795845554
0 0.4047528803348541 0.8972899451127934 0.02327980597813928 0.026653082795845554
0 0.43339043855667114 0.8986869634583939 0.02343740065892541 0.026907987372819766
0 0.16939278438533706 0.6665802166576839 0.020697295665740967 0.024238497711891353
