0 0.12541751563549042 0.14871973215147508 0.019338707129160568 0.021018582721089207
0 0.14912143349647522 0.14755643970231555 0.01933870712916058 0.021018582721089207
0 0.17288567125797272 0.1457758393398551 0.01962822675704956 0.020665331404338527
0 0.22129569947719574 0.1438972519399921 0.019666150212287903 0.020688034767328306
0 0.24539703875780106 0.14212374354517737 0.019666150212287903 0.020688034767328306
0 0.26964712142944336 0.1403392897979237 0.019666150212287903 0.020688034767328306
0 0.2953031063079834 0.13845138207505514 0.019666150212287903 0.020688034767328306
0 0.31846708059310913 0.13674685012462529 0.019666150212287903 0.020688034767328306
0 0.34270331263542175 0.13496341558244995 0.019666150212287903 0.020688034767328306
0 0.3677225708961487 0.1339501649018796 0.019931097825368282 0.02118737568226894
0 0.41843125224113464 0.1310709687166436 0.019931097825368282 0.02118737568226894
0 0.443205863237381 0.12966428718639803 0.019931097825368282 0.02118737568226894
0 0.4948108196258545 0.12769330173399301 0.020813822746276855 0.022004977677219612
0 0.5214267028432314 0.12701769347357572 0.020813822746276855 0.022004977677219612
0 0.5488541722297668 0.1260034206301667 0.0208741227785747 0.021653604137805094
0 0.12524577975273132 0.1777515355930772 0.019301533699035645 0.02077676713928695
0 0.14892937242984772 0.17630197394558922 0.019301533699035645 0.02077676713928695
0 0.17147932946681976 0.17492179681963826 0.019301533699035645 0.020776767139286972
0 0.21932896971702576 0.171993144722872 0.019301533699035645 0.020776767139286972
0 0.24382249265909195 0.17049401104190007 0.019301533699035645 0.020776767139286972
0 0.2690027356147766 0.17015051694550373 0.019796808560689327 0.021048900692961937
0 0.292955607175827 0.16883768037308095 0.019796808560689327 0.021048900692961937
0 0.3178086280822754 0.16704857626626657 0.01998756329218543 0.021410143652627635
0 0.3431541919708252 0.1658760265091222 0.01998756329218543 0.021410143652627635
0 0.3680853843688965 0.1647226466229921 0.01998756329218543 0.021410143652627635
0 0.39298877120018005 0.16357055309256227 0.01998756329218543 0.021410143652627635
0 0.4195677936077118 0.16234094043110692 0.01998756329218543 0.021410143652627635
0 0.4698485732078552 0.1605261256353576 0.021054506301879883 0.022028531214987598
0 0.49561163783073425 0.15959624365593592 0.021054506301879883 0.022028531214987598
0 0.5218304991722107 0.1586499103280001 0.021054506301879883 0.022028531214987598
0 0.5733565092086792 0.1567901506718502 0.021054506301879883 0.022028531214987598
0 0.46927207708358765 0.19156176544899164 0.020465731620788574 0.022083770397097566
0 0.49556925892829895 0.19060915569926418 0.020846903324127197 0.021994125011355378
0 0.12235377728939056 0.23803988311883847 0.019427681962649032 0.021344399267388896
0 0.1444348245859146 0.23695238246474154 0.019401714205741882 0.02155620367952098
0 0.1688552349805832 0.2360411799231241 0.019599437713623047 0.021292679069578213
0 0.18954962491989136 0.2337404960809752 0.020103007555007935 0.02149161996767505
0 0.24203550070524216 0.23214550905449446 0.020105207959810883 0.021710817203965296
0 0.2661071717739105 0.23118681368503732 0.020105207959810856 0.021710817203965296
0 0.291109561920166 0.23019105084039737 0.020105207959810856 0.021710817203965296
0 0.34062814712524414 0.22821888869998136 0.020105207959810856 0.021710817203965296
0 0.3670799732208252 0.22716539959574855 0.020105207959810856 0.021710817203965296
0 0.3921066224575043 0.22617406653671762 0.019924898942311642 0.02174201492191288
0 0.41771501302719116 0.22511692544461182 0.020187675952911377 0.021637805672579034
0 0.4433402121067047 0.22408024100370186 0.020187675952911377 0.021637805672579034
0 0.4696991741657257 0.22301387169432274 0.020187675952911377 0.021637805672579034
0 0.5212439298629761 0.22157348943232794 0.019761939843495613 0.022214623384697492
0 0.5479042371925043 0.22075343507945885 0.019761939843495613 0.022214623384697492
0 0.5744427657451759 0.22054223951633894 0.019761939843495613 0.022214623384697492
0 0.6012919293779906 0.22041756539872093 0.019761939843495613 0.022214623384697492
0 0.6291492552984329 0.2200914704899606 0.01922285556793213 0.022565279820168694
0 0.7114512324333191 0.2514557949332304 0.022333979606628418 0.023746623549350473
0 0.7375844717025757 0.25125954246882776 0.022333979606628418 0.023746623549350473
0 0.7660312056541443 0.25104591638196266 0.022333979606628418 0.023746623549350473
0 0.7931830286979675 0.2508420146715596 0.022333979606628418 0.023746623549350473
0 0.8198467493057251 0.25064177845799646 0.022333979606628418 0.023746623549350473
0 0.8462992310523987 0.25158919844516486 0.022358298301696777 0.02316968755204551
0 0.8748736381530762 0.2525262944114334 0.022358298301696777 0.02316968755204551
0 0.12028734013438225 0.2985775969749273 0.019832062224547073 0.02226990692375245
0 0.14298705756664276 0.2976707298982937 0.019832062224547087 0.02226990692375245
0 0.16596244275569916 0.29675284973246746 0.019832062224547087 0.02226990692375245
0 0.1903463900089264 0.2957786966828398 0.019832062224547087 0.02226990692375245
0 0.2407166138291359 0.29376637658407523 0.01983206222454706 0.02226990692375245
0 0.26515915989875793 0.2931981641192769 0.019879847764968872 0.02231553543445676
0 0.28926292061805725 0.29264660768730694 0.01980493466059363 0.022404589394266265
0 0.31438928842544556 0.2914275235907976 0.020194391409556034 0.022932185683139535
0 0.3401726186275482 0.29100945938465206 0.020105063915252686 0.022701115571251183
0 0.3650508224964142 0.29023930882007065 0.020105063915252686 0.022701115571251183
0 0.3916034400463104 0.2894173236998844 0.020105063915252686 0.022701115571251183
0 0.41696473956108093 0.2886322180209224 0.020105063915252686 0.022701115571251183
0 0.44294264912605286 0.2878280240435933 0.020105063915252686 0.022701115571251183
0 0.4693377912044525 0.2870914104372956 0.020018815994262695 0.02260910448177843
0 0.5220587849617004 0.28642306627286285 0.021239280700683594 0.023093999818313952
0 0.5486148595809937 0.28608641485115843 0.021239280700683594 0.023093999818313952
0 0.6030191779136658 0.2853967311770417 0.021239280700683594 0.023093999818313952
0 0.6302196979522705 0.28505191011920955 0.021239280700683594 0.023093999818313952
0 0.6573033332824707 0.2858194817541471 0.022124052047729492 0.0237754259922708
0 0.6847912669181824 0.28488518477405306 0.022124052047729492 0.0237754259922708
0 0.7127416133880615 0.2839351706825805 0.022124052047729492 0.0237754259922708
0 0.739636242389679 0.2830210397409838 0.022124052047729492 0.0237754259922708
0 0.7669317722320557 0.2827224953230037 0.022175629933675056 0.023365760034368917
0 0.1657617837190628 0.3280678017194881 0.019644846518834413 0.022088294805482377
0 0.21450373530387878 0.3265303456506064 0.019511987765630068 0.022269300712171425
0 0.23892009258270264 0.32579941539510465 0.019511987765630068 0.022269300712171425
0 0.2642589807510376 0.32504086817237565 0.019511987765630123 0.022269300712171425
0 0.2887295186519623 0.32422869323011705 0.02005678415298462 0.022991298705108378
0 0.31349754333496094 0.3235668581585551 0.02005678415298462 0.022991298705108378
0 0.3392839729785919 0.3228778099309735 0.02005678415298462 0.022991298705108378
0 0.36443978548049927 0.3222056126451388 0.02005678415298462 0.022991298705108378
0 0.41636908054351807 0.32081799174464026 0.02005678415298462 0.022991298705108378
0 0.44192492961883545 0.3201351049412692 0.02005678415298462 0.022991298705108378
0 0.4685174524784088 0.3194764402673531 0.020448466142018673 0.023008139558540787
0 0.4956163913011551 0.31883097803869914 0.021049410104751587 0.023087020992308596
0 0.5217076539993286 0.31826604798782704 0.02117113272349047 0.023462502531302963
0 0.5476151704788208 0.3179527688611271 0.02117113272349047 0.023462502531302963
0 0.6030268669128418 0.317282718998125 0.02117113272349047 0.023462502531302963
0 0.6303552985191345 0.31695225786749237 0.02117113272349047 0.023462502531302963
0 0.6579070091247559 0.3166190968003384 0.02117113272349047 0.023462502531302963
0 0.6847593784332275 0.3163470483418175 0.021152297655741448 0.02320126969684929
0 0.7116488218307495 0.31743158296097157 0.02132304509480787 0.023458244264587848
0 0.7392363548278809 0.3179219970751637 0.02132304509480787 0.023458244264587848
0 0.1655738204717636 0.35870365763819495 0.019457379976908384 0.02241356428279433
0 0.18963563442230225 0.358197478360908 0.019445339838663755 0.02263870534970776
0 0.21365728974342346 0.3577818759652071 0.019426693518956484 0.022396427716395623
0 0.23800602555274963 0.35729212954110706 0.019426693518956484 0.022396427716395623
0 0.28826236724853516 0.356281281839337 0.01942669351895654 0.022396427716395623
0 0.3131105303764343 0.35578149001718073 0.01942669351895654 0.022396427716395623
0 0.3382928669452667 0.35527497668598973 0.01942669351895654 0.022396427716395623
0 0.36402902007102966 0.35473082204358125 0.019681692123413086 0.022310818812643806
0 0.3900911808013916 0.35419672588969386 0.020164767901102665 0.022737798764724114
0 0.41585251688957214 0.3534935000716655 0.020164767901102665 0.022737798764724114
0 0.4423602521419525 0.3525393064631972 0.020461777846018436 0.022894925849382266
0 0.46819519996643066 0.35206344114168375 0.020461777846018436 0.022894925849382266
0 0.49460193514823914 0.351577043816139 0.020461777846018492 0.022894925849382266
0 0.5211039781570435 0.35108889097360846 0.020461777846018547 0.022894925849382266
0 0.5480290651321411 0.35059294589730194 0.020461777846018547 0.022894925849382266
0 0.5750219225883484 0.35056812818660293 0.021451393763224358 0.023558904958325765
0 0.6020684242248535 0.3503854769768377 0.021451393763224358 0.023558904958325765
0 0.6292278170585632 0.350202063387005 0.021451393763224358 0.023558904958325765
0 0.6574437022209167 0.3500115150629088 0.021451393763224358 0.023558904958325765
0 0.6848685145378113 0.3498263090346177 0.021451393763224358 0.023558904958325765
0 0.7117144465446472 0.3499173211505873 0.021831512451171875 0.0235065046206925
0 0.7385733723640442 0.34982863137888354 0.021831512451171875 0.0235065046206925
0 0.11694222316145897 0.3914562935052916 0.019423904518286392 0.02204365693321529
0 0.14071445167064667 0.390962384140783 0.019423904518286406 0.02204365693321529
0 0.1640198528766632 0.3904781739248653 0.019423904518286406 0.02204365693321529
0 0.1884920746088028 0.3899349564942746 0.019533763329188047 0.022097742834756542
0 0.21320421993732452 0.3894562832144804 0.019533763329188047 0.022097742834756542
0 0.23755036294460297 0.38898469938520497 0.019533763329188047 0.022097742834756542
0 0.2623901963233948 0.3885035527929159 0.019533763329187992 0.022097742834756542
0 0.2872898578643799 0.3880212473314862 0.019533763329187992 0.022097742834756542
0 0.3125222325325012 0.38753249722991373 0.019533763329187992 0.022097742834756542
0 0.33789852261543274 0.3872476421532662 0.02048248052597046 0.023071407347686586
0 0.363923043012619 0.38672629068064135 0.02048248052597046 0.023071407347686586
0 0.38952571153640747 0.3862133902031576 0.02048248052597046 0.023071407347686586
0 0.4421084225177765 0.3851599961967994 0.02048248052597046 0.023071407347686586
0 0.46781256794929504 0.38464506282362826 0.02048248052597046 0.023071407347686586
0 0.4940744489431381 0.3841189562855989 0.02048248052597046 0.023071407347686586
0 0.5216422080993652 0.383911236862882 0.02100498477617907 0.023528106452882808
0 0.547972559928894 0.38355229157411125 0.02100498477617907 0.023528106452882766
0 0.5753016471862793 0.3831797311472338 0.02100498477617907 0.023528106452882766
0 0.6025031805038452 0.38363515465743514 0.02131044864654541 0.023456292559010126
0 0.6294291019439697 0.38354636762787186 0.02131044864654541 0.023456292559010126
0 0.6563979983329773 0.3834574388903241 0.02131044864654541 0.023456292559010126
0 0.11650693044066429 0.4224266913527717 0.01936185359954834 0.02230991688809648
0 0.13965477049350739 0.4222251855990024 0.019680281480153383 0.02246856689453125
0 0.1630098968744278 0.4215194636428611 0.019713719685872377 0.022072843802991817
0 0.1877763718366623 0.4212683300639308 0.019713719685872377 0.022072843802991817
0 0.21214652061462402 0.4210212152568778 0.019713719685872377 0.022072843802991817
0 0.23648500442504883 0.4207744215345427 0.019713719685872377 0.022072843802991817
0 0.286546528339386 0.4202667946039244 0.019713719685872433 0.022072843802991817
0 0.33687707781791687 0.4197564397375437 0.019713719685872433 0.022072843802991817
0 0.3631957769393921 0.41891989597054413 0.020184993743896484 0.0226700952810834
0 0.3891395628452301 0.4186680802011138 0.020163098971048954 0.02278497976850164
0 0.415304958820343 0.4186526897341706 0.020163098971048954 0.02278497976850164
0 0.44107747077941895 0.41863753036132073 0.020163098971048954 0.02278497976850164
0 0.466968834400177 0.41722266618595566 0.020718355973561642 0.023266903189725654
0 0.4941093176603317 0.41698136995403007 0.020718355973561586 0.023266903189725654
0 0.5206728577613831 0.4167452031153063 0.02071835597356153 0.023266903189725654
0 0.547205924987793 0.4165093071999024 0.02071835597356153 0.023266903189725654
0 0.5740963816642761 0.416270233864008 0.02071835597356153 0.023266903189725654
0 0.1148066520690918 0.45392919141192767 0.019658207893371582 0.022612963535988923
0 0.1384390890598297 0.4537239758028454 0.019658207893371582 0.022612963535988923
0 0.16190528869628906 0.4535605408424555 0.019829263289769472 0.022862988849018894
0 0.18587639927864075 0.45328268893929413 0.019951671361923218 0.023049879443737833
0 0.21011365950107574 0.45302827375911325 0.019951671361923218 0.023049879443737833
0 0.23636968433856964 0.4527526678849938 0.019951671361923218 0.023049879443737833
0 0.2613777816295624 0.4524901613343409 0.019951671361923218 0.023049879443737833
0 0.28628405928611755 0.4522287235703579 0.019951671361923218 0.023049879443737833
0 0.31131821870803833 0.45194185077745547 0.02014283339182532 0.02312055484269022
0 0.3628150224685669 0.45120056509937173 0.02067391077677405 0.02302755311478016
0 0.38838934898376465 0.4510011007619459 0.02067391077677405 0.02302755311478016
0 0.44055747985839844 0.4505557040966384 0.020916461944580078 0.02323821903199183
0 0.4941621422767639 0.45016683534134266 0.020916461944580078 0.02323821903199183
0 0.5205320715904236 0.4499755377726833 0.020916461944580078 0.02323821903199183
0 0.5477799773216248 0.4497778710267683 0.020916461944580078 0.02323821903199183
0 0.5747146010398865 0.44958247694858283 0.020916461944580078 0.02323821903199183
0 0.6020388007164001 0.4493842567371629 0.020916461944580078 0.02323821903199183
0 0.6290711760520935 0.44974930341853653 0.021076718966166252 0.023199244063029974
0 0.11450451612472534 0.4853970727255178 0.019459192951520293 0.022219813147256542
0 0.1378622204065323 0.4852951760445769 0.019459192951520266 0.022219813147256542
0 0.16160474717617035 0.4851916005970161 0.019459192951520266 0.022219813147256542
0 0.1857714056968689 0.48508617489836936 0.019459192951520266 0.022219813147256542
0 0.2102685123682022 0.4849793076381134 0.019459192951520266 0.022219813147256542
0 0.23502930998802185 0.48455363174014365 0.01922321319580078 0.02216693966887718
0 0.25999703258275986 0.48444898738417513 0.019746189316113827 0.022612342538759635
0 0.285600870847702 0.4841667711515337 0.019948626557985905 0.022947000902752545
0 0.31145742535591125 0.4839635449786519 0.020192960898081425 0.022816621055898795
0 0.36207011342048645 0.4837404374973844 0.020192960898081425 0.022816621055898795
0 0.41351446509361267 0.4834819616273392 0.0202673077583313 0.023030924242596295
0 0.44031473994255066 0.4833787993437429 0.0202673077583313 0.023030924242596295
0 0.4671145975589752 0.48327563866619944 0.0202673077583313 0.023030924242596295
0 0.49280092120170593 0.48317676431438344 0.0202673077583313 0.023030924242596295
0 0.5201979279518127 0.4830713050310002 0.0202673077583313 0.023030924242596295
0 0.5472451448440552 0.48322269528411155 0.02058664957682299 0.023120732270470016
0 0.5746865272521973 0.48320396550824274 0.02058664957682299 0.023120732270470016
0 0.6018860340118408 0.4831258640732876 0.020713428656260247 0.023250757261764173
0 0.6291922330856323 0.48328452886537066 0.02104075749715162 0.02361454335294023
0 0.11360219866037369 0.5167304194250772 0.01919098198413849 0.022543116133342474
0 0.13669072091579437 0.5169786519562426 0.01919098198413849 0.022543116133342474
0 0.16060233116149902 0.5172357337854678 0.01919098198413849 0.022543116133342474
0 0.18524108827114105 0.5175006334171739 0.01919098198413849 0.022543116133342474
0 0.20903733372688293 0.5177564749204266 0.01919098198413849 0.022543116133342474
0 0.2593228220939636 0.5168702772519451 0.020017355680465698 0.022920179736706583
0 0.2843448221683502 0.5166034698486328 0.019875645637512207 0.02286470398422365
0 0.3103058934211731 0.5165333668626502 0.019875645637512207 0.02286470398422365
0 0.3355742394924164 0.5164651344506211 0.019875645637512207 0.02286470398422365
0 0.361346960067749 0.5162731563644333 0.020237306753794315 0.023120702699173327
0 0.3870110809803009 0.5163262389427008 0.020237306753794315 0.023120702699173327
0 0.41333791613578796 0.5165661213009857 0.020448287328084347 0.023258209228515625
0 0.46604591608047485 0.5164881600885505 0.020448287328084347 0.023258209228515625
0 0.49248000979423523 0.5164490610144495 0.02044828732808429 0.023258209228515625
0 0.5200470089912415 0.5164082862424443 0.020448287328084236 0.023258209228515625
0 0.5472080707550049 0.5163681118987328 0.020448287328084236 0.023258209228515625
0 0.5744010210037231 0.5166421934615734 0.020398159821828132 0.023294020068737833
0 0.6016978621482849 0.5166476953601046 0.020670294761657715 0.023261136786882266
0 0.6290876865386963 0.5167129427887672 0.020670294761657715 0.023261136786882266
0 0.11296918988227844 0.5486668871710361 0.019643425941467285 0.022705580837042702
0 0.1360524296760559 0.5488122008567633 0.019643425941467285 0.022705580837042702
0 0.1597222089767456 0.5489612069278894 0.019643425941467285 0.022705580837042702
0 0.18380491435527802 0.5491128124525949 0.019643425941467285 0.022705580837042702
0 0.2338741272687912 0.549428008323492 0.019643425941467285 0.022705580837042702
0 0.2588275745511055 0.5495850953454433 0.019643425941467285 0.022705580837042702
0 0.2836853861808777 0.549207434163278 0.02056238551934564 0.02274978992550872
0 0.30900120735168457 0.5495013912482762 0.020609617233276367 0.023163048795951484
0 0.3348854184150696 0.5495136172272438 0.020609617233276367 0.023163048795951484
0 0.36062541604042053 0.5495257750893793 0.020609617233276367 0.023163048795951484
0 0.41303882002830505 0.5495505316938284 0.020609617233276367 0.023163048795951484
0 0.43912577629089355 0.5495628534361373 0.020609617233276367 0.023163048795951484
0 0.4917779713869095 0.5495877228296168 0.020609617233276367 0.023163048795951484
0 0.5199123024940491 0.5501694790152616 0.020876844724019294 0.023475469544876452
0 0.5466394424438477 0.5499153996079404 0.021121660868326897 0.02342578976653343
0 0.5743386745452881 0.5501175370327261 0.021121660868326897 0.02342578976653343
0 0.6015413403511047 0.5503160507241223 0.021121660868326897 0.02342578976653343
0 0.6294602751731873 0.5505197914475845 0.021121660868326897 0.02342578976653343
0 0.6575689315795898 0.5507249166799146 0.021121660868326897 0.02342578976653343
0 0.11168910562992096 0.580084634283679 0.020070297022660583 0.022679469382116093
0 0.13487986847758293 0.5804349766221157 0.019969192643960312 0.022851722185001817
0 0.15863123536109924 0.5809818090394486 0.020101780692736326 0.02279512272324673
0 0.18311364948749542 0.581167579378851 0.020101780692736326 0.02279512272324673
0 0.20763570070266724 0.5811719280748525 0.02037094533443451 0.023171624471974926
0 0.2574590668082237 0.5816905443058458 0.020271008213361114 0.02304236833439317
0 0.28247323632240295 0.5819091884383737 0.02027100821336114 0.02304236833439317
0 0.3076319098472595 0.5821290956531737 0.02027100821336114 0.02304236833439317
0 0.33352866768836975 0.5823554543236165 0.02027100821336114 0.02304236833439317
0 0.35958221554756165 0.582583183466002 0.02027100821336114 0.02304236833439317
0 0.3858177363872528 0.5828823267027389 0.020859499772389767 0.023544074953064494
0 0.411958783864975 0.5831188027780148 0.020859499772389767 0.023544074953064494
0 0.4387853443622589 0.5833614801131505 0.020859499772389767 0.023544074953064494
0 0.49271371960639954 0.5838493247771642 0.02085949977238971 0.023544074953064494
0 0.5198031663894653 0.5840943802234738 0.020859499772389656 0.023544074953064494
0 0.5468754768371582 0.5841538515660235 0.02099931240081787 0.023539698401162792
0 0.5741481184959412 0.5843476583791334 0.02099931240081787 0.023539698401162792
0 0.15789298713207245 0.6128463067512986 0.019972458481788635 0.02355844660322801
0 0.1824062466621399 0.6133272481519122 0.019972458481788635 0.02355844660322801
0 0.20679818093776703 0.6138058091943475 0.019972458481788635 0.02355844660322801
0 0.23183487355709076 0.614498458182336 0.020349358518918337 0.02378023132797365
0 0.25646696239709854 0.6147228140988109 0.02031099796295166 0.023673449375832673
0 0.2819761633872986 0.6150657298953034 0.02031099796295166 0.023673449375832673
0 0.3072985112667084 0.6154061338576017 0.02031099796295166 0.023673449375832673
0 0.3329126834869385 0.6157504607642644 0.02031099796295166 0.023673449375832673
0 0.3583207130432129 0.6160920165305914 0.02031099796295166 0.023673449375832673
0 0.38499560952186584 0.6164506025708145 0.02031099796295166 0.023673449375832673
0 0.410983145236969 0.6166787931164278 0.020867576201756832 0.0242456243943799
0 0.4376370310783386 0.6170110615514683 0.020867576201756832 0.0242456243943799
0 0.46509450674057007 0.6174402015153752 0.02149040500322974 0.024408887523089215
0 0.4925428777933121 0.6176954012929857 0.021490405003229796 0.024408887523089215
0 0.5194668173789978 0.6179457251967782 0.02149040500322985 0.024408887523089215
0 0.5746962428092957 0.6184592178576099 0.02149040500322985 0.024408887523089215
0 0.602161705493927 0.6187145765437636 0.02149040500322985 0.024408887523089215
0 0.6298162937164307 0.6189880191581537 0.02207867304484057 0.024415215780568676
0 0.6585235595703125 0.6192718704223242 0.02207867304484057 0.024415215780568676
0 0.6863369345664978 0.6195468830861461 0.02207867304484057 0.024415215780568676
0 0.7147163152694702 0.6198274922925372 0.02207867304484057 0.024415215780568676
0 0.742159366607666 0.6198431502941043 0.022118846575419182 0.024983576101850116
0 0.15707626938819885 0.645173893418423 0.0199194997549057 0.023044408753860827
0 0.18101893365383148 0.6458056911410991 0.0199194997549057 0.023044408753860827
0 0.2060047686100006 0.6464650159952312 0.0199194997549057 0.023044408753860827
0 0.23090139031410217 0.6471219866949189 0.0199194997549057 0.023044408753860827
0 0.25569284707307816 0.6477761823077535 0.020795380075772613 0.023577845373819042
0 0.2803318500518799 0.6483099899815967 0.02079538007577264 0.023577845373819042
0 0.3064378798007965 0.6488755810091859 0.02079538007577264 0.023577845373819042
0 0.35844066739082336 0.6500022291572738 0.02079538007577264 0.023577845373819042
0 0.3846270442008972 0.6505695609159248 0.02145998676617944 0.024168118025905346
0 0.4109340310096741 0.6507251207218614 0.021547327438990238 0.02430914353954705
0 0.43827003240585327 0.6511513409736994 0.021547327438990238 0.02430914353954705
0 0.464873731136322 0.6515661432342199 0.021547327438990238 0.02430914353954705
0 0.4918098598718643 0.6519861287107648 0.021547327438990294 0.02430914353954705
0 0.547419548034668 0.6528531895127407 0.02154732743899035 0.02430914353954705
0 0.5747816562652588 0.653393590173056 0.021764079729716057 0.024287881777267994
0 0.6031323075294495 0.6536175661825616 0.021764079729716057 0.024287881777267994
0 0.6303097605705261 0.6538322736834209 0.021764079729716057 0.024287881777267994
0 0.658582329750061 0.654055632828306 0.021764079729716057 0.024287881777267994
0 0.686339259147644 0.6542749183122502 0.021764079729716057 0.024287881777267994
0 0.15718738734722137 0.6774035165476244 0.0202093819777171 0.023214118425236192
0 0.18048307299613953 0.6780922911887945 0.020385533571243286 0.02345435563908067
0 0.23010282218456268 0.6802962547124818 0.020611474911371885 0.023878230605014535
0 0.2543240115046501 0.6809677007751851 0.020611474911371858 0.023878230605014535
0 0.28004521131515503 0.6816807292773175 0.02061147491137183 0.023878230605014535
0 0.30558156967163086 0.6823886337095748 0.02061147491137183 0.023878230605014535
0 0.33233773708343506 0.6831303529961165 0.02061147491137183 0.023878230605014535
0 0.3572615087032318 0.6836881851672014 0.020976682504018185 0.023978240730226558
0 0.4105035364627838 0.6848472849777445 0.021690428256988525 0.024574102357376452
0 0.43744957447052 0.6853932668996412 0.021690428256988525 0.024574102357376452
0 0.4917895346879959 0.68649430579474 0.021690428256988525 0.024574102357376452
0 0.5194506645202637 0.6870800284452216 0.022009770075480217 0.024890840515609913
0 0.5472120642662048 0.6876798173683404 0.02198561032613111 0.024527793706849564
0 0.5746241211891174 0.6880325494810592 0.02198561032613111 0.024527793706849564
0 0.6028672456741333 0.6883959755821137 0.02198561032613111 0.024527793706849564
0 0.6590925455093384 0.6891194699501172 0.02198561032613111 0.024527793706849564
0 0.6877108216285706 0.6894877234170603 0.02198561032613111 0.024527793706849564
0 0.7158544063568115 0.6898498686631682 0.02198561032613111 0.024527793706849564
0 0.15627723932266235 0.7107334136962891 0.019884596268335997 0.023123541543650074
0 0.18014837801456451 0.7116874442873583 0.019884596268335997 0.023123541543650074
0 0.20457495748996735 0.7126636735471139 0.019884596268335997 0.023123541543650074
0 0.22965718805789948 0.713666106466754 0.019884596268335997 0.023123541543650074
0 0.25409460067749023 0.7146427686824355 0.01988459626833597 0.023123541543650074
0 0.2787933647632599 0.7150384287452053 0.020839015642801884 0.02382245913956522
0 0.30455631017684937 0.7158543792154202 0.020839015642801884 0.02382245913956522
0 0.3304731547832489 0.7166752039000045 0.020839015642801884 0.02382245913956522
0 0.35662007331848145 0.7174856153394056 0.021182775497436523 0.02427658554195439
0 0.3831082880496979 0.7183860069097474 0.02151753505071008 0.024466640265412978
0 0.43708503246307373 0.7199767096086085 0.02151753505071008 0.024466640265412978
0 0.4641714096069336 0.7207749491781374 0.02151753505071008 0.024466640265412978
0 0.49189282953739166 0.7215919035531908 0.021517535050710024 0.024466640265412978
0 0.5190171599388123 0.7223912616108739 0.02151753505070997 0.024466640265412978
0 0.5466922521591187 0.7232082652759723 0.02134760220845533 0.02456768538600709
0 0.5739988088607788 0.7235773219618686 0.02163451910018921 0.02471568972565407
0 0.1080453172326088 0.7405894523443177 0.020675028363863618 0.023111742596293606
0 0.1320616453886032 0.7419399891003182 0.02052493393421173 0.023349954176318685
0 0.1553647816181183 0.743050353471623 0.02052493393421173 0.023349954176318764
0 0.17919687926769257 0.7441859221720292 0.02052493393421173 0.023349954176318685
0 0.20373480021953583 0.7453894726065702 0.02102789282798767 0.023697062056193954
0 0.25331296771764755 0.7475054260520352 0.02102789282798767 0.023697062056193954
0 0.3040804862976074 0.7496721399762853 0.02102789282798767 0.023697062056193954
0 0.32954996824264526 0.7507591555074232 0.02102789282798767 0.023697062056193954
0 0.35660046339035034 0.7519136473189952 0.022005856037139893 0.02462583734083548
0 0.3826962113380432 0.7528134720627732 0.022005856037139893 0.02462583734083548
0 0.4093954861164093 0.753784976303937 0.022216041882832882 0.025030904962110915
0 0.43607375025749207 0.7546791475872661 0.022216041882832882 0.025030904962110915
0 0.4635228216648102 0.7555991538993964 0.022216041882832882 0.025030904962110915
0 0.49078235030174255 0.7565128073355918 0.022216041882832827 0.025030904962110915
0 0.5191231369972229 0.7574627011321312 0.02221604188283277 0.025030904962110998
0 0.5467689633369446 0.7583893020491231 0.02221604188283277 0.025030904962110998
0 0.5739872455596924 0.7590575107308322 0.022209763526916504 0.024885236754898062
0 0.10738110542297363 0.7731101940345155 0.02017556627591452 0.023400654164395702
0 0.15543730556964874 0.7758892857751181 0.02017556627591449 0.023400654164395702
0 0.1791277378797531 0.777764327889313 0.02090930938720703 0.024049093556958577
0 0.20332005620002747 0.778919308684593 0.02090930938720703 0.024049093556958577
0 0.2277015745639801 0.7800683309865553 0.02113733688990277 0.024164244186046513
0 0.25233861058950424 0.781251245931873 0.02113733688990274 0.024164244186046513
0 0.2781686782836914 0.7824914427267459 0.021137336889902714 0.024164244186046513
0 0.30370965600013733 0.7837177592458073 0.021137336889902714 0.024164244186046513
0 0.329641729593277 0.7849628537200218 0.021137336889902714 0.024164244186046513
0 0.355518102645874 0.7859690565770939 0.021138211091359493 0.024282411087390987
0 0.40849775075912476 0.7881512309229651 0.02204817533493042 0.024988041367641715
0 0.43566080927848816 0.7891237170864932 0.02204817533493042 0.024988041367641715
0 0.4629758298397064 0.7901016437633928 0.02204817533493042 0.024988041367641715
0 0.5183112621307373 0.7920827513848893 0.02204817533493042 0.024988041367641715
0 0.5469266176223755 0.7931072323821312 0.02204817533493042 0.024988041367641715
0 0.5743239521980286 0.794097325453102 0.02215343713760376 0.024984256241672612
0 0.6034510731697083 0.7945671310847465 0.022828857103983635 0.025100353152252907
0 0.6313341856002808 0.7952496948794198 0.022828857103983635 0.025100353152252907
0 0.6595264077186584 0.7959398255152056 0.022828857103983635 0.025100353152252907
0 0.689357340335846 0.7966700709143351 0.022828857103983635 0.025100353152252907
0 0.1063067838549614 0.806262171545694 0.020214868088563293 0.02328816495200471
0 0.13019001111388206 0.8074837195991651 0.02021486808856328 0.02328816495200471
0 0.1541154533624649 0.8087074268096832 0.020214868088563265 0.02328816495200471
0 0.20263774693012238 0.8111891815832297 0.020214868088563265 0.02328816495200471
0 0.2265908271074295 0.8124143023823582 0.020214868088563265 0.02328816495200471
0 0.2522529363632202 0.8149055658384811 0.02135618527730307 0.02423793585725544
0 0.2775327265262604 0.8162609399025377 0.021356185277303097 0.02423793585725544
0 0.30321168899536133 0.8176377155600107 0.021356185277303097 0.02423793585725544
0 0.32952162623405457 0.8190483208826932 0.021356185277303097 0.02423793585725544
0 0.3822041153907776 0.8218728886094204 0.021356185277303097 0.02423793585725544
0 0.40854769945144653 0.823176805363145 0.022447029749552372 0.025355790012566506
0 0.43532639741897583 0.8241839322218815 0.022447029749552372 0.025355790012566506
0 0.4630904793739319 0.8252281186374758 0.022447029749552372 0.025355790012566506
0 0.49089133739471436 0.8262736881734779 0.022447029749552427 0.025355790012566506
0 0.5186437964439392 0.8273174374602562 0.022447029749552483 0.025355790012566506
0 0.5465964078903198 0.8283604792380128 0.0229529937108357 0.025339466656825228
0 0.5743920803070068 0.8293655750363372 0.0229529937108357 0.025339466656825228
0 0.10634888708591461 0.838042325751726 0.02061877151330313 0.023503621419270725
0 0.15302802622318268 0.841363771291192 0.020618771513303102 0.023503621419270725
0 0.1777062863111496 0.8431197483380248 0.020618771513303102 0.023503621419270725
0 0.2015361487865448 0.8448153578091471 0.020618771513303102 0.023503621419270725
0 0.22631336748600006 0.8465783762377362 0.020618771513303102 0.023503621419270725
0 0.2525453269481659 0.8483126152197383 0.02104504903157553 0.023787860722504734
0 0.30299922823905945 0.8517465696830407 0.022303740183512333 0.024519395458605753
0 0.3286755383014679 0.8531494140625 0.022303740183512333 0.024519395458605753
0 0.38164272904396057 0.856134202018928 0.022872189680735233 0.025241112524224917
0 0.4085032045841217 0.8575616880904796 0.022872189680735233 0.025241112524224917
0 0.43598321080207825 0.8590220987992786 0.022872189680735233 0.025241112524224917
0 0.46304216980934143 0.8604601331719686 0.022872189680735233 0.025241112524224917
0 0.4905391037464142 0.8619214434956395 0.02287218968073529 0.025241112524224917
0 0.15370017290115356 0.8746804525685865 0.020411208271980286 0.023291181224261253
0 0.17709451913833618 0.8760928664096567 0.020798295736312866 0.023674425228621718
0 0.20195604860782623 0.877858184104742 0.021348188320795713 0.024032356203064327
0 0.22656391561031342 0.8802733310433322 0.020944610238075256 0.02372505128845677
0 0.25085725635290146 0.881902253157849 0.020944610238075256 0.02372505128845677
0 0.277052640914917 0.8836587115084513 0.020944610238075256 0.02372505128845677
0 0.3288062810897827 0.8872726037086844 0.02264847358067834 0.02499998817148146
0 0.35388830304145813 0.8888107122376908 0.02264847358067834 0.02499998817148146
0 0.38095521926879883 0.8904705407309192 0.02264847358067834 0.02499998817148146
0 0.40766218304634094 0.8921082958070148 0.02264847358067834 0.02499998817148146
0 0.4343212842941284 0.8937431158021439 0.02264847358067834 0.02499998817148146
0 0.46040162444114685 0.8953424443449863 0.02264847358067834 0.02499998817148146
0 0.4881928712129593 0.8968225842334443 0.02314525842666626 0.02518202907355268
0 0.5462993383407593 0.8995995421584848 0.02314525842666626 0.02518202907355268
0 0.5742202997207642 0.900933908861737 0.02314525842666626 0.02518202907355268
0 0.6020458340644836 0.9022637150250394 0.02314525842666626 0.02518202907355268
0 0.6310427784919739 0.902580419187585 0.02387018998463941 0.02532698756964643
0 0.6598706841468811 0.9035898252975109 0.02387018998463941 0.02532698756964643
0 0.6885121464729309 0.9039634882017623 0.02409040927886963 0.025659664656764888
0 0.7155483961105347 0.9048899273539699 0.024010101954142327 0.026205314222232205
0 0.15309730172157288 0.9066953437272892 0.021465450525283813 0.02350379884705052
0 0.17631122469902039 0.9085636091874748 0.021490941445032774 0.023295084635416775
0 0.20054921507835388 0.9107029049895531 0.021490941445032774 0.023295084635416775
0 0.22503523528575897 0.9128640924238035 0.021490941445032774 0.023295084635416775
0 0.27529454231262207 0.9173000841399155 0.02149094144503272 0.023295084635416775
0 0.301241010427475 0.9195901737656704 0.02149094144503272 0.023295084635416775
0 0.3274141252040863 0.9219002677005478 0.02149094144503272 0.023295084635416775
0 0.35347044467926025 0.923133974230203 0.022552847862243652 0.02455748328866896
0 0.38079819083213806 0.924988179256517 0.022552847862243652 0.02455748328866896
0 0.4071083068847656 0.9267733374307322 0.022552847862243652 0.02455748328866896
0 0.602956351982493 0.12602704731815947 0.01998756329218543 0.021410143652627635
0 0.6282406844654862 0.12457355894606645 0.01998756329218543 0.021410143652627635
0 0.655518001642357 0.12361445437400508 0.01998756329218543 0.021410143652627635
0 0.6821309905879351 0.12314973360197534 0.01998756329218543 0.021410143652627635
0 0.7092887286831733 0.12309040754597154 0.01998756329218543 0.021410143652627635
0 0.736566045860044 0.12312007057397345 0.01998756329218543 0.021410143652627635
0 0.7638433630369148 0.12265534980194372 0.01998756329218543 0.021410143652627635
0 0.6017871342954182 0.15729187883216042 0.01998756329218543 0.021410143652627635
0 0.6289448723906563 0.1572325527761566 0.01998756329218543 0.021410143652627635
0 0.6562221895675271 0.15726221580415853 0.01998756329218543 0.021410143652627635
0 0.6828351785131053 0.15531434363203386 0.01998756329218543 0.021410143652627635
0 0.710112495689976 0.15583839046006742 0.01998756329218543 0.021410143652627635
0 0.6568020590308572 0.2199610452240677 0.020366970373659754 0.022821146381480178
0 0.682750719745143 0.2199907082520696 0.020366970373659754 0.022821146381480178
0 0.7106525054594286 0.21900194065200632 0.020366970373659754 0.022821146381480178
