0 0.13962380588054657 0.12558528988860373 0.020389427741368593 0.021189682243406296
0 0.16595220565795898 0.12599214814662246 0.020389427741368593 0.021189682243406296
0 0.7737519843667187 0.13606036274199418 0.018618582976760778 0.021102852321335738
0 0.16512742638587952 0.15572481828509574 0.020846128463745117 0.022024043770723565
0 0.19124358892440796 0.15605449676513672 0.0206558307011922 0.021939972574396664
0 0.21764124929904938 0.1564867434017274 0.0206558307011922 0.021939972574396664
0 0.24332207441329956 0.1569072522696713 0.02065583070119223 0.021939972574396664
0 0.27005258202552795 0.15734494908998672 0.020655830701192257 0.021939972574396664
0 0.32286572456359863 0.15820973418479742 0.020655830701192257 0.021939972574396664
0 0.3486657738685608 0.15862784243137687 0.020294487476348877 0.021850948185883765
0 0.3746272027492523 0.1591993487158487 0.020294487476348877 0.021850948185883765
0 0.4005310833454132 0.15976958815147252 0.020294487476348877 0.021850948185883765
0 0.42612579464912415 0.1603330216368379 0.020294487476348877 0.021850948185883765
0 0.45132210850715637 0.1608876849329749 0.020294487476348877 0.021850948185883765
0 0.4766474664211273 0.16144518896215784 0.020294487476348877 0.021850948185883765
0 0.5020392537117004 0.16203467337268074 0.019922753175099672 0.021941902101501952
0 0.5271216630935669 0.16239731810813726 0.01974685986836744 0.02151634157166002
0 0.5779501795768738 0.16322978707247002 0.019730846087137932 0.021370067152866098
0 0.6028603911399841 0.16364908003653855 0.019730846087137932 0.021370067152866098
0 0.6275753974914551 0.16406508727292138 0.019730846087137932 0.021370067152866098
0 0.6520003080368042 0.16447621156681674 0.019730846087137932 0.021370067152866098
0 0.6764043569564819 0.1648869847142419 0.019730846087137932 0.021370067152866098
0 0.16497009992599487 0.18738952348398608 0.020398229360580444 0.022305440533068745
0 0.19103595614433289 0.18751467326998375 0.020398229360580444 0.022305440533068745
0 0.2174244225025177 0.18764137200145342 0.020398229360580444 0.022305440533068745
0 0.24380028247833252 0.18776801020600076 0.020398229360580444 0.022305440533068745
0 0.26979759335517883 0.18789283088580114 0.020398229360580444 0.022305440533068745
0 0.3223746716976166 0.18857045125975877 0.01942312717437744 0.02114850051643312
0 0.34850847721099854 0.18912227209224258 0.01942312717437744 0.02114850051643312
0 0.3746047914028168 0.18967330128753968 0.01942312717437744 0.02114850051643312
0 0.40073099732398987 0.1902447412180346 0.019333581129709843 0.021033649296723588
0 0.4517602324485779 0.1913118487252988 0.019333581129709843 0.021033649296723588
0 0.4767968952655792 0.19183540763782486 0.019333581129709843 0.021033649296723588
0 0.5025998950004578 0.19237499194983343 0.019333581129709898 0.021033649296723588
0 0.5278285145759583 0.1929025650024414 0.019333581129709954 0.021033649296723588
0 0.5519787669181824 0.19313011613003042 0.019281943639119392 0.020948779675387604
0 0.5777449607849121 0.19328652151964354 0.019281943639119392 0.020948779675387604
0 0.6029156446456909 0.193241557409597 0.019608497619628906 0.021430758542792742
0 0.6529704928398132 0.19422965818311774 0.019608497619628906 0.021430758542792742
0 0.6773373484611511 0.19487865988995284 0.019583384195963616 0.021425772082898052
0 0.7265050411224365 0.19571879298187966 0.019583384195963616 0.021425772082898052
0 0.7513160109519958 0.19614274040890672 0.019583384195963616 0.021425772082898052
0 0.776141345500946 0.1965669332872752 0.019583384195963616 0.021425772082898052
0 0.8005484938621521 0.1969839805780455 0.019583384195963616 0.021425772082898073
0 0.824758768081665 0.19739766386142746 0.019583384195963616 0.021425772082898073
0 0.8487277030944824 0.19748562914510903 0.019646922747294182 0.021387584449708896
0 0.16403256356716156 0.2181249884671943 0.020142426093419374 0.02212422393089117
0 0.19020353257656097 0.21821858790997908 0.020142426093419374 0.02212422393089117
0 0.21667040884494781 0.218759581100109 0.020044495662053408 0.021963829217955123
0 0.270118772983551 0.2180838454188603 0.01954187949498498 0.021853143854658707
0 0.2967265844345093 0.21859956342120504 0.01954187949498498 0.021853143854658707
0 0.34880775213241577 0.2196090111848608 0.01954187949498498 0.021853143854658707
0 0.374249666929245 0.2201021315416037 0.01954187949498498 0.021853143854658707
0 0.40038371086120605 0.22060866688573083 0.01954187949498498 0.021853143854658707
0 0.4263927638530731 0.22111277963008658 0.01954187949498498 0.021853143854658707
0 0.4515744745731354 0.2203734355653166 0.019631048043568966 0.02171705674755478
0 0.16352315247058868 0.24952189866886582 0.020249560475349426 0.02219973423684293
0 0.1902233511209488 0.24961914072226787 0.020249560475349426 0.02219973423684293
0 0.21671903133392334 0.2497156379200578 0.020249560475349426 0.02219973423684293
0 0.24241965264081955 0.2498092395153986 0.020249560475349426 0.02219973423684293
0 0.26918458938598633 0.249906717344772 0.020249560475349426 0.02219973423684293
0 0.2963254153728485 0.25059675006432003 0.019906287391980526 0.02186512022979497
0 0.32248541712760925 0.25096421818394815 0.019906287391980526 0.02186512022979497
0 0.34908419847488403 0.25133784981661067 0.019906287391980526 0.02186512022979497
0 0.11114280670881271 0.2821304631787677 0.02057333787282309 0.02257567413093505
0 0.1367824524641037 0.281898874350329 0.02057333787282306 0.02257567413093505
0 0.16323596239089966 0.2809148613409171 0.02069480220476788 0.022237659424774434
0 0.2165123075246811 0.28117871838946673 0.02069480220476788 0.022237659424774434
0 0.24298981577157974 0.2811395733855491 0.019955034057299287 0.021965159926303598
0 0.2695211172103882 0.2813992547779925 0.01995503405729926 0.021965159926303598
0 0.29601266980171204 0.28157245281130766 0.020059208075205448 0.022007579951323308
0 0.34917277097702026 0.2821496407913759 0.020059208075205448 0.022007579951323308
0 0.37539124488830566 0.28243430894780813 0.020059208075205448 0.022007579951323308
0 0.40126460790634155 0.2827152300485544 0.020059208075205448 0.022007579951323308
0 0.4272915720939636 0.28299781888030295 0.020059208075205448 0.022007579951323308
0 0.45289599895477295 0.28326536456004425 0.019829829533894894 0.021981852923252814
0 0.47854551672935486 0.2842752894385117 0.019713083902994755 0.02196745170179261
0 0.5045928955078125 0.2845189298633439 0.019600510597229004 0.021469426709552143
0 0.5545698404312134 0.2850718387337618 0.019600510597229004 0.021469426709552143
0 0.5800466537475586 0.28535369581994785 0.019600510597229004 0.021469426709552143
0 0.6307412385940552 0.28591454414084344 0.019600510597229004 0.021469426709552143
0 0.6556023359298706 0.28618958938953487 0.019600510597229004 0.021469426709552143
0 0.6806057691574097 0.28646620933986594 0.019600510597229004 0.021469426709552143
0 0.7051549553871155 0.28636346861373546 0.019627968470255608 0.021518367205479377
0 0.7310298681259155 0.28654932474685024 0.01958398024241137 0.021431856377180234
0 0.7544671297073364 0.2866611037143441 0.01958398024241137 0.021431856377180234
0 0.11115692555904388 0.3140880451645962 0.019986271858215332 0.02257644298464753
0 0.1366729438304901 0.3138748911349339 0.019986271858215332 0.02257644298464753
0 0.16177351772785187 0.31366520761706906 0.019986271858215332 0.02257644298464753
0 0.18928928673267365 0.3127143619956506 0.020005683104197203 0.022193642549736554
0 0.24290984869003296 0.3129874162895735 0.020005683104197175 0.022193642549736554
0 0.2689289450645447 0.3131199144531456 0.020005683104197147 0.022193642549736554
0 0.2962587773799896 0.31325908733372554 0.020005683104197147 0.022193642549736554
0 0.32255446910858154 0.31339299401571585 0.020005683104197147 0.022193642549736554
0 0.37541818618774414 0.3136621941959129 0.020005683104197147 0.022193642549736554
0 0.4016253650188446 0.3147218856889973 0.019934554894765255 0.022224337555641353
0 0.4276738166809082 0.3151596645976222 0.019934554894765255 0.022224337555641353
0 0.4534623324871063 0.31559307493813527 0.019934554894765255 0.022224337555641353
0 0.47937268018722534 0.3154792271654415 0.01971120635668433 0.02190175906632295
0 0.5048293322324753 0.31579474515693134 0.0195625325043996 0.02172583942265471
0 0.5303141474723816 0.315980908289279 0.019562532504399543 0.02172583942265471
0 0.5815959572792053 0.31635551498178294 0.019562532504399543 0.02172583942265471
0 0.6058982014656067 0.31597432424855787 0.019276142120361328 0.02094288020170939
0 0.6569178700447083 0.31624626268705314 0.019276142120361328 0.02094288020170939
0 0.6819928884506226 0.3163799143069176 0.019276142120361328 0.02094288020170939
0 0.7066857218742371 0.3165115288538218 0.019276142120361328 0.02094288020170939
0 0.731856107711792 0.31664568878883537 0.019276142120361328 0.02094288020170939
0 0.7562703490257263 0.31679761132528617 0.01939570903778076 0.021380298821501
0 0.7810454964637756 0.3167718441146077 0.01939570903778076 0.021380298821501
0 0.8060532808303833 0.3167458349515952 0.01939570903778076 0.021380298821501
0 0.8299680948257446 0.31672096252441406 0.01939570903778076 0.021380298821501
0 0.8548479080200195 0.31669508645688227 0.01939570903778076 0.021380298821501
0 0.11041805893182755 0.34599404002344886 0.020419990022977202 0.022220936856528612
0 0.13664063811302185 0.345700252565911 0.020419990022977175 0.022220936856528612
0 0.16273967921733856 0.3454078491803695 0.020419990022977175 0.022220936856528612
0 0.18915994465351105 0.3451118469238281 0.020435631275177002 0.022103849307511178
0 0.2423190325498581 0.3452108133481651 0.020435631275177002 0.022103849307511178
0 0.2966269254684448 0.3453119185060623 0.020435631275177002 0.022103849307511178
0 0.3229750394821167 0.345360970864467 0.020435631275177002 0.022103849307511178
0 0.3495566248893738 0.34541045787722563 0.020435631275177002 0.022103849307511178
0 0.3756123185157776 0.34595765277595064 0.020012974739074707 0.022385767263959574
0 0.40240195393562317 0.3463415246037076 0.01949182152748108 0.021717322889224476
0 0.45437711477279663 0.3472437924949533 0.019471973180770874 0.02205589945002117
0 0.505597397685051 0.34732938367266986 0.019471973180770874 0.02205589945002117
0 0.5316710472106934 0.34737295380237987 0.019471973180770874 0.02205589945002117
0 0.5569697022438049 0.34741522888474596 0.019471973180770874 0.02205589945002117
0 0.5824570059776306 0.3474578192067701 0.019471973180770874 0.02205589945002117
0 0.6075225472450256 0.3474997047465445 0.019471973180770874 0.02205589945002117
0 0.632387638092041 0.3482365940892419 0.019230643908182854 0.021883158720741005
0 0.1620544046163559 0.3769931189579983 0.020274698734283447 0.022316821785860284
0 0.18871596455574036 0.3771098380865053 0.020282049973805727 0.02249753197958303
0 0.21547621488571167 0.37721578021513374 0.02031513055165607 0.022520945053692
0 0.24226516485214233 0.37729707984037175 0.020315130551656096 0.022520945053692
0 0.2965761125087738 0.3774619037583058 0.020315130551656124 0.022520945053692
0 0.3234068751335144 0.37754333027741077 0.020315130551656124 0.022520945053692
0 0.3499266803264618 0.37762381309686704 0.020315130551656124 0.022520945053692
0 0.3764103651046753 0.3777041862973877 0.020315130551656124 0.022520945053692
0 0.40273427963256836 0.3780302227701504 0.019891659418741825 0.022441390872925737
0 0.428647518157959 0.3782296522261605 0.019891659418741825 0.022441390872925737
0 0.45505911111831665 0.37843291704044785 0.019891659418741825 0.022441390872925737
0 0.4804188311100006 0.3786706481374104 0.019674132267634037 0.02228360582691756
0 0.5064613670110703 0.3788889951484148 0.019674132267634092 0.02228360582691756
0 0.5576103925704956 0.3787378863242939 0.01943732301394152 0.022086927133013124
0 0.5829876661300659 0.3786629146131998 0.01943732301394152 0.022086927133013124
0 0.6081946492195129 0.378588445988771 0.01943732301394152 0.022086927133013124
0 0.6332020163536072 0.378514567086863 0.01943732301394152 0.022086927133013124
0 0.16186611354351044 0.409677214751526 0.020804117123285948 0.022820199182791247
0 0.18883569538593292 0.4096338139023892 0.020804117123285948 0.022820199182791247
0 0.2152254581451416 0.40959134612817744 0.020804117123285948 0.022820199182791247
0 0.2700370252132416 0.40950314051315606 0.020804117123285892 0.022820199182791247
0 0.29683029651641846 0.4093134294937237 0.020454247792561886 0.02227026177931196
0 0.3238923251628876 0.4094628178796103 0.02036052942276001 0.022191217703412616
0 0.35040974617004395 0.4096079343151942 0.02036052942276001 0.022191217703412616
0 0.3774074912071228 0.40975567932129897 0.02036052942276001 0.022191217703412616
0 0.4034423530101776 0.40989815495438403 0.02036052942276001 0.022191217703412616
0 0.4293602406978607 0.41003999044728834 0.02036052942276001 0.022191217703412616
0 0.48167920112609863 0.41011956680652706 0.02026188373565674 0.022042267082273442
0 0.5071580410003662 0.4101326578908031 0.0194208025932312 0.021716627963753635
0 0.5324950218200684 0.4101456760875833 0.0194208025932312 0.021716627963753635
0 0.558118462562561 0.4101588414681052 0.0194208025932312 0.021716627963753635
0 0.5830315351486206 0.41017164185989735 0.0194208025932312 0.021716627963753635
0 0.2976585328578949 0.4744116133422776 0.020584245522817013 0.02264410211134321
0 0.3245528042316437 0.47423078847485917 0.020510971546173096 0.022322366403978923
0 0.3509186804294586 0.47411869847497273 0.02033144235610962 0.022049216336982196
0 0.378140926361084 0.4740461106035456 0.02033144235610962 0.022049216336982196
0 0.4042476415634155 0.4739764972846722 0.02033144235610962 0.022049216336982196
0 0.43061214685440063 0.47390619657086963 0.02033144235610962 0.022049216336982196
0 0.45686668157577515 0.47383618909259173 0.02033144235610962 0.022049216336982196
0 0.4824322760105133 0.4734561831452126 0.020143727461496952 0.02215688542802199
0 0.508548304438591 0.47326255441947146 0.020143727461497007 0.02215688542802199
0 0.5341914296150208 0.4730724318797597 0.020143727461497063 0.02215688542802199
0 0.5601283311843872 0.4728801312313523 0.020143727461497063 0.02215688542802199
0 0.5854488015174866 0.47269240091013354 0.020143727461497063 0.02215688542802199
0 0.6108830571174622 0.47248966619182436 0.020221640666325813 0.022031532701595753
0 0.6366366147994995 0.47235882027552517 0.019964218139648438 0.02203620496646384
0 0.6612411737442017 0.47219094564748365 0.019964218139648438 0.02203620496646384
0 0.2970947325229645 0.5400588013405023 0.02094632387161255 0.02300309765246493
0 0.323917955160141 0.5397250455398113 0.02094632387161255 0.02300309765246493
0 0.3510873019695282 0.5393869829877727 0.02094632387161255 0.02300309765246493
0 0.3784415125846863 0.5390466202137082 0.02094632387161255 0.02300309765246493
0 0.4049185514450073 0.5380666865858921 0.02023569742838538 0.022913230481997997
0 0.43123820424079895 0.5379733365900219 0.02023569742838538 0.022913230481997997
0 0.45737966895103455 0.5378806185879391 0.02023569742838538 0.022913230481997997
0 0.483735591173172 0.5377871399524238 0.02023569742838538 0.022913230481997997
0 0.5099711418151855 0.5373943167860055 0.020389040311177553 0.022698868152707122
0 0.5360246300697327 0.5370934508567633 0.020389040311177498 0.022698868152707122
0 0.5620002150535583 0.5367934845552296 0.020389040311177498 0.022698868152707122
0 0.5876632928848267 0.5364971270892548 0.020389040311177498 0.022698868152707122
0 0.6135493516921997 0.536198194636855 0.020389040311177498 0.022698868152707122
0 0.6390790939331055 0.5359033769315412 0.020389040311177498 0.022698868152707122
0 0.6640651226043701 0.5353581628134084 0.020105520884196038 0.022622455922208035
0 0.10587315261363983 0.5758003855860511 0.021030386288960784 0.023498801297919696
0 0.13244497776031494 0.5755624253046326 0.02103038628896077 0.023498801297919696
0 0.15928886830806732 0.5753220285793852 0.021030386288960756 0.023498801297919696
0 0.1868615597486496 0.5753197294602639 0.021272401014963804 0.023395627043968022
0 0.24155932664871216 0.574284132136855 0.021272401014963777 0.023395627043968022
0 0.2690642774105072 0.5737633786398896 0.02127240101496375 0.023395627043968022
0 0.29714950919151306 0.573231638634619 0.02127240101496375 0.023395627043968022
0 0.32425644993782043 0.5727184206940407 0.02127240101496375 0.023395627043968022
0 0.35139068961143494 0.5727332861812887 0.020344654719034794 0.022610716117444942
0 0.40554970502853394 0.5716805125391761 0.020344654719034794 0.022610716117444942
0 0.4324515759944916 0.5711575787218169 0.020344654719034794 0.022610716117444942
0 0.4585006833076477 0.5706512214077363 0.020344654719034794 0.022610716117444942
0 0.48473405838012695 0.5701412821924964 0.020344654719034794 0.022610716117444942
0 0.5109745860099792 0.5696312039417918 0.020344654719034905 0.022610716117444942
0 0.5369406938552856 0.5695169845476143 0.02010047435760498 0.02268156894417696
0 0.5627524256706238 0.5692083225693814 0.02010047435760498 0.02268156894417696
0 0.10572493821382523 0.6095796629439952 0.020616439481576293 0.023697697839071583
0 0.13199470564723015 0.6091553374323609 0.02061643948157628 0.023697697839071583
0 0.15957143902778625 0.6087099009993748 0.020616439481576265 0.023697697839071583
0 0.18715250492095947 0.6082643945849685 0.020616439481576265 0.023697697839071583
0 0.21427886188030243 0.6078262329101562 0.020807852347691835 0.023437854855559593
0 0.24136751890182495 0.6076907510755842 0.020807852347691863 0.023437854855559593
0 0.2971043586730957 0.6074119875584614 0.02080785234769189 0.023437854855559593
0 0.32450467348098755 0.6072749469914419 0.02080785234769189 0.023437854855559593
0 0.351187527179718 0.6071414947509766 0.02080785234769189 0.023437854855559593
0 0.37823575735092163 0.6046879346980605 0.020601530869801876 0.02344249754913099
0 0.40605300664901733 0.6037191522124842 0.020601530869801876 0.02344249754913099
0 0.43280988931655884 0.6038342736072105 0.02047872543334961 0.02331749967826435
0 0.458744615316391 0.6034285966740098 0.02047872543334961 0.02331749967826435
0 0.105160653591156 0.6431320988854696 0.02074513832728067 0.023466686869776526
0 0.13155607879161835 0.6429062044867503 0.020745138327280685 0.023466686869776526
0 0.15955930948257446 0.6426665503455083 0.0207451383272807 0.023466686869776526
0 0.21423158049583435 0.6425923799117562 0.020713468392690004 0.023527958596399532
0 0.24171829223632812 0.641963426456895 0.020713468392690032 0.023527958596399532
0 0.29690659046173096 0.640700602763596 0.02071346839269006 0.023527958596399532
0 0.3248746395111084 0.6400606353043593 0.02071346839269006 0.023527958596399532
0 0.35186776518821716 0.6394429761309957 0.02071346839269006 0.023527958596399532
0 0.37819790840148926 0.6388404873830753 0.02071346839269006 0.023527958596399532
0 0.40587741136550903 0.6381568465121957 0.020646671454111698 0.023446312246396615
0 0.4591692388057709 0.636912651010837 0.020646671454111698 0.023446312246396615
0 0.48574039340019226 0.6363130834396014 0.02075747648874915 0.02322857878928961
0 0.5114526152610779 0.6355994912080987 0.02075747648874926 0.02322857878928961
0 0.5386330485343933 0.6348451516516941 0.02075747648874926 0.02322857878928961
0 0.5648316144943237 0.6341180618946647 0.02075747648874926 0.02322857878928961
0 0.5904616713523865 0.6334067499914835 0.02075747648874926 0.02322857878928961
0 0.10599333047866821 0.6782692872254489 0.0211044947306315 0.023964578791182224
0 0.1591348648071289 0.6770533184672511 0.02121915419896442 0.02383221766745403
0 0.18652233481407166 0.6767278715621593 0.021000921726226807 0.023670728816542516
0 0.2416919842362404 0.6758184654768123 0.021014367540677398 0.023645238358845026
0 0.26929008960723877 0.675102256717777 0.021014367540677426 0.023645238358845026
0 0.3245766758918762 0.6740291288675162 0.02055537700653076 0.02334171857020657
0 0.35158756375312805 0.6732022485067678 0.02055537700653076 0.02334171857020657
0 0.40657827258110046 0.6715188259777842 0.02055537700653076 0.02334171857020657
0 0.4334779381752014 0.670695350448038 0.02055537700653076 0.02334171857020657
0 0.4602222442626953 0.6698766309161519 0.02055537700653076 0.02334171857020657
0 0.4871894121170044 0.6690510889495836 0.02055537700653076 0.02334171857020657
0 0.5130420327186584 0.6686108611350836 0.020618319511413574 0.023426440335059407
0 0.15892565250396729 0.7111993834029796 0.021268914143244444 0.02389896008395404
0 0.1861601024866104 0.7107695377001666 0.021268914143244444 0.02389896008395404
0 0.21422100067138672 0.7103266480325037 0.021268914143244444 0.02389896008395404
0 0.2420707270503044 0.7098870913234046 0.021268914143244416 0.02389896008395404
0 0.2694220244884491 0.7094554013984148 0.02126891414324439 0.02389896008395404
0 0.2974810004234314 0.7082412187443223 0.02109873791535699 0.024149635965509987
0 0.3527294099330902 0.7071849024573038 0.021113812923431396 0.023751635884129724
0 0.37877243757247925 0.7063934652357832 0.021113812923431396 0.023751635884129724
0 0.4060842990875244 0.7055634686589131 0.021113812923431396 0.023751635884129724
0 0.4335814118385315 0.7048593413921754 0.02064349253972375 0.023577401804369548
0 0.46035516262054443 0.7039141987645349 0.02064349253972375 0.023577401804369548
0 0.48725786805152893 0.7029645038970244 0.02064349253972375 0.023577401804369548
0 0.5137357115745544 0.7016228454910522 0.02043970425923658 0.02351071853046275
0 0.5399866104125977 0.7011031217353288 0.02043970425923658 0.02351071853046275
0 0.5667094588279724 0.7005740541697665 0.02043970425923658 0.02351071853046275
0 0.5933012962341309 0.7000475804023888 0.02043970425923658 0.02351071853046275
0 0.6189128160476685 0.699540515278661 0.02043970425923658 0.02351071853046275
0 0.15826940536499023 0.7461812291720391 0.021266470352808653 0.02410922678866125
0 0.18613173067569733 0.7455822478893191 0.02134151260058087 0.02430516620014989
0 0.21385373175144196 0.7449438390382412 0.02134151260058087 0.02430516620014989
0 0.24144747108221054 0.7443083839217449 0.021341512600580842 0.02430516620014989
0 0.26935145258903503 0.7436657842506172 0.021341512600580814 0.02430516620014981
0 0.3251892328262329 0.7423798982487169 0.021341512600580814 0.02430516620014981
0 0.35275956988334656 0.7411578644153684 0.021129488945007324 0.023970980976903245
0 0.3798169791698456 0.7403834365135016 0.021349112192789677 0.02368962487509076
0 0.40668565034866333 0.7395409492642769 0.021349112192789677 0.023689624875090843
0 0.4338721036911011 0.7386884977180054 0.021349112192789677 0.023689624875090843
0 0.46107515692710876 0.7378355256696747 0.021349112192789677 0.02368962487509076
0 0.4877607226371765 0.7369987798291583 0.021349112192789677 0.02368962487509076
0 0.5145769119262695 0.7361548312830837 0.020982344945271736 0.023771951364916506
0 0.5414001941680908 0.735311840855798 0.020982344945271736 0.023771951364916343
0 0.5678827166557312 0.7344795596775966 0.020982344945271736 0.023771951364916343
0 0.5937656164169312 0.7338179305422696 0.020788947741190666 0.023462502531302963
0 0.15812969207763672 0.780894929661529 0.021338154872258486 0.023949674857679154
0 0.18541963398456573 0.7801324711289517 0.021676590045293154 0.024093213931534532
0 0.2136029750108719 0.7794452098276129 0.021676590045293154 0.024093213931534532
0 0.2696109414100647 0.7780794346401743 0.02167659004529321 0.024093213931534532
0 0.2976393401622772 0.7773959516640818 0.02167659004529321 0.024093213931534532
0 0.3245256841182709 0.776740318120912 0.02169809738794959 0.02434380109920058
0 0.35344967246055603 0.7761305273559608 0.02169809738794959 0.02434380109920058
0 0.40707412362098694 0.7749999884169239 0.02169809738794959 0.02434380109920058
0 0.4343934953212738 0.7744240270256398 0.02169809738794959 0.02434380109920058
0 0.46107736229896545 0.7738614636798238 0.02169809738794959 0.02434380109920058
0 0.48804593086242676 0.7704483474696283 0.0206202665964762 0.023666559263717298
0 0.5153089165687561 0.7695288547249728 0.02062026659647631 0.023666559263717298
0 0.5416845679283142 0.7686392889113852 0.02062026659647631 0.023666559263717298
0 0.15775226056575775 0.8159091779975693 0.021746918559074402 0.024332859719446574
0 0.21354572474956512 0.8144816908725473 0.021698842446009337 0.024401642555414244
0 0.2410591021180153 0.8136287812176665 0.02169884244600931 0.024401642555414244
0 0.2692020535469055 0.8127563548823209 0.02169884244600928 0.024401642555414244
0 0.297532856464386 0.8118781051852644 0.02169884244600928 0.024401642555414244
0 0.3255176246166229 0.8110105825024981 0.021377146244049072 0.02409717648528343
0 0.35281631350517273 0.8097958232081214 0.021389981110890743 0.02419541233269732
0 0.40789228677749634 0.8077018746183052 0.021389981110890743 0.02419541233269732
0 0.4350999891757965 0.806667457490761 0.021389981110890743 0.02419541233269732
0 0.46270427107810974 0.8057168572531551 0.021432479222615597 0.02365721473398146
0 0.4892171025276184 0.8046099640602289 0.021432479222615597 0.02365721473398146
0 0.5164250731468201 0.8030628772602793 0.021190007527669197 0.02329703634099454
0 0.5430155396461487 0.8020814407703488 0.021190007527669197 0.02329703634099454
0 0.5964213013648987 0.8001102695114831 0.021190007527669197 0.02329703634099454
0 0.622527003288269 0.7991467253606691 0.021190007527669197 0.02329703634099454
0 0.6489669680595398 0.7981708437897438 0.021190007527669197 0.02329703634099454
0 0.6748805046081543 0.7972143923355131 0.021190007527669197 0.02329703634099454
0 0.7001219391822815 0.7965402824934139 0.02147320906321215 0.0230205447174782
0 0.10297544300556183 0.8504803679710211 0.021789759397506714 0.02469635009765625
0 0.12947581708431244 0.8503165857880653 0.021789759397506714 0.02469635009765625
0 0.1572876274585724 0.8501446984403053 0.021789759397506714 0.02469635009765625
0 0.2137330174446106 0.8497958449047958 0.021789759397506714 0.02469635009765625
0 0.241177037358284 0.8496262306390807 0.021789759397506714 0.02469635009765625
0 0.2704043686389923 0.8480622934740644 0.021422843138376835 0.024562865264655898
0 0.29725268483161926 0.8468483393143841 0.021422843138376835 0.024562865264655898
0 0.3537713587284088 0.8442928315952268 0.021422843138376835 0.024562865264655898
0 0.38075193762779236 0.8430728971401011 0.021422843138376835 0.024562865264655898
0 0.4084962010383606 0.8418184324752452 0.021422843138376835 0.024562865264655898
0 0.4358806014060974 0.8407870447912882 0.02145286401112878 0.0245717957962391
0 0.46328893303871155 0.8396144594517434 0.02145286401112878 0.0245717957962391
0 0.4899071604013443 0.8386088526526163 0.021550347407658876 0.024276792541030875
0 0.517210066318512 0.8375324514332158 0.02155034740765882 0.024276792541030875
0 0.10264173150062561 0.8852044038994368 0.021706690390904754 0.024598173392835404
0 0.12950265780091286 0.8864538694270365 0.022234752774238586 0.024730889372123196
0 0.15737980604171753 0.886734171537003 0.02205278476079303 0.024513658627059218
0 0.18507902324199677 0.8857324289721112 0.022067646185557066 0.024479415065558494
0 0.21373514831066132 0.8847469055216128 0.022067646185557066 0.024479415065558494
0 0.24178213626146317 0.8837823311321888 0.02206764618555704 0.024479415065558494
0 0.29861509799957275 0.881827767616711 0.02206764618555701 0.024479415065558494
0 0.3270284831523895 0.8808505923249 0.02206764618555701 0.024479415065558494
0 0.3549751937389374 0.8794548465840301 0.021925826867421505 0.024246156677719125
0 0.3819880783557892 0.8781057390196237 0.021925826867421505 0.024246156677719125
0 0.40993189811706543 0.8767101376555687 0.021925826867421505 0.024246156677719125
0 0.43680697679519653 0.8753679125488112 0.021925826867421505 0.024246156677719125
0 0.4641817510128021 0.8741856952046239 0.02210932970046997 0.02418240096217913
0 0.7984587258355613 0.13633208312015996 0.018618582976760778 0.021102852321335738
0 0.8222961238325939 0.1366038034983257 0.018618582976760778 0.021102852321335738
0 0.8467130841441666 0.1368755238764915 0.018618582976760778 0.021102852321335738
