0 0.1702282577753067 0.10824196837669195 0.020020226637522398 0.021514707757521033
0 0.1956319808959961 0.10783375717823244 0.020020226637522398 0.021514707757521033
0 0.22025065124034882 0.1074381609548756 0.020020226637522398 0.021514707757521033
0 0.24537843465805054 0.10479618078996496 0.0197539726893107 0.021105891974397394
0 0.2704136371612549 0.10399293899536133 0.019753972689310673 0.021105891974397394
0 0.2958209216594696 0.10317775913836838 0.019753972689310673 0.021105891974397405
0 0.32075536251068115 0.10237775023034369 0.019753972689310673 0.021105891974397405
0 0.34570619463920593 0.10180088435248738 0.021127978960672977 0.022980824921482297
0 0.396353542804718 0.09919678887655568 0.021127978960672977 0.022980824921482297
0 0.4483816921710968 0.09652169781466385 0.021127978960672977 0.022980824921482297
0 0.47498369216918945 0.09515392338313025 0.021127978960672977 0.022980824921482297
0 0.5007591843605042 0.0938286448633948 0.021127978960673033 0.022980824921482297
0 0.5268956171412046 0.09350773299114287 0.02112797896067309 0.022980824921482297
0 0.5548141785219414 0.09190089550600684 0.021605590979258293 0.023474900297416265
0 0.5810254337836286 0.0916065851682807 0.021605590979258293 0.023474900297416276
0 0.16945089399814606 0.13829062221272542 0.019879356026649475 0.021435138791106468
0 0.19387932121753693 0.1376493587050327 0.019879356026649475 0.021435138791106468
0 0.21937283873558044 0.13698013582300986 0.019879356026649475 0.021435138791106468
0 0.24351627379655838 0.13685198520887928 0.02013025681177774 0.021560602409895078
0 0.26874253153800964 0.13568414643753407 0.020130256811777714 0.021560602409895078
0 0.2934531569480896 0.13454017864358497 0.020130256811777714 0.021560602409895078
0 0.34520483016967773 0.13214435715117037 0.020130256811777714 0.021560602409895078
0 0.3704415559768677 0.13097603376521622 0.020357350508371952 0.02200900676638581
0 0.3967351019382477 0.12986686710802375 0.020357350508371952 0.02200900676638581
0 0.42321908473968506 0.12874966706523913 0.020357350508371952 0.02200900676638581
0 0.4487064480781555 0.12767450840705344 0.020357350508371952 0.02200900676638581
0 0.4738195836544037 0.12661513616872389 0.020357350508371952 0.02200900676638581
0 0.5011745095252991 0.12518859464068746 0.021065096060434996 0.022397107856218203
0 0.5276584029197693 0.12383516678773311 0.02106509606043505 0.022397107856218203
0 0.1197066530585289 0.17255852943242983 0.020285695791244507 0.02201767115629919
0 0.14350023865699768 0.17181988649590071 0.020088682572046934 0.021819957467012627
0 0.16775836050510406 0.16996754041625622 0.020311867197354616 0.022098925686621865
0 0.21704813838005066 0.16812541872956033 0.020311867197354616 0.022098925686621865
0 0.2435302659869194 0.1671356942130849 0.020311867197354644 0.022098925686621865
0 0.26816681027412415 0.16621494523686012 0.02031186719735467 0.022098925686621865
0 0.31925949454307556 0.16430544298748637 0.02031186719735467 0.022098925686621865
0 0.34443217515945435 0.16336465682705062 0.02031186719735467 0.022098925686621865
0 0.3703047037124634 0.1628504267813647 0.020382046699523926 0.022348403930664062
0 0.3959478735923767 0.1619621764781863 0.02082287271817529 0.022754122120465434
0 0.42228448390960693 0.16085584955624438 0.02082287271817529 0.022754122120465434
0 0.44827184081077576 0.15976419378795942 0.02082287271817529 0.022754122120465434
0 0.5019861310720444 0.15750780753728966 0.020822872718175234 0.022754122120465434
0 0.5279064774513245 0.15641896669254746 0.020822872718175178 0.022754122120465434
0 0.5547132188990964 0.15660645952313823 0.020667562882105583 0.022713831228803282
0 0.5817359089851379 0.15480911167819725 0.020913412173588997 0.02276456078817678
0 0.1175747737288475 0.2033776793369027 0.01977103451887767 0.021894942882449128
0 0.1417493224143982 0.2018563248390375 0.020177294810612978 0.02191006860067678
0 0.1669066846370697 0.20101905216075205 0.020177294810612978 0.02191006860067678
0 0.1918410062789917 0.20027386864950492 0.020191182692845644 0.021890595901844112
0 0.21625597774982452 0.19942441538813557 0.020191182692845644 0.021890595901844112
0 0.2668784260749817 0.19766314346202762 0.0201911826928457 0.021890595901844112
0 0.2927975654602051 0.19676135672396133 0.0201911826928457 0.021890595901844112
0 0.34423568844795227 0.19548614194077843 0.020281751950581905 0.02247869876004004
0 0.3700396716594696 0.1945849296658538 0.020281751950581905 0.02247869876004004
0 0.3955634832382202 0.19369350247381603 0.020281751950581905 0.02247869876004004
0 0.4217161536216736 0.19278011218912908 0.020281751950581905 0.02247869876004004
0 0.4480862319469452 0.19185912886331247 0.020281751950581905 0.02247869876004004
0 0.47443777322769165 0.19093879294963884 0.020281751950581905 0.02247869876004004
0 0.5012630075216293 0.18979536655337312 0.020720591147740663 0.022683709166770757
0 0.11653445288538933 0.23343735057424028 0.02020254234472911 0.021634863328564048
0 0.1401621550321579 0.23283470508664153 0.020202542344729124 0.021634863328564048
0 0.16531938314437866 0.23219304768347354 0.020202542344729124 0.021634863328564048
0 0.1902616024017334 0.23155687427173957 0.020202542344729124 0.021634863328564048
0 0.24075961858034134 0.23026887760605924 0.020202542344729096 0.021634863328564048
0 0.26698535680770874 0.22959996690524312 0.02020254234472907 0.021634863328564048
0 0.29172855615615845 0.22930648714997048 0.02023071050643921 0.022660440252732835
0 0.34442436695098877 0.22748086534674272 0.020576874415079716 0.022582638171292062
0 0.37006086111068726 0.22663249525912973 0.020576874415079716 0.022582638171292062
0 0.39536765217781067 0.22579503579914745 0.020576874415079716 0.022582638171292062
0 0.4484906792640686 0.22403707361981465 0.020576874415079716 0.022582638171292062
0 0.4746477007865906 0.2231714780940566 0.020576874415079716 0.022582638171292062
0 0.5281022787094116 0.2214025441410284 0.020576874415079827 0.022582638171292062
0 0.5553614790156736 0.22023241032360696 0.020628054936726814 0.022673436837602926
0 0.5834230780601501 0.21915424701779387 0.020628054936726814 0.022673436837602926
0 0.664840573308158 0.21920073297079845 0.020382920900980706 0.022358221601146165
0 0.1146322712302208 0.26527802303776665 0.020220622420310974 0.022008467090222292
0 0.1648232489824295 0.2638103286760205 0.02008130649725598 0.02210256295610765
0 0.19008135795593262 0.2630098254181618 0.02008130649725598 0.02210256295610765
0 0.21505160629749298 0.26221844530463356 0.02008130649725598 0.02210256295610765
0 0.24098096042871475 0.2613966683268721 0.020081306497255952 0.02210256295610765
0 0.2665700912475586 0.260585674019747 0.020081306497255924 0.02210256295610765
0 0.291541188955307 0.25979426698732305 0.020081306497255924 0.02210256295610765
0 0.3439922034740448 0.25903149538261944 0.020470519860585568 0.022516546323317864
0 0.3697190582752228 0.2583651731032385 0.020470519860585568 0.022516546323317864
0 0.3958076238632202 0.2576894825603129 0.020470519860585568 0.022516546323317864
0 0.422262042760849 0.2570043164630269 0.020470519860585568 0.022516546323317864
0 0.4487733840942383 0.25631767608186756 0.020470519860585568 0.022516546323317864
0 0.3693048655986786 0.28971652097480244 0.02056441704432166 0.023666307907695947
0 0.39548805356025696 0.28943685043689815 0.021074165900548336 0.02328806145246639
0 0.42174482345581055 0.2890018175362761 0.021074165900548336 0.02328806145246639
0 0.4483092725276947 0.28856168688124345 0.021074165900548336 0.02328806145246639
0 0.47523272037506104 0.2881156081876958 0.021074165900548336 0.02328806145246639
0 0.5017407685518265 0.28767641200575716 0.02107416590054828 0.02328806145246639
0 0.5291957855224609 0.2868072691191969 0.02178175250689196 0.023824189060418152
0 0.555547807476308 0.2864448515158546 0.02178175250689196 0.023824189060418152
0 0.5832996368408203 0.28673686439464996 0.02178175250689196 0.023824189060418152
0 0.6101185372993772 0.28556459965929537 0.02178175250689196 0.023824189060418152
0 0.16308237612247467 0.32676519349563954 0.020319839318593325 0.02280270776083303
0 0.187745600938797 0.32620258846137595 0.020319839318593325 0.02280270776083303
0 0.21326446533203125 0.32562046500901937 0.020319839318593325 0.02280270776083303
0 0.23832090198993683 0.32504889022472294 0.020319839318593325 0.02280270776083303
0 0.2637098729610443 0.3251673934463341 0.020543575286865234 0.02253771937170694
0 0.2899552881717682 0.32465963585432184 0.020543575286865234 0.02253771937170694
0 0.3424990475177765 0.323643096679514 0.020543575286865234 0.02253771937170694
0 0.3687283396720886 0.3231266820153525 0.020620187123616573 0.022678730099700218
0 0.39506229758262634 0.3226972255809269 0.020620187123616573 0.022678730099700218
0 0.4216865301132202 0.32226303532320905 0.020620187123616573 0.022678730099700218
0 0.4481250047683716 0.321831874420787 0.020620187123616573 0.022678730099700218
0 0.47423192858695984 0.32140612047772077 0.020620187123616573 0.022678730099700218
0 0.5013731122016907 0.32063462080616556 0.02113779385884601 0.022883437400640444
0 0.5286445617675781 0.3200794264327648 0.021137793858845955 0.022883437400640444
0 0.5554804801940918 0.31964434532783936 0.021870772043864006 0.023183423419331394
0 0.6101506948471069 0.3186724082180484 0.021870772043864006 0.023183423419331394
0 0.6376586556434631 0.31818336664244184 0.021870772043864006 0.023183423419331394
0 0.6663657426834106 0.31826492551974306 0.022191405296325684 0.023689196091289697
0 0.6937575936317444 0.31781498221463933 0.022191405296325684 0.023689196091289697
0 0.1620027720928192 0.35875684161518895 0.01985310514767963 0.022419108900912973
0 0.18718962371349335 0.35830178371695587 0.019930054744084658 0.022545363551886535
0 0.21267767250537872 0.3579116675727526 0.019930054744084658 0.022545363551886535
0 0.2641538977622986 0.35712378040730747 0.019930054744084713 0.022545363551886535
0 0.2891252934932709 0.3567415720751796 0.019930054744084713 0.022545363551886535
0 0.3152902126312256 0.356341095857842 0.019930054744084713 0.022545363551886535
0 0.36782410740852356 0.35554495630768723 0.02051907777786255 0.022814491922541154
0 0.39403897523880005 0.3552055755850825 0.02058972915013635 0.02261527009712636
0 0.4212588369846344 0.3548286792843841 0.02058972915013635 0.02261527009712636
0 0.44796958565711975 0.3544588323521129 0.02058972915013635 0.02261527009712636
0 0.4741612672805786 0.3540961726147076 0.02058972915013635 0.02261527009712636
0 0.5015947818756104 0.3537163179974223 0.020589729150136293 0.02261527009712636
0 0.5289098024368286 0.35333810409247485 0.020589729150136238 0.02261527009712636
0 0.16138361394405365 0.3914645882539971 0.020174642403920473 0.02257434342258666
0 0.1853349804878235 0.3908933988330816 0.020195593436559023 0.02277667023414789
0 0.21116679906845093 0.3903758026832758 0.019969304402669252 0.02272533446319349
0 0.23683175444602966 0.38993269141806675 0.019969304402669252 0.02272533446319349
0 0.28858399391174316 0.3890391772868445 0.019969304402669308 0.02272533446319349
0 0.31476515531539917 0.3885871536077247 0.019969304402669308 0.02272533446319349
0 0.34102702140808105 0.3881337365438772 0.019969304402669308 0.02272533446319349
0 0.3671454191207886 0.38817002052484556 0.02017333110173547 0.022863994273104465
0 0.3939872980117798 0.387820202703403 0.02017333110173547 0.022863994273104465
0 0.42067497968673706 0.3874951296074446 0.020869652430216434 0.023194009943525974
0 0.44750672578811646 0.3872692049138688 0.02145340045293176 0.023258268371108837
0 0.4737415313720703 0.38694630112758904 0.02145340045293176 0.023258268371108837
0 0.5279791355133057 0.3862787327067023 0.021453400452931648 0.023258268371108837
0 0.5555940866470337 0.3859388417839174 0.021453400452931648 0.023258268371108837
0 0.6103237271308899 0.385265217270962 0.021453400452931648 0.023258268371108837
0 0.6378452777862549 0.3849264759419108 0.021453400452931648 0.023258268371108837
0 0.6657198667526245 0.3849169729979444 0.021686355272928948 0.023018533869307224
0 0.6926952004432678 0.38474739429562593 0.021686355272928948 0.023018533869307224
0 0.7198610901832581 0.3845766176749448 0.021686355272928948 0.023018533869307224
0 0.15997152030467987 0.4227808732899513 0.020467360814412416 0.022438699884932224
0 0.18495336174964905 0.42248428699582125 0.020467360814412416 0.022438699884932224
0 0.2099008858203888 0.4224012951518214 0.020151148239771544 0.022672106129254535
0 0.23599351942539215 0.42205565113503407 0.020151148239771544 0.022672106129254535
0 0.2618788480758667 0.4217127532464556 0.020151148239771488 0.022672106129254535
0 0.2882739007472992 0.42136310314341197 0.020151148239771488 0.022672106129254535
0 0.34102150797843933 0.42066436590150347 0.020151148239771488 0.022672106129254535
0 0.36727067828178406 0.4203747681339651 0.020352105299631718 0.022598651028418782
0 0.3933917284011841 0.4218860600278333 0.02088027199109399 0.02314509901889535
0 0.4198608100414276 0.421411115069722 0.02088027199109399 0.02314509901889535
0 0.44655948877334595 0.42093205036229075 0.02088027199109399 0.02314509901889535
0 0.47346407175064087 0.4204492910354342 0.02088027199109399 0.02314509901889535
0 0.5009613484144211 0.41995589677677597 0.020880271991093935 0.02314509901889535
0 0.11037183552980423 0.4563815117916106 0.02043763796488443 0.023057567980862458
0 0.15955880284309387 0.4556764114734738 0.020033607880274473 0.022913319195887894
0 0.18408843874931335 0.4555715340419232 0.020033607880274473 0.022913319195887894
0 0.20898835361003876 0.45470463690521834 0.02106936772664386 0.023451575937197135
0 0.235306978225708 0.4545905534611192 0.02106936772664386 0.023451575937197135
0 0.261592835187912 0.4544766120550945 0.021069367726643917 0.023451575937197135
0 0.28747937083244324 0.45436440158873276 0.021069367726643917 0.023451575937197135
0 0.31391674280166626 0.45424980341001997 0.021069367726643917 0.023451575937197135
0 0.34025517106056213 0.4541356341229918 0.021069367726643917 0.023451575937197135
0 0.3933914303779602 0.45404435944062055 0.020885586738586426 0.02329721376877417
0 0.4194570779800415 0.45396200592058805 0.02085888385772705 0.023390629494837032
0 0.4461649954319 0.45379128567008087 0.02085888385772705 0.023390629494837032
0 0.4729287624359131 0.45362020842245643 0.02085888385772705 0.023390629494837032
0 0.5277179479598999 0.4532699892975619 0.02085888385772705 0.023390629494837032
0 0.5544877052307129 0.453098873759425 0.02085888385772705 0.023390629494837032
0 0.5822945833206177 0.4529211288191131 0.02085888385772705 0.023390629494837032
0 0.6376809477806091 0.45242744268373003 0.0216444730758667 0.023892957110737644
0 0.665991485118866 0.4521989556821911 0.0216444730758667 0.023892957110737644
0 0.694094717502594 0.45249447084091476 0.02264912923177076 0.024024756379829766
0 0.7224466800689697 0.4525281572939343 0.02264912923177076 0.024024756379829766
0 0.7500523924827576 0.4525609570880269 0.02264912923177076 0.024024756379829766
0 0.10957448184490204 0.4881867697072584 0.019949108362197876 0.023383207099382266
0 0.13377955555915833 0.48810352841957677 0.019949108362197876 0.023383207099382266
0 0.15831434726715088 0.48800583772881084 0.02021141846974689 0.023525770320448766
0 0.18342959880828857 0.48793372222573556 0.02021141846974689 0.023525770320448766
0 0.2095089554786682 0.4878588384077064 0.02021141846974689 0.023525770320448766
0 0.235232412815094 0.48778497651292846 0.02021141846974689 0.023525770320448766
0 0.28727373480796814 0.48763554595237557 0.020211418469746945 0.023525770320448766
0 0.31376925110816956 0.4877363495093419 0.020152032375335693 0.023041008054748006
0 0.34035930037498474 0.4875074430953625 0.020152032375335693 0.023041008054748006
0 0.3669838011264801 0.4872782400980358 0.020152032375335693 0.023041008054748006
0 0.39315611124038696 0.4870529298854214 0.020152032375335693 0.023041008054748006
0 0.42000752687454224 0.48682177344033883 0.020039578278859493 0.023057449695675872
0 0.4465826153755188 0.48689374768682897 0.020039578278859493 0.023057449695675872
0 0.47317516803741455 0.48696576923212015 0.020039578278859493 0.023057449695675872
0 0.5008054971694946 0.48704060142391065 0.020039578278859438 0.023057449695675872
0 0.5273649096488953 0.4871125332144804 0.020039578278859382 0.023057449695675872
0 0.1086973249912262 0.520166885021121 0.02019636829694113 0.022882032764050333
0 0.1324804276227951 0.5203273426157826 0.020196368296941117 0.022882032764050333
0 0.1579684317111969 0.5204993026788621 0.020196368296941103 0.022882032764050333
0 0.18285232782363892 0.5206671870032022 0.020196368296941103 0.022882032764050333
0 0.2346964329481125 0.5210169639240071 0.020196368296941103 0.022882032764050333
0 0.26072394847869873 0.5204726988660984 0.020785649617513058 0.023293192072432224
0 0.286775141954422 0.5204666936120321 0.020785649617513058 0.023293192072432224
0 0.3135705888271332 0.5204722382301508 0.0205859740575155 0.023383236670678955
0 0.3660399317741394 0.5204486873569631 0.0205859740575155 0.023383236670678955
0 0.39299285411834717 0.5204422085784203 0.020486295223236084 0.02366644097853071
0 0.41959160566329956 0.5204286933592922 0.020486295223236084 0.02366644097853071
0 0.4461917281150818 0.5204151774435861 0.020486295223236084 0.02366644097853071
0 0.4996718764305115 0.520200764175374 0.021294633547465025 0.023898634799691135
0 0.5275176763534546 0.5203738545262536 0.02129463354746508 0.023898634799691135
0 0.554562509059906 0.5205419660402196 0.02129463354746508 0.023898634799691135
0 0.5821390151977539 0.5207133824526281 0.02129463354746508 0.023898634799691135
0 0.610122799873352 0.5208873305209848 0.02129463354746508 0.023898634799691135
0 0.10617650300264359 0.5518096657686455 0.020615950226783752 0.023074098335680058
0 0.15709294378757477 0.5527120931788637 0.020615950226783752 0.023074098335680058
0 0.18153779208660126 0.5531453461871964 0.020615950226783752 0.023074098335680058
0 0.2074979841709137 0.553605456684911 0.020615950226783752 0.023074098335680058
0 0.233028843998909 0.5540579578291394 0.020615950226783752 0.023074098335680058
0 0.259025901556015 0.5533536866653798 0.021013498306274414 0.023717007895772715
0 0.2857950031757355 0.5535040400694687 0.021013498306274414 0.023717007895772715
0 0.3386206030845642 0.5538327860277753 0.020903825759887695 0.023543069528978923
0 0.3652089536190033 0.5539603106554164 0.020903825759887695 0.023543069528978923
0 0.39197012782096863 0.554088664190207 0.020903825759887695 0.023543069528978923
0 0.41889944672584534 0.5543633394463118 0.020897527535756466 0.023588136185047237
0 0.4459463953971863 0.5543451077417151 0.020897527535756466 0.023588136185047237
0 0.472743421792984 0.5543270445037782 0.020897527535756466 0.023588136185047237
0 0.49998679757118225 0.5543086803923423 0.02089752753575641 0.023588136185047237
0 0.5276735424995422 0.5542900174163109 0.020897527535756355 0.023588136185047237
0 0.5547918081283569 0.5545812651168468 0.020930210749308342 0.023867555366930058
0 0.364162415266037 0.5873809193455896 0.021051069100697872 0.02389671266541006
0 0.39144912362098694 0.5875431161702291 0.021051069100697872 0.02389671266541006
0 0.4179072678089142 0.5877003878688641 0.021051069100697872 0.02389671266541006
0 0.4449520409107208 0.5878611465893061 0.021051069100697872 0.02389671266541006
0 0.472290575504303 0.5880236514779025 0.021051069100697872 0.02389671266541006
0 0.5000312328338623 0.5882762892036576 0.021238088607788086 0.02382441084514298
0 0.5274673104286194 0.5885261530826867 0.021238088607788086 0.02382441084514298
0 0.5547749996185303 0.5887748477120394 0.021238088607788086 0.02382441084514298
0 0.5825993418693542 0.5890282475671103 0.021238088607788086 0.02382441084514298
0 0.6106138825416565 0.5893112448758857 0.021303892135620117 0.02378431216690897
0 0.15551595389842987 0.619079774226004 0.020826374491055788 0.023613715356634625
0 0.18017031252384186 0.6196188391105718 0.02117079496383667 0.023795283117959667
0 0.2057974636554718 0.6198623124943223 0.02117079496383667 0.023795283117959667
0 0.23164811730384827 0.6201079092867088 0.02117079496383667 0.023795283117959667
0 0.2580684497952461 0.6203589183715054 0.02117079496383667 0.023795283117959667
0 0.28387007117271423 0.6206040493277616 0.02117079496383667 0.023795283117959667
0 0.3108353614807129 0.6208602358403155 0.02117079496383667 0.023795283117959667
0 0.33689045906066895 0.6208261184031311 0.020636459191640255 0.023870660353076497
0 0.3641308844089508 0.62262841158135 0.021226008733113644 0.024111577706743634
0 0.4179321527481079 0.6226566776334219 0.021226008733113644 0.024111577706743634
0 0.47213974595069885 0.6226851571600105 0.021226008733113644 0.024111577706743634
0 0.4997624158859253 0.6226996695284148 0.02122600873311359 0.024111577706743634
0 0.5272467136383057 0.6227141091989916 0.021226008733113533 0.024111577706743634
0 0.5542139410972595 0.6228400036341069 0.021016140778859382 0.02431632936462881
0 0.5828763246536255 0.6233454563353128 0.022083481152852302 0.02449754227039426
0 0.6113395690917969 0.6236684891147709 0.022083481152852302 0.02449754227039426
0 0.6393201947212219 0.6239860445954079 0.022083481152852302 0.02449754227039426
0 0.6962921619415283 0.6244084071609092 0.022613326708475823 0.024488937023074128
0 0.7237603068351746 0.6246745530949083 0.022613326708475823 0.024488937023074128
0 0.7524116635322571 0.6249521634729667 0.022613326708475823 0.024488937023074128
0 0.1542193442583084 0.6522946411928764 0.020788570245106996 0.02356879655704942
0 0.1801331490278244 0.6531603504683502 0.020693341890970884 0.023574030676553417
0 0.20543459057807922 0.6534089820329533 0.020693341890970884 0.023574030676553417
0 0.2312038242816925 0.6536622104856336 0.020693341890970884 0.023574030676553417
0 0.2832706868648529 0.6541358592898346 0.02129640181859338 0.023795076118883183
0 0.33673903346061707 0.6550594466099915 0.02129640181859338 0.023795076118883183
0 0.3636491000652313 0.6554537041242733 0.021350324153900146 0.024005830749984913
0 0.39099106192588806 0.6558112747114578 0.021350324153900146 0.024005830749984913
0 0.417767733335495 0.6561614525870462 0.021350324153900146 0.024005830749984913
0 0.4447905719280243 0.6565148497687175 0.021350324153900146 0.024005830749984913
0 0.471820205450058 0.6568683358125909 0.021350324153900146 0.024005830749984913
0 0.49955740571022034 0.6571733281793415 0.02160400152206421 0.02409625977508776
0 0.1537686586380005 0.6850687071334484 0.020569105943044008 0.023533784141836295
0 0.17919236421585083 0.6858156504392674 0.020569105943044008 0.023533784141836295
0 0.20479938387870789 0.6865679794756692 0.020569105943044008 0.023533784141836295
0 0.2308156043291092 0.6873323307480923 0.020916104316711426 0.02369893983353016
0 0.28291627764701843 0.6884708848110465 0.021173377831776974 0.023957038110540875
0 0.3094814419746399 0.6888867416699088 0.021173377831776974 0.023957038110540875
0 0.3359597325325012 0.6893012385878889 0.021173377831776974 0.023957038110540875
0 0.3634181320667267 0.6903429696726244 0.021329303582509396 0.02426880829093987
0 0.3902283310890198 0.6906854568120129 0.021329303582509396 0.02426880829093987
0 0.41711461544036865 0.6910289159041526 0.021329303582509396 0.02426880829093987
0 0.4445219933986664 0.6913790317114717 0.021329303582509396 0.02426880829093987
0 0.47184768319129944 0.6917281039925509 0.021329303582509396 0.02426880829093987
0 0.4998023360967636 0.6922047259624107 0.022387941678365053 0.02539674625840298
0 0.5551591515541077 0.6931826312558551 0.02277839183807373 0.025464080100835756
0 0.5835831165313721 0.6936603812284248 0.02277839183807373 0.025464080100835756
0 0.6116138100624084 0.694131521094952 0.02277839183807373 0.025464080100835756
0 0.64028000831604 0.6946133425241687 0.02277839183807373 0.025464080100835756
0 0.6678634285926819 0.6950769646223202 0.02277839183807373 0.025464080100835756
0 0.1540486216545105 0.7182363866317344 0.020935773849487305 0.02417604313340298
0 0.1796748787164688 0.7191559547601745 0.020935773849487305 0.02417604313340298
0 0.20470598340034485 0.7200541665447237 0.020935773849487305 0.02417604313340298
0 0.2306557148694992 0.7209853421722419 0.020935773849487305 0.02417604313340298
0 0.2570168375968933 0.7219312800917514 0.020935773849487305 0.02417604313340298
0 0.28258585929870605 0.7228487943965338 0.020935773849487305 0.02417604313340298
0 0.33619919419288635 0.7237165004878949 0.021051863829294803 0.02400677703147711
0 0.38961145281791687 0.7249207163965979 0.021051863829294803 0.02400677703147711
0 0.41711699962615967 0.7251740704284664 0.021909674008687374 0.024757592252982734
0 0.4438559412956238 0.7258124684178552 0.021909674008687374 0.024757592252982734
0 0.47188252210617065 0.7264816090689726 0.021909674008687374 0.024757592252982734
0 0.49985408782958984 0.7274131834718693 0.022253592809041323 0.02489456649898564
0 0.5273540019989014 0.7278060025947038 0.022253592809041267 0.02489456649898564
0 0.5552514791488647 0.728204500656766 0.022253592809041267 0.02489456649898564
0 0.583564043045044 0.7286089279741176 0.022253592809041267 0.02489456649898564
0 0.6120411157608032 0.7290157051973565 0.022253592809041267 0.02489456649898564
0 0.10342879593372345 0.7498601869095204 0.0211013505856196 0.023605169251907702
0 0.1534881442785263 0.7526425173951574 0.0210474083820979 0.02416159755499791
0 0.17808353900909424 0.7533093607702921 0.0210474083820979 0.02416159755499791
0 0.20422577857971191 0.7540181430224093 0.0210474083820979 0.02416159755499791
0 0.2298649400472641 0.7547132855544133 0.0210474083820979 0.02416159755499791
0 0.25554143637418747 0.7554094403289086 0.02104740838209787 0.02416159755499791
0 0.28186288475990295 0.7561230813853842 0.021047408382097843 0.02416159755499791
0 0.3353811800479889 0.7576911393986192 0.021922985712687137 0.024696409240249625
0 0.3617585599422455 0.7584099651710957 0.021922985712687137 0.024696409240249625
0 0.38871631026268005 0.7591446069655423 0.021922985712687137 0.024696409240249625
0 0.4164140820503235 0.7598994155280664 0.021922985712687137 0.024696409240249625
0 0.4435797333717346 0.7606397229571675 0.021922985712687137 0.024696409240249625
0 0.4710133671760559 0.7616533552427267 0.022203822930653927 0.025129569593325955
0 0.4992152154445648 0.7623609912255709 0.02220382293065387 0.025129569593325955
0 0.5267415046691895 0.7630516761957213 0.022203822930653816 0.025129569593325955
0 0.10272464901208878 0.7837066650390625 0.020817697048187256 0.023493094037669682
0 0.12709056213498116 0.7842064790947493 0.021109012266000107 0.02381636745245893
0 0.15238744020462036 0.7856256890720121 0.021109012266000093 0.02381636745245893
0 0.17749015986919403 0.7870340063397131 0.021109012266000093 0.02381636745245893
0 0.2034888118505478 0.7884925873624681 0.021109012266000093 0.02381636745245893
0 0.22922775149345398 0.7899365979571675 0.021109012266000093 0.02381636745245893
0 0.25492191314697266 0.7895768631336301 0.020877798398335784 0.023648047632025083
0 0.28062716126441956 0.7905017890658784 0.020877798398335812 0.023648047632025083
0 0.3072507679462433 0.7915898573237025 0.02225593725840247 0.024330080017562875
0 0.33470767736434937 0.7921596577694828 0.02225681145985925 0.024948829828306686
0 0.362204909324646 0.7930738759595294 0.02225681145985925 0.024948829828306686
0 0.4161161184310913 0.7948662966687734 0.02225681145985925 0.024948829828306686
0 0.44318658113479614 0.7957663257863383 0.02225681145985925 0.024948829828306686
0 0.4702620804309845 0.7966665223587391 0.022436241308848026 0.025129747021105753
0 0.4986319839954376 0.7975205518886914 0.02243624130884808 0.025129747021105753
0 0.5264183282852173 0.7983570143214583 0.022436241308848137 0.025129747021105753
0 0.5547241568565369 0.7992091149785774 0.022436241308848137 0.025129747021105753
0 0.5825772285461426 0.8000475861305414 0.022436241308848137 0.025129747021105753
0 0.1018727719783783 0.8164789066758267 0.020984028776486724 0.023880182310592298
0 0.1265430748462677 0.8175902255745822 0.02101096510887146 0.02386539666227581
0 0.15240813791751862 0.8192393128169826 0.02122355500857037 0.02406559434047965
0 0.1774722933769226 0.8203751320062682 0.02122355500857037 0.02406559434047965
0 0.2032027542591095 0.8215411458089867 0.02122355500857037 0.02406559434047965
0 0.22863075137138367 0.822786996530932 0.021441449721654238 0.0238597781159157
0 0.2539597153663635 0.8237217345870473 0.021441449721654265 0.0238597781159157
0 0.30770739912986755 0.825585121332213 0.021928489208221436 0.024459010870881894
0 0.3344682455062866 0.8266377569652558 0.021928489208221436 0.024459010870881894
0 0.3610047399997711 0.8276815677359232 0.021928489208221436 0.024459010870881894
0 0.38842013478279114 0.828759949975282 0.021928489208221436 0.024459010870881894
0 0.4425365626811981 0.8308886150981105 0.021928489208221436 0.024459010870881894
0 0.4698849022388458 0.8319553012331582 0.02178710699081421 0.024245920107346282
0 0.4981541037559509 0.8331728716432331 0.02201924721399945 0.024743486744488747
0 0.5265158414840698 0.8338734589021443 0.02242412169774366 0.025366731392320846
0 0.5544316172599792 0.8348656587822493 0.02242412169774366 0.025366731392320846
0 0.5822242498397827 0.8360792647960574 0.022375543912251716 0.025217869485071574
0 0.10156356543302536 0.8491273924361827 0.02105271816253662 0.023342753565588664
0 0.15209586918354034 0.8519607505466348 0.02105271816253662 0.023342753565588664
0 0.20251904428005219 0.8547879897878892 0.02105271816253662 0.023342753565588664
0 0.22770226001739502 0.8562000185944313 0.02105271816253662 0.023342753565588664
0 0.25418025255203247 0.8578547987827035 0.022402981917063386 0.02456848381101634
0 0.2803480923175812 0.859034144303582 0.022402981917063358 0.02456848381101634
0 0.33291879296302795 0.8614034273965366 0.022402981917063358 0.02456848381101634
0 0.36075296998023987 0.8626578722527684 0.022402981917063358 0.02456848381101634
0 0.38769444823265076 0.8638720845067224 0.022402981917063358 0.02456848381101634
0 0.4149238169193268 0.8649008994878724 0.022383252779642704 0.025292744008145702
0 0.44327765703201294 0.8661059723927919 0.022383252779642704 0.025292744008145702
0 0.4708096385002136 0.8672761152995097 0.022383252779642704 0.025292744008145702
0 0.4982858896255493 0.8684438895984516 0.02238325277964276 0.025292744008145702
0 0.5263431668281555 0.8696363582167514 0.022383252779642815 0.025292744008145702
0 0.5543242692947388 0.8704818015874818 0.02241537968317675 0.025229520575944766
0 0.6357621130894642 0.09012437144225441 0.021127978960672977 0.022980824921482297
0 0.6630394302663349 0.08867088307016138 0.021127978960672977 0.022980824921482276
0 0.6901325899727491 0.087925702291017 0.021127978960672977 0.022980824921482266
0 0.71713491321421 0.0871646998324608 0.020357350508372063 0.02200900676638581
0 0.7441708084677352 0.08711040661873345 0.02112797896067309 0.022980824921482308
0 0.771063167627166 0.0866924101959662 0.021605590979258293 0.023474900297416307
0 0.7990048130353292 0.08622768942393647 0.021605590979258293 0.023474900297416307
0 0.6098273210437959 0.15441195942271865 0.02082287271817529 0.022754122120465434
0 0.6369561276866891 0.21980019427680292 0.020382920900980706 0.022358221601146165
0 0.6917371903940783 0.21783168087850632 0.02082287271817529 0.022754122120465473
0 0.7201292278234568 0.21802055224889128 0.02082287271817529 0.022754122120465473
0 0.36091116070747375 0.8967892887681448 0.023050645987192753 0.025067233300024337
0 0.38725098967552185 0.8980130040368368 0.023098687330881718 0.025092664615128282
0 0.4151010811328888 0.8992723432093483 0.023098687330881718 0.025092664615128282
0 0.44208529591560364 0.9004925287432939 0.023098687330881718 0.025092664615128282
0 0.4694959223270416 0.9017319959685935 0.023098687330881718 0.025092664615128282
0 0.49691301584243774 0.9029717556265897 0.023098687330881773 0.025092664615128282
0 0.526656985282898 0.9042944797249728 0.023056209087371826 0.024919731672420058
0 0.5546015501022339 0.9055781655551428 0.023039579391479492 0.02475844982058503
0 0.5825700759887695 0.9059399449548056 0.02317003409067797 0.02457374750181686
0 0.6109938025474548 0.9069248842195373 0.023218075434366936 0.024599178816921138
