0 0.8528895378112793 0.036256291145502134 0.022315621376037598 0.02561909653419672
0 0.8790360689163208 0.0359264612197876 0.022656679153442383 0.02460912771003191
0 0.1257779411971569 0.09027807517239894 0.022027115027109787 0.02420039509618005
0 0.152252197265625 0.08970088182493698 0.02208284536997479 0.024378965067309
0 0.17881838977336884 0.08920708712200383 0.02208284536997479 0.024378965067309
0 0.20545132458209991 0.08871205185760599 0.02208284536997479 0.024378965067309
0 0.2332318276166916 0.08819568635888797 0.02208284536997479 0.02437896506730899
0 0.2595149278640747 0.08770715358645417 0.022082845369974763 0.024378965067309
0 0.28659528493881226 0.1276362330414528 0.023108601570129395 0.02667659936949264
0 0.3142578601837158 0.12821408205254134 0.023411035537719727 0.025740911794263265
0 0.34196263551712036 0.17036181826924168 0.022330820560455322 0.02605409400407658
0 0.36941778659820557 0.17025119286938434 0.022099872430165646 0.025201760521230784
0 0.39625734090805054 0.17029504605991586 0.02205897370974219 0.02546492288278979
0 0.42289769649505615 0.16986910132474678 0.02205897370974219 0.02546492288278979
0 0.44930166006088257 0.16944693619141252 0.02205897370974219 0.02546492288278979
0 0.4768476188182831 0.16900651203605246 0.02205897370974219 0.02546492288278979
0 0.5046304017305374 0.16856230136960051 0.022058973709742247 0.02546492288278979
0 0.5326905846595764 0.16811365543664852 0.022058973709742302 0.02546492288278979
0 0.1245216578245163 0.21333164392515672 0.022293855746587113 0.025068859721339026
0 0.15167875587940216 0.21375721902765063 0.02216299374898273 0.025704553885053324
0 0.17871181666851044 0.21356427392294242 0.02216299374898273 0.025704553885053324
0 0.20650318264961243 0.21336591650936498 0.02216299374898273 0.025704553885053324
0 0.2333565652370453 0.2131742538354442 0.02216299374898273 0.025704553885053324
0 0.2600037455558777 0.21298406290453534 0.022162993748982757 0.025704553885053324
0 0.28677576780319214 0.21279298092990961 0.022162993748982784 0.025704553885053324
0 0.315219908952713 0.2563096423481786 0.021976113319396973 0.025813080543695494
0 0.3419804573059082 0.2568989465403002 0.022822976112365723 0.02664131341978561
0 0.37064313888549805 0.299418427223383 0.02230737606684363 0.025891326194585756
0 0.39779698848724365 0.29912489581760887 0.02230737606684363 0.025891326194585756
0 0.42458564043045044 0.29883531217554665 0.02230737606684363 0.025891326194585756
0 0.45156335830688477 0.2985436847426416 0.02230737606684363 0.025891326194585756
0 0.4784812033176422 0.29825270453164743 0.02230737606684363 0.025891326194585756
0 0.5059157162904739 0.29796076969803253 0.02231935660044354 0.02603013386097992
0 0.5331695675849915 0.2971277606018228 0.02256813645362854 0.026177487632100923
0 0.5606447458267212 0.2965625940367233 0.02256813645362854 0.026177487632100923
0 0.12399303540587425 0.3431206674117915 0.02270640929539998 0.027024365210717934
0 0.1514066904783249 0.34308347036672193 0.022750775019327818 0.027091876480930508
0 0.17866511642932892 0.34268215914440064 0.022744168837865175 0.027177381885144167
0 0.2336931973695755 0.3425930378048919 0.022744168837865175 0.027177381885144167
0 0.26154062151908875 0.34254793719989773 0.02274416883786523 0.027177381885144167
0 0.2889345586299896 0.3425035710448724 0.02274416883786523 0.027177381885144167
0 0.31635093688964844 0.34245916854503544 0.02274416883786523 0.027177381885144167
0 0.3434235155582428 0.34241532284964366 0.02274416883786523 0.027177381885144167
0 0.3705996572971344 0.34210219248757157 0.022147198518117306 0.02686601091724955
0 0.3981485068798065 0.3419698670853016 0.022147198518117306 0.02686601091724955
0 0.4244294762611389 0.34181265805472705 0.022030770778656006 0.026664512101994005
0 0.452126145362854 0.3414722486983898 0.021980265776316288 0.026469992112743736
0 0.12335150316357613 0.38642275610635446 0.02285715689261754 0.027716939763505276
0 0.1780664622783661 0.386478069216706 0.02247452735900879 0.027635322984798878
0 0.20584477484226227 0.38633108235284586 0.022399693727493286 0.02721171416053471
0 0.23398253321647644 0.38614690026571585 0.022399693727493286 0.02721171416053471
0 0.2618180513381958 0.385964696560793 0.022399693727493286 0.02721171416053471
0 0.28919723629951477 0.38578547988819856 0.022399693727493286 0.02721171416053471
0 0.31626924872398376 0.38560827388319857 0.022399693727493286 0.02721171416053475
0 0.3442831039428711 0.3854249028323084 0.022399693727493286 0.02721171416053475
0 0.37143439054489136 0.38523678446924964 0.02242092291514075 0.027139915052310455
0 0.39887410402297974 0.3850546212833709 0.02242092291514075 0.027139915052310455
0 0.12323828786611557 0.42907788919966233 0.022600263357162476 0.026537784310274346
0 0.17889505624771118 0.4292507615200309 0.022600263357162476 0.026537784310274346
0 0.20663931965827942 0.42933693639744774 0.022600263357162476 0.026537784310274346
0 0.2341184914112091 0.4294222878887554 0.022600263357162476 0.026537784310274346
0 0.2616240382194519 0.42950772130212117 0.022600263357162476 0.026537784310274346
0 0.28929704427719116 0.42959367485113026 0.022600263357162476 0.026537784310274346
0 0.3161468207836151 0.42884493706434307 0.02194480101267493 0.026460573654766176
0 0.3442232012748718 0.4284510058025981 0.02230348189671838 0.026884596477183317
0 0.3987530469894409 0.4281635861305309 0.02230348189671838 0.026884596477183317
0 0.42686566710472107 0.4280154081933188 0.02230348189671838 0.026884596477183317
0 0.4535442590713501 0.42787478883058666 0.02230348189671838 0.026884596477183317
0 0.4809075891971588 0.4277305603027344 0.02230348189671838 0.026884596477183317
0 0.507950022816658 0.4275021076361942 0.022060632705688477 0.02590282942897584
0 0.5342390537261963 0.4271986761758494 0.022060632705688477 0.02590282942897584
0 0.5617873668670654 0.42688070991398397 0.022060632705688477 0.02590282942897584
0 0.5894047617912292 0.4265619463010689 0.022060632705688477 0.02590282942897584
0 0.6165840029716492 0.4262482399164244 0.022060632705688477 0.02590282942897584
0 0.12241421267390251 0.5175794113514035 0.022929680844147995 0.02779432784679324
0 0.1506005972623825 0.5176767748455668 0.022346526384353638 0.027476584264474378
0 0.17824587225914001 0.5173528908410019 0.022346526384353638 0.027476584264474378
0 0.20586009323596954 0.517029370656306 0.022346526384353638 0.027476584264474378
0 0.2342374473810196 0.5172298786252044 0.022002657254536928 0.026689396348110465
0 0.2894788384437561 0.5164655045297666 0.022002657254536984 0.026689396348110465
0 0.31728044152259827 0.5160808142676953 0.022002657254536984 0.026689396348110465
0 0.3726504445075989 0.5153146605714933 0.022002657254536984 0.026689396348110465
0 0.399400532245636 0.5149445201075354 0.022002657254536984 0.026689396348110465
0 0.4264213740825653 0.514553450156625 0.021824200948079464 0.0266216189362282
0 0.45383143424987793 0.5141713785570722 0.02208530902862549 0.026726330897604827
0 0.4809271991252899 0.5140142190615626 0.02208530902862549 0.026726330897604827
0 0.5086148381233215 0.5138649607813636 0.022542953491210938 0.026737153992172413
0 0.5359609127044678 0.5137012958173636 0.022542953491210938 0.026737153992172413
0 0.5905773043632507 0.5133744192944416 0.022542953491210938 0.026737153992172413
0 0.6179565787315369 0.5132105556312846 0.022542953491210938 0.026737153992172413
0 0.6730369925498962 0.5128809019576671 0.022542953491210938 0.026737153992172413
0 0.7007104754447937 0.5126786342886991 0.022468368212382073 0.026062839715055772
0 0.7288938164710999 0.512391464373229 0.022468368212382073 0.026062839715055772
0 0.7561222314834595 0.5121140245327861 0.022468368212382073 0.026062839715055772
0 0.7846938967704773 0.5118228978456535 0.022468368212382073 0.026062839715055772
0 0.8127243518829346 0.5115372857382131 0.022468368212382073 0.026062839715055772
0 0.8403242826461792 0.511747468684121 0.023045261700948005 0.025964603867641715
0 0.8687021136283875 0.5117112980332486 0.023045261700948005 0.025964603867641715
0 0.12126174196600914 0.5613252175790922 0.022783855597178146 0.027887684430262894
0 0.14997194707393646 0.5610782268435456 0.02278385559717816 0.027887684430262894
0 0.17817705869674683 0.560835581371676 0.02278385559717816 0.027887684430262894
0 0.20605696737766266 0.5605957335849332 0.02278385559717816 0.027887684430262894
0 0.23360826075077057 0.5603587128395258 0.02278385559717816 0.027887684430262894
0 0.2610495164990425 0.5601226387356973 0.022783855597178132 0.027887684430262894
0 0.28882887959480286 0.5600557992624682 0.022248705228169796 0.027519344359405336
0 0.31709620356559753 0.5595733133580597 0.022248705228169796 0.027519344359405336
0 0.34496477246284485 0.5590976336763589 0.022248705228169796 0.027519344359405336
0 0.3727283179759979 0.558623746605183 0.022248705228169796 0.027519344359405336
0 0.4272296130657196 0.5576934814453125 0.022248705228169796 0.027519344359405336
0 0.4813801348209381 0.5573535298192224 0.022064069906870487 0.027094286541606106
0 0.5091285705566406 0.5572436735248433 0.022064069906870543 0.027094286541606106
0 0.5355812311172485 0.5571389472154636 0.022064069906870598 0.027094286541606106
0 0.5636515021324158 0.5570278167724609 0.022064069906870598 0.027094286541606106
0 0.5911886096000671 0.5569187971285023 0.022064069906870598 0.027094286541606106
0 0.6185893416404724 0.5566647108211074 0.022078196207682366 0.02714772187462154
0 0.6470059752464294 0.5565824235088623 0.022039930025736565 0.027343631714813414
0 0.12152581661939621 0.605899369122567 0.022897541522979736 0.027856752853984926
0 0.14960968494415283 0.6056540733159974 0.022897541522979736 0.027856752853984926
0 0.17684461176395416 0.6054161925061362 0.022897541522979736 0.027856752853984926
0 0.20496374368667603 0.6051705886931124 0.022897541522979736 0.027856752853984926
0 0.23379969596862793 0.6045243862358374 0.022495428721110045 0.0272210882615674
0 0.2609851360321045 0.6042232069858285 0.022805829842885345 0.027397895044134625
0 0.28816044330596924 0.603937886996597 0.022805829842885372 0.027397895044134625
0 0.31526732444763184 0.6036532854295386 0.022805829842885372 0.027397895044134625
0 0.37302762269973755 0.6030468463740676 0.022805829842885372 0.027397895044134625
0 0.3998366892337799 0.6027653716331305 0.022805829842885372 0.027397895044134625
0 0.4273625910282135 0.602533615405232 0.021846671899159786 0.027222892110661888
0 0.45480507612228394 0.6023071930116153 0.021846671899159786 0.027222892110661888
0 0.4821029007434845 0.6020819641822992 0.021846671899159786 0.027222892110661888
0 0.5094570964574814 0.6018122945809125 0.022244771321614565 0.027288806530856292
0 0.536853015422821 0.6015422136535018 0.02224477132161451 0.027288806530856292
0 0.5649308562278748 0.601265410042938 0.02224477132161451 0.027288806530856292
0 0.5920184850692749 0.600998368374137 0.02224477132161451 0.027288806530856292
0 0.6203859448432922 0.6010401082593341 0.022954066594441658 0.027446391970612282
0 0.12052298709750175 0.650392354920853 0.023391731083393097 0.027606431827988734
0 0.17744389176368713 0.6504182869325398 0.022865687807401003 0.026901895685713474
0 0.20442591607570648 0.6500105303387309 0.022865687807401003 0.026901895685713474
0 0.23193931579589844 0.6495947435162052 0.022865687807401003 0.026901895685713474
0 0.26032689958810806 0.6491657458865343 0.02286568780740103 0.026901895685713474
0 0.28762954473495483 0.648753144020258 0.02286568780740106 0.026901895685713474
0 0.31638845801353455 0.6483185348010047 0.02286568780740106 0.026901895685713474
0 0.3725784718990326 0.6472891423047957 0.023116732637087467 0.02732145324233885
0 0.39996302127838135 0.6476879587758037 0.021896521250406864 0.026909081510795234
0 0.42694446444511414 0.6476787950629519 0.021793802579244015 0.02667129871457122
0 0.45468902587890625 0.6471675163091615 0.021793802579244015 0.02667129871457122
0 0.4832650423049927 0.6466409154435653 0.021793802579244015 0.02667129871457122
0 0.5107887387275696 0.6461337068059293 0.02179380257924396 0.02667129871457122
0 0.5380373001098633 0.6456315683764081 0.021793802579243904 0.02667129871457122
0 0.5657122135162354 0.6451215731014266 0.021793802579243904 0.02667129871457122
0 0.11882742866873741 0.7413868764383718 0.023020853598912552 0.028175265290016353
0 0.14775170385837555 0.7410303603771121 0.02302085359891254 0.028175265290016353
0 0.17556311190128326 0.740541407439862 0.02301322420438129 0.028361889743065593
0 0.23156194388866425 0.7400624696598497 0.02312569816907245 0.028421165407165973
0 0.25923746824264526 0.7396562044010606 0.023278653621673584 0.028638484866120095
0 0.2867099344730377 0.7395047785136492 0.023278653621673584 0.028638484866120095
0 0.31560927629470825 0.7393454878098494 0.023278653621673584 0.02863848486612001
0 0.34338757395744324 0.7391923762057044 0.023278653621673584 0.028638484866120095
0 0.3715921640396118 0.7390369149141534 0.023278653621673584 0.028638484866120095
0 0.39936205744743347 0.7384266266888648 0.02314029137293494 0.028568267822265625
0 0.4268207550048828 0.7379748544027639 0.023289918899536133 0.02848926810331123
0 0.45497849583625793 0.7377323201049356 0.023289918899536133 0.028489268103311313
0 0.48287302255630493 0.7374920529793941 0.023289918899536133 0.028489268103311313
0 0.5110790133476257 0.7372491030846531 0.023289918899536133 0.028489268103311146
0 0.5395874381065369 0.7370035482007403 0.023289918899536133 0.02848926810331123
0 0.595477283000946 0.7367952036303144 0.02316063642501831 0.0284172176390655
0 0.6233746409416199 0.7373015458716743 0.02335902055104566 0.028686848721762987
0 0.6514631509780884 0.7374777239422465 0.02328987916310621 0.02811338735181232
0 0.6790212988853455 0.737296997820991 0.02328987916310621 0.02811338735181232
0 0.7069377899169922 0.7371139216882919 0.02328987916310621 0.02811338735181232
0 0.7363094091415405 0.7369213028361359 0.02328987916310621 0.028113387351812402
0 0.7645741701126099 0.7367359427518623 0.02328987916310621 0.02811338735181232
0 0.793082058429718 0.7366153030816268 0.02328721682230639 0.027654337328533795
0 0.8201764822006226 0.7365006449100857 0.02328721682230639 0.027654337328533875
0 0.8481771349906921 0.7363821517589481 0.02328721682230639 0.027654337328533795
0 0.8763315677642822 0.7362630078417385 0.02328721682230639 0.027654337328533795
0 0.20420458912849426 0.7849699508312137 0.02308239539464313 0.028418134349261253
0 0.2310968041419983 0.7853203112890998 0.023343230287234007 0.02885017099306576
0 0.25875481218099594 0.7848506488853222 0.02322651942571005 0.028760569964268522
0 0.2869156002998352 0.7846493388331214 0.02322651942571008 0.028760569964268522
0 0.3154906630516052 0.7844450672996003 0.02322651942571008 0.028760569964268522
0 0.3438955247402191 0.7842420124644459 0.02322651942571008 0.028760569964268522
0 0.372209370136261 0.7840396082678507 0.02322651942571008 0.028760569964268522
0 0.40032657980918884 0.7830503596815952 0.023124198118845585 0.02890960929929759
0 0.45526474714279175 0.7831726781507934 0.023124198118845585 0.02890960929929759
0 0.4833236336708069 0.7832351505668584 0.023124198118845585 0.02890960929929759
0 0.5118467807769775 0.7832986566476047 0.023124198118845696 0.02890960929929759
0 0.5403817296028137 0.7833621890045875 0.02293761571248365 0.02879836208136518
0 0.5681805610656738 0.7832653814908763 0.02293761571248365 0.02879836208136518
0 0.5960593223571777 0.7831682956270484 0.02293761571248365 0.02879836208136518
0 0.6240572929382324 0.7830707946250893 0.02293761571248365 0.02879836208136518
0 0.6518844962120056 0.7829738883085029 0.02293761571248365 0.02879836208136518
0 0.6800232529640198 0.7830318343072169 0.023006121317545647 0.028698825096899337
0 0.7082767486572266 0.7819465814634811 0.02380470434824633 0.029207333113796138
0 0.11777430772781372 0.832503828891488 0.023740847905476883 0.028677592905916798
0 0.14646808803081512 0.8323289108643172 0.02374084790547687 0.028677592905916798
0 0.20268845558166504 0.8319861900490404 0.02374084790547687 0.028677592905916798
0 0.23022334277629852 0.8318183366642442 0.023522943258285522 0.0286815554596657
0 0.25880926847457886 0.8313325509798869 0.023522943258285522 0.0286815554596657
0 0.2867589294910431 0.830857577898807 0.023522943258285522 0.0286815554596657
0 0.3145036995410919 0.8303860867094589 0.023522943258285522 0.0286815554596657
0 0.3433116674423218 0.8298965276673783 0.023522943258285522 0.0286815554596657
0 0.3999685049057007 0.8296145062113918 0.023411452770233154 0.028921023819797612
0 0.4276854991912842 0.8295538940646331 0.023411452770233154 0.028921023819797612
0 0.45489925146102905 0.8294943824188382 0.023411452770233154 0.028921023819797612
0 0.4833916127681732 0.8294320746820304 0.023411452770233154 0.028921023819797612
0 0.512259304523468 0.8288434578369948 0.022976954778035408 0.028327527896378282
0 0.5409095883369446 0.828808629235556 0.022976954778035408 0.028327527896378282
0 0.568756103515625 0.8287747777322017 0.022976954778035408 0.028327527896378282
0 0.5966579914093018 0.8287408589152306 0.022976954778035408 0.028327527896378282
0 0.6246868968009949 0.8287067856899527 0.022976954778035408 0.028327527896378282
0 0.6529749035835266 0.8286723974891189 0.022976954778035408 0.028327527896378282
0 0.6816109418869019 0.8292413076568657 0.02342168490091967 0.028183397396590468
0 0.20253409445285797 0.8774868579962302 0.023315881689389528 0.028106748595718375
0 0.23016630113124847 0.8771995721861373 0.023315881689389528 0.028106748595718375
0 0.25760800391435623 0.8769142670020047 0.023315881689389556 0.028106748595718375
0 0.28701111674308777 0.8766085694807548 0.023315881689389584 0.028106748595718375
0 0.31547752022743225 0.8763126107149346 0.023315881689389584 0.028106748595718375
0 0.3435070514678955 0.8758139499398165 0.02349066734313965 0.028031400931897904
0 0.37210813164711 0.8755543109039547 0.023172616958618164 0.028280805247698753
0 0.4004408121109009 0.875552776247956 0.023172616958618164 0.028280805247698753
0 0.42809733748435974 0.8755512782162883 0.023172616958618164 0.028280805247698753
0 0.4842192828655243 0.8755482383387077 0.023172616958618164 0.028280805247698753
0 0.5118131041526794 0.875546743703443 0.023172616958618164 0.028280805247698753
0 0.569464921951294 0.8755436209594394 0.023172616958618164 0.028280805247698753
0 0.5975807309150696 0.874990418899891 0.023671944936116462 0.02777206066042878
0 0.6252720952033997 0.8747338131951075 0.023671944936116462 0.02777206066042878
0 0.6540632247924805 0.8744670163691083 0.023671944936116462 0.02777206066042878
0 0.6830814480781555 0.8741981151492096 0.023671944936116462 0.02777206066042878
