0 0.11046826839447021 0.10107884296151094 0.02026139199733734 0.023542337639387265
0 0.13534734025597572 0.09970707117125045 0.020865730941295624 0.022959398668865826
0 0.15976600348949432 0.09923561229262241 0.021191030740737915 0.022831451061160066
0 0.11135220527648926 0.1330323957689899 0.021050135294596345 0.024307916330736735
0 0.1615920513868332 0.13102581334668537 0.0210159222284953 0.024249069450437546
0 0.21280521154403687 0.12883593768720775 0.0210159222284953 0.024249069450437546
0 0.2385357916355133 0.12773569761466383 0.0210159222284953 0.024249069450437546
0 0.2651207745075226 0.12659892326368963 0.021015922228495243 0.024249069450437546
0 0.2916623055934906 0.1254640069118766 0.021015922228495243 0.024249069450437546
0 0.31818079948425293 0.12416580389547072 0.021079858144124386 0.02422916057497956
0 0.34449130296707153 0.12417074793065958 0.02174522479375207 0.024510501891143576
0 0.39686521887779236 0.12110306495843931 0.02174522479375207 0.024510501891143576
0 0.4234063923358917 0.1194994615954022 0.021793703238169315 0.024481780769289016
0 0.44982224702835083 0.1180882366014569 0.021793703238169315 0.024481780769289016
0 0.47663092613220215 0.11665602558854525 0.021793703238169315 0.024481780769289016
0 0.5033608675003052 0.11522802101384838 0.02179370323816937 0.024481780769289016
0 0.5303845405578613 0.11378432429114053 0.021793703238169426 0.024481780769289016
0 0.5582812428474426 0.11429750585465166 0.022889931996663337 0.02565309982891229
0 0.5855808854103088 0.11358418575553007 0.022889931996663337 0.02565309982891229
0 0.6102664470672607 0.10948408627420027 0.022664467493693108 0.02393350675124532
0 0.6641548275947571 0.10775603399677003 0.02238631248474121 0.023552123890366664
0 0.692051887512207 0.10640372786411019 0.022593935330708748 0.023637246715930094
0 0.7198992967605591 0.10506502711604443 0.022593935330708748 0.023637246715930094
0 0.7477794289588928 0.10372475328671898 0.022593935330708748 0.023637246715930083
0 0.7752084136009216 0.10240616734820332 0.022593935330708748 0.023637246715930083
0 0.8024510145187378 0.10109654138254565 0.022593935330708748 0.023637246715930083
0 0.1113269031047821 0.19772967072420342 0.020524203777313232 0.023956631505212118
0 0.1367330104112625 0.19719225295757875 0.020664374033610045 0.0239875224209571
0 0.16159674525260925 0.196073382399803 0.02065304915110272 0.02402538846629535
0 0.1876213252544403 0.19476837497514757 0.020843068758646666 0.023688349612923557
0 0.21433311700820923 0.19362349842869958 0.020843068758646666 0.023688349612923557
0 0.24056437611579895 0.19251983110294785 0.020724674065907805 0.02393617556076642
0 0.2669254541397095 0.19142708674626974 0.020724674065907833 0.02393617556076642
0 0.29330965876579285 0.19033338372378933 0.020724674065907833 0.02393617556076642
0 0.34625735878944397 0.18813854554807244 0.020724674065907833 0.02393617556076642
0 0.37258726358413696 0.18704709341359693 0.020724674065907833 0.02393617556076642
0 0.39867982268333435 0.18594543323960416 0.02105979124704993 0.024375420208125137
0 0.4524618983268738 0.18376334796385382 0.021285613377889034 0.024553295253783226
0 0.4792177975177765 0.1826633797135464 0.021285613377889034 0.024553295253783226
0 0.50661800801754 0.18084835451702738 0.02219368020693463 0.024209066878917627
0 0.5341898798942566 0.17950793930585432 0.022193680206934685 0.024209066878917607
0 0.5609851479530334 0.1782052789332093 0.022193680206934685 0.024209066878917607
0 0.5878863334655762 0.17689746935028247 0.022193680206934685 0.024209066878917586
0 0.613872230052948 0.17563415682593056 0.022193680206934685 0.024209066878917627
0 0.6410113573074341 0.174766177373881 0.02197817961374926 0.024456826291343044
0 0.6961738467216492 0.17253126100052235 0.02197817961374926 0.024456826291343024
0 0.7245420813560486 0.17083067117735398 0.022053440411885505 0.02415177618810374
0 0.7522656321525574 0.16929444924616785 0.022723833719889397 0.023951619170432866
0 0.7795259356498718 0.1677213762888796 0.022723833719889397 0.023951619170432866
0 0.8080102801322937 0.16607766927674758 0.022723833719889397 0.023951619170432866
0 0.11236391961574554 0.2616131582925486 0.021008431911468506 0.023992139239643894
0 0.13765445351600647 0.26102605219166214 0.021008431911468506 0.023992139239643894
0 0.16295121610164642 0.26059510842666456 0.021117846171061216 0.023535440134447673
0 0.1894424706697464 0.25982382131177323 0.021117846171061216 0.023535440134447673
0 0.2156146913766861 0.2595781113370644 0.021094640096028627 0.024558858353962296
0 0.26883935928344727 0.2573451774064885 0.021094640096028683 0.024558858353962296
0 0.2958846986293793 0.2562105445705399 0.021094640096028683 0.024558858353962296
0 0.3222127854824066 0.2550512579984443 0.020637532075246212 0.023699072904365008
0 0.3485080599784851 0.2544634595493595 0.020637532075246212 0.023699072904365008
0 0.3753768801689148 0.25386284019324556 0.020637532075246212 0.023699072904365008
0 0.4007151424884796 0.2532964345717273 0.020637532075246212 0.023699072904365008
0 0.42809292674064636 0.25087808513382776 0.02160908778508508 0.024559937706289336
0 0.4824468791484833 0.24861945662387583 0.02160908778508508 0.024559937706289336
0 0.5093878358602524 0.2474355017627597 0.021674633026123047 0.024972412937371277
0 0.5630654692649841 0.2452442257903343 0.021674633026123047 0.024972412937371277
0 0.5898959636688232 0.24414892754437545 0.021674633026123047 0.024972412937371277
0 0.6165170669555664 0.24306217724836568 0.021674633026123047 0.024972412937371277
0 0.6438101530075073 0.24194799467574718 0.021674633026123047 0.024972412937371277
0 0.6714010834693909 0.24082165323438523 0.021674633026123047 0.024972412937371277
0 0.6992505788803101 0.24032512930936592 0.021572351455688477 0.02518760326296784
0 0.7276110053062439 0.23953159889469136 0.021572351455688477 0.02518760326296784
0 0.7559226751327515 0.23660564422607422 0.022307872772216797 0.02469300854113672
0 0.11083656549453735 0.32778597986975383 0.020436694224675506 0.023512152738349383
0 0.1370425671339035 0.32755148600423895 0.020187566677729307 0.023615164350169603
0 0.1643594051941787 0.32659229012422786 0.020187566677729307 0.023615164350169603
0 0.2175000011920929 0.324814704383306 0.020390580097834288 0.024443441583204665
0 0.2706136703491211 0.3240660406460234 0.020390580097834232 0.024443441583204665
0 0.2976641356945038 0.32368475080478054 0.020390580097834232 0.024443441583204665
0 0.3246103525161743 0.32330493039863056 0.020390580097834232 0.024443441583204665
0 0.351214200258255 0.3212949909599601 0.020502467950185177 0.024355230405349114
0 0.3776545822620392 0.3204416452452194 0.020697911580403683 0.023817254591357827
0 0.4040691554546356 0.3193651603071377 0.020697911580403683 0.023817254591357827
0 0.4576801061630249 0.3171803292090528 0.020697911580403683 0.023817254591357827
0 0.4844534397125244 0.3161152019057163 0.021180888017018673 0.023615238278411155
0 0.5117965936660767 0.3149788884123478 0.021180888017018562 0.023615238278411155
0 0.5387558937072754 0.3138585269331774 0.021180888017018562 0.023615238278411155
0 0.5664263963699341 0.3127086096413654 0.021180888017018562 0.023615238278411155
0 0.5937786102294922 0.3115719196408294 0.021180888017018562 0.023615238278411155
0 0.11524378382923581 0.39409171703249907 0.020209580659866333 0.023339323295179317
0 0.13928286731243134 0.39365404705668605 0.020419100920359312 0.023411181545996907
0 0.16488589346408844 0.3930205498923444 0.020419100920359312 0.023411181545996907
0 0.21852436661720276 0.39220610330271166 0.021833697954813658 0.023897185806156074
0 0.24513478577136993 0.39103494688521984 0.0216402510801951 0.023573409679324128
0 0.27087730169296265 0.39020234832335243 0.021640251080195072 0.023573409679324128
0 0.2984967529773712 0.38930904343081574 0.021640251080195072 0.023573409679324128
0 0.3261789381504059 0.38841370951572307 0.021640251080195072 0.023573409679324128
0 0.35354989767074585 0.38752844167310135 0.021640251080195072 0.023573409679324128
0 0.3790196180343628 0.3870144333950309 0.021493156750996945 0.024429705715918782
0 0.4328702390193939 0.38521233058137366 0.021493156750996945 0.024429705715918782
0 0.4601556360721588 0.38429922893275553 0.021493156750996945 0.02442970571591874
0 0.48690545558929443 0.3834040503046381 0.021493156750996945 0.02442970571591874
0 0.5142794251441956 0.3824879845907522 0.021493156750996834 0.02442970571591874
0 0.5426158905029297 0.3815437342187891 0.02147175868352247 0.024511677350184728
0 0.5697367787361145 0.3805210863117934 0.021914442380269294 0.024589716001998548
0 0.11447107791900635 0.4618339538574219 0.021015326182047517 0.023561965587527253
0 0.14030134677886963 0.4605171292327171 0.02134363849957782 0.023541176965994372
0 0.1660642921924591 0.4599320704521629 0.02134363849957782 0.023541176965994372
0 0.22030358016490936 0.4587003335071103 0.02134363849957782 0.023541176965994372
0 0.24805434048175812 0.4580701328165534 0.02134363849957785 0.023541176965994372
0 0.27481380105018616 0.4574624438618505 0.021343638499577877 0.023541176965994372
0 0.3017638921737671 0.4567598742108012 0.021213054656982422 0.02337398085483285
0 0.3289434313774109 0.4562073499603861 0.021158864100774166 0.023652365041333577
0 0.3555637001991272 0.4555972786836846 0.021158864100774166 0.023652365041333577
0 0.38198748230934143 0.4545022832501844 0.021213670571645138 0.02357142840244968
0 0.4081149697303772 0.45371357230252995 0.021329303582509396 0.023988679397937862
0 0.435520201921463 0.45288719900997637 0.021329303582509396 0.023988679397937862
0 0.4900587648153305 0.4512426513018781 0.02132930358250934 0.023988679397937862
0 0.5175503492355347 0.45041367415706 0.021329303582509285 0.023988679397937862
0 0.5724750757217407 0.44875748212947403 0.021329303582509285 0.023988679397937862
0 0.5990958213806152 0.4479528321528986 0.02151409784952807 0.024110572282658067
0 0.6264989376068115 0.4466984327449355 0.02173929413159681 0.02422131678854778
0 0.6530886292457581 0.4461299727396908 0.021741827328999763 0.02408540710922365
0 0.6822845339775085 0.4451783645984738 0.021741827328999763 0.02408540710922365
0 0.7103587985038757 0.44461503139761993 0.022187312444051033 0.02419996631237882
0 0.7391625046730042 0.4438994365993635 0.02217809359232592 0.024066008338632455
0 0.11533669009804726 0.5295510402945585 0.02197595189015071 0.02508340879928234
0 0.14189960062503815 0.5288741144156816 0.021975951890150724 0.02508340879928234
0 0.16781993210315704 0.5282135639406583 0.021975951890150724 0.02508340879928234
0 0.22195123136043549 0.5268340887025346 0.021975951890150724 0.02508340879928234
0 0.24941685795783997 0.526134158120588 0.021975951890150697 0.02508340879928234
0 0.2768821716308594 0.5253022206091503 0.021308322747548458 0.023953016414198766
0 0.3040350377559662 0.5245450042014899 0.021308322747548458 0.023953016414198766
0 0.3308468461036682 0.5237972989277119 0.021308322747548458 0.023953016414198766
0 0.35774704813957214 0.5229391046410471 0.021239519119262695 0.022785038911095016
0 0.38489973545074463 0.5221272845600926 0.021239519119262695 0.022785038911095016
0 0.4382067620754242 0.521038011062977 0.021013200283050537 0.023129012233527077
0 0.4659832715988159 0.5205006710318631 0.02094666163126624 0.0228977942651557
0 0.4929128885269165 0.5196952571380088 0.020946661631266295 0.0228977942651557
0 0.520280659198761 0.5188767388946274 0.02094666163126635 0.0228977942651557
0 0.5476782321929932 0.5180573293201667 0.02094666163126635 0.0228977942651557
0 0.5759720206260681 0.5172111156374909 0.02094666163126635 0.0228977942651557
0 0.6025844216346741 0.5163846258337904 0.021534959475199456 0.022934787957243272
0 0.6288115382194519 0.5154626979384311 0.021534959475199456 0.022934787957243272
0 0.11651752889156342 0.5988659969595975 0.021843085686365768 0.023888580558835942
0 0.16952770948410034 0.5967738425615906 0.021843085686365782 0.023888580558835942
0 0.1965615153312683 0.5957068985299759 0.021843085686365782 0.023888580558835942
0 0.22382962703704834 0.595379618461611 0.021593610445658384 0.02320628203162846
0 0.25077003240585327 0.5945973507193631 0.021593610445658357 0.02320628203162846
0 0.2789623737335205 0.5937787305502469 0.02159361044565833 0.02320628203162846
0 0.3055152893066406 0.5930077143375684 0.02159361044565833 0.02320628203162846
0 0.3325563371181488 0.5922225242437318 0.02159361044565833 0.02320628203162846
0 0.38657376170158386 0.5906540219070946 0.02159361044565833 0.02320628203162846
0 0.4135417342185974 0.5900293394576671 0.021431267261505127 0.023053871568783253
0 0.44053924083709717 0.5898908786683726 0.021244804064432743 0.02395425840865734
0 0.467815101146698 0.5891697018645531 0.021319905916849735 0.02383830935456032
0 0.4961373507976532 0.5885727102075259 0.021561861038208008 0.02400556460831522
0 0.5233025550842285 0.5877594171568404 0.021561861038208008 0.02400556460831522
0 0.5509504675865173 0.5869316724115089 0.021561861038208008 0.02400556460831522
0 0.5788180232048035 0.5860973518194439 0.021561861038208008 0.02400556460831522
0 0.6066433787345886 0.5852642946465071 0.021561861038208008 0.02400556460831522
0 0.1180085651576519 0.6676486259283021 0.021490685641765594 0.0245105832122093
0 0.14420445263385773 0.6670035353529656 0.021490685641765594 0.0245105832122093
0 0.17057426273822784 0.6663541618210632 0.021490685641765594 0.0245105832122093
0 0.19757401943206787 0.66553164637366 0.02128910024960834 0.024592525275178603
0 0.22433096170425415 0.6650266923742103 0.02128910024960834 0.024592525275178603
0 0.2517760396003723 0.6645087519568085 0.021289100249608367 0.024592525275178603
0 0.27917787432670593 0.6639916276196339 0.021289100249608395 0.024592525275178603
0 0.3344486355781555 0.6629485640414926 0.021289100249608395 0.024592525275178603
0 0.36166003346443176 0.6623940908707828 0.021476229031880734 0.024988484937091205
0 0.38851991295814514 0.6618366698706154 0.021476229031880734 0.024988484937091205
0 0.4156219959259033 0.6612742224404978 0.021476229031880734 0.024988484937091205
0 0.4426870346069336 0.660247802734375 0.02172388633092248 0.02512516347012773
0 0.4711473286151886 0.659728116767351 0.02176213264465332 0.025259742441103385
0 0.4993688762187958 0.6593556105589311 0.02176213264465332 0.025259742441103385
0 0.555178701877594 0.6588594747144122 0.022117137908935547 0.02561844226925872
0 0.5834378600120544 0.6582638887732875 0.022117137908935547 0.02561844226925872
0 0.6109827160835266 0.6576833573594209 0.022117137908935547 0.02561844226925872
0 0.6387741565704346 0.6570976289679786 0.022117137908935547 0.02561844226925872
0 0.6658487319946289 0.6565270091212073 0.022117137908935547 0.02561844226925872
0 0.694229781627655 0.6560116475497607 0.021982431411743164 0.025273936663487106
0 0.7243086099624634 0.6561301031778025 0.023259441057841057 0.025840345279190945
0 0.11862121894955635 0.738027905308923 0.022046017150084182 0.026010942089465208
0 0.145945742726326 0.7371418309766192 0.022093921899795532 0.02598775819290516
0 0.199548602104187 0.7365769578238818 0.022093921899795532 0.025987758192905244
0 0.2262755185365677 0.7362953064768577 0.022093921899795532 0.02598775819290516
0 0.2810627818107605 0.7357179519384105 0.022093921899795532 0.02598775819290516
0 0.30782702565193176 0.7354359072308208 0.022093921899795532 0.02598775819290516
0 0.33624058961868286 0.7343853573466457 0.02144823471705115 0.024727281673934134
0 0.36404234170913696 0.7338646605165475 0.02144823471705115 0.024727281673934134
0 0.39097610116004944 0.7333602202523841 0.02144823471705115 0.024727281673934055
0 0.41760656237602234 0.7328614604370282 0.02144823471705115 0.024727281673934055
0 0.47350162267684937 0.7318146062451739 0.02144823471705115 0.024727281673934055
0 0.5016809552907944 0.7317766145218251 0.021627813577651978 0.025177090667014897
0 0.5301604866981506 0.7313227099041606 0.022134582201639885 0.02527976220892387
0 0.5585090517997742 0.7309921603713523 0.022134582201639885 0.02527976220892387
0 0.5866885781288147 0.7306635818620194 0.022134582201639885 0.02527976220892387
0 0.6150467991828918 0.7303329197390126 0.022134582201639885 0.02527976220892387
0 0.6424357891082764 0.730013559030932 0.022134582201639885 0.02527976220892387
0 0.6703019738197327 0.7298416315123092 0.022131403287251716 0.025447697602501266
0 0.11940695345401764 0.8086654024415687 0.022019565105438232 0.02521029923313337
0 0.14702773094177246 0.8083744492641715 0.022019565105438232 0.02521029923313337
0 0.1999937891960144 0.8078550294388173 0.021960685650507628 0.025448289028433865
0 0.22807513177394867 0.8072399760401526 0.021799236536026 0.025184335634690032
0 0.25550881028175354 0.8070040464546797 0.021799236536026 0.025184335634690032
0 0.2832559049129486 0.8067654214911136 0.021799236536026 0.025184335634690032
0 0.3106342852115631 0.8065299674701397 0.021799236536026 0.025184335634690032
0 0.33815258741378784 0.8062933101210483 0.021799236536026 0.025184335634690032
0 0.36582693457603455 0.8059336330898331 0.02187379201253259 0.02553623406461956
0 0.3934333026409149 0.8056354304708699 0.02187379201253259 0.02553623406461956
0 0.42020079493522644 0.8057742851359633 0.022040287653605106 0.026021735612736192
0 0.4485272467136383 0.8054443181947221 0.022040287653605106 0.026021735612736192
0 0.4765840470790863 0.8051174923476295 0.022040287653605106 0.026021735612736192
0 0.5044154524803162 0.8047932920636502 0.02204028765360516 0.026021735612736192
0 0.5330545902252197 0.8044596827307413 0.022040287653605217 0.026021735612736192
0 0.5617350935935974 0.8041255915412147 0.022040287653605217 0.026021735612736192
0 0.5899062752723694 0.8047306204565862 0.022434453169504875 0.025823253069737272
0 0.6194597482681274 0.8037037516749183 0.022715608278910393 0.02662552234738372
0 0.6472645401954651 0.8038230829193985 0.02292799949645996 0.026094007861706747
0 0.6747999787330627 0.8035193154978197 0.02292799949645996 0.026094007861706747
0 0.12146484106779099 0.8806701233493751 0.02201288938522339 0.025375011355377907
0 0.14835210144519806 0.8803804087084394 0.022354270021120726 0.02554806258327288
0 0.17429828643798828 0.8800758172720236 0.022354270021120726 0.02554806258327288
0 0.2020893692970276 0.8797495679274691 0.022354270021120726 0.02554806258327288
0 0.2300005704164505 0.8794219084721999 0.022354270021120726 0.02554806258327288
0 0.25763338059186935 0.8790975171466207 0.022354270021120698 0.02554806258327288
0 0.2851369380950928 0.8793373995049055 0.022321641445159912 0.025474311769470577
0 0.31340792775154114 0.8791121360450264 0.022321641445159912 0.025474311769470577
0 0.3397428095340729 0.8789022995073625 0.022321641445159912 0.025474311769470577
0 0.396434485912323 0.8784505798002528 0.022321641445159912 0.025474311769470577
0 0.4244091510772705 0.8782276774561683 0.022321641445159912 0.025474311769470577
0 0.45209628343582153 0.8783015464078988 0.0221785306930542 0.025579999583636253
0 0.4800179600715637 0.8782210239144259 0.0221785306930542 0.025579999583636253
0 0.5084834098815918 0.8782539367675781 0.02278276284535724 0.026106960089631894
0 0.537104070186615 0.8782628759939525 0.022782762845357185 0.026106960089631894
0 0.5662904381752014 0.8780548627986464 0.022730588912963867 0.026053909183472737
0 0.5947569012641907 0.8774468177972838 0.02283410231272387 0.025957920754602824
0 0.6232505440711975 0.8773394739905069 0.022959868113199944 0.02609359386355378
0 0.6498032212257385 0.8771704058880926 0.022959868113199944 0.02609359386355378
