0 0.13339349627494812 0.05264464644498603 0.020844340324401855 0.02287790387175804
0 0.15924157202243805 0.051582857619884404 0.021228909492492676 0.023168330968812455
0 0.8252323865890503 0.06643733867379122 0.021254539489746094 0.023035493007926053
0 0.8511614799499512 0.06649341139682503 0.02162480354309082 0.022778012031732603
0 0.8788599371910095 0.06727693801702456 0.022008180618286133 0.022902899010236875
0 0.10578133165836334 0.08662085754926814 0.021204784512519836 0.02311776589977649
0 0.13228777050971985 0.0857430108807579 0.021204784512519836 0.02311776589977649
0 0.1592567265033722 0.08484984645738929 0.021204784512519836 0.02311776589977648
0 0.18665811419487 0.083942360656206 0.021204784512519836 0.02311776589977649
0 0.24311533570289612 0.08207259670594115 0.021204784512519836 0.02311776589977649
0 0.2709865868091583 0.083376313364783 0.02152860164642334 0.02323916716169017
0 0.2988452911376953 0.08327838707612872 0.021800537904103634 0.02337987293568693
0 0.3274762034416199 0.0841285128926122 0.021800537904103634 0.02337987293568692
0 0.3563227653503418 0.0850935786269432 0.02185693383216858 0.023245639579240664
0 0.3837079703807831 0.08585774441620912 0.02185693383216858 0.023245639579240675
0 0.4117029905319214 0.08663892668764107 0.02185693383216858 0.023245639579240664
0 0.4682832658290863 0.0882177613423855 0.02185693383216858 0.023245639579240664
0 0.4971337169408798 0.08902281384135402 0.02185693383216858 0.023245639579240664
0 0.52409827709198 0.08981144428253174 0.021746794382731194 0.02332145668739496
0 0.5517799258232117 0.09059513878475003 0.021746794382731194 0.02332145668739496
0 0.5795430541038513 0.09174748274164311 0.02182900905609131 0.023233875747798952
0 0.6066491007804871 0.09269398035005082 0.02182900905609131 0.023233875747798952
0 0.6344072222709656 0.09366324731539087 0.02182900905609131 0.023233875747798952
0 0.6612379550933838 0.09485831389023038 0.02153058846791578 0.02297046942304271
0 0.10495657473802567 0.11945232265470453 0.02112489938735962 0.023370166157567224
0 0.13070662319660187 0.11887301955112191 0.02112489938735962 0.023370166157567224
0 0.15740875899791718 0.11827229718095353 0.02112489938735962 0.023370166157567224
0 0.21254201233386993 0.11703195525229645 0.02112489938735962 0.023370166157567224
0 0.24105793237686157 0.11639042787773665 0.02112489938735962 0.023370166157567224
0 0.26936987042427063 0.11575348951990452 0.02112489938735962 0.023370166157567224
0 0.2971997559070587 0.11716904047435835 0.02144722143808997 0.02316697438557944
0 0.325670063495636 0.11783025431078534 0.02148604393005371 0.023206148960793652
0 0.3547234535217285 0.11850502653771729 0.02148604393005371 0.023206148960793652
0 0.38247576355934143 0.1191495808575322 0.02148604393005371 0.023206148960793652
0 0.43956488370895386 0.12047548990643642 0.02148604393005371 0.023206148960793652
0 0.4674164354801178 0.12112234914025595 0.02148604393005371 0.023206148960793652
0 0.4955846816301346 0.12177621802547965 0.021344403425852476 0.023355461830316587
0 0.5232325792312622 0.1233339975046557 0.02104496955871582 0.02328276819036914
0 0.579243540763855 0.1250727975656697 0.02104496955871582 0.02328276819036914
0 0.606814444065094 0.12592870660616184 0.02104496955871582 0.02328276819036914
0 0.6337012648582458 0.1267633790409209 0.02104496955871582 0.02328276819036914
0 0.6613911390304565 0.12762298140414927 0.02104496955871582 0.02328276819036914
0 0.6888774037361145 0.1285147895550345 0.021138906478881836 0.023043721221214116
0 0.7158269882202148 0.12938918479801362 0.021138906478881836 0.023043721221214116
0 0.7431161999702454 0.13027459944895017 0.021138906478881836 0.023043721221214116
0 0.7698702216148376 0.13114264953968136 0.021138906478881836 0.023043721221214116
0 0.15620167553424835 0.15131703088449877 0.021009882291158022 0.023494202961293287
0 0.18362686038017273 0.1502826666395141 0.02104741334915161 0.023579471795133856
0 0.21153390407562256 0.15050401244052622 0.02104741334915161 0.023579471795133856
0 0.23939940333366394 0.1507250287302194 0.02104741334915161 0.023579471795133856
0 0.29648536443710327 0.1511778082479957 0.02104741334915161 0.023579471795133856
0 0.32454946637153625 0.15140039976253067 0.02104741334915161 0.023579471795133856
0 0.353274405002594 0.15162823272899253 0.02104741334915161 0.023579471795133856
0 0.3813670873641968 0.15266675521276857 0.021332939465840695 0.02365533695664517
0 0.4101240634918213 0.1533076928799103 0.021332939465840695 0.02365533695664517
0 0.43847694993019104 0.15393962416537973 0.021332939465840695 0.02365533695664517
0 0.4665127992630005 0.15453258822901453 0.02116362253824866 0.023380590039630268
0 0.4952734112739563 0.15553243770155795 0.021163622538248716 0.023380590039630268
0 0.5226725935935974 0.1566698384839435 0.021116773287455315 0.023597739463628725
0 0.5506086349487305 0.1575660149113905 0.021116773287455315 0.023597739463628725
0 0.60677170753479 0.15936770259880417 0.021116773287455315 0.023597739463628725
0 0.6345981359481812 0.16026036268929839 0.021116773287455315 0.023597739463628725
0 0.6612622141838074 0.1611157350761946 0.021116773287455315 0.023597739463628725
0 0.6883036494255066 0.16127330203389012 0.020819346110026116 0.02356948408969613
0 0.715620756149292 0.1618980582498077 0.020819346110026116 0.02356948408969613
0 0.15489763021469116 0.18462561452111534 0.021197696526845278 0.0241679960443068
0 0.18192991614341736 0.18460257030577024 0.021197696526845278 0.024167996044306778
0 0.20989848673343658 0.18457872793575128 0.021197696526845278 0.024167996044306778
0 0.23801453411579132 0.18455475984617722 0.021197696526845278 0.0241679960443068
0 0.2664075195789337 0.18453055567517118 0.021197696526845333 0.0241679960443068
0 0.2952360510826111 0.18451385242625584 0.021256059408187866 0.023882418639900142
0 0.32344111800193787 0.1847715965549386 0.021433432896932003 0.023643556491349086
0 0.3528263568878174 0.1858299515531727 0.02168152729670203 0.023805503697358354
0 0.4096625745296478 0.1872632947078971 0.02168152729670203 0.023805503697358354
0 0.43824195861816406 0.18798403345950898 0.02168152729670203 0.023805503697358354
0 0.4660707414150238 0.18868584292152416 0.02168152729670203 0.023805503697358354
0 0.494599848985672 0.18940531375796296 0.021681527296702086 0.023805503697358354
0 0.5221442580223083 0.19009995164524093 0.02168152729670214 0.023805503697358354
0 0.5782372951507568 0.19184191347551396 0.02126685778299975 0.02356039830880571
0 0.6066351532936096 0.1927777046207847 0.0207674503326416 0.023173550302668128
0 0.6338533163070679 0.19367717033208803 0.0207674503326416 0.023173550302668128
0 0.6615013480186462 0.1945908417101783 0.0207674503326416 0.023173550302668128
0 0.6889113187789917 0.1954966460010324 0.0207674503326416 0.023173550302668128
0 0.7160691022872925 0.1963941163794939 0.0207674503326416 0.023173550302668128
0 0.7706785798072815 0.19819876985728857 0.0207674503326416 0.023173550302668107
0 0.7977179884910583 0.19884936754093613 0.02102375030517578 0.023081598355788567
0 0.8253563642501831 0.19969935897449836 0.02102375030517578 0.023081598355788567
0 0.852654755115509 0.20015290726062862 0.021557609240214104 0.022841922996580166
0 0.09971582889556885 0.22070168339928917 0.02080829938252768 0.024298571801000816
0 0.1260605752468109 0.2200768469660983 0.020808299382527665 0.024298571801000816
0 0.15272246301174164 0.21944448867230185 0.02080829938252765 0.024298571801000816
0 0.20874132215976715 0.2181158509365348 0.02080829938252765 0.024298571801000816
0 0.2369636595249176 0.21744648238842135 0.02080829938252765 0.024298571801000816
0 0.2651873826980591 0.21802160483757074 0.02176719903945923 0.024022745531658795
0 0.29405537247657776 0.21863445015840752 0.02176719903945923 0.024022745531658795
0 0.3229523301124573 0.21924791044467737 0.02176719903945923 0.024022745531658795
0 0.380285382270813 0.22046504724616967 0.02176719903945923 0.024022745531658795
0 0.4088725447654724 0.22107193081877952 0.02176719903945923 0.024022745531658795
0 0.4372081160545349 0.22167347330271997 0.02176719903945923 0.024022745531658795
0 0.46596044301986694 0.22270657270360453 0.021819422642389896 0.023720911306928324
0 0.49413715302944183 0.22339217607365097 0.02135710914929706 0.023513158162434867
0 0.521916925907135 0.22414450126517746 0.021357109149297004 0.023513158162434867
0 0.5780848264694214 0.22566562696819192 0.021357109149297004 0.023513158162434867
0 0.6056602597236633 0.22641241828271277 0.021357109149297004 0.023513158162434867
0 0.6332054734230042 0.22715839119844658 0.021357109149297004 0.023513158162434867
0 0.6610949635505676 0.2280560205149096 0.021409233411153084 0.02315680925236192
0 0.6889640688896179 0.22813457666441453 0.021272142728169685 0.023689743160277346
0 0.09864801168441772 0.2547467501067265 0.02114372452100119 0.024055628813514442
0 0.12517739832401276 0.2541816179142442 0.021143724521001175 0.024055628813514442
0 0.15260565280914307 0.2535973379305521 0.02114372452100116 0.024055628813514442
0 0.17933347821235657 0.25302797857160414 0.02114372452100116 0.024055628813514442
0 0.20745758712291718 0.2521996146084574 0.021620204051335634 0.023697402126105285
0 0.23539914190769196 0.2525591739388399 0.021620204051335634 0.023697402126105285
0 0.26410749554634094 0.25292860064004563 0.02162020405133569 0.023697402126105285
0 0.29290178418159485 0.2532991331755571 0.02162020405133569 0.023697402126105285
0 0.32196199893951416 0.2536730877188749 0.02162020405133569 0.023697402126105285
0 0.3498857915401459 0.25403241848076563 0.02162020405133569 0.023697402126105285
0 0.37920430302619934 0.25455336842889903 0.02155349651972449 0.02386226210483285
0 0.4080483317375183 0.2553852989722014 0.02155349651972449 0.02386226210483285
0 0.436156302690506 0.25619599985521896 0.02155349651972449 0.02386226210483285
0 0.4928722530603409 0.256525527599246 0.021748135487238585 0.02374198085577916
0 0.5211980938911438 0.2574226324536703 0.02174813548723864 0.02374198085577916
0 0.5495107769966125 0.25831932059109963 0.02174813548723864 0.02374198085577916
0 0.5776983499526978 0.25921204637757805 0.02174813548723864 0.02374198085577916
0 0.6334112882614136 0.26097652524016623 0.02174813548723864 0.02374198085577916
0 0.6611079573631287 0.2617957001629799 0.02164415518442797 0.023529644160307683
0 0.6888072490692139 0.2626533951870231 0.02164415518442797 0.023529644160307683
0 0.7162724733352661 0.2629943844402897 0.021408398946126228 0.02346377409705823
0 0.743900716304779 0.26389833975475857 0.021408398946126228 0.02346377409705823
0 0.7708516120910645 0.26478013326955396 0.021408398946126228 0.02346377409705823
0 0.7967683672904968 0.26529693603515625 0.021138230959574456 0.023395834043044426
0 0.3782331347465515 0.3238793750141942 0.022132456302642822 0.024552352668703037
0 0.40682947635650635 0.32470443628550427 0.02183477083841956 0.024092164150504178
0 0.43505406379699707 0.3252488513325536 0.021906952063242557 0.02421884758527889
0 0.46383798122406006 0.3258401515871979 0.021877706050872803 0.024249941803688228
0 0.4921564757823944 0.32641415263331214 0.021729648113250732 0.024210671121759904
0 0.5207569003105164 0.32695380879160396 0.021729648113250732 0.024210671121759904
0 0.5490357875823975 0.3274873979224543 0.021729648113250732 0.024210671121759904
0 0.576814591884613 0.32801155107958424 0.021729648113250732 0.024210671121759904
0 0.6049293875694275 0.3285420439964117 0.021729648113250732 0.024210671121759904
0 0.09343360364437103 0.3580058120017828 0.021815488735834748 0.024733358575392165
0 0.1196659728884697 0.35768747758809033 0.021815488735834762 0.024733358575392165
0 0.17481203377246857 0.35691775832065314 0.022132267554601015 0.024665226307950306
0 0.20333196222782135 0.3569746781319365 0.022132267554601015 0.024665226307950306
0 0.23186755180358887 0.35703162919954007 0.022132267554601015 0.024665226307950306
0 0.26122307777404785 0.3570902166886699 0.02213226755460107 0.024665226307950306
0 0.289783239364624 0.357147216796875 0.02213226755460107 0.024665226307950306
0 0.3189277946949005 0.357588354750239 0.02205802996953332 0.024562495623448127
0 0.34773391485214233 0.3574401641468471 0.021491020917892456 0.02445911437041997
0 0.40652477741241455 0.35902236228765444 0.021491020917892456 0.02445911437041997
0 0.43430009484291077 0.3597698603457721 0.021491020917892456 0.02445911437041997
0 0.4633161425590515 0.3608033371521509 0.021319160858790043 0.02392956637596902
0 0.4917302578687668 0.36131543891374457 0.021319160858790098 0.023929566375968978
0 0.5484398603439331 0.3623375044262639 0.021319160858790154 0.02392956637596902
0 0.576586127281189 0.36284477881167915 0.021319160858790154 0.023929566375968978
0 0.6325663328170776 0.36385369855304095 0.021319160858790154 0.023929566375968978
0 0.659737229347229 0.36434339403803156 0.021319160858790154 0.02392956637596902
0 0.6879051923751831 0.36441827374835345 0.02122577031453443 0.024164687755496003
0 0.7156053185462952 0.364706150364216 0.02122577031453443 0.02416468775549596
0 0.7442153096199036 0.36561959572900854 0.02134871482849121 0.02423789889313458
0 0.09110870957374573 0.3925465872121412 0.021518871188163757 0.02433436785557468
0 0.11797597259283066 0.3923950904122654 0.021518871188163757 0.02433436785557468
0 0.1453893631696701 0.392240514155533 0.021518871188163757 0.02433436785557468
0 0.17329004406929016 0.3920831902082576 0.021518871188163757 0.02433436785557468
0 0.23116272687911987 0.3917568627278705 0.021518871188163757 0.02433436785557468
0 0.2598980665206909 0.39217669464821037 0.022106508413950593 0.024950219679248372
0 0.2892788052558899 0.3926836568395248 0.022106508413950565 0.024950219679248372
0 0.31823059916496277 0.3931832176237143 0.022106508413950565 0.024950219679248372
0 0.34681975841522217 0.39367652117717405 0.022106508413950565 0.024950219679248372
0 0.37672024965286255 0.3941924516544786 0.022106508413950565 0.024950219679248372
0 0.4053678512573242 0.3946680468182231 0.02221945921579993 0.02466695622880324
0 0.4339210093021393 0.39529577918053127 0.021755188703536987 0.024341524109359913
0 0.4911213666200638 0.3963707768639853 0.02121630311012268 0.02381163604499763
0 0.5198582410812378 0.3968268426059159 0.02121630311012268 0.02381163604499763
0 0.5475999712944031 0.3969227970947478 0.021212220191955566 0.023484133934789795
0 0.5759074687957764 0.3973447223042333 0.021212220191955566 0.023484133934789795
0 0.6043866276741028 0.3977692061384232 0.021212220191955566 0.023484133934789795
0 0.6321576237678528 0.3981831347572955 0.021212220191955566 0.023484133934789795
0 0.6595171689987183 0.39859093067257906 0.021212220191955566 0.023484133934789795
0 0.08974315971136093 0.427901778110238 0.021257842580477387 0.024655985277752545
0 0.1161428950726986 0.4277065840186384 0.0212578425804774 0.024655985277752545
0 0.14385688304901123 0.427501672619581 0.021257842580477415 0.024655985277752545
0 0.1725720316171646 0.42681413176122174 0.021899253129959106 0.02489820376847147
0 0.2003927081823349 0.4270836586175963 0.021899253129959106 0.02489820376847147
0 0.22995945811271667 0.42737010144163334 0.021899253129959106 0.02489820376847147
0 0.25860681384801865 0.42764763717002197 0.021899253129959106 0.02489820376847147
0 0.2877329885959625 0.4279298116994459 0.021899253129959106 0.02489820376847147
0 0.3468514680862427 0.42850255183009417 0.021899253129959106 0.02489820376847147
0 0.3754090666770935 0.42892975030943403 0.02170313398043311 0.02438165235889045
0 0.40455788373947144 0.4293618719134803 0.02170313398043311 0.02438165235889045
0 0.4624086320400238 0.430219490186545 0.02170313398043311 0.02438165235889045
0 0.49056650698184967 0.43064334780670877 0.02156709631284076 0.023942459461300872
0 0.5191527009010315 0.4310573637426504 0.021567096312840706 0.023942459461300872
0 0.5471471548080444 0.43146280946474463 0.021567096312840706 0.023942459461300872
0 0.5754639506340027 0.4318729236884114 0.021567096312840706 0.023942459461300872
0 0.6038364768028259 0.4322838450587073 0.021567096312840706 0.023942459461300872
0 0.08808262646198273 0.46267984079760177 0.021551395455996186 0.025018529374470026
0 0.1147625632584095 0.4627208637672076 0.0215513954559962 0.025018529374470026
0 0.17080751061439514 0.46280703826565156 0.021551395455996214 0.025018529374470026
0 0.199427530169487 0.46285104429914725 0.021551395455996214 0.025018529374470026
0 0.22831392288208008 0.46289545990699943 0.021551395455996214 0.025018529374470026
0 0.2869279086589813 0.463569013045868 0.02180534601211548 0.02467145106589153
0 0.3159835934638977 0.46380943745124326 0.02180534601211548 0.02467145106589153
0 0.3457292914390564 0.46405557144519893 0.02180534601211548 0.02467145106589153
0 0.374987930059433 0.4643631878756665 0.021809160709381104 0.024295274601426234
0 0.4041348099708557 0.4646279534628225 0.021826167901357052 0.024249557376831946
0 0.4619651436805725 0.465375462603942 0.021826167901357052 0.024249557376831946
0 0.49035128951072693 0.4657423791013584 0.021826167901356996 0.024249557376831946
0 0.518940269947052 0.46611191741871816 0.02182616790135694 0.024249557376831946
0 0.5471240878105164 0.46647621864496275 0.02182616790135694 0.024249557376831946
0 0.5750839710235596 0.46669148289880086 0.021797657012939453 0.024151439814604474
0 0.1410844475030899 0.49792675639307776 0.021873911221822084 0.02512418761733885
0 0.1689484864473343 0.4984576595938112 0.02191294233004254 0.024956400080244724
0 0.19785697758197784 0.4985540079516034 0.02191294233004254 0.024956400080244724
0 0.22716942429542542 0.49853881697400937 0.021900018056233705 0.02449564970740971
0 0.25624746084213257 0.4988347430561864 0.021900018056233733 0.02449564970740971
0 0.28580230474472046 0.49913552158885655 0.02190001805623376 0.02449564970740971
0 0.3152911067008972 0.49943562801512664 0.02190001805623376 0.02449564970740971
0 0.3447481095790863 0.49973541082337847 0.02190001805623376 0.02449564970740971
0 0.3737119138240814 0.5000301743677257 0.02190001805623376 0.02449564970740971
0 0.1391431838274002 0.5340917720351108 0.02186804016431171 0.025166563285413692
0 0.1676778793334961 0.5342882863454832 0.02186804016431171 0.025166563285413692
0 0.1965346783399582 0.5344870189359571 0.02186804016431171 0.025166563285413692
0 0.22537922859191895 0.5346856671710347 0.02186804016431171 0.025166563285413692
0 0.25512751936912537 0.5348905393360659 0.021868040164311736 0.025166563285413692
0 0.2846223711967468 0.5351400397621873 0.02206410964330041 0.025111146675523808
0 0.3142629861831665 0.5354213474914952 0.02184816201527917 0.024725389110949667
0 0.3436001241207123 0.5355013470317043 0.02184816201527917 0.024725389110949667
0 0.37330174446105957 0.5355823404802046 0.02184816201527917 0.024725389110949667
0 0.40258532762527466 0.535662193981722 0.02184816201527917 0.024725389110949667
0 0.4312598407268524 0.535740386608035 0.02184816201527917 0.024725389110949667
0 0.13766497373580933 0.5695502702579942 0.02228302756945294 0.025281063345975654
0 0.16600918769836426 0.57005412021743 0.022158185640970884 0.025327135426129535
0 0.1948285698890686 0.5703317509141079 0.022158185640970884 0.025327135426129535
0 0.2239307165145874 0.570612105613907 0.022158185640970884 0.025327135426129535
0 0.2539905607700348 0.5709016862665194 0.022158185640970857 0.025327135426129535
0 0.28379136323928833 0.57118877144747 0.02215818564097083 0.025327135426129535
0 0.31328412890434265 0.5711111024368641 0.022345781326293945 0.025518225144970378
0 0.3426516056060791 0.5711764732700725 0.022345781326293945 0.025518225144970378
0 0.37197762727737427 0.5712417518260345 0.022345781326293945 0.025518225144970378
0 0.4027366638183594 0.5713102202160086 0.022345781326293945 0.025518225144970378
0 0.4306946396827698 0.5713724535565043 0.022345781326293945 0.025518225144970378
0 0.08128349483013153 0.6052762852158657 0.021426220734914153 0.025329087131707298
0 0.1087820902466774 0.6061235102078085 0.02184136708577475 0.025129983591478923
0 0.1358899474143982 0.6063919067382812 0.0218826284011205 0.02528334033581632
0 0.16454559564590454 0.6066741099962947 0.021882628401120485 0.02528334033581632
0 0.19348621368408203 0.6069591196611718 0.021882628401120485 0.02528334033581632
0 0.22284264862537384 0.6072482243262334 0.021882628401120485 0.02528334033581632
0 0.2521637752652168 0.607536981272143 0.021882628401120513 0.02528334033581632
0 0.2819788157939911 0.6076961783475654 0.022463584939638737 0.025802434876907702
0 0.3119755685329437 0.6078885544178098 0.02251761158307397 0.025473128917605378
0 0.3418044149875641 0.608101303037499 0.02251761158307397 0.025473128917605378
0 0.3716493546962738 0.6079117359525404 0.022245466709136963 0.025440304778343022
0 0.4010501801967621 0.6077843155971793 0.022245466709136963 0.025440304778343022
0 0.42993560433387756 0.6076591289418506 0.022245466709136963 0.025440304778343022
0 0.4588177502155304 0.6075339564941663 0.022245466709136963 0.025440304778343022
0 0.4879339933395386 0.6074077694915062 0.022245466709136963 0.025440304778343022
0 0.516996443271637 0.6072818156233758 0.022245466709136963 0.025440304778343022
0 0.5452836155891418 0.607386062440012 0.022542854150136238 0.025724396225093926
0 0.07966554164886475 0.641993354810131 0.021848941842714936 0.025389619575914433
0 0.10666927695274353 0.6424404410428779 0.021848941842714936 0.025389619575914433
0 0.1349218599498272 0.6431517490120822 0.021981629232565567 0.02557387832523311
0 0.1631147414445877 0.6437758575883982 0.02253847817579907 0.025740039441012542
0 0.19197285175323486 0.6438527661700582 0.02253847817579907 0.025740039441012542
0 0.2512219175696373 0.6440322787262672 0.022541269659996033 0.025779635407203853
0 0.28072184324264526 0.6441746371328729 0.022267897923787472 0.02563423334166061
0 0.31044402718544006 0.644168498904206 0.022267897923787472 0.02563423334166061
0 0.3405914604663849 0.6441622728529993 0.022267897923787472 0.02563423334166061
0 0.37001028656959534 0.6441561972738264 0.022267897923787472 0.02563423334166061
0 0.42900407314300537 0.6441440138705942 0.022267897923787472 0.02563423334166061
0 0.4581022262573242 0.6441380045168418 0.022267897923787472 0.02563423334166061
0 0.5161488056182861 0.6438788480536882 0.022024969259897942 0.025525647540425144
0 0.5454605221748352 0.6430677369583485 0.022017081578572517 0.025638964749121907
0 0.574560821056366 0.6432796180507718 0.022017081578572517 0.025638964749121907
0 0.6031718850135803 0.6434879369931762 0.022017081578572517 0.025638964749121907
0 0.6311078071594238 0.6436913401859137 0.022017081578572517 0.025638964749121907
0 0.6597665548324585 0.643900006316429 0.022017081578572517 0.025638964749121907
0 0.6874687075614929 0.6439119788859082 0.02192366123199463 0.025917378506919154
0 0.7155646681785583 0.6439617068268532 0.02192366123199463 0.025917378506919154
0 0.7444936037063599 0.6440129090767828 0.02192366123199463 0.025917378506919154
0 0.07822421938180923 0.6786658973404331 0.02180465559164682 0.026320612707803417
0 0.10477685928344727 0.6791880851568177 0.02180465559164682 0.026320612707803417
0 0.13257834315299988 0.6797348329079971 0.021804655591646835 0.026320612707803417
0 0.16106775403022766 0.6806306616381481 0.022500445445378603 0.02594644709150926
0 0.18995577096939087 0.6808632251828216 0.022500445445378603 0.02594644709150926
0 0.21984176337718964 0.6811038229485 0.022500445445378603 0.02594644709150926
0 0.24933255463838577 0.6813412391396277 0.02250044544537863 0.02594644709150926
0 0.2795785665512085 0.6815847352493641 0.02250044544537866 0.02594644709150926
0 0.30964067578315735 0.6818267508469757 0.02250044544537866 0.02594644709150926
0 0.3396928906440735 0.6812941367952221 0.022454162438710568 0.025500807651253635
0 0.36901557445526123 0.6811523881069449 0.022454162438710568 0.025500807651253635
0 0.42858344316482544 0.6808644312709538 0.022454162438710568 0.025500807651253635
0 0.45784395933151245 0.6804543872212254 0.021618664264678955 0.025969897129738923
0 0.4873926639556885 0.6803826040220858 0.021618664264678955 0.025969897129738923
0 0.5160498023033142 0.6803129867209234 0.021618664264678955 0.025969897129738923
0 0.5452494025230408 0.680242051607387 0.021618664264678955 0.025969897129738923
0 0.5737521648406982 0.6801728093346884 0.021618664264678955 0.025969897129738923
0 0.6024925708770752 0.6803628788437954 0.022048433621724373 0.02583206531613372
0 0.07587980479001999 0.71512182178486 0.022648798922697694 0.025691158087678603
0 0.10246919840574265 0.715764511463254 0.022648798922697694 0.025691158087678603
0 0.13099977746605873 0.7164541213485215 0.022648798922697708 0.025691158087678603
0 0.18899232149124146 0.7178558535582684 0.02264879892269772 0.025691158087678603
0 0.21831779181957245 0.7185646766840026 0.02264879892269772 0.025691158087678603
0 0.2483096569776535 0.7192896071751397 0.022648798922697694 0.025691158087678603
0 0.27838006615638733 0.7196354976920194 0.022812801102797153 0.025679388711618824
0 0.3079240024089813 0.7187153572259948 0.022633691628774044 0.026084160619927875
0 0.3387654721736908 0.7182813869389422 0.022930065790812137 0.026117250900859926
0 0.36890271306037903 0.7180600277213163 0.022930065790812137 0.026117250900859926
0 0.3982906937599182 0.7179302836573401 0.022349298000335693 0.025972854259402253
0 0.42775994539260864 0.717723299206672 0.022349298000335693 0.025972854259402253
0 0.45700618624687195 0.7175178811264039 0.022349298000335693 0.025972854259402253
0 0.5161930322647095 0.7171021679293919 0.022349298000335693 0.025972854259402253
0 0.5447548031806946 0.71690155739008 0.022349298000335693 0.025972854259402253
0 0.5732870101928711 0.7167242628167161 0.022328774134318108 0.0254369927931201
0 0.6031557321548462 0.7165386633531025 0.022328774134318108 0.0254369927931201
0 0.63137286901474 0.7163633265752994 0.022328774134318108 0.0254369927931201
0 0.6598902344703674 0.7161861242249955 0.022328774134318108 0.0254369927931201
0 0.6881715655326843 0.7157946298288744 0.02246856689453125 0.025418895159580856
0 0.1294175088405609 0.7538618708765784 0.022730221350987748 0.026296541672344385
0 0.15865394473075867 0.7546197832622226 0.022730221350987734 0.026296541672344385
0 0.187726229429245 0.7553734402652414 0.022730221350987734 0.026296541672344385
0 0.21710285544395447 0.7561349868774414 0.022730221350987734 0.026296541672344385
0 0.24748433381319046 0.7569225828360154 0.02273022135098776 0.026296541672344385
0 0.27782729268074036 0.7560547068496699 0.022814099987347958 0.026299602301545873
0 0.3074750006198883 0.7560155114462209 0.022814099987347958 0.026299602301545873
0 0.1276114396750927 0.7924786799002789 0.022920822103818253 0.02645099255465733
0 0.15611952543258667 0.7927707405977471 0.02292082210381824 0.02645099255465733
0 0.18601056933403015 0.7930769694762543 0.02292082210381824 0.02645099255465733
0 0.21565818786621094 0.7933807045014832 0.02292082210381824 0.02645099255465733
0 0.24609043449163437 0.7936924779137899 0.022920822103818267 0.02645099255465733
0 0.27713149785995483 0.7940104885545122 0.022920822103818295 0.02645099255465733
0 0.306599885225296 0.793413192543982 0.02335338294506073 0.026497715203336856
0 0.3365425169467926 0.7932749903479288 0.02335338294506073 0.026497715203336856
0 0.12552163377404213 0.829517453215843 0.023170900841554 0.026679519535035237
0 0.1548200249671936 0.8299600609501719 0.023170900841553987 0.026679519535035237
0 0.21494238078594208 0.8313899372899255 0.023323352138201414 0.026640603708666423
0 0.24553542584180832 0.8312842914229159 0.023323352138201386 0.026640603708666423
0 0.2756967842578888 0.8311801362839215 0.02332335213820136 0.026640603708666423
0 0.3058171272277832 0.8310761227820987 0.02332335213820136 0.026640603708666423
0 0.3358388841152191 0.8309724497240644 0.02332335213820136 0.026640603708666423
0 0.36582791805267334 0.8303551766566791 0.02405128876368201 0.026509188866430587
0 0.3960685431957245 0.8297903767508352 0.02405128876368201 0.026509188866430587
0 0.42605701088905334 0.8292302863542423 0.02405128876368201 0.026509188866430587
0 0.1241273432970047 0.8674457461334938 0.02312336365381877 0.026974345362463664
0 0.15349909663200378 0.8682592212521493 0.023123363653818785 0.026974345362463664
0 0.18379487097263336 0.8690982879004838 0.023123363653818785 0.026974345362463664
0 0.21337349712848663 0.869917492533839 0.02367060383160907 0.026743156965388808
0 0.24413562566041946 0.8695084205010515 0.0236706038316091 0.026743156965388808
0 0.27460145950317383 0.8691032885685299 0.023670603831609127 0.026743156965388808
0 0.30490219593048096 0.8687003520866666 0.023670603831609127 0.026743156965388808
0 0.3346104025840759 0.868305295012718 0.023670603831609127 0.026743156965388808
0 0.3651273250579834 0.8679348186028129 0.023858701189359066 0.026684664940649337
