0 0.1330072544515133 0.09142044533130735 0.022621514896551773 0.02462345869966255
0 0.15806518495082855 0.09172804572433396 0.022621514896551786 0.02462345869966255
0 0.818346381187439 0.09983337411432258 0.022621514896551842 0.02462345869966255
0 0.8453155159950256 0.10016443563062091 0.022621514896551842 0.02462345869966255
0 0.8711479306221008 0.10048154325817746 0.022621514896551842 0.02462345869966255
0 0.8993233442306519 0.1003951444182285 0.022319595019022698 0.024308596470559288
0 0.15979021787643433 0.1278548125273422 0.022263705730438232 0.02425870230031568
0 0.18728727102279663 0.12816438009572584 0.022518932819366455 0.024241854054059184
0 0.21499870717525482 0.12854626695509488 0.022518932819366455 0.024241854054059184
0 0.27060121297836304 0.12931251617427567 0.022518932819366455 0.024241854054059184
0 0.2983095645904541 0.1296943605260884 0.022518932819366455 0.024241854054059184
0 0.32548147439956665 0.13006881225940792 0.022518932819366455 0.024241854054059184
0 0.35363301634788513 0.12937092226605082 0.022115012009938595 0.024413885072220202
0 0.38118523359298706 0.12981148690278382 0.022115012009938595 0.024413885072220202
0 0.4085710346698761 0.13024939051670173 0.022115012009938595 0.024413885072220202
0 0.46442750096321106 0.13114254490652077 0.022115012009938595 0.024413885072220202
0 0.4914245009422302 0.13157423152480013 0.02211501200993854 0.024413885072220202
0 0.5192453265190125 0.13137629162882572 0.021631836891174316 0.02434637380200763
0 0.5738312602043152 0.1324181778486385 0.021631836891174316 0.02434637380200763
0 0.6004712581634521 0.13292665768759265 0.021631836891174316 0.02434637380200763
0 0.6268998980522156 0.13343110331761968 0.021631836891174316 0.02434637380200763
0 0.6533449292182922 0.13393586180930914 0.021631836891174316 0.02434637380200763
0 0.6809816956520081 0.134463367050375 0.021631836891174316 0.02434637380200763
0 0.7354831099510193 0.13404888639135912 0.022033969561259026 0.024219320726025027
0 0.7892938256263733 0.13449399796555822 0.022033969561259026 0.024219320726025027
0 0.8172906041145325 0.13472558176794716 0.022033969561259026 0.024219320726025027
0 0.8443094491958618 0.13494907629903183 0.022033969561259026 0.024219320726025027
0 0.8709754347801208 0.13566031566886014 0.022146105766296387 0.024359170780625453
0 0.16010944545269012 0.16194310299185818 0.022128830353419005 0.02410232189089753
0 0.18799543380737305 0.16233556321271045 0.022128830353419005 0.02410232189089753
0 0.21541433036327362 0.1632917987534593 0.022141257921854673 0.023651640544566088
0 0.2421678900718689 0.1632526198098826 0.02197057008743286 0.023364015327867596
0 0.2985777258872986 0.16308641515949845 0.02197057008743286 0.023364015327867596
0 0.3258211016654968 0.16300614590005028 0.02197057008743286 0.023364015327867596
0 0.3532920777797699 0.1618578229912956 0.02179453770319617 0.02305899479592492
0 0.3803290128707886 0.1628455450368482 0.02179453770319617 0.02305899479592492
0 0.407096266746521 0.16407083910565043 0.021821608146031735 0.023219574329464934
0 0.4359448552131653 0.16458860751510657 0.021821608146031735 0.023219574329464934
0 0.46439847350120544 0.16509928708271537 0.021821608146031735 0.023219574329464934
0 0.4906744509935379 0.16557088281048693 0.02182160814603168 0.023219574329464934
0 0.517758846282959 0.16605698785116507 0.021821608146031624 0.023219574329464934
0 0.10495595633983612 0.1955233757749707 0.02212443451086679 0.02424801227658294
0 0.13273286819458008 0.1983716952374951 0.02241763472557068 0.024130969084510536
0 0.16019484400749207 0.19791584791139114 0.02241763472557068 0.024130969084510515
0 0.21586760878562927 0.19703090468118356 0.022415737311045347 0.024021987767182573
0 0.2432461604475975 0.19683655306630718 0.02241573731104532 0.024021987767182573
0 0.26951414346694946 0.19665008502437464 0.022415737311045292 0.024021987767182573
0 0.29723870754241943 0.19645327717762148 0.022415737311045292 0.024021987767182573
0 0.32605260610580444 0.19624873649242314 0.022415737311045292 0.024021987767182573
0 0.35370320081710815 0.19699482030646745 0.02216019233067834 0.023839344349942473
0 0.38044172525405884 0.1970068365048537 0.02216019233067834 0.023839344349942473
0 0.4068032503128052 0.19701868328105165 0.02216019233067834 0.023839344349942473
0 0.4347633421421051 0.19703124844750694 0.02216019233067834 0.023839344349942473
0 0.46300163865089417 0.19704393863816191 0.02216019233067834 0.023839344349942473
0 0.4901173561811447 0.19889319220254587 0.0217807988325755 0.023472028185230788
0 0.5178210735321045 0.1997524927614564 0.021780798832575554 0.023472028185230788
0 0.10468106716871262 0.23001956939697266 0.021939242879549653 0.024127782777298327
0 0.1320035606622696 0.23037043283152026 0.021695345640182495 0.023712320845256454
0 0.1589994579553604 0.23038709709954264 0.021695345640182495 0.023712320845256454
0 0.2149793803691864 0.23042165288484764 0.021695345640182495 0.023712320845256454
0 0.2420288473367691 0.2307867352883932 0.022087474664052337 0.023838338925856926
0 0.269287645816803 0.23045517677484556 0.022087474664052364 0.023838338925856926
0 0.29690542817115784 0.23011925181206344 0.022087474664052364 0.023838338925856926
0 0.32473957538604736 0.2297806951261114 0.022087474664052364 0.023838338925856926
0 0.3516918420791626 0.2294528650683026 0.022087474664052364 0.023838338925856926
0 0.40631917119026184 0.22878841332981462 0.022087474664052364 0.023838338925856926
0 0.4348258674144745 0.2301359596253992 0.022206534941991207 0.02395402183828425
0 0.48992423713207245 0.23058869117914244 0.022206534941991152 0.02395402183828425
0 0.5171784162521362 0.23188900288322162 0.02175072828928637 0.023555459902268074
0 0.544059693813324 0.23244039402451627 0.021506746610005623 0.023608954377876724
0 0.5715803503990173 0.23290341230481967 0.021506746610005623 0.023608954377876724
0 0.5981123447418213 0.23380152856426686 0.021486202875773186 0.023557027180989554
0 0.6255407929420471 0.23411174153172692 0.021486202875773186 0.023557027180989554
0 0.6804797053337097 0.2347330950591898 0.021486202875773186 0.023557027180989554
0 0.7070932984352112 0.23503409209812268 0.021486202875773186 0.023557027180989554
0 0.7339064478874207 0.2353373460991438 0.021486202875773186 0.023557027180989554
0 0.7611106038093567 0.2356450223436832 0.021486202875773186 0.023557027180989554
0 0.15779198706150055 0.2623946833056073 0.02205069363117218 0.02345765283865525
0 0.185935378074646 0.26269604625037934 0.02205069363117218 0.02345765283865525
0 0.2140732705593109 0.26326975711556366 0.021789724628130613 0.023548895074415602
0 0.24026312679052353 0.26331082038672077 0.021789724628130586 0.023548895074415602
0 0.26817768812179565 0.2633545878358834 0.021789724628130558 0.023548895074415602
0 0.32322990894317627 0.26371208457059636 0.02149564027786255 0.02386764408082004
0 0.35064584016799927 0.2634838902673056 0.02159261703491211 0.02385890576266506
0 0.3784869611263275 0.26372726809982805 0.02159261703491211 0.02385890576266506
0 0.4062100052833557 0.26396961374417055 0.02159261703491211 0.02385890576266506
0 0.43395063281059265 0.2642121130964954 0.02159261703491211 0.02385890576266506
0 0.4620346128940582 0.26445761392282885 0.02159261703491211 0.02385890576266506
0 0.5168375968933105 0.2654864640363525 0.02171180645624804 0.023914485014686317
0 0.543551504611969 0.26598798065065543 0.02171180645624804 0.023914485014686317
0 0.5709266662597656 0.2666149620976192 0.02134315172831225 0.023595455080963845
0 0.5981301069259644 0.26701261830884354 0.02134315172831225 0.023595455080963845
0 0.6250858306884766 0.2674066534279207 0.02134315172831225 0.023595455080963845
0 0.6522774696350098 0.26780413712320544 0.02134315172831225 0.023595455080963845
0 0.6798110008239746 0.26820661855298417 0.02134315172831225 0.023595455080963845
0 0.1570071578025818 0.29666849624278935 0.02200667063395184 0.023667135904001636
0 0.18454509973526 0.2965707332489878 0.02200667063395184 0.023667135904001636
0 0.2116001397371292 0.29647468461490795 0.02200667063395184 0.023667135904001636
0 0.23886482417583466 0.29637789171795514 0.021529853343963623 0.023483690365340384
0 0.26659703254699707 0.29653133455692476 0.021529853343963623 0.023483690365340384
0 0.29400718212127686 0.29668299543841564 0.021529853343963623 0.023483690365340384
0 0.3222613036632538 0.2968393260329349 0.021529853343963623 0.023483690365340384
0 0.37791571021080017 0.29714726292809773 0.021529853343963623 0.023483690365340384
0 0.405651330947876 0.29754994276315383 0.0212612350781759 0.024029886999795604
0 0.4331211447715759 0.29794876347837806 0.0212612350781759 0.024029886999795604
0 0.46071162819862366 0.2983493361362191 0.02101236581802368 0.024057299591774165
0 0.48776236176490784 0.2988816212802056 0.02101236581802368 0.024057299591774165
0 0.5159289240837097 0.2994358629107599 0.02101236581802368 0.024057299591774165
0 0.5429819822311401 0.299968193796205 0.02101236581802368 0.024057299591774165
0 0.5704549551010132 0.30050878746564996 0.02101236581802368 0.024057299591774165
0 0.5971083045005798 0.3008680121843205 0.02123316129048658 0.024056190668150436
0 0.15602459013462067 0.32983378476874775 0.021408021450042725 0.023693336072818226
0 0.1831270158290863 0.3293941852658294 0.0212891201178233 0.023762577263883814
0 0.23826369643211365 0.32940886141422565 0.02124305566151935 0.02369355785754297
0 0.2665565609931946 0.3298739943393441 0.021243055661519405 0.02369355785754297
0 0.29424595832824707 0.3309492768763904 0.021199146906534794 0.023863947668740917
0 0.32138147950172424 0.3310866688573083 0.021199146906534794 0.023863947668740917
0 0.34934571385383606 0.3312282567607772 0.021199146906534794 0.023863947668740917
0 0.3769223392009735 0.3313678821307582 0.021199146906534794 0.023863947668740917
0 0.40535271167755127 0.3315118301746457 0.021199146906534794 0.023863947668740917
0 0.4333299696445465 0.33245610081872273 0.021028737227121952 0.023719196171723567
0 0.4880486726760864 0.3332511204880564 0.021028737227121952 0.023719196171723567
0 0.5430046319961548 0.3340495873044458 0.021028737227122063 0.023719196171723567
0 0.569874107837677 0.33444488880246187 0.021458347638448005 0.023401334304218115
0 0.5966810584068298 0.33466737061319524 0.021458347638448005 0.023401334304218115
0 0.6522692441940308 0.3351287196277882 0.021458347638448005 0.023401334304218115
0 0.6791473627090454 0.3353517920903162 0.021458347638448005 0.023401334304218115
0 0.7068987488746643 0.33558211215706757 0.021458347638448005 0.023401334304218115
0 0.7336540818214417 0.33576481753694276 0.021675427754719978 0.023589082466539513
0 0.7610476016998291 0.3362166160760924 0.02182845274607348 0.02353687434233439
0 0.7880950570106506 0.3365034181484211 0.02182845274607348 0.02353687434233439
0 0.15558232367038727 0.3635946650837743 0.021202931801478087 0.024149983428245366
0 0.1821291297674179 0.36372056138537795 0.021202931801478087 0.024149983428245366
0 0.20915336906909943 0.3638487218793107 0.021202931801478087 0.024149983428245366
0 0.23706753551959991 0.3639811027881711 0.021202931801478087 0.024149983428245366
0 0.2655144929885864 0.36411601041977587 0.02120293180147803 0.024149983428245408
0 0.2928038239479065 0.36454248127067385 0.021316925684610966 0.02405763226886124
0 0.32106268405914307 0.3648365153822788 0.02127317587534583 0.023676502612210073
0 0.37674480676651 0.3655485963601251 0.02127317587534583 0.023676502612210073
0 0.4046931564807892 0.36590600888727187 0.02127317587534583 0.023676502612210073
0 0.432829350233078 0.366265823624675 0.02127317587534583 0.02367650261221003
0 0.45969024300575256 0.3666093294010606 0.02127317587534583 0.023676502612210073
0 0.4878016710281372 0.36699173481290936 0.02107316255569458 0.023596837539081438
0 0.5151405334472656 0.3673685206923374 0.02107316255569458 0.023596837539081438
0 0.542081892490387 0.36773982815584566 0.02107316255569458 0.023596837539081438
0 0.10122272372245789 0.39731773235758366 0.021048714717229217 0.023839492206425686
0 0.15494821965694427 0.3975741364235102 0.02104871471722919 0.023839492206425686
0 0.18116194009780884 0.3976992409830343 0.02104871471722919 0.023839492206425686
0 0.236890509724617 0.39796520468596597 0.02104871471722919 0.023839492206425686
0 0.26468613743782043 0.3980978588725245 0.021048714717229244 0.023839492206425686
0 0.29312863945961 0.3982336002563248 0.021048714717229244 0.023839492206425686
0 0.3203035891056061 0.39889055789510425 0.021047373612721798 0.023475528687469664
0 0.3766093850135803 0.39969306768373003 0.021161437034606934 0.023615282635356106
0 0.40456363558769226 0.4000623320061578 0.021161437034606934 0.023615282635356106
0 0.43209725618362427 0.40042603997702203 0.021161437034606934 0.023615282635356106
0 0.4595111608505249 0.40078816654897526 0.021161437034606934 0.023615282635356106
0 0.48715928196907043 0.4011533870253452 0.021161437034606934 0.023615282635356106
0 0.514275312423706 0.401315733443859 0.021241207917531257 0.02365467160247093
0 0.5415095090866089 0.4016151451098003 0.02145196994145704 0.02352482403895657
0 0.1008487269282341 0.4318467517231786 0.02135289212067923 0.023863208386325042
0 0.15356503427028656 0.43186926995031066 0.0213528921206792 0.023863208386325042
0 0.1805986613035202 0.43188081759817193 0.0213528921206792 0.023863208386325042
0 0.2080899327993393 0.431892560732828 0.0213528921206792 0.023863208386325042
0 0.2360508143901825 0.4319045044655024 0.0213528921206792 0.023863208386325042
0 0.2637178301811218 0.4322353600628986 0.021611899137496948 0.02393840819366224
0 0.32048460841178894 0.43323270028750693 0.021138012409210205 0.024031705634538516
0 0.348070353269577 0.4334004424339117 0.021138012409210205 0.024031705634538516
0 0.3759857714176178 0.43357018924271007 0.021138012409210205 0.024031705634538516
0 0.4036009907722473 0.4337381106162987 0.021138012409210205 0.024031705634538516
0 0.43171074986457825 0.4339090391646984 0.021138012409210205 0.024031705634538516
0 0.09966551512479782 0.46549703908521073 0.020562971631685883 0.023469732713329753
0 0.12576192244887352 0.4656306594073625 0.021126071612040206 0.02365452374598782
0 0.15268312394618988 0.46602913622756437 0.02132958173751831 0.023843573045361003
0 0.17990314960479736 0.466126375420149 0.021108309427897154 0.023912651594295058
0 0.20764586329460144 0.46621500059615734 0.02139685551325482 0.023878792459650612
0 0.23538775742053986 0.4663918163756213 0.02139685551325482 0.023878792459650612
0 0.2635922133922577 0.4665715803399836 0.021396855513254764 0.023878792459650612
0 0.2919516861438751 0.46675233231953484 0.021396855513254764 0.023878792459650612
0 0.31973522901535034 0.466929413551508 0.021396855513254764 0.023878792459650612
0 0.37620416283607483 0.4673510550708183 0.021557192007700565 0.023647367492202587
0 0.40366074442863464 0.46757675880609556 0.021557192007700565 0.023647367492202587
0 0.43159353733062744 0.4679484256478243 0.021191954612731934 0.023028292397196035
0 0.4592035412788391 0.4681727248862009 0.021191954612731934 0.023028292397196035
0 0.4866175651550293 0.4683954320139433 0.021191954612731934 0.023028292397196035
0 0.5413995981216431 0.4688404724526978 0.021191954612731934 0.023028292397196035
0 0.5683634877204895 0.46905952276185503 0.021191954612731934 0.023028292397196035
0 0.5957786440849304 0.46902146986655946 0.021543701489766365 0.023186084836028343
0 0.6227002143859863 0.4691131551197475 0.021543701489766365 0.023186084836028343
0 0.6500242948532104 0.4692062111788018 0.021543701489766365 0.023186084836028343
0 0.0992787554860115 0.49950728305550507 0.020751232902208955 0.023782212604847933
0 0.12552128732204437 0.49972075933305776 0.02075123290220897 0.023782212604847933
0 0.15237672626972198 0.49993922145303976 0.020751232902208983 0.023782212604847933
0 0.17967846989631653 0.5001613141473163 0.020751232902208983 0.023782212604847933
0 0.206932932138443 0.5003830222196357 0.020751232902208983 0.023782212604847933
0 0.23482927680015564 0.5005621799202853 0.021444737911224365 0.023796258970748548
0 0.2921207845211029 0.5009674498647567 0.021444737911224365 0.023796258970748548
0 0.3195546865463257 0.5011615124124655 0.021444737911224365 0.023796258970748548
0 0.3475162088871002 0.5014091290142306 0.021411021550496456 0.023479284242142077
0 0.375409334897995 0.5015566182690997 0.021411021550496456 0.023479284242142077
0 0.403282105922699 0.5017064560291379 0.021378060181935665 0.02366729854613317
0 0.43111997842788696 0.5018512927888167 0.021378060181935665 0.02366729854613317
0 0.45868468284606934 0.5019947082911576 0.021378060181935665 0.02366729854613317
0 0.4864816665649414 0.5021393323119026 0.021378060181935665 0.02366729854613317
0 0.5134142637252808 0.5022794590439907 0.021378060181935554 0.02366729854613317
0 0.15153737366199493 0.5343529013700263 0.020779003699620546 0.023901237073794872
0 0.17824263870716095 0.5345455269084861 0.020779003699620546 0.023901237073794872
0 0.206084743142128 0.5347463524891185 0.020779003699620546 0.023901237073794872
0 0.23422540724277496 0.534949331585781 0.020779003699620546 0.023901237073794872
0 0.26261088252067566 0.5351540765096975 0.020779003699620602 0.023901237073794872
0 0.29076194763183594 0.5354132541390353 0.02141660451889038 0.024266413015912616
0 0.3188912868499756 0.5355710970963756 0.02141660451889038 0.024266413015912616
0 0.34710556268692017 0.5356581421870499 0.02173527081807458 0.024180301400118096
0 0.37475889921188354 0.5358231123103652 0.02173527081807458 0.024180301400118096
0 0.40275242924690247 0.5357271682384402 0.021297097206115723 0.023852917575096843
0 0.43025097250938416 0.5358644430214947 0.021297097206115723 0.023852917575096843
0 0.4581071734428406 0.5359917255924077 0.021273771921793583 0.023655972739522715
0 0.48580536246299744 0.5361305502958076 0.02107679843902588 0.023672532665637167
0 0.5134298801422119 0.5362703904601318 0.02107679843902588 0.023672532665637167
0 0.5406962633132935 0.536408417684623 0.02107679843902588 0.023672532665637167
0 0.5682082772254944 0.5365476883351027 0.02107679843902588 0.023672532665637167
0 0.5957212448120117 0.5366869638132494 0.02107679843902588 0.023672532665637167
0 0.6232355237007141 0.5368413948911133 0.021138787269592285 0.02388716113659757
0 0.6503399014472961 0.5369880983746478 0.021138787269592285 0.02388716113659757
0 0.6780078411102295 0.5371378521586574 0.021138787269592285 0.02388716113659757
0 0.7053713798522949 0.5375645683083363 0.021516164143880134 0.02365890029788936
0 0.7328411936759949 0.5376860596412836 0.021516164143880134 0.02365890029788936
0 0.7605977654457092 0.5378088192247301 0.021516164143880134 0.02365890029788936
0 0.7869523167610168 0.5383104723553325 0.02172287305196119 0.02397563845612282
0 0.1504402905702591 0.5682815729185592 0.021494785944620787 0.02420452029206032
0 0.17755438387393951 0.5686237984821594 0.021494785944620787 0.02420452029206032
0 0.2050539255142212 0.5691199191780978 0.02115012208620709 0.02386835379193914
0 0.2333403378725052 0.5692632285243874 0.02115012208620709 0.02386835379193914
0 0.2613529860973358 0.5694051508811037 0.021150122086207035 0.02386835379193914
0 0.2900816798210144 0.5695507009871104 0.021150122086207035 0.02386835379193914
0 0.3460473120212555 0.5698342434195585 0.021150122086207035 0.02386835379193914
0 0.37412866950035095 0.5698230190359272 0.021096309026082394 0.02361300564551544
0 0.4018644690513611 0.5698119327750614 0.021096309026082394 0.02361300564551544
0 0.4294299781322479 0.5698009145809037 0.021096309026082394 0.02361300564551544
0 0.4573532044887543 0.5697897534037746 0.021096309026082394 0.02361300564551544
0 0.48501497507095337 0.5699615745756197 0.021181126435597775 0.024042972298555596
0 0.5127488970756531 0.5700477333955987 0.021181126435597664 0.024042972298555596
0 0.5403546094894409 0.5701209384083563 0.02141672372817993 0.023600792700006
0 0.5951893329620361 0.5703397351641988 0.02141672372817993 0.023600792700006
0 0.6227530837059021 0.5706222635929804 0.02171182632446289 0.023457785909490013
0 0.6495863795280457 0.5710920733074809 0.02178390820821119 0.02385155729545185
0 0.6778048872947693 0.5713824164105865 0.02178390820821119 0.02385155729545185
0 0.7050690650939941 0.5716629403153687 0.02178390820821119 0.02385155729545185
0 0.7327733039855957 0.5719479920535918 0.02178390820821119 0.02385155729545185
0 0.7598633170127869 0.5722267239592796 0.02178390820821119 0.02385155729545185
0 0.09670627117156982 0.6019666795495074 0.021033706764380128 0.024208748987478747
0 0.1227460466325283 0.6025228722150936 0.021033706764380142 0.024208748987478747
0 0.14926497638225555 0.6030892993046091 0.021033706764380156 0.024208748987478747
0 0.17672719061374664 0.6036758743370709 0.021033706764380156 0.024208748987478747
0 0.20433540642261505 0.6042655678682549 0.021033706764380156 0.024208748987478747
0 0.23251444101333618 0.604867453717315 0.021033706764380156 0.024208748987478747
0 0.2607910633087158 0.603665620355362 0.02148006359736121 0.024087624956471106
0 0.317370742559433 0.6039677109829215 0.02148006359736121 0.024087624956471106
0 0.3449442386627197 0.6041149315902519 0.02148006359736121 0.024087624956471106
0 0.3735955059528351 0.6042679066412007 0.02148006359736121 0.024087624956471106
0 0.4020436108112335 0.604419796965843 0.02148006359736121 0.024087624956471106
0 0.42965424060821533 0.6045672158376559 0.02148006359736121 0.024087624956471106
0 0.4571029245853424 0.604251466807419 0.021560092767079708 0.023848274881525612
0 0.4846383035182953 0.6043604030165561 0.021560092767079708 0.023848274881525612
0 0.539949893951416 0.6045792282231313 0.021560092767079597 0.023848274881525612
0 0.567533552646637 0.6046883554379666 0.021560092767079597 0.023848274881525612
0 0.5946834087371826 0.6047957664312318 0.021560092767079597 0.023848274881525612
0 0.6219150424003601 0.6049035009551365 0.021560092767079597 0.023848274881525612
0 0.6503260731697083 0.6049990715007831 0.022095918655395508 0.024099571760310683
0 0.09581567347049713 0.6365793361220249 0.0208782454331716 0.024470484533975292
0 0.12111082673072815 0.6371884900470113 0.021311312913894653 0.024366423141124638
0 0.14843672513961792 0.6376461364159455 0.021311312913894653 0.024366423141124638
0 0.17606952786445618 0.6381089227310107 0.021311312913894653 0.024366423141124638
0 0.20401154458522797 0.63857688767407 0.021311312913894653 0.024366423141124638
0 0.2318514585494995 0.6390431426292242 0.02161948879559833 0.024065712625666237
0 0.2599674090743065 0.6389644917076204 0.021619488795598357 0.024065712625666237
0 0.2882983982563019 0.6388852392417593 0.021619488795598385 0.024065712625666237
0 0.3164454698562622 0.6388065012627664 0.021619488795598385 0.024065712625666237
0 0.37337177991867065 0.6386472568955532 0.021619488795598385 0.024065712625666237
0 0.40110892057418823 0.6388373558829796 0.02147253354390466 0.02428699463836901
0 0.429013192653656 0.6388824817746185 0.02147253354390466 0.02428699463836901
0 0.45672741532325745 0.6389273003244621 0.02147253354390466 0.02428699463836901
0 0.4843387007713318 0.6389428959336392 0.021457235018412235 0.024420213329699667
0 0.5116046667098999 0.6389800378764051 0.021457235018412346 0.024420213329699667
0 0.5392506718635559 0.6385331708331441 0.021560033162434822 0.024364619292029984
0 0.09475897252559662 0.6708442333132721 0.02122578521569571 0.024239828420239827
0 0.14818090200424194 0.6729561897416088 0.021747012933095278 0.024529508842054317
0 0.1755295693874359 0.6731905826302462 0.021747012933095278 0.024529508842054317
0 0.2032143622636795 0.6734278562963694 0.021747012933095278 0.024529508842054317
0 0.23105545341968536 0.6741479393209553 0.022104263305664062 0.0246678137964057
0 0.2597765624523163 0.673912624980128 0.022104263305664062 0.0246678137964057
0 0.28792423009872437 0.6736782872399618 0.02176024516423547 0.02452879913093513
0 0.3442527651786804 0.6734687061812654 0.02176024516423547 0.02452879913093513
0 0.37278199195861816 0.6733625577514536 0.02176024516423547 0.02452879913093513
0 0.4008233845233917 0.6732582244018874 0.02176024516423547 0.02452879913093513
0 0.42868369817733765 0.6731545647909475 0.02176024516423547 0.02452879913093513
0 0.4562704563140869 0.6736506050700757 0.021585802237192753 0.02428888720135356
0 0.4837437868118286 0.6738439465725985 0.021585802237192753 0.02428888720135356
0 0.5109684467315674 0.6740355380745822 0.021585802237192864 0.02428888720135356
0 0.09368227422237396 0.7056088114893714 0.021397521098454803 0.024218477944071035
0 0.11988521367311478 0.7062777529371724 0.02139752109845479 0.024218477944071035
0 0.1464594006538391 0.7069561720567694 0.021397521098454775 0.024218477944071035
0 0.17397603392601013 0.7076586511253603 0.021397521098454775 0.024218477944071035
0 0.2020915299654007 0.7083764187125272 0.021397521098454775 0.024218477944071035
0 0.23039701581001282 0.7086797653530595 0.02200700839360553 0.024597434110419696
0 0.25880688428878784 0.7090233203976654 0.02200700839360556 0.024597434110419696
0 0.28669774532318115 0.7093605991856303 0.022007008393605587 0.024597434110419696
0 0.34383833408355713 0.7082948019338209 0.02204076449076331 0.0247656060743701
0 0.40033969283103943 0.708207968866555 0.021810869375864628 0.024794674658960205
0 0.4278894364833832 0.7082160683565362 0.02197541793187463 0.024880845417347933
0 0.45571133494377136 0.7082397102280018 0.02197541793187463 0.024880845417347933
0 0.4836442172527313 0.7082634464088433 0.02197541793187463 0.024880845417347933
0 0.5111732482910156 0.7082868394139722 0.02197541793187452 0.024880845417347933
0 0.5390744209289551 0.7083105486492778 0.02197541793187452 0.024880845417347933
0 0.5666837692260742 0.7080142515160559 0.021940092245737786 0.024356842041015625
0 0.5943658947944641 0.7078964765681777 0.021940092245737786 0.024356842041015625
0 0.14540979266166687 0.7430337718751407 0.02233241001764935 0.024694575819858285
0 0.17335309088230133 0.743100410283998 0.022239506244659424 0.024649095165637083
0 0.2012576460838318 0.7434188487917878 0.022352516651153564 0.024832451990408518
0 0.25786033272743225 0.7434154258204853 0.022352516651153564 0.024832451990408434
0 0.28592073917388916 0.7434137289051673 0.022352516651153564 0.024832451990408518
0 0.3428986966609955 0.7438586479009583 0.022197167078653934 0.024403446404508814
0 0.3710610568523407 0.743765044569309 0.022197167078653934 0.024403446404508814
0 0.3996460735797882 0.7436700364527038 0.022197167078653934 0.024403446404508814
0 0.42812496423721313 0.7435753810676756 0.022197167078653934 0.024403446404508814
0 0.455535888671875 0.7434842752855878 0.022197167078653934 0.024403446404508814
0 0.511574387550354 0.7428631150727201 0.021637479464213127 0.024536236312038242
0 0.5391155481338501 0.7428384381671285 0.021637479464213127 0.024536236312038242
0 0.5663408637046814 0.742814044258963 0.021637479464213127 0.024536236312038242
0 0.5942931175231934 0.7427889990134491 0.021637479464213127 0.02453623631203816
0 0.6219877004623413 0.7427641846412836 0.021637479464213127 0.024536236312038242
0 0.6498090028762817 0.7427392567283504 0.021637479464213127 0.024536236312038242
0 0.6762545108795166 0.7425887085670648 0.021508773167927986 0.024492411650428505
0 0.7059783214953409 0.7430674754255878 0.021508773167927986 0.02449241165042842
0 0.14427511394023895 0.7774787725404252 0.021979818741480528 0.024590011714964763
0 0.17284484207630157 0.7777091266658291 0.021979818741480528 0.024590011714964763
0 0.20069564878940582 0.7779797398766806 0.022033999363581358 0.024418320766715115
0 0.22873768210411072 0.7781896116753029 0.022033999363581358 0.024418320766715115
0 0.2853415310382843 0.7786132454200974 0.022033999363581303 0.024418320766715115
0 0.3137166202068329 0.7788256098707431 0.022033999363581303 0.024418320766715115
0 0.3422502875328064 0.7790391611498456 0.022033999363581303 0.024418320766715115
0 0.37095311284065247 0.7786196706744427 0.022044698397318485 0.0244790602099989
0 0.3993149697780609 0.7782051634361351 0.022044698397318485 0.0244790602099989
0 0.4269217848777771 0.7778016910996548 0.022044698397318485 0.0244790602099989
0 0.4549280107021332 0.7773923813937532 0.022044698397318485 0.0244790602099989
0 0.5109727382659912 0.7774709657181141 0.0215874115626018 0.024203810580941135
0 0.5388034582138062 0.7773478424590013 0.0215874115626018 0.024203810580941135
0 0.5662733912467957 0.7772263153231971 0.0215874115626018 0.024203810580941135
0 0.593915581703186 0.777104026119598 0.0215874115626018 0.024203810580941135
0 0.6212232708930969 0.7769832167514535 0.0215874115626018 0.024203810580941135
0 0.14458592236042023 0.8126786697742551 0.022705167531967163 0.024979643119397904
0 0.17154355347156525 0.8138514602936536 0.022260114550590515 0.024800736774769974
0 0.20045199990272522 0.8138238773789517 0.022260114550590515 0.024800736774769974
0 0.22831112146377563 0.8139094862827035 0.022220194339752197 0.024852723114250352
0 0.25667717307806015 0.8138272029410419 0.022220194339752197 0.024852723114250352
0 0.28496822714805603 0.8137451371498751 0.022220194339752197 0.024852723114250352
0 0.34206345677375793 0.8135795171210314 0.022220194339752197 0.024852723114250352
0 0.3706439137458801 0.813496611839117 0.022220194339752197 0.024852723114250352
0 0.39845988154411316 0.8132212293480093 0.022191743055979374 0.024543052495912064
0 0.4554029703140259 0.8126574837415083 0.022191743055979374 0.024543052495912064
0 0.4826616942882538 0.812300305033839 0.021834949652353886 0.02461396446523729
0 0.510352611541748 0.8120101942952037 0.02183494965235394 0.02461396446523729
0 0.5377748608589172 0.8117228983226067 0.021834949652353997 0.02461396446523729
0 0.5659869313240051 0.8114273275935429 0.021834949652353997 0.02461396446523729
0 0.5935546159744263 0.8111385079317315 0.021834949652353997 0.02461396446523729
0 0.6497013568878174 0.8104805773431327 0.021835406621297127 0.02451797603636738
0 0.6766689419746399 0.8112011399379996 0.022328615188598633 0.024429676144622093
0 0.14329266548156738 0.8471907682197038 0.02204154928525287 0.02508136837981468
0 0.17078344523906708 0.8478140822857579 0.02204154928525287 0.02508136837981468
0 0.1992816925048828 0.8493019391514082 0.02217012643814087 0.024953856948734365
0 0.22813080251216888 0.8494683814544614 0.022122979164123535 0.0245513916015625
0 0.2847975194454193 0.8489210439282794 0.022122979164123535 0.0245513916015625
0 0.3128677308559418 0.8486499168733816 0.022122979164123535 0.0245513916015625
0 0.3701849579811096 0.8480962961414932 0.022122979164123535 0.0245513916015625
0 0.3979988098144531 0.8472054233164027 0.021995137135187748 0.024968938310017067
0 0.4259350597858429 0.8472187130950218 0.021995137135187748 0.024968938310017067
0 0.4546423852443695 0.8472323696881753 0.021995137135187748 0.024968938310017067
0 0.4821532964706421 0.847245457125472 0.021995137135187748 0.024968938310017067
0 0.5102259069681168 0.8472588117732558 0.021995137135187803 0.024968938310017067
0 0.5378703474998474 0.8472719627328545 0.02199513713518786 0.024968938310017067
0 0.08921737968921661 0.8809606862622638 0.022105087836583465 0.02458504373713046
0 0.11518128961324692 0.8814765575320221 0.021756604313850403 0.02485550281613372
0 0.14258050918579102 0.8821448403911997 0.021756604313850403 0.02485550281613372
0 0.17052656412124634 0.882826460882088 0.021756604313850403 0.02485550281613372
0 0.19874882698059082 0.8843448517629167 0.022142509619394957 0.0247243836868641
0 0.22692394256591797 0.8842020256574764 0.022134164969126402 0.024735975635144247
0 0.2551731765270233 0.8841011556417427 0.022134164969126374 0.024735975635144247
0 0.28352707624435425 0.8839999118942298 0.022134164969126346 0.024735975635144247
0 0.3407295048236847 0.8841759983395523 0.022064129511515262 0.024783762850502555
0 0.36923518776893616 0.8836938724961392 0.022064129511515262 0.024783762850502555
0 0.39728212356567383 0.8832195055917528 0.022064129511515262 0.024783762850502555
0 0.4254990518093109 0.8827422635500826 0.022064129511515262 0.024783762850502555
0 0.4818078279495239 0.8817898949911428 0.022064129511515262 0.024783762850502555
0 0.5096223801374435 0.8813194584659588 0.022064129511515318 0.024783762850502555
0 0.5659543871879578 0.8811755916393135 0.022060424089431763 0.02487827271454105
0 0.5937418937683105 0.8811107523492255 0.022636105616887336 0.024631825528403695
0 0.6209080219268799 0.8804837645749274 0.023043036460876465 0.025232832561167526
0 0.6490952372550964 0.8806507199309593 0.023043036460876465 0.025232832561167526
0 0.6769971251487732 0.8808159852674962 0.023043036460876465 0.025232832561167526
0 0.704923689365387 0.8809813967640644 0.023043036460876465 0.025232832561167526
0 0.7319365739822388 0.8811413964559865 0.023043036460876465 0.025232832561167526
0 0.7611640095710754 0.8813145131281309 0.023043036460876465 0.025232832561167526
0 0.08804511278867722 0.9145757098530614 0.022609372933705657 0.024841072023376827
0 0.11425990611314774 0.9158650350151883 0.022609372933705643 0.024841072023376827
0 0.14242371916770935 0.9172502190364099 0.02260937293370563 0.024841072023376827
0 0.16994424164295197 0.9194537066281425 0.02280027667681378 0.024860411651374648
0 0.198226198554039 0.9194062698719113 0.022421936194101988 0.025074093840843022
0 0.2259097546339035 0.919250100989478 0.022421936194101988 0.025074093840843022
0 0.2552259564399719 0.9190847220020375 0.02242193619410196 0.025074093840843022
0 0.3116256296634674 0.9187665593385592 0.022421936194101932 0.025074093840843022
0 0.34012213349342346 0.9186058044433594 0.022421936194101932 0.025074093840843022
0 0.36892738938331604 0.9179438373255299 0.02276894450187683 0.0247763108837511
0 0.42491158843040466 0.9175941999568495 0.02276894450187683 0.0247763108837511
0 0.4537098705768585 0.9174143464309693 0.02276894450187683 0.0247763108837511
0 0.4819399416446686 0.9172380415461301 0.02276894450187683 0.0247763108837511
0 0.510126993060112 0.91706200533135 0.02276894450187683 0.0247763108837511
0 0.5375908613204956 0.9168904856026444 0.02276894450187683 0.0247763108837511
0 0.5656998753547668 0.9158746586289517 0.022801200548807854 0.024847814279009096
