0 0.8698245286941528 0.03813063439797143 0.021847287813822502 0.023934345836787267
0 0.8996433615684509 0.03709728730658752 0.021847287813822502 0.023934345836787257
0 0.9285314083099365 0.0360961958419445 0.021847287813822502 0.023934345836787267
0 0.11117707937955856 0.07948193166595867 0.022500311334927886 0.02434212662452875
0 0.14031153917312622 0.07846971445305403 0.02250031133492786 0.02434212662452875
0 0.168900266289711 0.07747645760575082 0.02250031133492786 0.02434212662452875
0 0.22809062898159027 0.07542000952401852 0.02250031133492786 0.02434212662452875
0 0.2569374665617943 0.07441778515660485 0.022500311334927886 0.02434212662452875
0 0.28664880990982056 0.07487966293512388 0.02323029438654578 0.02565325138180755
0 0.316800057888031 0.07471180477320359 0.02323029438654578 0.02565325138180755
0 0.37644147872924805 0.0743797687896862 0.02323029438654578 0.02565325138180755
0 0.40681159496307373 0.07421069214343927 0.02323029438654578 0.02565325138180755
0 0.43593767285346985 0.07404854131299396 0.02323029438654578 0.02565325138180755
0 0.4951193183660507 0.07323306926211581 0.023204614718755068 0.02574815306552621
0 0.5247020721435547 0.07296762910000114 0.023204614718755012 0.02574815306552621
0 0.5532545447349548 0.07271143344592379 0.023204614718755012 0.02574815306552621
0 0.5821658968925476 0.07261690750714543 0.023285359144210815 0.025156143099762673
0 0.6113650798797607 0.0724172924840173 0.023285359144210815 0.025156143099762673
0 0.6403622031211853 0.07211834885353266 0.023667573928833008 0.02634901593821918
0 0.6704548597335815 0.07182378567349196 0.023667573928833008 0.02634901593821918
0 0.7000920176506042 0.07153368116075808 0.023667573928833008 0.02634901593821918
0 0.730139970779419 0.07123955556256506 0.023667573928833008 0.02634901593821918
0 0.7566964626312256 0.07097960627356241 0.023667573928833008 0.02634901593821918
0 0.11007142812013626 0.14909765332244163 0.023154601454734802 0.02568292248156645
0 0.1399012804031372 0.14868305569827414 0.023154601454734802 0.02568292248156645
0 0.16940873861312866 0.1481466626012048 0.023410499095916748 0.025422613750132494
0 0.19824841618537903 0.14778777407262364 0.023410499095916748 0.025422613750132494
0 0.22814811766147614 0.1474565350732138 0.023366610209147154 0.025142396143240507
0 0.2585950195789337 0.14703884228430203 0.023366610209147126 0.025142396143240507
0 0.2880273759365082 0.1466350677707384 0.0233666102091471 0.025142396143240507
0 0.31788724660873413 0.14622542830425211 0.0233666102091471 0.025142396143240507
0 0.34834006428718567 0.14580765435861986 0.0233666102091471 0.025142396143240507
0 0.4080387353897095 0.1451931186748601 0.02297310034433997 0.024775246317072445
0 0.4379235506057739 0.14488548560675882 0.02297310034433997 0.024775246317072445
0 0.49704888463020325 0.1442768518314805 0.0221063494682312 0.024126208105752635
0 0.525699257850647 0.14413039011106404 0.0221063494682312 0.024126208105752635
0 0.5539118051528931 0.14398616657221436 0.0221063494682312 0.024126208105752635
0 0.5841098427772522 0.14400480055186887 0.02282182375590014 0.024696919345116416
0 0.6124199628829956 0.14368707080220067 0.02282182375590014 0.024696919345116416
0 0.6429761052131653 0.14334413352686848 0.02282182375590014 0.024696919345116416
0 0.7022920250892639 0.14267841991268465 0.02282182375590014 0.024696919345116416
0 0.73199063539505 0.142345106878946 0.02282182375590014 0.024696919345116416
0 0.7616022825241089 0.14201276984913344 0.02282182375590014 0.024696919345116416
0 0.5851516127586365 0.2158760470013286 0.02066802978515625 0.021850955578707938
0 0.6139602661132812 0.21539302599654275 0.02066802978515625 0.021850955578707938
0 0.6425856947898865 0.2149130770328898 0.02066802978515625 0.021850955578707938
0 0.6770930886268616 0.21433450795371456 0.02066802978515625 0.021850955578707938
0 0.7067272663116455 0.21383764577466388 0.02066802978515625 0.021850955578707938
0 0.7352772951126099 0.21288317303324855 0.021804650624593025 0.023803858793983192
0 0.7628889679908752 0.21292233750145317 0.021804650624593025 0.023803858793983192
0 0.7929918766021729 0.21296503554486296 0.021804650624593025 0.023803858793983192
0 0.8523977398872375 0.21304929697494915 0.021804650624593025 0.023803858793983192
0 0.8825393319129944 0.213092049887014 0.021804650624593025 0.023803858793983192
0 0.9123762845993042 0.2125908723481765 0.022882699966430664 0.025742434716039878
0 0.9421084523200989 0.21232986450195312 0.022882699966430664 0.025742434716039878
0 0.9718482494354248 0.21158894827199537 0.023387908935546875 0.026403264481891984
0 0.11004769057035446 0.29470250549540694 0.023159494002660125 0.02588479093802989
0 0.16828760504722595 0.2939277027928552 0.023159494002660097 0.02588479093802989
0 0.1982225626707077 0.2922427520255785 0.02226655681927997 0.02467210163441742
0 0.2288026511669159 0.29227944307549053 0.022313167651494326 0.024812979291575853
0 0.2884503901004791 0.29232483865887327 0.02231316765149438 0.024812979291575853
0 0.3182258605957031 0.29234749961598233 0.02231316765149438 0.024812979291575853
0 0.348471999168396 0.29237051878033177 0.02231316765149438 0.024812979291575853
0 0.3796682357788086 0.2923942610274914 0.02231316765149438 0.024812979291575853
0 0.4396316409111023 0.2914116227934577 0.023667991161346436 0.026137315025625274
0 0.4699103832244873 0.29107568430346115 0.023667991161346436 0.026137315025625274
0 0.5282551646232605 0.2904283569620734 0.023667991161346436 0.026137315025625274
0 0.5569800138473511 0.2910524004332102 0.024225831031799316 0.027061196260674054
0 0.5869623422622681 0.29095532173334165 0.024225831031799316 0.027061196260674054
0 0.6153492331504822 0.2898449343304301 0.0232276519139607 0.026083421337512083
0 0.640077531337738 0.28900394883266717 0.022651036580403572 0.02560405583344686
0 0.10852812230587006 0.36910752369375677 0.023440048098564148 0.026409681453261266
0 0.16881488263607025 0.3683589558268702 0.023440048098564148 0.026409681453261266
0 0.19904327392578125 0.367983616328393 0.023440048098564148 0.026409681453261225
0 0.22928403317928314 0.3676081232595429 0.023440048098564148 0.026409681453261266
0 0.2591637447476387 0.3672371132429256 0.023440048098564148 0.026409681453261266
0 0.28886139392852783 0.36686836385620913 0.023440048098564148 0.026409681453261225
0 0.31966158747673035 0.36664325587451496 0.02357512215773261 0.02645168748012813
0 0.10770390182733536 0.4428198476126871 0.023347993691762298 0.025756126226380814
0 0.13723313808441162 0.4426876334256904 0.02334799369176227 0.025756126226380814
0 0.16844362020492554 0.44254789162934266 0.02334799369176227 0.025756126226380814
0 0.22943992912769318 0.44227478678762516 0.02334799369176227 0.025756126226380814
0 0.25953325629234314 0.4421400469402934 0.023347993691762298 0.025756126226380814
0 0.32023102045059204 0.4418682788027487 0.023347993691762325 0.025756126226380814
0 0.35082316398620605 0.4417498832525209 0.023269861936569214 0.025963036588920234
0 0.3804434537887573 0.4416184136046676 0.023269861936569214 0.025963036588920234
0 0.41052258014678955 0.44082994365404543 0.023374636967976925 0.026673102563665875
0 0.4403313398361206 0.44037060485002943 0.023374636967976925 0.026673102563665875
0 0.47076332569122314 0.4399016624273256 0.023374636967976925 0.026673102563665875
0 0.5002985447645187 0.4396862207457077 0.023873974879582704 0.026952403460362106
0 0.5304335951805115 0.4392888409605176 0.02387397487958265 0.026952403460362106
0 0.1076202541589737 0.5188091632931732 0.0239070306221644 0.02602274103682176
0 0.1365617960691452 0.5184482449362642 0.023907030622164413 0.02602274103682176
0 0.16802531480789185 0.5178253706111464 0.023589755098025023 0.026158769001332308
0 0.1986701339483261 0.517141776018337 0.023589755098025023 0.026158769001332308
0 0.22954797744750977 0.5164529833465014 0.023589755098025023 0.026158769001332308
0 0.2601875588297844 0.5157695055924678 0.023589755098024995 0.026158769001332308
0 0.2904994487762451 0.5167381085909024 0.023592372735341427 0.026198778965676423
0 0.3203281760215759 0.5161106597122042 0.02356598774592078 0.026251445444979465
0 0.35046863555908203 0.5157173068024391 0.02356598774592078 0.026251445444979465
0 0.380896657705307 0.5153202010106473 0.02356598774592078 0.026251445444979465
0 0.4113394618034363 0.5149229023046172 0.02356598774592078 0.026251445444979465
0 0.4415198266506195 0.5145290286041969 0.02356598774592078 0.026251445444979465
0 0.10699042677879333 0.5954030946243641 0.023417343695958465 0.026828204014504548
0 0.1373245120048523 0.5953705602256588 0.024391303459803282 0.027508994405583763
0 0.1978142112493515 0.5935978974600336 0.024193684260050474 0.0275478510893592
0 0.22897329926490784 0.5932319552399391 0.024193684260050474 0.0275478510893592
0 0.2593511641025543 0.59287518795282 0.024193684260050446 0.0275478510893592
0 0.2893241345882416 0.5925231758734909 0.02419368426005042 0.0275478510893592
0 0.3209555745124817 0.592151686202648 0.02419368426005042 0.0275478510893592
0 0.35109156370162964 0.5917977595799204 0.02419368426005042 0.0275478510893592
0 0.41204404830932617 0.5901308179401565 0.023503631353378296 0.02662555191868041
0 0.47286608815193176 0.5898102161496185 0.023503631353378296 0.02662555191868041
0 0.5036763995885849 0.5896478105308791 0.023503631353378296 0.02662555191868041
0 0.5325230956077576 0.589495755413708 0.023503631353378296 0.02662555191868041
0 0.5617794990539551 0.589341540669286 0.023503631353378296 0.02662555191868041
0 0.1060752347111702 0.672001417293105 0.022727549076080322 0.026334511217220753
0 0.13625073432922363 0.6715550338302541 0.022727549076080322 0.026334511217220753
0 0.1663883477449417 0.6711092108146005 0.022727549076080322 0.026334511217220753
0 0.1972394585609436 0.6706528330958167 0.022727549076080322 0.026334511217220753
0 0.22810840606689453 0.6701961915204763 0.022727549076080322 0.026334511217220753
0 0.2586938440799713 0.6694731601448947 0.022764792044957488 0.0261936927026557
0 0.2895130515098572 0.668924345378075 0.022888123989105225 0.026426951090494737
0 0.10491886734962463 0.7497598293215729 0.024266282717386872 0.027525997901147622
0 0.13563714921474457 0.7496193710974401 0.02430814504623413 0.027715091557465755
0 0.1659555286169052 0.749181259510129 0.02430814504623413 0.027715091557465755
0 0.19763852655887604 0.7490370602430332 0.024361908435821533 0.02744609625764598
0 0.2589993476867676 0.7481524223505065 0.024361908435821533 0.02744609625764598
0 0.2892186939716339 0.7477167505599471 0.024361908435821533 0.02744609625764598
0 0.32021579146385193 0.7472698659437389 0.024361908435821533 0.02744609625764598
0 0.3514484763145447 0.7470723684771096 0.024167458216349247 0.026703782783922325
0 0.38172590732574463 0.7464710501737373 0.024167458216349247 0.026703782783922325
0 0.41338059306144714 0.7458423792038213 0.024167458216349247 0.026703782783922325
0 0.4438864588737488 0.7452365241209917 0.024167458216349247 0.026703782783922325
0 0.4750707149505615 0.7446171960165334 0.024167458216349247 0.026703782783922325
0 0.10549472272396088 0.8279074735419695 0.02303694685300192 0.02626025769137608
0 0.13577401638031006 0.8269544202227925 0.023336127400398254 0.02646873533263698
0 0.1659429669380188 0.8268704556803116 0.023336127400398254 0.02646873533263698
0 0.19674427807331085 0.8268822573676753 0.023349960645039858 0.02633590106816244
0 0.22768065333366394 0.8266857058502907 0.023349960645039858 0.02633590106816244
0 0.25833500176668167 0.8264909461653489 0.023349960645039886 0.02633590106816244
0 0.28913068771362305 0.8262952885050435 0.023349960645039913 0.02633590106816244
0 0.32159706950187683 0.8260890162268351 0.023349960645039913 0.02633590106816244
0 0.3525945544242859 0.8258920764546306 0.023349960645039913 0.02633590106816244
0 0.10696237534284592 0.9060987428177235 0.023296460509300232 0.027066016382025083
0 0.1365060657262802 0.9059879158264058 0.023296460509300232 0.027066016382025083
0 0.16532361507415771 0.9058798128017017 0.023296460509300232 0.027066016382025083
0 0.1973484456539154 0.9057596783305324 0.023296460509300232 0.027066016382025083
0 0.2589840814471245 0.9065127040581736 0.024091919263203948 0.02668235837951198
0 0.29107069969177246 0.9061130257539971 0.024091919263203976 0.02668235837951198
0 0.32131117582321167 0.9057363434210212 0.024091919263203976 0.02668235837951198
0 0.3519973158836365 0.9053541097955402 0.024091919263203976 0.02668235837951198
0 0.383443683385849 0.9049624066020168 0.024091919263203976 0.02668235837951198
0 0.41448336839675903 0.9045757691392357 0.024091919263203976 0.02668235837951198
