0 0.2415957748889923 0.11002092968055516 0.0197983980178833 0.02075486589771834
0 0.2648463249206543 0.10736138321632563 0.019968092441558838 0.02080093058504801
0 0.28949132561683655 0.10503035922383153 0.019893785317738888 0.020852364310922536
0 0.3134588301181793 0.10205324346173376 0.019893785317738888 0.020852364310922546
0 0.33812057971954346 0.09897980579110079 0.02085355917612708 0.021475425986356513
0 0.3626549541950226 0.09593793911230868 0.02085355917612708 0.021475425986356513
0 0.3866530954837799 0.09296255669886362 0.02085355917612708 0.021475425986356513
0 0.4134061225012046 0.09096384443176393 0.02085355917612708 0.021475425986356513
0 0.43854979146905493 0.08809372091044394 0.02085355917612708 0.021475425986356524
0 0.49167044389815556 0.08394041357387973 0.02245205438055964 0.02394008726451708
0 0.5181190967559814 0.08161965359088987 0.021722257137298584 0.0228251154108565
0 0.2416365146636963 0.13948655682940816 0.01943276325861612 0.021695077881332528
0 0.2652157247066498 0.1371027280441874 0.019432763258616093 0.021695077881332528
0 0.28821060061454773 0.13477797471267336 0.019432763258616093 0.021695077881332528
0 0.3117527365684509 0.1323978940717078 0.019432763258616093 0.021695077881332528
0 0.3373272716999054 0.12981234040371206 0.019432763258616093 0.021695077881332528
0 0.3621279001235962 0.12729676394512768 0.019488751888275146 0.02155235201813454
0 0.3872624337673187 0.12489500303334182 0.019749025503794315 0.021696312482966933
0 0.4127853214740753 0.123635868693507 0.02052452166875207 0.022313406301099202
0 0.23993231356143951 0.17113843075064725 0.01990028222401935 0.022256518519201945
0 0.26184824109077454 0.16905761314026632 0.019900282224019405 0.022256518519201945
0 0.3115783929824829 0.16388577847488167 0.02045861879984534 0.02250587847805764
0 0.3362119495868683 0.16166981985402662 0.02045861879984534 0.02250587847805764
0 0.3862794041633606 0.1571659063763725 0.02045861879984534 0.02250587847805764
0 0.41181859374046326 0.15486847981219717 0.02045861879984534 0.02250587847805764
0 0.43834182620048523 0.15248253179150958 0.02045861879984534 0.02250587847805764
0 0.4642378091812134 0.14973097069318905 0.020623723665873173 0.022301193355589888
0 0.4909929782152176 0.1481127602806828 0.020623723665873228 0.022301193355589888
0 0.5196719765663147 0.1463781925157394 0.020623723665873284 0.022301193355589888
0 0.5465096673186945 0.14586429863052378 0.020623723665873284 0.022301193355589888
0 0.5729361298132916 0.14500143293752793 0.020623723665873284 0.022301193355589888
0 0.6014170703433809 0.14356897643719763 0.020800818999608284 0.022377864334934456
0 0.23838408291339874 0.20007406279098155 0.019269724686940493 0.022017441978750274
0 0.2620489299297333 0.19944392904308839 0.020298103491465214 0.02254821718201154
0 0.3112146854400635 0.19537687856097555 0.020298103491465214 0.02254821718201156
0 0.3342852294445038 0.19346845538834376 0.020298103491465214 0.02254821718201156
0 0.35952478647232056 0.19138060884733557 0.020298103491465214 0.02254821718201156
0 0.38525503873825073 0.18925217140552608 0.020298103491465214 0.02254821718201156
0 0.4111047387123108 0.18711385310550765 0.020298103491465214 0.02254821718201156
0 0.43846338987350464 0.18470865626667823 0.020765821139017704 0.02254267256389294
0 0.23645393550395966 0.23226669222809548 0.020100166400273622 0.022461883781492276
0 0.28543397784233093 0.22900442468337825 0.02016526460647583 0.022554604582084213
0 0.30981776118278503 0.22733011911081713 0.02016526460647583 0.022554604582084213
0 0.3341802954673767 0.22565727259865473 0.02016526460647583 0.022554604582084213
0 0.3588407337665558 0.2239639705917584 0.02016526460647583 0.022554604582084213
0 0.38462087512016296 0.2221937844919604 0.02016526460647583 0.022554604582084213
0 0.41106754541397095 0.2203778313713818 0.02016526460647583 0.022554604582084213
0 0.43660056591033936 0.21857989111612008 0.020688176155090332 0.022800977839980016
0 0.46166685223579407 0.21689224510763983 0.020473678906758663 0.022798774778380902
0 0.23577642440795898 0.2641659004743709 0.019883851210276304 0.022496777911518894
0 0.25875870138406754 0.2622871177141057 0.020318999886512756 0.02285630573597992
0 0.2838051915168762 0.2612152764963549 0.02016317844390869 0.022630735885265263
0 0.33374056220054626 0.25731322359710956 0.02052394549051917 0.02314574958742124
0 0.35809364914894104 0.25594374190929325 0.02052394549051917 0.02314574958742124
0 0.3842112720012665 0.2544750325706641 0.02052394549051917 0.02314574958742124
0 0.4094354510307312 0.2530565655260446 0.02052394549051917 0.02314574958742124
0 0.43601351976394653 0.25156196328096614 0.02052394549051917 0.02314574958742124
0 0.4628484845161438 0.25005291463759677 0.02052394549051917 0.02314574958742124
0 0.23491404950618744 0.29615258016223356 0.02028933664162952 0.022247432738311503
0 0.25865692645311356 0.2947554920994958 0.020253494381904602 0.02206037950146103
0 0.30774953961372375 0.2917383864871593 0.020253494381904602 0.02206037950146103
0 0.33234310150146484 0.2902269294914582 0.020253494381904602 0.02206037950146103
0 0.3576478660106659 0.2886717638136852 0.020253494381904602 0.02206037950146103
0 0.38372695446014404 0.2870690101800963 0.020253494381904602 0.02206037950146103
0 0.4092627763748169 0.2858882283055505 0.020453810691833496 0.022425644157468838
0 0.4357161819934845 0.284747744715491 0.02061927318572998 0.02229377096013508
0 0.46212640404701233 0.284179266109023 0.020719707012176514 0.022393529729325668
0 0.2798517644405365 0.35706828361333803 0.020663122336069706 0.022813708283180415
0 0.3045479655265808 0.3569328596051614 0.02051643530527747 0.022523451221081667
0 0.3301750719547272 0.35579457393912384 0.02051643530527747 0.022523451221081667
0 0.35614198446273804 0.3546411950205169 0.02051643530527747 0.022523451221081667
0 0.3817857503890991 0.3535021693853348 0.02051643530527747 0.022523451221081667
0 0.40769118070602417 0.35235152133675507 0.02051643530527747 0.022523451221081667
0 0.4608110189437866 0.3499920840503875 0.02051643530527747 0.022523451221081667
0 0.4889109432697296 0.35087285524236045 0.021391431490580204 0.023729871409808045
0 0.5161025524139404 0.3491068143546375 0.023143132527669197 0.02532201959181204
0 0.5722658038139343 0.3485401508420013 0.023143132527669197 0.02532201959181204
0 0.6014226675033569 0.34828079578488375 0.023156801859537834 0.025086927783581667
0 0.6302916407585144 0.34833575693206925 0.023156801859537834 0.025086927783581667
0 0.6589918732643127 0.3483903968283021 0.023156801859537834 0.025086927783581667
0 0.6877201795578003 0.3484450901717969 0.023156801859537834 0.025086927783581667
0 0.7158207297325134 0.3484985883845839 0.023156801859537834 0.025086927783581667
0 0.48812031745910645 0.38461834885353263 0.021290123462677002 0.02519139578176099
0 0.5151737928390503 0.3849512588146121 0.021391749382019043 0.02458891757698946
0 0.2771818935871124 0.4226983536121457 0.020511726538340214 0.023643700651420234
0 0.3280887305736542 0.4218926984210347 0.020867546399434445 0.02417619098988609
0 0.35420510172843933 0.4215868129286655 0.02106044689814246 0.024048531702322497
0 0.379618763923645 0.4210648300040606 0.02106044689814246 0.024048531702322497
0 0.40624621510505676 0.4205179165078598 0.02106044689814246 0.024048531702322497
0 0.4331478774547577 0.41996537086205044 0.02106044689814246 0.024048531702322497
0 0.4598093628883362 0.41941775832065314 0.02106044689814246 0.024048531702322497
0 0.48744457960128784 0.4188342056112367 0.021091242631276486 0.024127516635628635
0 0.515552818775177 0.4189114237940589 0.02143351236979174 0.024445851643880263
0 0.5432754158973694 0.41900062561035156 0.02178666989008593 0.024239443993383545
0 0.27643880248069763 0.45597688541855924 0.02050205071767175 0.023059223973473836
0 0.30156823992729187 0.45562485539722797 0.02050205071767175 0.023059223973473836
0 0.32695695757865906 0.45526919320481407 0.02050205071767175 0.023059223973473836
0 0.35284700989723206 0.4549065079799918 0.02050205071767175 0.023059223973473836
0 0.3789867162704468 0.454540325433657 0.02050205071767175 0.023059223973473836
0 0.4051252603530884 0.4541203698446584 0.020431697368621826 0.0233556466509206
0 0.2749791741371155 0.4883140297823174 0.020747919877370236 0.023907476617384273
0 0.2999383211135864 0.4889815107760373 0.02063508828481042 0.023816663165425144
0 0.32539913058280945 0.4889358254366143 0.02063508828481042 0.023816663165425144
0 0.3518851399421692 0.4888883005404005 0.02063508828481042 0.023816663165425144
0 0.3783055543899536 0.4888562047204306 0.020914475123087528 0.02375636729159102
0 0.4049249291419983 0.48857315384492395 0.020914475123087528 0.02375636729159102
0 0.4321601092815399 0.4882835549473208 0.020914475123087528 0.02375636729159102
0 0.459017813205719 0.48799796985448335 0.020914475123087528 0.02375636729159102
0 0.4864523708820343 0.48770625092262443 0.020914475123087528 0.02375636729159102
0 0.27330565452575684 0.5222380438516306 0.020708739757537842 0.023795223975366455
0 0.2985345721244812 0.5225279172629642 0.020684878031412723 0.02371872303097747
0 0.3246317505836487 0.5226322440213935 0.020684878031412723 0.02371872303097747
0 0.3507383465766907 0.5227366084276008 0.020684878031412723 0.02371872303097747
0 0.37739020586013794 0.5228431525924999 0.020684878031412723 0.02371872303097747
0 0.4040001630783081 0.5229495292486146 0.020684878031412723 0.02371872303097747
0 0.4309230148792267 0.5230571567402401 0.020684878031412723 0.02371872303097747
0 0.2730177342891693 0.5561200874608582 0.02061506112416589 0.024206915567087574
0 0.29826289415359497 0.5562218954396803 0.02059274911880493 0.024172701576883535
0 0.3237907588481903 0.5565066329037968 0.02064534028371179 0.02420029159664189
0 0.34957197308540344 0.5567347060802371 0.02064534028371179 0.02420029159664189
0 0.37548771500587463 0.5569639693540778 0.02064534028371179 0.02420029159664189
0 0.4028809070587158 0.5572063028712989 0.02064534028371179 0.02420029159664189
0 0.42980217933654785 0.5574444615563681 0.02064534028371179 0.02420029159664189
0 0.45725417137145996 0.5576873152468658 0.02064534028371179 0.02420029159664189
0 0.27135053277015686 0.5898089741551599 0.02056928475697839 0.024175274279690583
0 0.2965069115161896 0.5898398465888445 0.020934422810872433 0.024376477381979827
0 0.32223495841026306 0.5909791745396229 0.021254460016886356 0.024780953577322497
0 0.34805426001548767 0.5913507772046466 0.021254460016886356 0.024780953577322497
0 0.3745647668838501 0.5917323279976945 0.021254460016886356 0.024780953577322497
0 0.4014211893081665 0.5921188573584987 0.021254460016886356 0.024780953577322497
0 0.4290297329425812 0.59251621157624 0.021254460016886356 0.024780953577322497
0 0.45666468143463135 0.5929139458242246 0.021254460016886356 0.024780953577322497
0 0.4842844605445862 0.5928679621496866 0.021874090035756466 0.02456756710082067
0 0.27014634013175964 0.6234025289846021 0.020776549975077274 0.024419947188029974
0 0.2955513894557953 0.6244199442309003 0.021630128224690792 0.025038963140443314
0 0.3208629786968231 0.6254993639684329 0.021664659182230595 0.024679819742838487
0 0.3474825322628021 0.6259856113167697 0.021664659182230595 0.024679819742838487
0 0.37406212091445923 0.6264711286440876 0.021664659182230595 0.024679819742838487
0 0.40107718110084534 0.6269646005330217 0.021664659182230595 0.024679819742838487
0 0.42810747027397156 0.6274583506029706 0.021664659182230595 0.024679819742838487
0 0.2683415114879608 0.6576115807821584 0.021526336669921875 0.024675886760386442
0 0.2935139834880829 0.6585010227989399 0.021526336669921875 0.024675886760386442
0 0.31981971859931946 0.6594305074395481 0.021526336669921875 0.024675886760386442
0 0.34605589509010315 0.6603274678075036 0.02213807900746667 0.025325686432594478
0 0.3726120889186859 0.6611740073390145 0.02213807900746667 0.025325686432594478
0 0.40030214190483093 0.6620566912293984 0.02213807900746667 0.025325686432594478
0 0.42724186182022095 0.662915456533772 0.02213807900746667 0.025325686432594478
0 0.4551960527896881 0.6638065604276435 0.02213807900746667 0.025325686432594478
0 0.48354706168174744 0.6646684789182817 0.022415737311045292 0.025564326796420785
0 0.2666388154029846 0.6926396610797803 0.021812816460927364 0.02537787977115134
0 0.29140645265579224 0.6937134764915289 0.021812816460927364 0.02537787977115134
0 0.3186773657798767 0.6948958228940619 0.021812816460927364 0.02537787977115134
0 0.37153008580207825 0.6971872835099203 0.021812816460927364 0.02537787977115134
0 0.39876610040664673 0.6983681168667105 0.021812816460927364 0.02537787977115134
0 0.426064133644104 0.6995516390776347 0.021812816460927364 0.02537787977115134
0 0.45410215854644775 0.7001842232637627 0.022065480550130245 0.02556873291961901
0 0.4837568700313568 0.7012441572842875 0.022065480550130245 0.02556873291961901
0 0.2654363512992859 0.7272776226664699 0.021635055541992188 0.025226504303688228
0 0.3172264099121094 0.7305774688720703 0.021914859612782833 0.02543514458708066
0 0.343730628490448 0.7317536888728241 0.021914859612782833 0.02543514458708066
0 0.3704659938812256 0.7329401668445155 0.021914859612782833 0.02543514458708066
0 0.42499154806137085 0.7356732722700883 0.023134052753448486 0.026392929313718755
0 0.45365431904792786 0.7366319478944291 0.023134052753448486 0.026392929313718838
0 0.48276853561401367 0.7376057228918561 0.023134052753448486 0.026392929313718755
0 0.5110133290290833 0.7385504185381447 0.023134052753448486 0.026392929313718838
0 0.5392371416091919 0.7394944124443587 0.023134052753448486 0.026392929313718838
0 0.5644559860229492 0.7403379000270789 0.023134052753448486 0.026392929313718838
0 0.5946269631385803 0.7397879223490871 0.023721953233083015 0.026191578354946402
0 0.2638954818248749 0.7619161384050236 0.022209525108337402 0.025208229242369186
0 0.2897959053516388 0.7636540895711267 0.022209525108337402 0.025208229242369186
0 0.3158399760723114 0.7654809286428053 0.022631585597991943 0.025966851286185696
0 0.3425155282020569 0.7675245697733701 0.022653063138326046 0.025887363640836856
0 0.36933213472366333 0.7689910711244096 0.022653063138326046 0.025887363640836856
0 0.3969351053237915 0.7705005758279662 0.022653063138326046 0.025887363640836856
0 0.4248530864715576 0.7720273072970842 0.022653063138326046 0.025887363640836856
0 0.4531642198562622 0.7735755388126817 0.022653063138326046 0.025887363640836856
0 0.48155635595321655 0.7751282000679951 0.022653063138326046 0.025887363640836856
0 0.5101088285446167 0.7764191732698456 0.022975623607635498 0.026449454847232205
0 0.2624094784259796 0.7968529102414154 0.022164245446523068 0.025517131006994914
0 0.2886505424976349 0.7987648448192785 0.022164245446523068 0.025517131006994914
0 0.31486237049102783 0.8006746492446144 0.022164245446523068 0.025517131006994914
0 0.3683547377586365 0.80457212483293 0.022164245446523068 0.025517131006994914
0 0.39556723833084106 0.8065548386684683 0.02336903413136804 0.02617580206819294
0 0.42299380898475647 0.8078342511759931 0.02336903413136804 0.02617580206819294
0 0.4516172707080841 0.8091694970366436 0.02336903413136804 0.02617580206819294
0 0.48070818185806274 0.8105265487822019 0.02336903413136804 0.02617580206819294
0 0.5097594857215881 0.811881752901299 0.023369034131367983 0.02617580206819294
0 0.5376083254814148 0.8131390061489371 0.02372187376022339 0.02603752668513808
0 0.2618671655654907 0.8319679082826127 0.022131403287251827 0.0252826306246973
0 0.28710076212882996 0.8342543313669604 0.022796809673309326 0.02538116218507741
0 0.3407185673713684 0.838597559834588 0.022796809673309326 0.02538116218507741
0 0.3671230971813202 0.8407364184660844 0.022796809673309326 0.02538116218507741
0 0.3946169912815094 0.8429635193890282 0.022796809673309326 0.02538116218507741
0 0.4226979613304138 0.8452381755030433 0.022796809673309326 0.02538116218507741
0 0.4504601061344147 0.846878495327262 0.022609829902648926 0.025825086490128282
0 0.48015281558036804 0.8489114259995744 0.022609829902648926 0.025825086490128282
0 0.5093973726034164 0.8500910914221476 0.023534605900446592 0.025907472122547237
0 0.2585497498512268 0.8681515538415243 0.023213366667429597 0.026202652805535256
0 0.28351345658302307 0.8702156292621883 0.02321336666742957 0.026202652805535256
0 0.3122188448905945 0.8725890783289812 0.02321336666742957 0.026202652805535256
0 0.33840012550354004 0.8747538264721669 0.02321336666742957 0.026202652805535256
0 0.36601319909095764 0.8770369596259538 0.02321336666742957 0.026202652805535256
0 0.39404284954071045 0.8796625359113827 0.02356400092442834 0.026253456293150436
0 0.42111220955848694 0.8814111669598227 0.024153411388397217 0.026877055796541798
0 0.4497252106666565 0.8832595143937458 0.024153411388397217 0.026877055796541798
0 0.4792531728744507 0.8851669666378997 0.024153411388397217 0.026877055796541798
0 0.6305239370891027 0.14353535692443992 0.020453810691833385 0.022425644157468838
0 0.6569773427077702 0.14239487333438042 0.02061927318572998 0.02229377096013508
0 0.684254659884641 0.1424245363623823 0.02061927318572998 0.02229377096013508
