0 0.11285519599914551 0.08350717256915555 0.022196958462397248 0.023884538532227505
0 0.13963697850704193 0.08333902303562608 0.022196958462397276 0.023884538532227505
0 0.8099778890609741 0.07913028482404004 0.02219695846239733 0.023884538532227516
0 0.8371816873550415 0.07895948566263139 0.02219695846239733 0.023884538532227516
0 0.8643441796302795 0.07878894584123479 0.02219695846239733 0.023884538532227516
0 0.08874446898698807 0.12034427287966706 0.02146578828493753 0.023740058721498
0 0.11289013922214508 0.11879424551567241 0.02146578828493753 0.023740058721498
0 0.13874462246894836 0.11713452117900292 0.02146578828493756 0.023740058721498
0 0.19196665287017822 0.11371794161480657 0.02146578828493756 0.023740058721498
0 0.21844109892845154 0.11201841886653456 0.02146578828493756 0.023740058721498
0 0.2754596769809723 0.11077879750451376 0.022213995456695557 0.024148593577303642
0 0.30324214696884155 0.11073576171673472 0.022213995456695557 0.024148593577303642
0 0.3316437900066376 0.11069176681336998 0.022213995456695557 0.024148593577303642
0 0.3598982095718384 0.11064799996309502 0.022213995456695557 0.024148593577303642
0 0.38855716586112976 0.10997014654141526 0.02167423566182458 0.023510533709858738
0 0.417463093996048 0.11025167065997456 0.02167423566182458 0.023510533709858738
0 0.44540151953697205 0.11052377196001349 0.02167423566182458 0.023510533709858738
0 0.4733255207538605 0.11079573277692761 0.02167423566182458 0.023510533709858738
0 0.5023403763771057 0.11107831777528275 0.021674235661824526 0.023510533709858738
0 0.5298502445220947 0.11134624521719198 0.02167423566182447 0.023510533709858738
0 0.5582450032234192 0.11196235168811887 0.021528919537862068 0.02376148312590843
0 0.6151157021522522 0.1128262478086586 0.021912852923075432 0.02344551382138749
0 0.6425155997276306 0.112671552702438 0.021912852923075432 0.02344551382138749
0 0.6710600852966309 0.11251039544938764 0.021912852923075432 0.02344551382138749
0 0.6984999179840088 0.11235547487639748 0.021912852923075432 0.02344551382138749
0 0.7262452244758606 0.1121988296508789 0.021912852923075432 0.02344551382138749
0 0.08804901689291 0.15393078165033378 0.02108109990755716 0.023834021516548558
0 0.13875095546245575 0.15093751286351403 0.021081099907557188 0.023834021516548558
0 0.16533267498016357 0.14936821919196705 0.021081099907557188 0.023834021516548558
0 0.19176578521728516 0.14775764110476472 0.021466841300328554 0.023693180823510945
0 0.21836592257022858 0.14705812415423103 0.021466841300328554 0.023693180823510945
0 0.2471865490078926 0.1463002139054738 0.021466841300328582 0.023693180823510945
0 0.2753182649612427 0.14556042027599506 0.02146684130032861 0.023693180823510945
0 0.30392828583717346 0.1448080484257188 0.02146684130032861 0.023693180823510945
0 0.33154764771461487 0.14483753470487373 0.021469051639238956 0.02413255854170453
0 0.3595801889896393 0.14506809682681931 0.021562616030375126 0.02381061583526376
0 0.4179295003414154 0.14473519214363986 0.021562616030375126 0.02381061583526376
0 0.4456259310245514 0.14471612792208569 0.021024783452351925 0.02347821228263913
0 0.47411274909973145 0.1449191403943439 0.021024783452351925 0.02347821228263913
0 0.5025011748075485 0.14512145166937826 0.02102478345235187 0.02347821228263913
0 0.5304685831069946 0.14532076254665985 0.021024783452351814 0.02347821228263913
0 0.5588597655296326 0.14552309346753498 0.021024783452351814 0.02347821228263913
0 0.5869996547698975 0.14572363353728446 0.021024783452351814 0.02347821228263913
0 0.614966094493866 0.1464650131935297 0.021363546450932747 0.023843920508096385
0 0.1381501406431198 0.18342359471861325 0.021128962437311827 0.023887061333471498
0 0.19207197427749634 0.18186917415885037 0.021128962437311827 0.023887061333471498
0 0.2193983644247055 0.18108142827177723 0.021128962437311827 0.023887061333471477
0 0.24754999577999115 0.17971051638363583 0.021460433801015227 0.023846249247706213
0 0.27583280205726624 0.179454576137454 0.021460433801015255 0.023846249247706213
0 0.30392971634864807 0.17920031808787482 0.021460433801015255 0.023846249247706213
0 0.3319092094898224 0.17854348526765698 0.02135169506072998 0.024126914120459735
0 0.36056703329086304 0.17868778871935467 0.02135169506072998 0.024126914120459735
0 0.38862383365631104 0.17882906578088018 0.02135169506072998 0.024126914120459735
0 0.44643446803092957 0.17912016513800538 0.02135169506072998 0.024126914120459735
0 0.4743301570415497 0.17926063094028208 0.02135169506072998 0.024126914120459735
0 0.5024688839912415 0.17940232053448885 0.02135169506072998 0.024126914120459756
0 0.5311611294746399 0.17984293227971987 0.020909786224365234 0.02372465207595233
0 0.5596740245819092 0.17994491841565402 0.020909786224365234 0.02372465207595235
0 0.5878874659538269 0.18004583345273115 0.020909786224365234 0.02372465207595233
0 0.6155881285667419 0.18014491436093352 0.020909786224365234 0.02372465207595233
0 0.6433060765266418 0.18024405709610017 0.020909786224365234 0.02372465207595235
0 0.1381939798593521 0.21790138073805415 0.022123257319132505 0.02431526479794995
0 0.16463707387447357 0.21663746981048587 0.022128909826278687 0.024211794831031978
0 0.1917223483324051 0.21607157241466435 0.022128909826278687 0.024211794831031978
0 0.21899722516536713 0.21550171362312434 0.022128909826278687 0.024211794831031978
0 0.2751695215702057 0.21432809596965785 0.022128909826278687 0.024211794831031978
0 0.3036254048347473 0.21373356220334075 0.022128909826278687 0.024211794831031978
0 0.3320169150829315 0.2127990937239929 0.02181953191757202 0.02416471732679261
0 0.3606317639350891 0.2129983901977539 0.02181953191757202 0.02416471732679261
0 0.41836118698120117 0.213400463628398 0.02181953191757202 0.02416471732679261
0 0.44571468234062195 0.21359097503729402 0.02181953191757202 0.02416471732679261
0 0.5031896233558655 0.2139912760534952 0.02181953191757202 0.02416471732679261
0 0.5314318537712097 0.21418797731730427 0.02181953191757202 0.02416471732679261
0 0.5592664480209351 0.2142570059606796 0.021722793579101562 0.0240402665249137
0 0.5879018306732178 0.21439269976324116 0.021722793579101562 0.0240402665249137
0 0.6161020994186401 0.2146063801235451 0.02159273624420166 0.023714937905008452
0 0.6441119313240051 0.2148731364760288 0.02159273624420166 0.023714937905008452
0 0.67214435338974 0.21514010796971011 0.02159273624420166 0.023714937905008452
0 0.6998258829116821 0.21540373767914187 0.02159273624420166 0.023714937905008452
0 0.7278662919998169 0.2156707852385765 0.02159273624420166 0.023714937905008452
0 0.7548311352729797 0.2159275894657902 0.02159273624420166 0.023714937905008452
0 0.4182765781879425 0.2830634459707407 0.021843353907267216 0.024390464605287064
0 0.44656211137771606 0.2829059556473133 0.021843353907267216 0.024390464605287064
0 0.47458434104919434 0.28274993136505894 0.021843353907267216 0.024390464605287064
0 0.5033283829689026 0.28258988812216956 0.02184335390726727 0.024390464605287064
0 0.5321511030197144 0.2824294068092524 0.021843353907267327 0.024390464605287064
0 0.08746278285980225 0.32440469431322677 0.02115654945373535 0.02423323402109075
0 0.111419677734375 0.32352007167228913 0.02115654945373535 0.02423323402109075
0 0.13817302882671356 0.3225321882165598 0.02115654945373535 0.02423323402109075
0 0.16395601630210876 0.32105769667514533 0.021822084983189882 0.02438514177189317
0 0.19158309698104858 0.3205599895743437 0.022307664155960083 0.024181661679763176
0 0.2470615655183792 0.3194869345092332 0.022307664155960083 0.024181661679763176
0 0.2750776410102844 0.3189450523610107 0.022307664155960083 0.024181661679763176
0 0.3037732243537903 0.3183900272879532 0.022307664155960083 0.024181661679763176
0 0.3320980668067932 0.31784217302189316 0.022307664155960083 0.024181661679763176
0 0.3615151047706604 0.3181807274042174 0.021577556927998898 0.024612308472625997
0 0.38972771167755127 0.3182117048703627 0.021577556927998898 0.024612308472625997
0 0.4187750220298767 0.31824359884159414 0.021577556927998898 0.024612308472625997
0 0.4467845559120178 0.3183041021821056 0.021384159723917606 0.024297522019970298
0 0.4756998121738434 0.3183061023091161 0.021384159723917606 0.024297522019970298
0 0.5327858924865723 0.318310051069249 0.021384159723917717 0.024297522019970298
0 0.5898325443267822 0.31831399710203434 0.021384159723917717 0.024297522019970298
0 0.6174172759056091 0.31831590519394987 0.021384159723917717 0.024297522019970298
0 0.6448326110839844 0.31831780156837225 0.021384159723917717 0.024297522019970298
0 0.6733784675598145 0.3186664771168606 0.021132032076517815 0.024031602135000274
0 0.7019301652908325 0.31885619867048637 0.021409153938293457 0.023824100346528255
0 0.7301149964332581 0.31901372865188954 0.021409153938293457 0.023824100346528255
0 0.7574489116668701 0.3191665027145287 0.021409153938293457 0.023824100346528255
0 0.7854664921760559 0.31932309790270885 0.021409153938293457 0.023824100346528255
0 0.8130921721458435 0.3194775026898051 0.021409153938293457 0.023824100346528255
0 0.08761929720640182 0.35856788102970566 0.020514066020647675 0.024306984834892804
0 0.11157399415969849 0.3577454613361429 0.020514066020647675 0.024306984834892804
0 0.13744612038135529 0.35685721189760833 0.020514066020647703 0.024306984834892804
0 0.16400890052318573 0.3559452507257759 0.020514066020647703 0.024306984834892804
0 0.1914822906255722 0.3543705656289727 0.02163472274939221 0.024579499119011902
0 0.21898624300956726 0.35421446866767353 0.02163472274939221 0.024579499119011902
0 0.24657056480646133 0.3540579155747988 0.021634722749392182 0.024579499119011902
0 0.2753063142299652 0.3538948276264546 0.021634722749392155 0.024579499119011902
0 0.33253517746925354 0.3535700287929801 0.021634722749392155 0.024579499119011902
0 0.3614010512828827 0.3534062023317994 0.021634722749392155 0.024579499119011902
0 0.3901974558830261 0.35287095235114446 0.02131032943725586 0.024329592091168518
0 0.41901737451553345 0.3529233252875728 0.02131032943725586 0.024329592091168518
0 0.44757652282714844 0.35297522433968476 0.02131032943725586 0.024329592091168518
0 0.4757026135921478 0.35302633641888237 0.02131032943725586 0.024329592091168518
0 0.5324323773384094 0.35335979905239373 0.02141789595286059 0.024179724759833758
0 0.5609694719314575 0.3529778635779092 0.020953575770060295 0.0240806017735208
0 0.589508056640625 0.3530374301672616 0.020953575770060295 0.0240806017735208
0 0.6179379224777222 0.35309676983532556 0.020953575770060295 0.0240806017735208
0 0.6456031203269958 0.35315451346544713 0.020953575770060295 0.0240806017735208
0 0.6740385293960571 0.35321386470351107 0.020953575770060295 0.0240806017735208
0 0.08743975311517715 0.3929849668990734 0.020802517731984466 0.023903573206228747
0 0.13818863034248352 0.39118476428560367 0.02119364837805432 0.023858536121457122
0 0.1641385406255722 0.3905990511872048 0.02119364837805432 0.023858536121457122
0 0.1916598081588745 0.38991537759470385 0.021395891904830933 0.02400405647218695
0 0.21924178302288055 0.38960778185514233 0.021395891904830933 0.02400405647218695
0 0.24809693545103073 0.3892859875675666 0.021395891904830933 0.02400405647218695
0 0.27574095129966736 0.38897769994344483 0.021395891904830933 0.02400405647218695
0 0.3040471374988556 0.3886620277582213 0.021395891904830933 0.02400405647218695
0 0.3619474768638611 0.38848552138861187 0.021787683169047 0.024661101112069955
0 0.3904668390750885 0.3884541711141897 0.02156553665796912 0.024658587551856282
0 0.4190372824668884 0.38851100642171127 0.02156553665796912 0.024658587551856282
0 0.4479385018348694 0.38856849974332336 0.02156553665796912 0.024658587551856282
0 0.4761030673980713 0.3886392726454624 0.021770517031351688 0.024363229441088298
0 0.5042074918746948 0.388575945266087 0.021770517031351744 0.024363229441088298
0 0.5328651666641235 0.388525408367778 0.02152462800343824 0.024266413015912616
0 0.5891296863555908 0.3883949958860899 0.02152462800343824 0.024266413015912616
0 0.6462048292160034 0.38826270450487943 0.02152462800343824 0.024266413015912616
0 0.673786997795105 0.38819877329077745 0.02152462800343824 0.024266413015912616
0 0.7015208005905151 0.38813449061194133 0.02152462800343824 0.024266413015912616
0 0.7301814556121826 0.3882729402286131 0.02112889289855957 0.02397049305050872
0 0.7581804990768433 0.3884081938308746 0.02112889289855957 0.02397049305050872
0 0.7853450179100037 0.3885394161360411 0.02112889289855957 0.02397049305050872
0 0.813656210899353 0.3886761776236601 0.02112889289855957 0.02397049305050872
0 0.758388876914978 0.4234253598577578 0.021425922711690193 0.02396490407544513
0 0.786453127861023 0.4231335044609415 0.022111932436625237 0.024454930031946407
0 0.8146206140518188 0.4228762249613917 0.022111932436625237 0.024454930031946407
0 0.8426669239997864 0.4226200522756663 0.022111932436625237 0.024454930031946407
0 0.8713893294334412 0.42235770418944446 0.022111932436625237 0.024454930031946407
0 0.8989646434783936 0.42210583354151526 0.022111932436625237 0.024454930031946407
0 0.0867641493678093 0.46137583532998727 0.020904168486595154 0.024179709974185497
0 0.11184734106063843 0.46123738863683955 0.021239519119262695 0.02417361828707904
0 0.13732290267944336 0.4608848483063454 0.02132105827331543 0.02427061214003452
0 0.16401146352291107 0.46048349752171347 0.02132105827331543 0.02427061214003452
0 0.19091707468032837 0.4600788826677179 0.02132105827331543 0.02427061214003452
0 0.21938969194889069 0.45965070269397246 0.02132105827331543 0.02427061214003452
0 0.24696236848831177 0.45923605630564135 0.02132105827331543 0.02427061214003452
0 0.30442744493484497 0.45906172358010977 0.022095580895741818 0.024604560792908244
0 0.3332514762878418 0.4589742796531665 0.022095580895741818 0.024604560792908244
0 0.36264652013778687 0.45894982904690756 0.022019286950429318 0.02454988346543423
0 0.391230970621109 0.45879838632982833 0.022019286950429318 0.02454988346543423
0 0.41933074593544006 0.4586495114607661 0.022019286950429318 0.02454988346543423
0 0.44829025864601135 0.4584960816338489 0.022019286950429318 0.02454988346543423
0 0.47651925683021545 0.4583465221316315 0.022019286950429318 0.02454988346543423
0 0.533117413520813 0.45800234503605386 0.021677573521931892 0.024445526359617192
0 0.561917245388031 0.45797441172045333 0.021677573521931892 0.024445526359617192
0 0.6184799075126648 0.4579195508900282 0.021677573521931892 0.024445526359617192
0 0.6462287902832031 0.45789263690304494 0.021677573521931892 0.024445526359617192
0 0.6743288040161133 0.45786538234976837 0.021677573521931892 0.024445526359617192
0 0.702997624874115 0.45783757610337716 0.021677573521931892 0.024445526359617192
0 0.7312250137329102 0.45776353880416515 0.021715283393859863 0.02414236142653833
0 0.13720040023326874 0.4961220053739326 0.020763774712880434 0.02458891757698946
0 0.16390015184879303 0.4955436499628535 0.021208648880322756 0.024588148723277067
0 0.19116729497909546 0.4953699333723201 0.021208648880322756 0.024588148723277067
0 0.24741729348897934 0.49405352004196174 0.02142961819966635 0.02430662997933321
0 0.30387651920318604 0.4948518008552272 0.02144114176432288 0.02430272656817769
0 0.33318665623664856 0.4944651404092478 0.02144114176432288 0.02430272656817769
0 0.36189037561416626 0.49408647984812154 0.02144114176432288 0.02430272656817769
0 0.39088454842567444 0.49370398761421275 0.02144114176432288 0.02430272656817769
0 0.4195869565010071 0.493325344351835 0.02144114176432288 0.02430272656817769
0 0.44843733310699463 0.4929447490829555 0.02144114176432288 0.02430272656817769
0 0.5053738951683044 0.49336232600121444 0.02137539784113568 0.024428522864053417
0 0.5332048535346985 0.4933210593438791 0.021375397841135735 0.024428522864053417
0 0.5907033085823059 0.49323580288197333 0.021375397841135735 0.024428522864053417
0 0.6192824840545654 0.49319342679755634 0.021375397841135735 0.024428522864053417
0 0.6473169922828674 0.49289818006530334 0.02143494288126635 0.02438647248024164
0 0.6750494837760925 0.49180762712345566 0.021487673123677498 0.024454338606013808
0 0.7036800980567932 0.4919316139768982 0.021487673123677498 0.024454338606013808
0 0.7604098320007324 0.4921772860096173 0.021487673123677498 0.024454338606013808
0 0.7877793908119202 0.49229581177521337 0.021487673123677498 0.024454338606013808
0 0.8158770799636841 0.4924174907595612 0.021487673123677498 0.024454338606013808
0 0.844180703163147 0.49183837647873213 0.022685448328654045 0.02457540349442824
0 0.8722141981124878 0.49165157714540714 0.022685448328654045 0.02457540349442824
0 0.9005916714668274 0.4914624857348065 0.022685448328654045 0.02457540349442824
0 0.13776901364326477 0.5308442209062222 0.020629396041234316 0.024583594743595567
0 0.1642381101846695 0.5306466568348019 0.02113988995552063 0.024537463520848474
0 0.1911383867263794 0.5306920783464298 0.02098703384399414 0.024193608483602833
0 0.24735814332962036 0.5298238711409435 0.02159416675567627 0.024690997692965667
0 0.3045719265937805 0.5295992119367733 0.021565794944763184 0.024495531422223285
0 0.33344462513923645 0.5294666290283203 0.0214787324269613 0.02450109082599019
0 0.36237624287605286 0.5295207531000664 0.021365513404210446 0.02458909500476926
0 0.3905823230743408 0.5292614781579306 0.021365513404210446 0.02458909500476926
0 0.41981804370880127 0.5289927385910531 0.021365513404210446 0.02458909500476926
0 0.4484792649745941 0.5287292799171435 0.021365513404210446 0.02458909500476926
0 0.5057384520769119 0.5284700059100146 0.02120478947957355 0.024194347766018708
0 0.5345228314399719 0.5282255217086437 0.021204789479573494 0.024194347766018708
0 0.5625255703926086 0.5279876764807622 0.021204789479573494 0.024194347766018708
0 0.5912803411483765 0.5277434437642892 0.021204789479573494 0.024194347766018708
0 0.6197362542152405 0.5275017494379088 0.021204789479573494 0.024194347766018708
0 0.64772629737854 0.5272640120435115 0.021204789479573494 0.024194347766018708
0 0.6760784387588501 0.5279034459313681 0.021063168843587166 0.02404051788093513
0 0.7043085098266602 0.5279595599129961 0.020944754282633538 0.02383730393047475
0 0.13757283985614777 0.5657281210256178 0.021251976490020752 0.024509400360343936
0 0.16368748247623444 0.5658974711061044 0.02173979083697003 0.02434388981309048
0 0.21910592913627625 0.5656618014234547 0.02195611596107483 0.024489498877710205
0 0.2471797913312912 0.5655136551967886 0.02195611596107483 0.024489498877710205
0 0.30439645051956177 0.5652117219571691 0.02195611596107483 0.024489498877710205
0 0.33365321159362793 0.5650573335539104 0.02195611596107483 0.024489498877710205
0 0.3623965382575989 0.564905654552371 0.02195611596107483 0.024489498877710205
0 0.39124301075935364 0.5647534312485707 0.02195611596107483 0.024489498877710205
0 0.4198666214942932 0.5640561746996503 0.02176322539647424 0.0244089170943859
0 0.44875583052635193 0.5640237654295827 0.02176322539647424 0.0244089170943859
0 0.47733673453330994 0.5639917020305568 0.02176322539647424 0.0244089170943859
0 0.506141185760498 0.5639593878457713 0.021763225396474184 0.0244089170943859
0 0.5350174307823181 0.5639269931193386 0.02176322539647413 0.0244089170943859
0 0.5919182896614075 0.5632270570331513 0.021484176317850823 0.024499286976895535
0 0.6204109787940979 0.5630239442337391 0.021475354830424065 0.02457924776299055
0 0.6485859751701355 0.5625656495299011 0.02143617471059156 0.024826227232467298
0 0.677089512348175 0.562522755112759 0.021508455276489258 0.024789440539456208
0 0.7055227756500244 0.5624437318338179 0.021508455276489258 0.024789440539456208
0 0.733557939529419 0.5623658149745437 0.021508455276489258 0.024789440539456208
0 0.7613301873207092 0.562288628826027 0.021508455276489258 0.024789440539456208
0 0.7898470163345337 0.5622093732966933 0.021508455276489258 0.024789440539456208
0 0.8178368210792542 0.5619363015645393 0.02146625518798828 0.024693126826323224
0 0.8459928035736084 0.5617072526798692 0.02146625518798828 0.024693126826323224
0 0.8728245496749878 0.5614889764567077 0.02146625518798828 0.024693126826323224
0 0.137101411819458 0.6006445330242778 0.021097545822461428 0.024833590485328853
0 0.16371145844459534 0.6008091144894674 0.021097545822461428 0.024833590485328853
0 0.2188863903284073 0.6011503679738787 0.021097545822461428 0.024833590485328853
0 0.24690120667219162 0.601472151810097 0.021506309509277344 0.02492026395575945
0 0.2757028043270111 0.6012277824934139 0.021506309509277344 0.02492026395575945
0 0.3042777478694916 0.6011073055543276 0.021858255068461063 0.02465004144712936
0 0.33332130312919617 0.6007938828579215 0.021679401397705078 0.024731480798055958
0 0.36275342106819153 0.6004970019915248 0.021679401397705078 0.024731480798055958
0 0.3912360370159149 0.6002096987224452 0.021679401397705078 0.024731480798055958
0 0.42005833983421326 0.5999189690423732 0.021679401397705078 0.024731480798055958
0 0.44919851422309875 0.599625033001567 0.021679401397705078 0.024731480798055958
0 0.47812530398368835 0.5991831047590389 0.021566450595855713 0.025190604749576122
0 0.5067598819732666 0.5991694972220268 0.021837512652079283 0.025054251500802503
0 0.5355044603347778 0.5988936313363009 0.02183751265207934 0.025054251500802503
0 0.5639157295227051 0.5986209642670347 0.02183751265207934 0.025054251500802503
0 0.5922775864601135 0.5983487714143002 0.02183751265207934 0.025054251500802503
0 0.6484357118606567 0.5978098137434139 0.02183751265207934 0.025054251500802503
0 0.6775863170623779 0.5975300511592395 0.02183751265207934 0.025054251500802503
0 0.7058793306350708 0.5979891367642245 0.021269241968790764 0.024402026982270526
0 0.7347310185432434 0.5977352053620094 0.021269241968790764 0.024402026982270526
0 0.7625445127487183 0.597490411379537 0.021269241968790764 0.024402026982270526
0 0.7908046245574951 0.5972416865963909 0.021269241968790764 0.024402026982270526
0 0.8183973431587219 0.596998835718909 0.021269241968790764 0.024402026982270526
0 0.08525581657886505 0.6346395625624546 0.020401497681935638 0.024380321650541974
0 0.11023926734924316 0.6361581411666848 0.02087177336215973 0.024801209915515987
0 0.13679192960262299 0.6363616765931596 0.02087177336215973 0.024801209915515987
0 0.1637895107269287 0.636568622478114 0.02087177336215973 0.024801209915515987
0 0.19106419384479523 0.6367776924465934 0.02087177336215973 0.024801209915515987
0 0.24743909388780594 0.6372098257375318 0.02087177336215973 0.024801209915515987
0 0.2764075994491577 0.637431879446403 0.02087177336215973 0.024801209915515987
0 0.3043433129787445 0.6367608776858877 0.021635433038075802 0.024899445762930045
0 0.3327741324901581 0.6371213577591349 0.021542588869730595 0.025358835856119737
0 0.3623974621295929 0.6366935108983239 0.021542588869730595 0.025358835856119737
0 0.3909778296947479 0.6361873537995094 0.021407723426818848 0.02521612477857013
0 0.4490528106689453 0.6354163069747466 0.021407723426818848 0.02521612477857013
0 0.47789275646209717 0.635033406313272 0.021407723426818848 0.02521612477857013
0 0.5355073809623718 0.6342684715249063 0.021407723426818848 0.02521612477857013
0 0.5633541345596313 0.6338987572248592 0.021407723426818848 0.02521612477857013
0 0.592718780040741 0.6335089953743577 0.021416306495666504 0.025148140367611378
0 0.6215336918830872 0.6338019260140353 0.021499832471211677 0.024502155392668968
0 0.6494867205619812 0.6334949305363836 0.021499832471211677 0.024502155392668968
0 0.7072768211364746 0.6328602479861241 0.021499832471211677 0.024502155392668968
0 0.7349837422370911 0.6325559553967504 0.021499832471211677 0.024502155392668968
0 0.7633056640625 0.632244908532431 0.021499832471211677 0.024502155392668968
0 0.7916132807731628 0.6326001633045285 0.021349191665649414 0.02445877430050872
0 0.819694459438324 0.6321452828340752 0.02156619230906176 0.02446217499962154
0 0.08502953499555588 0.6698517023130904 0.020195692777633667 0.023845583893531978
0 0.11011538654565811 0.6705250950106698 0.020195692777633667 0.023845583893531978
0 0.1360253393650055 0.6712206094917441 0.020195692777633667 0.023845583893531978
0 0.16337601840496063 0.6719547981439635 0.020195692777633667 0.023845583893531978
0 0.19094431400299072 0.6726948283918244 0.020195692777633667 0.023845583893531978
0 0.21860264241695404 0.6729650719221248 0.020819634199142456 0.024534713390261628
0 0.2468617931008339 0.6734932153917532 0.020819634199142456 0.024534713390261628
0 0.30438825488090515 0.672726875127748 0.021645724773406982 0.025249836056731468
0 0.33256715536117554 0.6724211803182594 0.021645724773406982 0.025249836056731468
0 0.3620342016220093 0.672101511241774 0.021645724773406982 0.025249836056731468
0 0.3912157118320465 0.6717849397626812 0.021645724773406982 0.025249836056731468
0 0.420228511095047 0.6714701985203942 0.021645724773406982 0.025249836056731468
0 0.44891712069511414 0.6713096422518675 0.02172740300496423 0.025245252505753445
0 0.4778456389904022 0.6711477433304402 0.02172740300496423 0.025245252505753445
0 0.53482985496521 0.6708288302423059 0.02172740300496412 0.025245252505753445
0 0.5635113716125488 0.6706683136696039 0.02172740300496412 0.025245252505753445
0 0.5929686427116394 0.6702157857609672 0.021452109018961663 0.025500630223473836
0 0.622131884098053 0.6700821748949303 0.021452109018961663 0.025500630223473836
0 0.650749921798706 0.6699510618697765 0.021452109018961663 0.025500630223473836
0 0.6789700984954834 0.6692191722781159 0.021780331929524666 0.025337455808654256
0 0.08446238934993744 0.7059767523477244 0.020679940780003875 0.02477166819017987
0 0.10959760844707489 0.7063691782396894 0.020728349685668945 0.024657049844431324
0 0.136588454246521 0.7068562090478105 0.020728349685668945 0.024657049844431324
0 0.16321799159049988 0.7073367202992513 0.020728349685668945 0.024657049844431324
0 0.19037428498268127 0.7078267364926915 0.020728349685668945 0.024657049844431324
0 0.2182437926530838 0.7083296221356059 0.020728349685668945 0.024657049844431324
0 0.27545884251594543 0.7086301376284393 0.021425386269887325 0.025063359460165333
0 0.30365175008773804 0.7087679574655932 0.021425386269887325 0.025063359460165333
0 0.3619287610054016 0.7090528421705153 0.021425386269887325 0.025063359460165333
0 0.39127084612846375 0.7078417707976804 0.0215891798337301 0.025299190550811586
0 0.420318067073822 0.7077752046806868 0.021436572074890137 0.024826434231543782
0 0.44961556792259216 0.7074754097043966 0.021436572074890137 0.024826434231543782
0 0.4782664477825165 0.7075001916220022 0.021707653999328613 0.02508778535118404
0 0.5065829753875732 0.7069130279185383 0.021640261014302553 0.025171826976214215
0 0.5353373289108276 0.7065982375034067 0.021640261014302498 0.025171826976214215
0 0.593980073928833 0.7059562417084482 0.021640261014302498 0.025171826976214215
0 0.6224192380905151 0.7056449018521995 0.021640261014302498 0.025171826976214215
0 0.6516674160957336 0.7053247052569722 0.021640261014302498 0.025171826976214215
0 0.6794800162315369 0.7050202247568086 0.021640261014302498 0.025171826976214215
0 0.7076839208602905 0.7047656357848837 0.021794716517130608 0.02485044612440952
0 0.7357245683670044 0.7044886212016261 0.021794716517130608 0.02485044612440952
0 0.7934566140174866 0.7034512357043166 0.022442619005839104 0.025071077568586484
0 0.8211636543273926 0.7029533686797376 0.022442619005839104 0.025071077568586484
0 0.8489214777946472 0.7024545891340389 0.022442619005839104 0.025071077568586484
0 0.877248227596283 0.7019455865671103 0.022442619005839104 0.025071077568586484
0 0.08418066054582596 0.7393204393251993 0.020783111453056335 0.02462894232698184
0 0.11058486998081207 0.7405389076055482 0.020783111453056335 0.024628942326981918
0 0.16313178837299347 0.7429637767707701 0.020783111453056335 0.024628942326981918
0 0.19033139944076538 0.7442189502462537 0.020783111453056335 0.024628942326981918
0 0.21856632828712463 0.7455219002657159 0.020783111453056335 0.024628942326981918
0 0.2468317449092865 0.7452402558437613 0.021524488925933838 0.0251766175262688
0 0.2755705416202545 0.745137404822082 0.021524488925933838 0.0251766175262688
0 0.30364087224006653 0.7450369461211783 0.021524488925933838 0.0251766175262688
0 0.3329654037952423 0.7449319988590835 0.021524488925933838 0.0251766175262688
0 0.39128097891807556 0.7447232978288517 0.02166604995727539 0.02503335937973138
0 0.42031237483024597 0.7443219757808665 0.02166604995727539 0.02503335937973138
0 0.44897130131721497 0.7439258026479724 0.02166604995727539 0.02503335937973138
0 0.47859323024749756 0.7435163172336456 0.02166604995727539 0.02503335937973138
0 0.5069020390510559 0.7431249840314998 0.02166604995727539 0.025033359379731463
0 0.5357365608215332 0.7427843589346165 0.02164214849472046 0.024993526843167146
0 0.5946540832519531 0.7421683156213095 0.02157151699066162 0.024648917737857372
0 0.6228655576705933 0.741705723744043 0.02157151699066162 0.02464891773785729
0 0.6520276069641113 0.7412275450098357 0.02157151699066162 0.024648917737857372
0 0.6800277829170227 0.740768417855911 0.02157151699066162 0.02464891773785729
0 0.7088663578033447 0.7402955432270848 0.02157151699066162 0.024648917737857372
0 0.7368353605270386 0.7398459526684312 0.021521329879760742 0.02466117504031159
0 0.13619008660316467 0.7780294196550236 0.02143356204032898 0.02500046131222747
0 0.16300269961357117 0.7788447339841121 0.02143356204032898 0.02500046131222747
0 0.19025737047195435 0.779673490348768 0.02143356204032898 0.02500046131222747
0 0.2184392660856247 0.7805304416390353 0.02143356204032898 0.02500046131222747
0 0.24692414700984955 0.7813966060658625 0.02143356204032898 0.02500046131222747
0 0.2753896117210388 0.7810423646928828 0.022064437468846676 0.024880165277525436
0 0.30401676893234253 0.7812117442582004 0.022064437468846676 0.024880165277525436
0 0.33358773589134216 0.7813867081043332 0.022064437468846676 0.024880165277525436
0 0.36282745003700256 0.7815597120123164 0.022064437468846676 0.024880165277525436
0 0.3907589912414551 0.7811930456826853 0.02214030424753821 0.025410319483557414
0 0.44958946108818054 0.7811813731492981 0.02222730716069543 0.025326396143713664
0 0.5082183480262756 0.7795497664868054 0.022238492965698242 0.024965271469234385
0 0.5373185873031616 0.7792256377464117 0.021784504254658943 0.024894004644349564
0 0.566070556640625 0.7787039353703337 0.021784504254658943 0.024894004644349564
0 0.5943549275398254 0.7781907175336423 0.021784504254658943 0.024894004644349564
0 0.6236525774002075 0.7776591138244747 0.021784504254658943 0.024894004644349564
0 0.6520041823387146 0.7771446760310683 0.021784504254658943 0.024894004644349564
0 0.6241085529327393 0.8136266878685521 0.02248835563659668 0.025470940641654446
0 0.6812761425971985 0.8123380084370457 0.022370537122090584 0.025328761847444394
0 0.7095134258270264 0.8117276442372119 0.022370537122090584 0.025328761847444394
0 0.7377907633781433 0.8111164142414883 0.022370537122090584 0.025328761847444394
0 0.7661957144737244 0.8104237401208212 0.022690415382385254 0.025360521420027968
0 0.7945882081985474 0.8099205965621264 0.022690415382385254 0.025360521420027968
0 0.8226857781410217 0.8094226793496213 0.022690415382385254 0.025360521420027968
0 0.8508598208427429 0.8089234069628718 0.022690415382385254 0.025360521420027968
0 0.8791443109512329 0.8084221773369368 0.022690415382385254 0.025360521420027968
0 0.9077497720718384 0.807926048188294 0.022572596867879158 0.025218342625817586
0 0.1354798674583435 0.8498064972633539 0.0213068425655365 0.025338697803112997
0 0.16245773434638977 0.850933709672471 0.0213068425655365 0.025338697803112997
0 0.18988843262195587 0.8520798426716174 0.0213068425655365 0.025338697803112997
0 0.21873103082180023 0.8532849688862645 0.0213068425655365 0.025338697803112997
0 0.24732348322868347 0.8544796432945074 0.0213068425655365 0.025338697803112997
0 0.3038579821586609 0.8537199330884356 0.022712330023447636 0.02544746103212826
0 0.3628532886505127 0.8535669903422511 0.022561371326446533 0.02549087169558503
0 0.3919681906700134 0.8530225531999455 0.022710740566253662 0.02550991561061663
0 0.42095279693603516 0.8525990693632128 0.022710740566253662 0.02550991561061663
0 0.4505300223827362 0.8521669269771093 0.022710740566253662 0.02550991561061663
0 0.4798222482204437 0.8517389486195515 0.022710740566253662 0.02550991561061663
0 0.5084083676338196 0.8513212869333666 0.022710740566253662 0.02550991561061663
0 0.5373217463493347 0.8507506467894086 0.022356271743774414 0.025165587432624648
0 0.5947772264480591 0.8499173422349663 0.022356271743774414 0.025165587432624648
0 0.6236388087272644 0.8494987487792969 0.022356271743774414 0.025165587432624648
0 0.6818749308586121 0.8482411203723997 0.021827618281046623 0.024873482164486545
0 0.7101088166236877 0.8476314002283427 0.021827618281046623 0.024873482164486545
0 0.7381044626235962 0.8470268249511719 0.021827618281046623 0.024873482164486545
0 0.7665191888809204 0.8464131994965988 0.021827618281046623 0.024873482164486545
0 0.7949801087379456 0.845985678739326 0.0214383602142334 0.024796951648800872
0 0.13532252609729767 0.8857804231865462 0.020901133616765336 0.024826522945433513
0 0.16180549561977386 0.8875756344550482 0.02140845855077106 0.025458047556322673
0 0.18959587812423706 0.8882962603901707 0.02140845855077106 0.025458047556322673
0 0.21803733706474304 0.889033769236692 0.02140845855077106 0.025458047556322673
0 0.24643172323703766 0.889770057450226 0.021408458550771087 0.025458047556322673
0 0.2751254439353943 0.8905141076376272 0.021408458550771114 0.025458047556322673
0 0.3335043489933014 0.8920279174256724 0.021408458550771114 0.025458047556322673
0 0.3626381754875183 0.889514124670694 0.02232035994529724 0.025232359420421513
0 0.39239436388015747 0.888999284242884 0.02232035994529724 0.025232359420421513
0 0.45075324177742004 0.8879895611806863 0.02232035994529724 0.025232359420421513
0 0.48023366928100586 0.887479491957179 0.02232035994529724 0.025232359420421513
0 0.508717492222786 0.8869866659474928 0.02232035994529724 0.025232359420421513
0 0.5375630855560303 0.8867788093034611 0.022217949231465584 0.024780569150466218
0 0.5666759014129639 0.8861430600359538 0.022217949231465584 0.024780569150466218
0 0.5958386659622192 0.8855062200170497 0.022217949231465584 0.024780569150466218
0 0.6240965127944946 0.8848891410813248 0.022217949231465584 0.024780569150466218
0 0.6534003019332886 0.8842492214469022 0.022217949231465584 0.024780569150466218
0 0.7102768421173096 0.8827636186466661 0.021683812141418457 0.024679849314135173
0 0.7385704517364502 0.8821254858686023 0.021683812141418457 0.024679849314135173
0 0.7666707038879395 0.8814917140660254 0.021683812141418457 0.024679849314135173
0 0.7946644425392151 0.8808603445640639 0.021683812141418457 0.024679849314135173
0 0.823464572429657 0.8802107877509538 0.021683812141418457 0.024679849314135173
0 0.8513861298561096 0.8794396866199582 0.021972139676411873 0.024705458057019247
0 0.13501642644405365 0.9211394731388536 0.021855145692825317 0.02471160888671875
0 0.1893109232187271 0.924454178921012 0.021686464548110962 0.02505073251650326
0 0.21794675290584564 0.9254153939180596 0.021948317686716734 0.024825990662094125
0 0.24692901968955994 0.9255344887561581 0.021948317686716706 0.024825990662094125
0 0.27559372782707214 0.9256522786723251 0.02194831768671668 0.024825990662094125
0 0.3339586853981018 0.925892113783375 0.02194831768671668 0.024825990662094125
0 0.3633265793323517 0.9260127932526344 0.02194831768671668 0.024825990662094125
0 0.39261525869369507 0.9254774311629526 0.023275047540664673 0.025159614030704942
0 0.42164814472198486 0.924840439197629 0.023357590039571163 0.025351354318071596
0 0.45163479447364807 0.924157428282731 0.023357590039571163 0.025351354318071596
0 0.4805850088596344 0.9234980244287484 0.023357590039571163 0.025351354318071596
0 0.5095518976449966 0.9228382407791947 0.023357590039571108 0.025351354318071596
0 0.5381940603256226 0.9221858534702035 0.023357590039571052 0.025351354318071596
0 0.5675631761550903 0.9218210302514731 0.02206786473592115 0.024513717769652263
0 0.6249246597290039 0.9202103725699491 0.02206786473592115 0.024513717769652263
0 0.6822469234466553 0.9186008161459035 0.02206786473592115 0.024513717769652263
0 0.7102358341217041 0.9178149132862228 0.02206786473592115 0.024513717769652263
0 0.7382344603538513 0.917028737622638 0.02206786473592115 0.024513717769652263
0 0.7672258019447327 0.916214687425159 0.02206786473592115 0.024513717769652263
0 0.794834554195404 0.9161356548930324 0.022123535474141365 0.024103386457576308
