0 0.15881583094596863 0.07200427388035974 0.024028390645980835 0.02503155553063681
0 0.18567098677158356 0.07196430827296058 0.021779268980026245 0.024510549944500592
0 0.8526235222816467 0.09441610824230105 0.020050525665283203 0.02342492480610692
0 0.8784276247024536 0.0950858426648517 0.019504666328430176 0.02257852776106014
0 0.9033214449882507 0.09590077122976613 0.019608616828918457 0.022677770880765693
0 0.18664215505123138 0.10666972537373387 0.022065733869870485 0.02429437267687895
0 0.21443691849708557 0.10616588592529297 0.022107730309168516 0.023964357006457437
0 0.2425314262509346 0.1061958385322397 0.02210773030916849 0.023964357006457437
0 0.27132850885391235 0.10622654018054677 0.02210773030916846 0.023964357006457437
0 0.3003721535205841 0.10527894663256268 0.022290726502736447 0.02461135479830956
0 0.32882022857666016 0.10608201059034236 0.022290726502736447 0.02461135479830955
0 0.35774919390678406 0.10689864965455625 0.022290726502736447 0.02461135479830955
0 0.38671791553497314 0.10709194599896783 0.02212078372637427 0.024490792621937818
0 0.4438709020614624 0.1093297891838606 0.02212078372637427 0.024490792621937818
0 0.47261127829551697 0.11045512766563571 0.02212078372637427 0.024490792621937818
0 0.5004790872335434 0.11154630050016383 0.022120783726374327 0.024490792621937818
0 0.5290226936340332 0.11266393439714299 0.022120783726374382 0.024490792621937818
0 0.556971549987793 0.11375828066875593 0.022120783726374382 0.024490792621937818
0 0.5850949883460999 0.11505268895348837 0.02157028516133619 0.02433331068172011
0 0.612848699092865 0.11639376012839638 0.02157028516133619 0.02433331068172011
0 0.6671630144119263 0.11901825107751196 0.02157028516133619 0.02433331068172011
0 0.6935749650001526 0.12029448782762267 0.02157028516133619 0.02433331068172011
0 0.7206849455833435 0.12160445368567178 0.02157028516133619 0.02433331068172011
0 0.7738580703735352 0.12426377451697061 0.020694971084594727 0.023470826851305096
0 0.7999647855758667 0.1252322885478036 0.020694971084594727 0.023470826851305096
0 0.8261975646018982 0.12620547932870219 0.020694971084594727 0.023470826851305096
0 0.8521992564201355 0.1271700971734286 0.020694971084594727 0.023470826851305096
0 0.8788278102874756 0.1281579705171807 0.020694971084594727 0.023470826851305096
0 0.9041838645935059 0.12972979212916175 0.02066381772359205 0.023221540820691
0 0.24260661751031876 0.1409626894218977 0.02196812132994333 0.02430481873741447
0 0.27067047357559204 0.14123625848649718 0.021968121329943302 0.02430481873741447
0 0.2994782030582428 0.14127571638240372 0.02171623706817627 0.024557830751404296
0 0.32886818051338196 0.14180153787450747 0.02171623706817627 0.024557830751404296
0 0.35758131742477417 0.14231524988795743 0.02171623706817627 0.024557830751404296
0 0.38639864325523376 0.142830825964521 0.02171623706817627 0.024557830751404296
0 0.41555294394493103 0.14335243092026823 0.02171623706817627 0.024557830751404296
0 0.44344648718833923 0.14417442017139387 0.02123577396074927 0.024268985718719705
0 0.5001616925001144 0.1458872861640398 0.021235773960749327 0.024268985718719705
0 0.5289590358734131 0.14675699984790136 0.021235773960749382 0.024268985718719705
0 0.5847909450531006 0.14973703650541084 0.020650943120320564 0.023842952048131676
0 0.6124967932701111 0.15090099898892473 0.020650943120320564 0.023842952048131676
0 0.6397408843040466 0.15204556238985573 0.020650943120320564 0.023842952048131676
0 0.6670495867729187 0.15319284020998378 0.020650943120320564 0.023842952048131676
0 0.6935741901397705 0.15430717690046444 0.020650943120320564 0.023842952048131676
0 0.7203671336174011 0.15576705990774958 0.020422379175822014 0.02367429215778675
0 0.747032642364502 0.15689007136011246 0.020422379175822014 0.02367429215778675
0 0.7735252976417542 0.1580058031303938 0.020422379175822014 0.02367429215778675
0 0.24219032377004623 0.17576450525328172 0.02182486156622568 0.024526315142017918
0 0.27018022537231445 0.17608578822551466 0.02182486156622565 0.02452631514201794
0 0.32886242866516113 0.17675937375500345 0.02182486156622565 0.024526315142017918
0 0.35753265023231506 0.17708846580150517 0.02182486156622565 0.024526315142017918
0 0.3859890401363373 0.17813081519548282 0.020913749933242798 0.023893810981927915
0 0.41481393575668335 0.1787334228858264 0.020913749933242798 0.023893810981927895
0 0.44366785883903503 0.179336637418674 0.020913749933242798 0.023893810981927936
0 0.47226208448410034 0.17993442276714805 0.020913749933242798 0.023893810981927915
0 0.5000162571668625 0.18051464613093887 0.020913749933242798 0.023893810981927915
0 0.5288333296775818 0.18128890190108882 0.02093389630317688 0.02403612284697302
0 0.5567795038223267 0.18287787439429276 0.020901242891947502 0.02408167373302371
0 0.5844732522964478 0.1838889676471089 0.020542383193969727 0.023919157279554258
0 0.6396831274032593 0.1861953469872568 0.020542383193969727 0.023919157279554258
0 0.6667084693908691 0.18732432419106437 0.020542383193969727 0.023919157279554258
0 0.6940707564353943 0.18846737719411139 0.020542383193969727 0.023919157279554258
0 0.7206140160560608 0.18957621552223383 0.020542383193969727 0.023919157279554258
0 0.7472561597824097 0.1906191130815714 0.02046426137288404 0.023766791173654003
0 0.1848147064447403 0.21116198685736276 0.021962379415829958 0.02472527082576308
0 0.2138974368572235 0.21122506607410518 0.021962379415829958 0.02472527082576308
0 0.24161753803491592 0.21128518980545746 0.021962379415829986 0.02472527082576308
0 0.27026259899139404 0.21085576290242522 0.021595577398935917 0.024388217186743003
0 0.299381822347641 0.21141047810399255 0.021595577398935917 0.024388217186743003
0 0.3578627407550812 0.21252452754292667 0.021595577398935917 0.024388217186743003
0 0.38575518131256104 0.21305587278509733 0.021595577398935917 0.024388217186743003
0 0.4150440990924835 0.21283721460711078 0.020938416322072384 0.024087388386098016
0 0.4723673164844513 0.21491015234658883 0.020938416322072384 0.024087388386098016
0 0.5003674030303955 0.215922699072863 0.02093841632207233 0.024087388386098016
0 0.5285069346427917 0.21694028844946256 0.020938416322072273 0.024087388386098016
0 0.5564280152320862 0.21794997814089753 0.020938416322072273 0.024087388386098016
0 0.5842334628105164 0.21895548628002165 0.020938416322072273 0.024087388386098016
0 0.639519453048706 0.22062004682314626 0.020413200060526604 0.023939058762188135
0 0.6665049195289612 0.22148720053739326 0.02057194709777832 0.023968822272249
0 0.6936154365539551 0.22255952381838465 0.02057194709777832 0.023968822272249
0 0.7205492854118347 0.22362485920650657 0.02057194709777832 0.023968822272249
0 0.7468525171279907 0.22466525130631573 0.02057194709777832 0.023968822272249
0 0.7733781337738037 0.22571443956951762 0.02057194709777832 0.023968822272249
0 0.7994683384895325 0.22693593897778336 0.020630915959676033 0.023905214413191947
0 0.8257722854614258 0.22794488418933956 0.020630915959676033 0.023905214413191947
0 0.8518489599227905 0.2289451118684486 0.020630915959676033 0.023905214413191947
0 0.8779221177101135 0.2298303796357045 0.021179119745890373 0.023852444434350747
0 0.9036329984664917 0.23078843050224837 0.021179119745890373 0.023852444434350747
0 0.12915026023983955 0.2480287188325512 0.021951158841451004 0.024663082388944404
0 0.15679876506328583 0.2474789313642338 0.02189621329307556 0.024619627368542604
0 0.1849350929260254 0.24602033082049374 0.021601085861523928 0.024463771849639628
0 0.24158962815999985 0.2464472304942996 0.021601085861523955 0.024463771849639628
0 0.27011221647262573 0.24666215209936573 0.021601085861523983 0.024463771849639628
0 0.2988927662372589 0.246879017479264 0.021601085861523983 0.024463771849639628
0 0.32783833146095276 0.24709712627322175 0.021601085861523983 0.024463771849639628
0 0.35725635290145874 0.24731879508940924 0.021601085861523983 0.024463771849639628
0 0.38553866744041443 0.24730714658928774 0.02170354127883911 0.0243781925171845
0 0.41501471400260925 0.2487294667847952 0.02123781045277917 0.024450390837913335
0 0.4430980384349823 0.2495251493718937 0.02089438835779822 0.023794499478598925
0 0.47170937061309814 0.25024307605832125 0.02089438835779822 0.023794499478598925
0 0.5003537386655807 0.25096183169377034 0.020894388357798277 0.023794499478598925
0 0.5284257531166077 0.25137356712232384 0.021021882692972893 0.024020409399224833
0 0.5562164187431335 0.2523635598116143 0.021021882692972893 0.024020409399224833
0 0.5844783782958984 0.2533703415029298 0.021021882692972893 0.024020409399224833
0 0.6115311980247498 0.2543340497536128 0.021021882692972893 0.024020409399224833
0 0.6385725736618042 0.25529735032902207 0.021021882692972893 0.024020409399224833
0 0.6657297015190125 0.25626477436995976 0.021021882692972893 0.024020409399224833
0 0.6933794617652893 0.256764899852664 0.021513740221659416 0.024027329082636897
0 0.7199190855026245 0.2576671562379134 0.021513740221659416 0.024027329082636897
0 0.7464017868041992 0.2585674774551425 0.021513740221659416 0.024027329082636897
0 0.7993164658546448 0.260366395462391 0.021513740221659416 0.024027329082636897
0 0.824862003326416 0.26123485631649535 0.021513740221659416 0.024027329082636897
0 0.851017415523529 0.2620499908971165 0.020857016245524163 0.02363206434619522
0 0.877330482006073 0.26288762203482696 0.020857016245524163 0.02363206434619522
0 0.90306156873703 0.26371918926856375 0.020766059557596916 0.023584424987319854
0 0.24119479209184647 0.28104084897766113 0.021628956000010163 0.024744033813476562
0 0.26988330483436584 0.281517228414846 0.021628956000010136 0.024744033813476562
0 0.29873156547546387 0.2819090776665266 0.021330952644348145 0.02463176638581032
0 0.3568092882633209 0.2829731668491948 0.021330952644348145 0.02463176638581032
0 0.3856545090675354 0.28343963623046875 0.020782510439554813 0.024461864501006816
0 0.4146646559238434 0.28399545798700826 0.020782510439554813 0.024461864501006816
0 0.44309768080711365 0.28454022233834464 0.020782510439554813 0.024461864501006816
0 0.47179144620895386 0.28508998236425487 0.020782510439554813 0.024461864501006816
0 0.4998646676540375 0.28562785303869914 0.02078251043955487 0.024461864501006816
0 0.528018593788147 0.28607641758147684 0.020868122577667236 0.024452771327292244
0 0.2406681329011917 0.3170482664395294 0.02152595917383829 0.024372958397680503
0 0.2695773243904114 0.31727167617443 0.02152595917383826 0.024372958397680503
0 0.2985590398311615 0.3172192955111497 0.02143518129984534 0.02454666019410129
0 0.3279231786727905 0.31781870819801505 0.02143518129984534 0.02454666019410129
0 0.3572324216365814 0.3184170002906138 0.02143518129984534 0.02454666019410129
0 0.3858641982078552 0.31900146320358663 0.02143518129984534 0.02454666019410129
0 0.4150612950325012 0.31959746604742006 0.02143518129984534 0.02454666019410129
0 0.4430662989616394 0.32016913459664526 0.02143518129984534 0.02454666019410129
0 0.183938130736351 0.35338135652763897 0.021875729163487734 0.025152058564415245
0 0.2126106321811676 0.35331377299536526 0.021875729163487734 0.025152058564415245
0 0.2696549892425537 0.3530366603132985 0.02135612567265832 0.024493579716645442
0 0.29906702041625977 0.35317066103913064 0.02135612567265832 0.024493579716645442
0 0.32794713973999023 0.35330223838340324 0.02135612567265832 0.024493579716645442
0 0.3568190038204193 0.35345195060552553 0.02139836549758911 0.024426098017729558
0 0.3863597810268402 0.3541150111581229 0.02139836549758911 0.024426098017729558
0 0.4150407910346985 0.3547587737176512 0.02139836549758911 0.024426098017729558
0 0.4438410997390747 0.35540521400834013 0.02139836549758911 0.024426098017729558
0 0.4720451533794403 0.35603827099467433 0.02139836549758911 0.024426098017729558
0 0.18422000110149384 0.38841322965400166 0.022020657857259096 0.02478450213291843
0 0.2123958319425583 0.3883117582855707 0.0217180649439494 0.024834181911261452
0 0.24077078700065613 0.3885877343835102 0.02155083417892456 0.024754546409429506
0 0.2696271240711212 0.38868917420853016 0.02155083417892456 0.024754546409429506
0 0.298892080783844 0.3887920504703684 0.02155083417892456 0.024754546409429506
0 0.3276098072528839 0.38889300303204916 0.02155083417892456 0.024754546409429506
0 0.35715895891189575 0.3889968783356423 0.02155083417892456 0.024754546409429506
0 0.38577014207839966 0.38909745636143034 0.02155083417892456 0.024754546409429506
0 0.41518858075141907 0.39021053847030407 0.021493256092071533 0.024653353432352285
0 0.44331854581832886 0.3906268186347429 0.021493256092071533 0.024653353432352285
0 0.2408299669623375 0.423001979180384 0.021642525990804046 0.024776961452277077
0 0.26889440417289734 0.4233254720998365 0.021642525990804073 0.024776961452277077
0 0.29937490820884705 0.4234590050700201 0.021317919095357296 0.024273924125257442
0 0.35675284266471863 0.4243266970612282 0.021317919095357296 0.024273924125257442
0 0.38636720180511475 0.42477453720212155 0.021317919095357296 0.024273924125257442
0 0.41512516140937805 0.42520942652793536 0.021317919095357296 0.024273924125257442
0 0.44376900792121887 0.42564259019008904 0.021317919095357296 0.024273924125257442
0 0.47191524505615234 0.4260682288049369 0.021317919095357296 0.024273924125257442
0 0.2401919811964035 0.4591429954351381 0.021659682194391877 0.02469975079676907
0 0.2694077491760254 0.45894587508204193 0.02151711781819665 0.024342559104742006
0 0.2997206747531891 0.4592646221781886 0.021480023860931396 0.02458959771681196
0 0.3282892405986786 0.45946370870181397 0.021480023860931396 0.02458959771681196
0 0.35758066177368164 0.45966783260657407 0.021480023860931396 0.02458959771681196
0 0.386513352394104 0.45986945661619016 0.021480023860931396 0.02458959771681196
0 0.41542625427246094 0.4600709427234738 0.021480023860931396 0.02458959771681196
0 0.4433242678642273 0.4607148281363554 0.021630624930063846 0.02440545725267987
0 0.1831112653017044 0.49466009201440586 0.02155302961667377 0.025284552758978375
0 0.24023176729679108 0.49469344560490097 0.021553029616673797 0.025284552758978375
0 0.2693825662136078 0.4947104672306872 0.021553029616673824 0.025284552758978375
0 0.2989085912704468 0.49472770795712157 0.021553029616673824 0.025284552758978375
0 0.3282746970653534 0.494744855304097 0.021553029616673824 0.025284552758978375
0 0.3865886330604553 0.4947789057601226 0.021553029616673824 0.025284552758978375
0 0.4149070382118225 0.4953839378082353 0.021651605765024784 0.02424213498137718
0 0.44380879402160645 0.49552861030332707 0.021651605765024784 0.02424213498137718
0 0.4719495177268982 0.4956694733269762 0.021651605765024784 0.02424213498137718
0 0.4997835159301758 0.4958088009856468 0.021681547164916992 0.02409002023149836
0 0.556968092918396 0.49566076467231973 0.021532893180847168 0.024044007293937686
0 0.5839554667472839 0.4957514918127725 0.021532893180847168 0.024044007293937686
0 0.6116222143173218 0.4958445028967176 0.021532893180847168 0.024044007293937686
0 0.6398009657859802 0.4959392352540967 0.021532893180847168 0.024044007293937686
0 0.6672772169113159 0.4960316059201263 0.021532893180847168 0.024044007293937686
0 0.693732500076294 0.4961205442587229 0.021532893180847168 0.024044007293937686
0 0.7212288975715637 0.496373175242493 0.021218299865722656 0.023912769879481644
0 0.7471679449081421 0.49642527380654977 0.021218299865722656 0.023912769879481644
0 0.8003094792366028 0.4965320085526013 0.021218299865722656 0.023912769879481644
0 0.8262651562690735 0.4965955601182095 0.021204034487406487 0.023847831312076122
0 0.8521361351013184 0.4966443519088354 0.021204034487406487 0.023847831312076122
0 0.8786727786064148 0.4966943991205088 0.021204034487406487 0.023847831312076122
0 0.904829740524292 0.49674373026555685 0.021204034487406487 0.023847831312076122
0 0.9308562874794006 0.49679281545239823 0.021204034487406487 0.023847831312076122
0 0.12850132584571838 0.5304317030795785 0.021620730559031173 0.02475209199180904
0 0.15578876435756683 0.5305191149948599 0.021620730559031187 0.02475209199180904
0 0.18331004679203033 0.5306072760000621 0.021620730559031187 0.02475209199180904
0 0.24055618792772293 0.530925329025704 0.021543482939402253 0.02455946456554324
0 0.269546240568161 0.5308835229208303 0.021543482939402225 0.02455946456554324
0 0.29937830567359924 0.5308405025628522 0.021543482939402225 0.02455946456554324
0 0.32810765504837036 0.5307990724141108 0.021543482939402225 0.02455946456554324
0 0.35705533623695374 0.5307573274124501 0.021543482939402225 0.02455946456554324
0 0.38651105761528015 0.5307148497739185 0.021543482939402225 0.02455946456554324
0 0.41455674171447754 0.5305586897403783 0.02147487799326575 0.024708829184835215
0 0.47217434644699097 0.53039981043616 0.02147487799326575 0.024708829184835215
0 0.49946802854537964 0.5303820770109998 0.021376887957255064 0.024423022602879724
0 0.5280007719993591 0.5303635385349953 0.02137688795725512 0.024423022602879724
0 0.5840691924095154 0.5303271094033885 0.02137688795725512 0.024423022602879724
0 0.6113573908805847 0.5303093795410856 0.02137688795725512 0.024423022602879724
0 0.6393274664878845 0.5302713083666425 0.02147456010182691 0.024452386900436048
0 0.6667178869247437 0.5303400172743686 0.021228432655334473 0.024049004843068676
0 0.6935917735099792 0.5303442143722515 0.021228432655334473 0.024049004843068676
0 0.7210692167282104 0.5307311556754506 0.021055539449055916 0.023941601893698577
0 0.24139387905597687 0.5662776446998988 0.021342376867930085 0.024527231852213487
0 0.2689826190471649 0.5662461657856785 0.021431803703308105 0.024243229119352647
0 0.32787030935287476 0.5660453758665966 0.021431803703308105 0.024243229119352647
0 0.35702475905418396 0.5659120692763218 0.020987331867218018 0.02461393489394077
0 0.3864248991012573 0.5659506193837931 0.020995914936065674 0.024609085201293054
0 0.4149567186832428 0.5657484365064044 0.020995914936065674 0.024609085201293054
0 0.44304385781288147 0.5655494047345074 0.020995914936065674 0.024609085201293054
0 0.4709029793739319 0.5653519887462789 0.020995914936065674 0.024609085201293054
0 0.4994989037513733 0.5651493516079215 0.020995914936065674 0.024609085201293054
0 0.5279679894447327 0.5649476132769479 0.020995914936065674 0.024609085201293054
0 0.24027903378009796 0.6019403768140216 0.02150063713391623 0.024608641631843564
0 0.2683873474597931 0.6011685659719068 0.021420975526173947 0.024572150651798692
0 0.32747364044189453 0.601950596136691 0.021414419015248654 0.02443559040394859
0 0.35636410117149353 0.6017089666322221 0.021414419015248654 0.02443559040394859
0 0.3854736387729645 0.6019089066820664 0.02127324541409814 0.02468916427257449
0 0.41445183753967285 0.601476979810138 0.02127324541409814 0.02468916427257449
0 0.44286489486694336 0.6010534765043567 0.02127324541409814 0.02468916427257449
0 0.4712229371070862 0.6006307932113953 0.02127324541409814 0.02468916427257449
0 0.4999622255563736 0.6002024273539699 0.021273245414098085 0.02468916427257449
0 0.5281239151954651 0.599782670742734 0.02127324541409803 0.02468916427257449
0 0.5563667416572571 0.6002865281215933 0.021345794200897217 0.02416244033695186
0 0.5838682055473328 0.6001799759837317 0.0211217006047566 0.024328276168468388
0 0.23988095670938492 0.6377676586772121 0.021939908464749663 0.02526917568472929
0 0.26797008514404297 0.637787913823506 0.02193990846474969 0.02526917568472929
0 0.326945036649704 0.6378304408201412 0.02193990846474969 0.02526917568472929
0 0.35628339648246765 0.6378515967905666 0.02193990846474969 0.02526917568472929
0 0.38498932123184204 0.6368940707944344 0.02155800660451257 0.02455854785534757
0 0.4145609140396118 0.6366451174713844 0.02155800660451257 0.02455854785534757
0 0.4426994323730469 0.6364082287217542 0.02155800660451257 0.02455854785534757
0 0.4715863764286041 0.6361650392269531 0.02155800660451257 0.02455854785534757
0 0.49953216314315796 0.6359297730201898 0.021558006604512514 0.02455854785534757
0 0.23941007256507874 0.6733823556849751 0.022070964177449554 0.025001703306686048
0 0.2679436504840851 0.6732261569000954 0.021713773409525516 0.024898469910141163
0 0.3268701732158661 0.672883228446734 0.021713773409525516 0.024898469910141163
0 0.3559926152229309 0.6728536472764126 0.021944542725880978 0.025103310281916237
0 0.38533028960227966 0.6725835578386173 0.02151736617088318 0.024823831957440045
0 0.4139430522918701 0.6723426798904144 0.02151736617088318 0.024823831957440045
0 0.4428604543209076 0.672099237320968 0.02151736617088318 0.024823831957440045
0 0.47159022092819214 0.6718573743695365 0.02151736617088318 0.024823831957440045
0 0.49917130172252655 0.6716251816860465 0.02151736617088318 0.024823831957440045
0 0.23855742812156677 0.7104209915423858 0.02224495013554889 0.025060727614765074
0 0.29735860228538513 0.7097227850625681 0.022244950135548947 0.025060727614765074
0 0.3264331817626953 0.7098984829215116 0.021795988082885742 0.02445717745049055
0 0.3560176193714142 0.7092827233719893 0.021795988082885742 0.02445717745049055
0 0.3850226104259491 0.7086790242088733 0.021795988082885742 0.02445717745049055
0 0.4136257469654083 0.7080836890971025 0.021795988082885742 0.02445717745049055
0 0.44275981187820435 0.7074773034384084 0.021795988082885742 0.02445717745049055
0 0.47023582458496094 0.7080026670943859 0.021634836991628048 0.024706197339434955
0 0.23823849856853485 0.7458095550236462 0.02204634745915729 0.024947351263475023
0 0.26716282963752747 0.7456814078397529 0.022046347459157345 0.024947351263475023
0 0.2968575358390808 0.745549847563832 0.022046347459157345 0.024947351263475023
0 0.3265368938446045 0.745418355286998 0.022046347459157345 0.024947351263475023
0 0.3555527627468109 0.7452898025512695 0.022046347459157345 0.024947351263475023
0 0.3851431608200073 0.7451587044050648 0.022046347459157345 0.024947351263475023
0 0.4138006269931793 0.7444100869131546 0.022179603576660156 0.024830115857974476
0 0.44264742732048035 0.7431667033217938 0.02151821057001746 0.024678355963655165
0 0.47100186347961426 0.7424755096435547 0.02151821057001746 0.02467835596365525
0 0.23850058019161224 0.7810960814010265 0.021977653106053652 0.02480393047480631
0 0.26756736636161804 0.7809382252279238 0.021977653106053707 0.02480393047480631
0 0.2968846261501312 0.7807790087803602 0.021977653106053707 0.02480393047480631
0 0.3263844847679138 0.7806188006733739 0.021977653106053707 0.02480393047480631
0 0.3553931415081024 0.7804612601901202 0.021977653106053707 0.02480393047480631
0 0.3842161297798157 0.7802832502618545 0.02200605471928918 0.02461680330971404
0 0.4130348861217499 0.7796582953874455 0.02203146616617835 0.024649450021196596
0 0.442239373922348 0.7788148645011247 0.021881461143493652 0.025075394977894974
0 0.47152402997016907 0.7780882067177433 0.021881461143493652 0.025075394977894974
0 0.49950599670410156 0.7773938733477925 0.021881461143493652 0.025075394977894974
0 0.23847679793834686 0.8174160802087118 0.021889458100001036 0.02505043680353671
0 0.2673897445201874 0.8171379720655715 0.02188945810000098 0.02505043680353671
0 0.29700133204460144 0.8168531438278634 0.02188945810000098 0.02505043680353671
0 0.355783611536026 0.8162877282430959 0.022015869617462158 0.024586581444555587
0 0.38487735390663147 0.8155986269815576 0.022015869617462158 0.024586581444555587
0 0.41343170404434204 0.8149223015212008 0.022015869617462158 0.024586581444555587
0 0.4423465430736542 0.8139776185501454 0.02219788233439124 0.02470137721808393
0 0.4711408317089081 0.8131199506864818 0.02219788233439124 0.02470137721808393
0 0.5002481341362 0.8122529593811553 0.022197882334391295 0.02470137721808393
0 0.5284258127212524 0.8114136578897665 0.02219788233439135 0.02470137721808393
0 0.5560101270675659 0.8105920303699582 0.02219788233439135 0.02470137721808393
0 0.18114052712917328 0.8523067208223565 0.022067258755366026 0.025018263232800497
0 0.20957878232002258 0.8526944820987485 0.022067258755366026 0.025018263232800497
0 0.23840954899787903 0.8535131410110829 0.021836241086324037 0.02477500974669948
0 0.2681875228881836 0.8530661142933431 0.021836241086324093 0.02477500974669948
0 0.2972699999809265 0.8526295283682428 0.021836241086324093 0.02477500974669948
0 0.3560202717781067 0.85176299339117 0.022080421447753906 0.024585930876029446
0 0.3848891854286194 0.8509410849850433 0.022080421447753906 0.024585930876029446
0 0.4138322174549103 0.8501170664019684 0.022080421447753906 0.024585930876029446
0 0.4713798761367798 0.8484786637590375 0.022080421447753906 0.024585930876029446
0 0.49989885091781616 0.847666718239008 0.022080421447753906 0.024585930876029446
0 0.5283487439155579 0.8464441550387297 0.021804392337799072 0.024087654527767795
0 0.5569947957992554 0.8454252955769969 0.021804392337799072 0.024087654527767795
0 0.5838486552238464 0.844470179358194 0.021804392337799072 0.024087654527767795
0 0.6391622424125671 0.84224604811297 0.0226020018259685 0.024295718170875728
0 0.6672683954238892 0.8411784504735192 0.0226020018259685 0.024295718170875728
0 0.6936220526695251 0.8401546856987792 0.021958351135253906 0.023989359537760525
0 0.7469861507415771 0.8375163410985192 0.02191094557444262 0.0244243533112282
0 0.7738074064254761 0.8365008652401973 0.02191094557444262 0.0244243533112282
0 0.8002528548240662 0.8354996177696178 0.02191094557444262 0.0244243533112282
0 0.8262549638748169 0.8345151555088766 0.02191094557444262 0.0244243533112282
0 0.8522008657455444 0.8335328213004178 0.02191094557444262 0.0244243533112282
0 0.12518231198191643 0.8860908038482719 0.0215609073638916 0.02440737938696111
0 0.15267767012119293 0.8868040927620822 0.0215609073638916 0.02440737938696111
0 0.18120431900024414 0.8875441355827836 0.0215609073638916 0.02440737938696111
0 0.2097509205341339 0.8882846960184011 0.0215609073638916 0.02440737938696111
0 0.23865869641304016 0.889034626095794 0.0215609073638916 0.02440737938696111
0 0.2676181495189667 0.8897858967919541 0.0215609073638916 0.02440737938696111
0 0.3263414204120636 0.8880318042843841 0.022766609986623165 0.024858578230983638
0 0.3556460738182068 0.8869993186387227 0.022766609986623165 0.024858578230983638
0 0.3846856951713562 0.885976170820285 0.022766609986623165 0.024858578230983638
0 0.4137539863586426 0.8849520128826762 0.022766609986623165 0.024858578230983638
0 0.44258472323417664 0.8839362246539171 0.022766609986623165 0.024858578230983638
0 0.4715123176574707 0.8823555776851018 0.022656619548797607 0.025177179380904798
0 0.49982380867004395 0.8822573458267067 0.02231961488723755 0.024683279584544682
0 0.5281102061271667 0.8816192981808685 0.02231961488723755 0.024683279584544682
