0 0.16953563690185547 0.11546916739885198 0.020666316151618958 0.021977151087088163
0 0.19378216564655304 0.1145092011458902 0.02089939514795941 0.021735886270685727
0 0.22063885629177094 0.11306962301564771 0.02089939514795941 0.021735886270685727
0 0.24673696607351303 0.11202092503392419 0.021089519063631684 0.02266236977983816
0 0.27147772908210754 0.11084817470211723 0.021089519063631657 0.02266236977983816
0 0.2971557676792145 0.10963099606156973 0.021089519063631657 0.02266236977983816
0 0.34917187690734863 0.10714578628540039 0.021715382734934452 0.02337142108946809
0 0.4028325378894806 0.10432697405736398 0.021715382734934452 0.02337142108946808
0 0.4307304714001766 0.10342566496687679 0.021715382734934452 0.02337142108946808
0 0.4581682775296322 0.10198434795712256 0.021715382734934452 0.02337142108946808
0 0.4865723187420644 0.1010913502432617 0.021715382734934452 0.02337142108946808
0 0.5130179301411116 0.09925146765333046 0.021023432413737053 0.02266030718189802
0 0.540268386707825 0.0989559085058687 0.021023432413737053 0.02266030718189802
0 0.16854116320610046 0.14670923144318337 0.02064087986946106 0.02232453250145726
0 0.19218391180038452 0.14560259429753156 0.02064087986946106 0.02232453250145726
0 0.21781358122825623 0.14440295610375084 0.02064087986946106 0.02232453250145726
0 0.24472232908010483 0.14337324541668559 0.021099135279655457 0.02263063238572706
0 0.27058371901512146 0.14193296432495117 0.0210149884223938 0.02283764624780464
0 0.32331302762031555 0.13990477109337568 0.0210149884223938 0.02283764624780464
0 0.34828951954841614 0.1389440691001756 0.0210149884223938 0.02283764624780464
0 0.3756203055381775 0.13789281095504963 0.0210149884223938 0.02283764624780464
0 0.4021819233894348 0.13687113828437272 0.0210149884223938 0.02283764624780464
0 0.429821252822876 0.13455367212737376 0.021330952644348145 0.0230052859284157
0 0.4569738805294037 0.13329564693362214 0.021330952644348145 0.0230052859284157
0 0.4852595329284668 0.13244618925937388 0.02161240577697754 0.023180747216986146
0 0.5416131206110222 0.13106932482665726 0.021735111872355217 0.02326489973437877
0 0.16555368900299072 0.17715159127878588 0.021035805344581604 0.022603038669556617
0 0.19037389755249023 0.17722963905073216 0.021036888162295042 0.02248606570931368
0 0.2159690260887146 0.1763147975123206 0.021036888162295042 0.02248606570931368
0 0.24117805808782578 0.17548662008241164 0.0207687666018804 0.022779412971910586
0 0.26722872257232666 0.1743724095234545 0.02076876660188043 0.022779412971910565
0 0.2950650155544281 0.17318182601333582 0.02076876660188043 0.022779412971910565
0 0.3210975229740143 0.1720683920485212 0.02076876660188043 0.022779412971910565
0 0.3749637305736542 0.16976448547008427 0.02076876660188043 0.022779412971910565
0 0.4023054540157318 0.16917055218874433 0.021850446859995487 0.02376809231070585
0 0.42875316739082336 0.16814428152039992 0.021850446859995487 0.02376809231070585
0 0.45644962787628174 0.1670695547714344 0.021850446859995487 0.02376809231070585
0 0.48378148674964905 0.16600897593517544 0.021850446859995487 0.02376809231070585
0 0.5112330913543701 0.16494375051454055 0.021850446859995598 0.02376809231070585
0 0.5401935922045287 0.16384575268110593 0.021850446859995598 0.02376809231070585
0 0.5691779787037647 0.1640620101889418 0.021535654862721687 0.02333374910576399
0 0.11087092012166977 0.2112946527496434 0.020901526014010102 0.022979366686917062
0 0.13573481142520905 0.21057601307713708 0.02090152601401013 0.022979366686917062
0 0.1609460562467575 0.21039390563964844 0.020788967609405518 0.022776241450346745
0 0.21450196206569672 0.20833328305009696 0.020788967609405518 0.022776241450346745
0 0.24041881412267685 0.2073361035610743 0.020788967609405518 0.022776241450346745
0 0.2664742171764374 0.2063335931695227 0.020788967609405518 0.022776241450346745
0 0.2930954098701477 0.20530931339707487 0.020788967609405518 0.022776241450346745
0 0.3198343813419342 0.20423394580220067 0.020617077747980717 0.022762609082599018
0 0.3461495637893677 0.20313502469145822 0.02056865394115448 0.022783811702284704
0 0.4001420736312866 0.20131925642749643 0.021828214327494266 0.023656120596005907
0 0.4277840554714203 0.200647420661394 0.021828214327494266 0.023656120596005907
0 0.45550966262817383 0.19997355238984446 0.021828214327494266 0.023656120596005907
0 0.48311835527420044 0.19930252571447057 0.021828214327494266 0.023656120596005907
0 0.5113946199417114 0.19861527376396712 0.021828214327494377 0.023656120596005907
0 0.5391888618469238 0.19793973733131834 0.021828214327494377 0.023656120596005907
0 0.5686171241358023 0.19805665824417773 0.022293905417124504 0.024037180020827668
0 0.5965347103521127 0.19688164412114018 0.02231101195017504 0.024358767871708827
0 0.6248471736907959 0.19658052021709163 0.02231101195017504 0.024358767871708827
0 0.1092381402850151 0.24208197482796603 0.021202440063158662 0.023063068242036067
0 0.1344822645187378 0.24160394933903714 0.021202440063158676 0.023063068242036067
0 0.15957196056842804 0.24176750626674917 0.020719965298970522 0.022997996603795697
0 0.18546976149082184 0.2410394995672019 0.020719965298970522 0.022997996603795697
0 0.21179190278053284 0.24035686016455848 0.02097645401954651 0.023641719374545785
0 0.23785366117954254 0.23958292672800463 0.02097645401954651 0.023641719374545785
0 0.2916940450668335 0.2379660534018759 0.021062135696411133 0.023577786231225747
0 0.31778034567832947 0.23719845261684683 0.021143535772959354 0.023666278336399258
0 0.34501203894615173 0.23640162396604936 0.021143535772959354 0.023666278336399258
0 0.37238773703575134 0.23560058157919378 0.021143535772959354 0.023666278336399258
0 0.39914944767951965 0.2348175051257547 0.021143535772959354 0.023666278336399258
0 0.42675480246543884 0.2340097427368164 0.021143535772959354 0.023666278336399258
0 0.4541948735713959 0.23320711436310904 0.021254777908325195 0.02357972315115525
0 0.48233142495155334 0.23261529345845067 0.021624525388081905 0.02362958035727807
0 0.5104015618562698 0.2318766601766216 0.02162452538808185 0.02362958035727807
0 0.5665650367736816 0.2312413592671239 0.021736661593119377 0.02397238561349319
0 0.5956385731697083 0.23029098954311636 0.02309195200602221 0.025197524432988103
0 0.6233356595039368 0.22998170041322324 0.02309195200602221 0.025197524432988103
0 0.6519989371299744 0.22953005275366603 0.023213744163513184 0.025185710699983373
0 0.683986246585846 0.2289047585290506 0.023545225461323982 0.025381457898043875
0 0.7125324606895447 0.22898565336715343 0.023545225461323982 0.025381457898043875
0 0.7412509918212891 0.2290670365207308 0.023545225461323982 0.025381457898043875
0 0.7697347402572632 0.22914775434236279 0.023545225461323982 0.025381457898043875
0 0.7999528050422668 0.2292333869046943 0.023545225461323982 0.025381457898043875
0 0.1577381193637848 0.2740032950112986 0.02123581369717914 0.023343832917915787
0 0.18378449976444244 0.2736636760622956 0.02107715606689453 0.0233053163040516
0 0.20945730805397034 0.2725759825614545 0.021026045083999634 0.023300067398899258
0 0.23602648079395294 0.27204227447509766 0.021279364824295044 0.023288283237191135
0 0.2625108063220978 0.2715337864746125 0.021279364824295044 0.023288283237191135
0 0.2889694571495056 0.2710257914176696 0.021279364824295044 0.023288283237191135
0 0.31663745641708374 0.2704945773752336 0.021279364824295044 0.023288283237191135
0 0.34320974349975586 0.26998440054960027 0.021279364824295044 0.023288283237191135
0 0.39820969104766846 0.2681906500528025 0.02211242914199829 0.02445717745049055
0 0.4531572461128235 0.2670774367847917 0.02211242914199829 0.02445717745049055
0 0.48104044795036316 0.2665125353946685 0.02211242914199829 0.02445717745049055
0 0.5084274560213089 0.26595768667174446 0.02211242914199829 0.02445717745049055
0 0.5369628071784973 0.2653795730235965 0.02211242914199829 0.02445717745049055
0 0.5951144099235535 0.2641651318431597 0.02258058389027906 0.02478473870329152
0 0.6232229471206665 0.26358526806498683 0.02258058389027906 0.02478473870329152
0 0.6521183252334595 0.2630690197611964 0.023127953211466545 0.024907962296360196
0 0.6821490526199341 0.2624664642231982 0.023127953211466545 0.024907962296360196
0 0.7114813327789307 0.2629769509146205 0.02375272909800219 0.025218830552212027
0 0.7410783767700195 0.26293104748393215 0.02375272909800219 0.025218830552212027
0 0.7703129053115845 0.26288570629529795 0.02375272909800219 0.025218830552212027
0 0.1562156230211258 0.3065769949624705 0.02122056484222412 0.023569506268168606
0 0.18190839886665344 0.3060870623569343 0.02122056484222412 0.023569506268168606
0 0.23407717049121857 0.3050645118535951 0.021331081787745176 0.02402982785720231
0 0.2613176703453064 0.3045722910943209 0.02133108178774512 0.02402982785720231
0 0.2869541347026825 0.3040839572285497 0.021479149659474728 0.024053277895432136
0 0.31357115507125854 0.30351400711209175 0.021479149659474728 0.024053277895432136
0 0.34148097038269043 0.3029163743843561 0.021479149659474728 0.024053277895432136
0 0.36918801069259644 0.3023230836766561 0.021479149659474728 0.024053277895432136
0 0.39642858505249023 0.3017397814018782 0.021479149659474728 0.024053277895432136
0 0.4234704077243805 0.30146808309750617 0.021977712710698483 0.024694901104121272
0 0.48030245304107666 0.30089707238813596 0.021977712710698483 0.024694901104121272
0 0.5079684108495712 0.3006191031877385 0.021977712710698427 0.024694901104121272
0 0.5653201341629028 0.3000428710984258 0.02197771271069837 0.024694901104121272
0 0.5943745970726013 0.2989407029262809 0.023197849591573005 0.025248549705327944
0 0.6229410767555237 0.29858273588630485 0.023197849591573005 0.025248549705327944
0 0.6527170538902283 0.2982096126133076 0.023197849591573005 0.025248549705327944
0 0.6824745535850525 0.29783672088142193 0.023197849591573005 0.025248549705327944
0 0.712303876876831 0.2974629291268282 0.023197849591573005 0.025248549705327944
0 0.10319607704877853 0.3405875050744345 0.02099167803923288 0.0232518661853879
0 0.12846781313419342 0.340365811255873 0.020991678039232894 0.0232518661853879
0 0.15426696836948395 0.34013949070470695 0.02099167803923291 0.0232518661853879
0 0.1795884668827057 0.3399173603501431 0.02102471391359967 0.023692212363546235
0 0.2063353955745697 0.3394529813397846 0.02102471391359967 0.023692212363546235
0 0.23196962475776672 0.3390079209698059 0.02102471391359967 0.023692212363546235
0 0.2861538529396057 0.33806717676137754 0.021024713913599613 0.023692212363546235
0 0.3132050931453705 0.3375975143077762 0.021024713913599613 0.023692212363546235
0 0.34030288457870483 0.3375353815444141 0.021850188573201534 0.024542919425077216
0 0.36747822165489197 0.3370013126107149 0.021850188573201534 0.024542919425077216
0 0.39505088329315186 0.3364594351738644 0.021850188573201534 0.024542919425077216
0 0.4232783615589142 0.33590468881777885 0.021850188573201534 0.024542919425077216
0 0.47963279485702515 0.3347971716592478 0.021850188573201534 0.024542919425077216
0 0.5068137049674988 0.3342629932003394 0.02185018857320148 0.024542919425077216
0 0.5354472398757935 0.33469768207273587 0.02254927158355713 0.024914334910784607
0 0.5654956102371216 0.33444697357887443 0.022640585899353027 0.024987006372259542
0 0.5942023992538452 0.33425258569685706 0.022640585899353027 0.024987006372259542
0 0.6232995390892029 0.33405555455617236 0.022640585899353027 0.024987006372259542
0 0.6520643830299377 0.33386077355551974 0.022640585899353027 0.024987006372259542
0 0.6826618313789368 0.3336535830830419 0.022640585899353027 0.024987006372259542
0 0.7115821242332458 0.3333981536155523 0.023341496785481697 0.025264784347179325
0 0.7413949370384216 0.333211272721085 0.0232501824696858 0.025192112885704308
0 0.10149902105331421 0.374101904935615 0.021046611169974 0.023831981097080897
0 0.12619005516171455 0.3737120802893041 0.021046611169974014 0.023831981097080897
0 0.15222586691379547 0.3733010241519582 0.021046611169974028 0.023831981097080897
0 0.1777605414390564 0.3728978800219159 0.021046611169974028 0.023831981097080897
0 0.20324651896953583 0.37249550472515475 0.021046611169974028 0.023831981097080897
0 0.22998255491256714 0.372216885209866 0.021454165379206358 0.02420776574186578
0 0.2835397720336914 0.37151847883712413 0.021454165379206303 0.02420776574186578
0 0.311492919921875 0.3711539592135755 0.021454165379206303 0.024207765741865738
0 0.33889102935791016 0.3713378407825452 0.021590908368428585 0.024201319199199853
0 0.36609938740730286 0.3712490466863688 0.021590908368428585 0.024201319199199812
0 0.3938005864620209 0.37115864421046063 0.021777868270874023 0.024608937344809862
0 0.4501451849937439 0.37036894445728546 0.021777868270874023 0.02460893734480982
0 0.47806990146636963 0.3699775645862673 0.021777868270874023 0.02460893734480982
0 0.5056277960538864 0.36921624611744835 0.02212186654408771 0.02474106189816497
0 0.5344429612159729 0.36918746593386625 0.02228899796803785 0.024763196013694585
0 0.5634111762046814 0.3691893892395477 0.02228899796803785 0.024763196013694585
0 0.5924468636512756 0.3691913170249722 0.02228899796803785 0.024763196013694543
0 0.6218324303627014 0.3691932680401601 0.02228899796803785 0.024763196013694585
0 0.6521938443183899 0.36919528384541356 0.02228899796803785 0.024763196013694585
0 0.681816816329956 0.3693735433179279 0.02263542016347242 0.024936439455017577
0 0.14951932430267334 0.4071382034656613 0.02144478758176166 0.02403321377066679
0 0.17511267960071564 0.40680598793397477 0.02144478758176166 0.02403321377066679
0 0.2022363543510437 0.40645390803184633 0.02144478758176166 0.02403321377066679
0 0.2279205322265625 0.40612051357420376 0.02144478758176166 0.02403321377066679
0 0.25469696521759033 0.4057729410570721 0.021444787581761687 0.02403321377066679
0 0.31010255217552185 0.4058701543343483 0.021378546953201294 0.02410572259001035
0 0.3375650942325592 0.40588055100551873 0.021698375542958614 0.024640105491460756
0 0.36482805013656616 0.4046640128650265 0.021518051624298096 0.024562362552613196
0 0.3924013376235962 0.40475330796352654 0.021518051624298096 0.024562362552613196
0 0.42118918895721436 0.40484653638330226 0.021518051624298096 0.024562362552613196
0 0.44788825511932373 0.40493300034752583 0.021518051624298096 0.024562362552613196
0 0.5051953792572021 0.4051185874051826 0.021518051624298096 0.024562362552613196
0 0.563572108745575 0.4053076383412461 0.021518051624298096 0.024562362552613196
0 0.5921093225479126 0.40447380700540925 0.0227278470993042 0.02525140333545295
0 0.6217547059059143 0.40450084747995807 0.0227278470993042 0.02525140333545295
0 0.6519814729690552 0.40452841825263447 0.0227278470993042 0.02525140333545295
0 0.6810072660446167 0.4045548935796505 0.0227278470993042 0.02525140333545295
0 0.14707738161087036 0.44031441616909156 0.021641120314598083 0.024137541305187138
0 0.1728750765323639 0.44027860774550326 0.021641120314598083 0.024137541305187138
0 0.22614073753356934 0.43994885821675145 0.02142112453778583 0.024344096812166965
0 0.25291312485933304 0.4401103113066017 0.02170856793721518 0.024544087491294154
0 0.28040823340415955 0.44012934662574943 0.021682719389597538 0.024493343146272353
0 0.30787673592567444 0.4401436570332092 0.021682719389597538 0.024493343146272353
0 0.3361682891845703 0.44018803086391717 0.021638333797454834 0.024593796840933865
0 0.3633792996406555 0.4401845181180255 0.021638333797454834 0.024593796840933865
0 0.39143359661102295 0.4401808965099052 0.021638333797454834 0.024593796840933865
0 0.4466574192047119 0.4401507742117752 0.02249501148859656 0.024977218273074128
0 0.4756719470024109 0.4401700219442678 0.02249501148859656 0.024977218273074128
0 0.5333959460258484 0.4402083150400353 0.022495011488596672 0.024977218273074128
0 0.562360942363739 0.4402275299142201 0.022495011488596672 0.024977218273074128
0 0.5910137295722961 0.44024653767430505 0.022495011488596672 0.024977218273074128
0 0.6208118796348572 0.44026630524816246 0.022495011488596672 0.024977218273074128
0 0.6514476537704468 0.4404635922733552 0.022773265838623047 0.025257199309593022
0 0.6793033480644226 0.4400646742000136 0.022628863652547127 0.024945695270863558
0 0.14504317939281464 0.4742572314523707 0.02188942333062488 0.024864965631056148
0 0.17024259269237518 0.47434305590252546 0.02188942333062488 0.024864965631056148
0 0.19771642982959747 0.47422648585119914 0.02181182305018109 0.02464046034702035
0 0.251663438975811 0.47455079760803237 0.02181182305018106 0.02464046034702035
0 0.2787707448005676 0.47471375785576764 0.021811823050181034 0.02464046034702035
0 0.3344496190547943 0.4750484810186207 0.021811823050181034 0.02464046034702035
0 0.362566202878952 0.47521750871525253 0.021811823050181034 0.02464046034702035
0 0.39044544100761414 0.47440675247547237 0.02171705663204193 0.024823329245397343
0 0.4180516302585602 0.47433112605691446 0.021520892779032352 0.024651993152707122
0 0.4465501010417938 0.47555581913437955 0.022256126006444332 0.025121762771015074
0 0.47473978996276855 0.47559252253246637 0.022256126006444332 0.025121762771015074
0 0.5035524517297745 0.47563003705054924 0.022256126006444277 0.025121762771015074
0 0.5317760705947876 0.47566678462593254 0.02225612600644422 0.025121762771015074
0 0.5612908601760864 0.4757052133249682 0.02225612600644422 0.025121762771015074
0 0.6206890940666199 0.4759941988213118 0.02251613140106201 0.025248741918756
0 0.6504525542259216 0.4756536261979924 0.023083239793777466 0.025598008503285433
0 0.6801233291625977 0.47685272749080215 0.02278975645701098 0.025499388229015263
0 0.14304818212985992 0.5084615308184957 0.022140810887018858 0.024655659993489638
0 0.16867826879024506 0.5085854444977379 0.022140810887018858 0.024655659993489638
0 0.22282153367996216 0.5086950995038847 0.021745800971984863 0.02438194807185683
0 0.25019964575767517 0.5089795755785566 0.021745800971984863 0.02438194807185683
0 0.27754127979278564 0.509263672623062 0.021745800971984863 0.02438194807185683
0 0.3052194118499756 0.509551266096985 0.021745800971984863 0.02438194807185683
0 0.3326156735420227 0.5098359307577444 0.021745800971984863 0.02438194807185683
0 0.36133015155792236 0.5101342925282355 0.021745800971984863 0.02438194807185683
0 0.41734856367111206 0.5111229534095721 0.021620015303293827 0.024548700613568866
0 0.44574591517448425 0.5100659157159768 0.022975345452626583 0.02594538252483048
0 0.47407904267311096 0.5105628080146257 0.022975345452626583 0.02594538252483048
0 0.5029221177101135 0.5110686435195813 0.022975345452626528 0.02594538252483048
0 0.5320721864700317 0.5115798629277666 0.022975345452626472 0.02594538252483048
0 0.5614852905273438 0.5120956953181777 0.022975345452626472 0.02594538252483048
0 0.5908340811729431 0.5126103998119602 0.022975345452626472 0.02594538252483048
0 0.359544038772583 0.544666418497943 0.0225752592086792 0.025409875914107923
0 0.38694870471954346 0.5450766807378724 0.0225752592086792 0.025409875914107923
0 0.41591307520866394 0.5454446659531704 0.022863298654556274 0.02560265119685683
0 0.44416162371635437 0.5459475087228628 0.022863298654556274 0.02560265119685683
0 0.4729602336883545 0.5463890427153177 0.023028145233790043 0.025373444076656426
0 0.5021362155675888 0.5469385191451671 0.023028145233790098 0.025373444076656426
0 0.5310773849487305 0.5474835733096864 0.023028145233790154 0.025373444076656426
0 0.5602351427078247 0.5480327065214563 0.023028145233790154 0.025373444076656426
0 0.5900673270225525 0.5485945413278979 0.023028145233790154 0.025373444076656426
0 0.6194682717323303 0.5491482545225455 0.023028145233790154 0.025373444076656426
0 0.08810645341873169 0.5762273211811864 0.021852279702822358 0.024910682855650436
0 0.11321952193975449 0.5768414134602655 0.021852279702822358 0.024910682855650436
0 0.13943719863891602 0.5774825168293288 0.021852279702822386 0.024910682855650436
0 0.16599790751934052 0.5781320083973019 0.021852279702822386 0.024910682855650436
0 0.19149483740329742 0.5787554872751959 0.021852279702822386 0.024910682855650436
0 0.21924327313899994 0.5791654808576717 0.022189244627952576 0.02514595209166061
0 0.24627909809350967 0.5791232788347466 0.02240699529647827 0.025605105614477295
0 0.3014600872993469 0.58003665661832 0.022544384002685547 0.025820591653040157
0 0.3573727607727051 0.5809842930283657 0.022544384002685547 0.025820591653040157
0 0.3852289915084839 0.5814564145860022 0.022544384002685547 0.025820591653040157
0 0.44332921504974365 0.5824411267065149 0.022544384002685547 0.025820591653040157
0 0.4722817540168762 0.5829318290533021 0.022544384002685547 0.025820591653040157
0 0.5009111762046814 0.5834170550526753 0.022544384002685547 0.025820591653040157
0 0.5299197435379028 0.5840321030727652 0.022825638453165764 0.025998758715252545
0 0.559715747833252 0.5844911530960438 0.023022234439849854 0.02592512618663699
0 0.5899358987808228 0.5850301083226207 0.022988657156626457 0.025860631188680958
0 0.08590250462293625 0.6107917608216752 0.021211524804433196 0.02462567469870403
0 0.11151306331157684 0.6119040490941882 0.021749486525853484 0.025270831677340667
0 0.16373637318611145 0.6131814912308095 0.021749486525853456 0.025270831677340667
0 0.19042851030826569 0.6138344115600308 0.021749486525853456 0.025270831677340667
0 0.21753183007240295 0.6146826143778563 0.022846500078837095 0.026134668394576673
0 0.24436575174331665 0.6151537784310275 0.022937496503194182 0.026012952937636266
0 0.27147191762924194 0.615654326480466 0.02293749650319421 0.026012952937636266
0 0.32817450165748596 0.616701408091082 0.02293749650319421 0.026012952937636266
0 0.3554518520832062 0.6172051172695363 0.02293749650319421 0.026012952937636266
0 0.38400954008102417 0.617732469425645 0.02293749650319421 0.026012952937636266
0 0.41271650791168213 0.6182784625399199 0.023096779982248905 0.02654159900753997
0 0.44148966670036316 0.6188257145752875 0.023096779982248905 0.02654159900753997
0 0.4702068567276001 0.6193719021109647 0.023096779982248905 0.02654159900753997
0 0.49943777918815613 0.6199278605974728 0.02309677998224896 0.02654159900753997
0 0.0844503864645958 0.6463296283820313 0.02155167857805887 0.02490527130836664
0 0.13597798347473145 0.6476967833762945 0.021551678578058897 0.02490527130836664
0 0.1615777313709259 0.6480765155990558 0.02206820249557495 0.025462128395257994
0 0.1880151778459549 0.6489313702250636 0.022296210130055727 0.02563272520553234
0 0.21512256562709808 0.6498071381037203 0.022296210130055727 0.02563272520553234
0 0.24208656698465347 0.6506782735469308 0.022296210130055755 0.02563272520553234
0 0.2697974145412445 0.651573537612076 0.022296210130055782 0.02563272520553234
0 0.2972114086151123 0.6524592111277026 0.022296210130055782 0.02563272520553234
0 0.3542309105396271 0.654308620611625 0.022312720616658566 0.025674184163411513
0 0.3824014663696289 0.654685762462047 0.02299708127975464 0.026165392971778157
0 0.4111212193965912 0.6554363900130752 0.02299708127975464 0.026165392971778157
0 0.4395013749599457 0.6561781417491824 0.02299708127975464 0.026165392971778157
0 0.46870875358581543 0.6572590954831574 0.023162295420964596 0.026491682658823942
0 0.4988366514444351 0.6583047024039335 0.02316229542096454 0.026491682658823942
0 0.08306540548801422 0.6795546329323485 0.021764978766441345 0.024884630543317035
0 0.10766444355249405 0.6807877740194631 0.021764978766441345 0.024884630543317035
0 0.13400889933109283 0.6827056796051735 0.022484878698984787 0.02566951189854343
0 0.18719543516635895 0.6847402639623276 0.0224848786989848 0.02566951189854343
0 0.21290254592895508 0.6857236573081021 0.0224848786989848 0.02566951189854343
0 0.23990559577941895 0.6867566251816137 0.022484878698984773 0.02566951189854343
0 0.26679304242134094 0.687785170799078 0.022484878698984745 0.02566951189854343
0 0.3237241506576538 0.6894360032192496 0.023388226826985714 0.026752442352531436
0 0.35265254974365234 0.6903561880422193 0.023680249849955204 0.026808420817057237
0 0.38057687878608704 0.6912798012718063 0.023680249849955204 0.026808420817057237
0 0.4385889172554016 0.6931985827803667 0.023680249849955204 0.026808420817057237
0 0.4681045413017273 0.6941748290066334 0.023680249849955204 0.026808420817057237
0 0.49760034680366516 0.6951504197231558 0.02368024984995526 0.026808420817057237
0 0.52732914686203 0.6960782056800879 0.02404242753982544 0.026957341866899884
0 0.55861896276474 0.6970547083217193 0.02404242753982544 0.026957341866899884
0 0.5883060097694397 0.6979811912359193 0.02404242753982544 0.026957341866899884
0 0.13216064870357513 0.7180878838827444 0.021853387355804443 0.025447815887687686
0 0.1583651602268219 0.7191963203420192 0.02210522691408795 0.025802257449127907
0 0.18471862375736237 0.7203925820284112 0.02210522691408795 0.025802257449127907
0 0.21134993433952332 0.7216014560145922 0.02210522691408795 0.025802257449127907
0 0.2386145293712616 0.7228390766557525 0.02210522691408795 0.025802257449127907
0 0.2660519778728485 0.724084543627362 0.022105226914087894 0.025802257449127907
0 0.29343870282173157 0.7253277081068291 0.022105226914087894 0.025802257449127907
0 0.3510774075984955 0.7276464505642934 0.023271044095357296 0.02665695663570439
0 0.37955617904663086 0.7288394905042704 0.023271044095357296 0.02665695663570439
0 0.40795373916625977 0.7300291283186092 0.023271044095357296 0.02665695663570439
0 0.4379422664642334 0.7311581234599269 0.023519357045491573 0.02627831096797029
0 0.46705418825149536 0.7319937041823849 0.023519357045491573 0.02627831096797021
0 0.49639853835105896 0.7328359561448431 0.023519357045491518 0.02627831096797029
0 0.5258784890174866 0.7336821001629497 0.023519357045491462 0.02627831096797029
0 0.5568152666091919 0.734570058545069 0.023519357045491462 0.02627831096797021
0 0.13007481396198273 0.7540268343548442 0.02222805221875508 0.0260013609893562
0 0.15602174401283264 0.7554623194485506 0.022228052218755068 0.0260013609893562
0 0.18265001475811005 0.7568924704263377 0.02283943692843121 0.026253737220468476
0 0.20978301763534546 0.7582066413018287 0.02283943692843121 0.026253737220468556
0 0.2368999719619751 0.7595148564924961 0.023224592208862305 0.0265554383743641
0 0.2646254301071167 0.7608601769735647 0.023224592208862305 0.0265554383743641
0 0.2925931215286255 0.7622172513230885 0.023224592208862305 0.0265554383743641
0 0.32186952233314514 0.7636378280871625 0.023224592208862305 0.0265554383743641
0 0.34940314292907715 0.7649738400481468 0.023224592208862305 0.0265554383743641
0 0.37817078828811646 0.7663697305070541 0.023224592208862305 0.0265554383743641
0 0.40754184126853943 0.7677822556606558 0.023185650507609012 0.026793428169664596
0 0.4365001320838928 0.7687170339185138 0.023361722628275516 0.026939806087996718
0 0.4660210609436035 0.7699857638829767 0.023361722628275516 0.026939806087996718
0 0.49576303362846375 0.7711649162824764 0.023732900619506836 0.026878061220627532
0 0.1279209703207016 0.7897761145303416 0.022569864988327026 0.02616947381071331
0 0.1535884588956833 0.7913965888729314 0.022569864988327026 0.02616947381071331
0 0.1807541847229004 0.7931116519408369 0.022569864988327026 0.02616947381071331
0 0.20768985152244568 0.7951602878867363 0.023074756066004454 0.02657631570978671
0 0.2354399412870407 0.7965641465297965 0.023074756066004454 0.02657631570978671
0 0.2631627321243286 0.7979666241382231 0.023074756066004398 0.02657631570978671
0 0.2911159098148346 0.799380756864809 0.023074756066004398 0.02657631570978671
0 0.31914493441581726 0.8007987266363099 0.023074756066004398 0.02657631570978671
0 0.34721988439559937 0.8022190197422759 0.023074756066004398 0.02657631570978671
0 0.37596017122268677 0.8038234299069237 0.023551583290100098 0.02705146730408177
0 0.4062288701534271 0.8052442492219024 0.023551583290100098 0.02705146730408177
0 0.4352586567401886 0.8066069137218387 0.023551583290100098 0.02705146730408177
0 0.49477994441986084 0.8090174475381541 0.02521657943725586 0.028058369954426975
0 0.5252194404602051 0.8103721297771368 0.02521657943725586 0.028058369954426975
0 0.5864689350128174 0.8130979831324984 0.02521657943725586 0.028058369954426975
0 0.6171855926513672 0.8144650001977187 0.02521657943725586 0.028058369954426975
0 0.6479856967926025 0.8158357309740644 0.025842030843098884 0.02840269813241896
0 0.6790352463722229 0.8167920363183584 0.025842030843098884 0.02840269813241896
0 0.71098792552948 0.8177761574491414 0.025842030843098884 0.02840269813241896
0 0.7423661351203918 0.8187425853017977 0.025842030843098884 0.02840269813241896
0 0.7736136317253113 0.8197049872819767 0.025842030843098884 0.02840269813241896
0 0.1260155886411667 0.8267573546881852 0.02274460097153981 0.026085491328276516
0 0.1787606179714203 0.8301854688067769 0.022744600971539797 0.026085491328276516
0 0.20617660880088806 0.8322072583575582 0.02310021221637726 0.02644241687863372
0 0.2341635525226593 0.8340475528792751 0.023263409733772278 0.02680466526238482
0 0.2610768750309944 0.835535537364871 0.023358161250750215 0.026922477308169705
0 0.2893887162208557 0.8370713783467493 0.023358161250750187 0.026922477308169705
0 0.3466266989707947 0.8402183000431505 0.023822585741678837 0.027266154917635548
0 0.37527942657470703 0.8417454325367372 0.023822585741678837 0.027266154917635548
0 0.4040466248989105 0.8432786660884479 0.023822585741678837 0.027266154917635548
0 0.4340677261352539 0.8448787301320895 0.023822585741678837 0.027266154917635548
0 0.4636136293411255 0.8464534670807594 0.023822585741678837 0.027266154917635548
0 0.49334460496902466 0.8481895979060683 0.024583975474039732 0.027552582496820494
0 0.5545719861984253 0.8511363852272408 0.024583975474039788 0.027552582496820494
0 0.5854673385620117 0.8526233348697065 0.024583975474039788 0.027552582496820494
0 0.6164951920509338 0.8541166616040606 0.024583975474039788 0.027552582496820494
0 0.6466543078422546 0.8555681772208834 0.024583975474039788 0.027552582496820494
0 0.6787305474281311 0.8566013605111903 0.025626182556152344 0.02878410871638808
0 0.7100673317909241 0.8577882633652798 0.025626182556152344 0.02878410871638808
0 0.7420164346694946 0.8586856592754979 0.025495807329813713 0.028451135916303404
0 0.7732509970664978 0.8596927731536156 0.025495807329813713 0.028451135916303404
0 0.8031774163246155 0.8606577078235539 0.025495807329813713 0.028451135916303404
0 0.12407638505101204 0.8623281966808231 0.02244824916124344 0.02577363243398729
0 0.1506516933441162 0.865055238962661 0.022738138834635435 0.025680068851441487
0 0.1779118925333023 0.8672667422013248 0.022905478874842344 0.026046457216721282
0 0.20503820478916168 0.8690614034963209 0.02305176854133606 0.02584336155144732
0 0.23166097700595856 0.8716562315902024 0.023539682229359926 0.026711870533551247
0 0.2881776988506317 0.8749248593352562 0.02353968222935998 0.026711870533551247
0 0.3165335953235626 0.8765648141472503 0.02353968222935998 0.026711870533551247
0 0.3448905646800995 0.8782048310091474 0.02353968222935998 0.026711870533551247
0 0.37356036901474 0.8798629405886628 0.02353968222935998 0.026711870533551247
0 0.4029466211795807 0.8821383631506632 0.024680395921071407 0.028036368909732205
0 0.4323628544807434 0.8838441696610345 0.024680395921071407 0.028036368909732205
0 0.49285100400447845 0.8873517934346681 0.024680395921071352 0.028036368909732205
0 0.5226089954376221 0.8890774180244156 0.024680395921071296 0.028036368909732205
0 0.5536659359931946 0.8908783668695495 0.024680395921071296 0.028036368909732205
0 0.5845680832862854 0.8925590450893903 0.025271495183308845 0.02830599999242986
0 0.6157859563827515 0.8942568947205295 0.025271495183308845 0.02830599999242986
0 0.646969735622406 0.8959528900856195 0.025271495183308845 0.02830599999242986
0 0.1214790977537632 0.8985836117766625 0.022957282761732742 0.025602355483890615
0 0.17516334354877472 0.903046014809834 0.022957282761732756 0.025602355483890615
0 0.20201438665390015 0.905277957802079 0.022957282761732756 0.025602355483890615
0 0.2297375202178955 0.907789806986964 0.024091174205144228 0.026756345763687125
0 0.2581682503223419 0.909880857701658 0.024091174205144256 0.026756345763687125
0 0.28599676489830017 0.9119276160887676 0.024091174205144283 0.026756345763687125
0 0.31362152099609375 0.913959388251119 0.024091174205144283 0.026756345763687125
0 0.3719651997089386 0.9182505053143168 0.02540905276934302 0.028343141541000375
0 0.40083369612693787 0.9200141162988387 0.02509147922197974 0.028574803078821574
0 0.43126437067985535 0.9221853211868641 0.02509147922197974 0.028574803078821574
0 0.4617999196052551 0.9243640087795454 0.02509147922197974 0.028574803078821574
0 0.4916301816701889 0.9264923747049816 0.025091479221979796 0.028574803078821574
0 0.5215098261833191 0.9286242640295694 0.02509147922197985 0.028574803078821574
0 0.5530581474304199 0.930875212137262 0.02509147922197985 0.028574803078821574
0 0.5833368301391602 0.9323770507898466 0.0253275533517201 0.028470948685047237
0 0.5967761460615665 0.09750242013377568 0.021023432413737053 0.02266030718189802
0 0.6546527972432221 0.09595211248482799 0.021715382734934563 0.02337142108946808
0 0.6820901322121523 0.09593427591856157 0.0210149884223938 0.02283764624780464
0 0.7111635692671043 0.09549917282324162 0.020617077747980717 0.022762609082599018
0 0.7396867210869076 0.09495329604158671 0.021099135279655457 0.02263063238572706
0 0.7686917776761412 0.09525252014676751 0.02097645401954651 0.023641719374545785
0 0.7979620795468895 0.0952821831747694 0.02097645401954651 0.023641719374545785
0 0.8259037249550527 0.09531184620277129 0.02097645401954651 0.023641719374545785
0 0.5696324973690267 0.13096819571199494 0.0210149884223938 0.02283764624780464
0 0.5967104851591344 0.1309074798050494 0.02097645401954651 0.023641719374545785
0 0.597119624111928 0.16359728941691204 0.021535654862721687 0.02333374910576399
0 0.6243969412887987 0.1646157200449772 0.021535654862721687 0.02333374910576399
