0 0.146258145570755 0.09392819293709688 0.021380096673965454 0.02369176694589068
0 0.17243584990501404 0.0928693039472713 0.021482417980829893 0.023417040359142216
0 0.19863823056221008 0.0912694487460824 0.02152911822001141 0.02347393368565759
0 0.22462113201618195 0.08946547313255859 0.02152911822001141 0.02347393368565759
0 0.2511445879936218 0.08762396717701953 0.021529118220011384 0.02347393368565759
0 0.2795540690422058 0.08565151575178898 0.021529118220011356 0.02347393368565759
0 0.30674925446510315 0.08376337206640909 0.021529118220011356 0.02347393368565759
0 0.3617069125175476 0.07997325980771695 0.021598398685455322 0.02323088535042696
0 0.3888950049877167 0.07825201944719763 0.02243022123972571 0.023603230483772213
0 0.4476398229598999 0.07361980319689426 0.024120350678761837 0.02601610597713974
0 0.4760790169239044 0.0720369205918423 0.024120350678761837 0.02601610597713974
0 0.5049891471862793 0.07042782638333486 0.02412035067876178 0.02601610597713974
0 0.5348653197288513 0.06876496371982113 0.024120350678761726 0.02601610597713974
0 0.5957463979721069 0.0653764148091161 0.024120350678761726 0.02601610597713974
0 0.6262943148612976 0.06367616386931542 0.024120350678761726 0.02601610597713974
0 0.6559706330299377 0.06179878878038984 0.02413686116536451 0.026126170343206828
0 0.6859723925590515 0.06006754570465623 0.024353941281636482 0.026108612385831145
0 0.19748659431934357 0.12380959266840025 0.020856608947118105 0.023984827736551462
0 0.2237074077129364 0.12239105091000935 0.020856608947118105 0.023984827736551462
0 0.24974888563156128 0.12098221117177256 0.020856608947118133 0.023984827736551462
0 0.2778753936290741 0.11946057164391806 0.02085660894711816 0.023984827736551462
0 0.3050883412361145 0.117988355585246 0.02085660894711816 0.023984827736551462
0 0.3319567143917084 0.11660868622535883 0.02106753985087073 0.023950798566951308
0 0.36038798093795776 0.1142454701800679 0.022174398104349735 0.02484062106110329
0 0.41845282912254333 0.11139739964783754 0.022174398104349735 0.02484062106110329
0 0.4469584822654724 0.10999920240360694 0.022174398104349735 0.02484062106110329
0 0.4758652150630951 0.10858133227326149 0.022174398104349735 0.02484062106110329
0 0.5044789910316467 0.10717783162356019 0.02217439810434979 0.02484062106110329
0 0.19576072692871094 0.1578646371530932 0.02073050538698834 0.02438694562098778
0 0.22227980196475983 0.15656808365223018 0.020833601554234804 0.024186703585839072
0 0.24925698339939117 0.15532865080722544 0.02096681793530783 0.024531357048093796
0 0.27649879455566406 0.15375704887761402 0.020966817935307858 0.024531357048093796
0 0.3048301637172699 0.15212258947300644 0.020966817935307858 0.024531357048093796
0 0.3320367634296417 0.15122698628625206 0.021835406621297238 0.024498385052348293
0 0.36046746373176575 0.1498286361119613 0.021835406621297238 0.024498385052348293
0 0.4176003932952881 0.14701858074350715 0.021835406621297238 0.024498385052348293
0 0.4457206428050995 0.14563549994052719 0.021835406621297238 0.024498385052348293
0 0.47473275661468506 0.14420855322549508 0.021835406621297238 0.024498385052348293
0 0.5040281414985657 0.1431450282924135 0.022455652554829897 0.02477123940637868
0 0.5334069132804871 0.14186695010163064 0.02245565255482984 0.02477123940637868
0 0.19361595809459686 0.1909440506336301 0.020727922519048037 0.02383537809978159
0 0.22059796750545502 0.1901458787146604 0.020727922519048037 0.02383537809978159
0 0.24782517552375793 0.18934045342030073 0.020727922519048064 0.02383537809978159
0 0.27508580684661865 0.1885674332463464 0.02174840370814002 0.02431668422018834
0 0.3037037253379822 0.1873055398463641 0.02174840370814002 0.02431668422018834
0 0.3315547704696655 0.18607746135963257 0.02174840370814002 0.02431668422018834
0 0.3589840829372406 0.18486797897259835 0.02174840370814002 0.02431668422018834
0 0.41665711998939514 0.18232491404511206 0.02174840370814002 0.024316684220188362
0 0.4450182318687439 0.18117153041205436 0.02229211727778113 0.02466175168059591
0 0.47449883818626404 0.1800021348997604 0.02229211727778113 0.02466175168059593
0 0.5331355929374695 0.177676214017299 0.022292117277781243 0.02466175168059591
0 0.5630254149436951 0.1761855564831217 0.02306816975275683 0.02498283312302226
0 0.5932679987168527 0.17622910968517572 0.02306816975275683 0.02498283312302228
0 0.6223872303962708 0.1749357850393252 0.02306816975275683 0.02498283312302228
0 0.13659986853599548 0.22747834741821304 0.02121773362159729 0.024391603100207396
0 0.1924288123846054 0.22577319034310275 0.02121773362159729 0.024391603100207396
0 0.2195790857076645 0.22494395236264708 0.02121773362159729 0.024391603100207396
0 0.24674361944198608 0.22411427883318258 0.02121773362159729 0.024391603100207396
0 0.2740474045276642 0.22328035221543424 0.02121773362159729 0.024391603100207396
0 0.3016877770423889 0.22243614536674347 0.02121773362159729 0.024391603100207396
0 0.35838016867637634 0.21991810635326042 0.022278229395548466 0.024480568346127086
0 0.3871825337409973 0.2188745881424868 0.022278229395548466 0.024480568346127086
0 0.415397584438324 0.2178523485050645 0.023204048474629757 0.024928085563718838
0 0.44434502720832825 0.21673981282568913 0.023204048474629757 0.024928085563718838
0 0.4735698997974396 0.21561661469938426 0.023204048474629757 0.024928085563718838
0 0.5032733678817749 0.2144750227353696 0.0232040484746297 0.024928085563718838
0 0.562678337097168 0.21219191440316135 0.023204048474629646 0.024928085563718838
0 0.5922350883483887 0.21095247046892032 0.022963960965474373 0.025139845618905976
0 0.6229825615882874 0.20963278346009867 0.022963960965474373 0.025139845618905976
0 0.6536305546760559 0.20907785005682022 0.023567517598469978 0.024988425794497914
0 0.6839901208877563 0.20861393388037255 0.02385878562927246 0.025302502536034426
0 0.13529552891850471 0.2966497554335483 0.02153903990983963 0.024335506350495095
0 0.18938998878002167 0.2950981716777003 0.02174792687098187 0.024651860081872274
0 0.21675802767276764 0.2945334881639972 0.02174792687098187 0.024651860081872274
0 0.24411336332559586 0.29396906675567114 0.021747926870981843 0.024651860081872274
0 0.30001509189605713 0.29281564890812445 0.021747926870981815 0.024651860081872274
0 0.35664740204811096 0.2916471570037132 0.021747926870981815 0.024651860081872274
0 0.3852079212665558 0.29070761970572734 0.022116204102834103 0.024667606797329215
0 0.41328904032707214 0.2898157289125273 0.023210207621256473 0.025579230729923692
0 0.44216838479042053 0.2892349819804347 0.023210207621256473 0.025579230729923692
0 0.47221019864082336 0.28863085846058606 0.023210207621256473 0.025579230729923692
0 0.5013359189033508 0.28804515705351574 0.02321020762125653 0.025579230729923692
0 0.5612727403640747 0.2868398622024891 0.023210207621256584 0.025579230729923692
0 0.5917670130729675 0.28622663999640474 0.023210207621256584 0.025579230729923692
0 0.6225094795227051 0.28445350292117094 0.023536721865336174 0.025988113048464753
0 0.6846300959587097 0.2832008627958076 0.024959802627563477 0.02735522366309348
0 0.7475594878196716 0.2837455363504209 0.024959802627563477 0.02735522366309348
0 0.7785595655441284 0.2840138517119419 0.024959802627563477 0.02735522366309348
0 0.8084842562675476 0.28427285926286566 0.024959802627563477 0.02735522366309348
0 0.08303140103816986 0.33294380542843843 0.020759642124176025 0.023789605429006176
0 0.1086110919713974 0.3322200117018856 0.020759642124176025 0.023789605429006176
0 0.13423986732959747 0.33149482910011296 0.020759642124176025 0.023789605429006176
0 0.1600378304719925 0.3307648592217024 0.020759642124176025 0.023789605429006176
0 0.186558336019516 0.3653132970943007 0.021278823415438353 0.024703033210695266
0 0.2141066938638687 0.3648085261500159 0.021265809734662355 0.024650507195051328
0 0.24146445840597153 0.36467094373160625 0.021265809734662383 0.024650507195051328
0 0.26941466331481934 0.3645303819258166 0.02126580973466241 0.024650507195051286
0 0.2965942919254303 0.36439369535444244 0.02126580973466241 0.024650507195051328
0 0.3253649175167084 0.3642490076464276 0.02126580973466241 0.024650507195051328
0 0.18544146418571472 0.4003676924594613 0.021237472693125425 0.024676921755768532
0 0.21293866634368896 0.40035436659188645 0.021237472693125425 0.024676921755768532
0 0.2401677742600441 0.4003411706498342 0.021237472693125398 0.024676921755768532
0 0.2684175968170166 0.40032748004261365 0.02123747269312537 0.024676921755768532
0 0.29646509885787964 0.400313887485238 0.02123747269312537 0.024676921755768532
0 0.3249264359474182 0.40021546204069214 0.021111687024434445 0.024702648783839026
0 0.3534315526485443 0.39973755769951397 0.021319563190142277 0.02489252607951798
0 0.18398377299308777 0.43605404401039544 0.021090328693389893 0.024663880813953487
0 0.211480513215065 0.43601923210676324 0.02108196417490643 0.024795413941375914
0 0.23905813694000244 0.4359598914115261 0.02108196417490643 0.024795413941375914
0 0.26696863770484924 0.4358998344415593 0.021081964174906376 0.024795413941375914
0 0.3243316113948822 0.43577640253264677 0.021081964174906376 0.024795413941375914
0 0.35256388783454895 0.43571565317553146 0.021081964174906376 0.024795413941375914
0 0.3810201585292816 0.4358317353004633 0.02129751443862915 0.024960007778433865
0 0.4099506139755249 0.43582974982863626 0.022116680939992306 0.025582779285519622
0 0.43888139724731445 0.43588727019553963 0.022116680939992306 0.025582779285519622
0 0.4686359763145447 0.43594642843847153 0.022116680939992306 0.025582779285519622
0 0.49798427522182465 0.4356101723604424 0.02233317494392395 0.026000118994897705
0 0.5279797911643982 0.4356954707655796 0.022518813610076904 0.025918679643971106
0 0.5582829117774963 0.4351664254831713 0.0229204992453258 0.02647136717803724
0 0.5887748599052429 0.4350334158999591 0.02269682288169861 0.02655786322068804
0 0.1283814162015915 0.4711910513944404 0.02119423945744832 0.024666512659353747
0 0.15528634190559387 0.47132601667921514 0.021194239457448305 0.024666512659353747
0 0.18296921253204346 0.4714700565781704 0.021281699339548765 0.024841988733572497
0 0.23845553398132324 0.47170760917741794 0.021281699339548765 0.024841988733572497
0 0.26643818616867065 0.47182741080757323 0.02128169933954871 0.024841988733572497
0 0.2951306998729706 0.47195025155519116 0.02128169933954871 0.024841988733572497
0 0.35153728723526 0.47219174407249276 0.021692514419555664 0.02508136837981468
0 0.380311518907547 0.4722652856992237 0.021692514419555664 0.02508136837981468
0 0.4094070792198181 0.47233964858266697 0.021692514419555664 0.02508136837981468
0 0.4383752942085266 0.472413685994961 0.021692514419555664 0.02508136837981468
0 0.46759217977523804 0.47248835896336755 0.021692514419555664 0.02508136837981468
0 0.49717649817466736 0.4729338357614916 0.02312221129735309 0.02598157779190897
0 0.5576263070106506 0.47313446643913587 0.023122211297353035 0.02598157779190897
0 0.5886039137840271 0.47323727996921 0.023122211297353035 0.02598157779190897
0 0.6186151504516602 0.4733368861526788 0.023122211297353035 0.02598157779190897
0 0.6496810913085938 0.47343999286030614 0.023122211297353035 0.02598157779190897
0 0.6815070509910583 0.4731021260106286 0.024147351582844978 0.026866853699203663
0 0.7131456732749939 0.47329836959539845 0.024147351582844978 0.026866853699203663
0 0.7450951933860779 0.4734965415733691 0.024147351582844978 0.026866853699203663
0 0.7758681774139404 0.47368741589923236 0.024147351582844978 0.026866853699203663
0 0.1265644021332264 0.541785205154228 0.021184563636779785 0.024893176648043792
0 0.15351884067058563 0.542396767194881 0.021184563636779785 0.024893176648043792
0 0.1806328445672989 0.543011949571259 0.021184563636779785 0.024893176648043792
0 0.20785899460315704 0.5436296764013681 0.021184563636779785 0.024893176648043792
0 0.235672727227211 0.5442607347355333 0.021184563636779785 0.024893176648043792
0 0.29272720217704773 0.5455552284449958 0.021184563636779785 0.024893176648043792
0 0.3217361867427826 0.5445561540982481 0.022604723771413204 0.025707274444343564
0 0.3499043583869934 0.5449697361436001 0.022604723771413204 0.025707274444343564
0 0.37911608815193176 0.5453986403372075 0.022604723771413204 0.025707274444343564
0 0.40806546807289124 0.5458236925525453 0.022604723771413204 0.025707274444343564
0 0.4377143383026123 0.5462590151054915 0.022604723771413204 0.025707274444343564
0 0.46653732657432556 0.5466822115625829 0.022604723771413204 0.025707274444343564
0 0.5261674523353577 0.5475054896155069 0.023458997408549065 0.026286635287972385
0 0.556327760219574 0.5479450713075887 0.023458997408549065 0.026286635287972385
0 0.5866690278053284 0.5483872904585488 0.023458997408549065 0.026286635287972385
0 0.6176213622093201 0.5488384158112282 0.023458997408549065 0.026286635287972385
0 0.6496264934539795 0.5493048855104712 0.023458997408549065 0.026286635287972385
0 0.6807053089141846 0.5496271824802398 0.0241283575693767 0.026304348494655346
0 0.711967945098877 0.5500405333762945 0.0241283575693767 0.026304348494655346
0 0.7756878733634949 0.5509772633397302 0.02428479989369703 0.026555645373440583
0 0.8065069913864136 0.5514420590118105 0.02428479989369703 0.026555645373440583
0 0.8382387757301331 0.5515665932366414 0.02429354190826416 0.026538996733436234
0 0.868482232093811 0.5517129315802576 0.024708708127339607 0.027251369269319228
0 0.8983417749404907 0.551949656286905 0.024708708127339607 0.027251369269319228
0 0.07296687364578247 0.5761508498080942 0.02072043220202127 0.02475836110669513
0 0.0986308753490448 0.5768257415146559 0.02072043220202127 0.02475836110669513
0 0.12504935264587402 0.5775204738262328 0.020720432202021286 0.02475836110669513
0 0.15222929418087006 0.578235230524697 0.0207204322020213 0.02475836110669513
0 0.17922566831111908 0.5789451599121094 0.0207204322020213 0.02475836110669513
0 0.2066553384065628 0.5795669573963391 0.02100952466328937 0.024980411973110465
0 0.2343301922082901 0.5801142315531886 0.02152561148007709 0.025347243907839753
0 0.26296713948249817 0.5806371520519743 0.021525611480077145 0.025347243907839753
0 0.29132628440856934 0.5811549997844118 0.021525611480077145 0.025347243907839753
0 0.3192306160926819 0.581664542470747 0.021525611480077145 0.025347243907839753
0 0.34804069995880127 0.5821906245032022 0.021525611480077145 0.025347243907839753
0 0.1784156858921051 0.6145836142606513 0.021182884772618593 0.025083142657612644
0 0.20519760251045227 0.6153034563617993 0.021182884772618593 0.025083142657612644
0 0.23321211338043213 0.6160564280275188 0.021182884772618593 0.025083142657612644
0 0.2610330581665039 0.6172620191837712 0.022125740845998138 0.02548631771590353
0 0.31808653473854065 0.6183376755825308 0.022125740845998165 0.02548631771590353
0 0.3468995988368988 0.6188809020189802 0.022125740845998165 0.02548631771590353
0 0.375959575176239 0.6194287836096446 0.022125740845998165 0.02548631771590353
0 0.4049818813800812 0.619975954987282 0.022125740845998165 0.02548631771590353
0 0.4648282527923584 0.6211042671642076 0.022125740845998165 0.02548631771590353
0 0.49472616612911224 0.6223438298582488 0.023154517014821352 0.0267734379731408
0 0.5245512127876282 0.623198575751726 0.024430553118387932 0.02708381830259811
0 0.5861473083496094 0.6247559480888899 0.02469933032989502 0.02746611602546638
0 0.6171758770942688 0.625394982688113 0.02469933032989502 0.02746611602546638
0 0.6484819650650024 0.6260397328067618 0.02469933032989502 0.02746611602546638
0 0.6800293326377869 0.6266894520883478 0.02469933032989502 0.02746611602546638
0 0.7119359970092773 0.6273465711016988 0.02469933032989502 0.02746611602546638
0 0.7433385848999023 0.6278213234834893 0.02501654624938965 0.027437047440876276
0 0.17770811915397644 0.6501999788506087 0.021144956350326538 0.025468693223110465
0 0.20537737011909485 0.651450290782352 0.021144956350326538 0.025468693223110465
0 0.23285916447639465 0.652692131966776 0.021144956350326538 0.025468693223110465
0 0.2610814869403839 0.6539674359698628 0.021144956350326538 0.025468693223110465
0 0.2888564467430115 0.6552225246489418 0.021144956350326538 0.025468693223110465
0 0.31703588366508484 0.6552531663761583 0.022432982921600342 0.025995446730029622
0 0.3752252459526062 0.657076992415346 0.022432982921600342 0.025995446730029622
0 0.4043114483356476 0.6577410929293235 0.02337587873140967 0.02719119168067169
0 0.43407827615737915 0.6587688978328261 0.02337587873140967 0.02719119168067169
0 0.46353307366371155 0.6597859287872156 0.02337587873140967 0.02719119168067169
0 0.4937756806612015 0.6608301616477972 0.023375878731409727 0.02719119168067169
0 0.5238711833953857 0.6618693152139353 0.023375878731409783 0.02719119168067169
0 0.5547855496406555 0.6629367429360243 0.023375878731409783 0.02719119168067169
0 0.5852760672569275 0.6636790275390583 0.023585249980290657 0.027001817097035433
0 0.12247791141271591 0.6847978192706441 0.02145043512185414 0.025171974832697487
0 0.14886100590229034 0.685860213552981 0.021450435121854128 0.025171974832697487
0 0.176006019115448 0.6869532887736687 0.021450435121854128 0.025171974832697487
0 0.20442956686019897 0.6880978480148024 0.021450435121854128 0.025171974832697487
0 0.23179177939891815 0.6891996694165606 0.021450435121854128 0.025171974832697487
0 0.2599714398384094 0.6901838758389458 0.022175053755442292 0.025898896446523795
0 0.31595054268836975 0.6921390091402355 0.022175053755442264 0.025898896446523795
0 0.3452034592628479 0.6931607002435729 0.022175053755442264 0.025898896446523795
0 0.403337299823761 0.695990806402162 0.0233707229296366 0.026917302331259083
0 0.4330582320690155 0.6970969487775884 0.0233707229296366 0.026917302331259083
0 0.46250125765800476 0.6981927481285641 0.0233707229296366 0.026917302331259083
0 0.49232131242752075 0.6993025796084755 0.023370722929636656 0.026917302331259083
0 0.5227869153022766 0.7004364368527435 0.02337072292963671 0.026917302331259083
0 0.5539690256118774 0.7015538770099019 0.02332637707392382 0.026673102563665875
0 0.5850533843040466 0.7023362448049146 0.023615539073944092 0.026854167612948215
0 0.12060266733169556 0.7202495453458937 0.02188524603843689 0.026116807331410433
0 0.14779379963874817 0.7217222258102062 0.022005806366602598 0.026013248650602647
0 0.1748862862586975 0.7231641409588029 0.022005806366602598 0.026013248650602647
0 0.20254379510879517 0.7246361276960425 0.022005806366602598 0.026013248650602647
0 0.2304326891899109 0.726120429208018 0.022005806366602598 0.026013248650602647
0 0.2584037184715271 0.7276091021160747 0.02200580636660257 0.026013248650602647
0 0.3148393929004669 0.7299091584633345 0.022587835788726807 0.026449720988902067
0 0.34337761998176575 0.7310722442420033 0.022587835788726807 0.026449720988902067
0 0.3727588355541229 0.7322696863218795 0.022587835788726807 0.026449720988901984
0 0.4021091163158417 0.7334658676423464 0.022587835788726807 0.026449720988901984
0 0.4318591058254242 0.7353996454283248 0.02275029818216956 0.026897681775943226
0 0.46154162287712097 0.736547870057966 0.02302987376848853 0.026862284933873822
0 0.49158643186092377 0.7377101094195399 0.023029873768488585 0.026862284933873822
0 0.5220454335212708 0.7388883712172095 0.02302987376848864 0.026862284933873905
0 0.5535560846328735 0.7401073145311933 0.02302987376848864 0.026862284933873822
0 0.5842637419700623 0.7408465451972429 0.02341489990552259 0.02668989906015325
0 0.1732022613286972 0.7594970155122255 0.0220368007818858 0.025906466698461837
0 0.20105105638504028 0.7610380483228106 0.0220368007818858 0.025906466698461837
0 0.22833697497844696 0.7625479339654148 0.0220368007818858 0.025906466698461837
0 0.28526872396469116 0.7656982926424885 0.022036800781885746 0.025906466698461837
0 0.3137972950935364 0.7672769413437954 0.022036800781885746 0.025906466698461837
0 0.34214720129966736 0.7688457034949862 0.022036800781885746 0.025906466698461837
0 0.37162163853645325 0.7704696914832377 0.023569802443186405 0.026467729908551247
0 0.4311245083808899 0.7731900769610738 0.023569802443186405 0.026467729908551247
0 0.46115511655807495 0.7745630330989773 0.023569802443186405 0.026467729908551247
0 0.49156031012535095 0.775953114741215 0.02356980244318646 0.026467729908551247
0 0.5531584620475769 0.778769293496775 0.023569802443186516 0.026467729908551247
0 0.5843839645385742 0.7801968784811081 0.023569802443186516 0.026467729908551247
0 0.6154552698135376 0.7810279349095793 0.023600220680236816 0.026731624159702035
0 0.6466203927993774 0.7820952028574941 0.023948729038238525 0.026848844779554154
0 0.17242112755775452 0.7962576400401981 0.02242876092592877 0.026017063347868106
0 0.19940926134586334 0.7982400813416715 0.022625495990117372 0.026024101316466923
0 0.22783532738685608 0.7997536770133085 0.022625495990117372 0.026024101316466923
0 0.2561051845550537 0.8012589550699302 0.0226254959901174 0.026024101316466923
0 0.2844051718711853 0.8027658374590484 0.022625495990117428 0.026024101316466923
0 0.3420957922935486 0.8058376755825308 0.022625495990117428 0.026024101316466923
0 0.3708227872848511 0.807367294743173 0.022625495990117428 0.026024101316466923
0 0.40128764510154724 0.8094685553424562 0.023479511340459225 0.026930461558260548
0 0.43081843852996826 0.8110967613544985 0.023479511340459225 0.026930461558260548
0 0.4602862596511841 0.8127214953335445 0.023479511340459225 0.026930461558260548
0 0.49046196043491364 0.8143852588742279 0.02347951134045917 0.026930461558260548
0 0.5213783383369446 0.8160898962686228 0.02367682258288073 0.027141127475472385
0 0.5519559383392334 0.8177979799606045 0.02367682258288073 0.027141127475472385
0 0.1163950264453888 0.8294870620626974 0.022570957740147904 0.025832715884659532
0 0.14311626553535461 0.8312231551769168 0.02257095774014789 0.025832715884659532
0 0.17137601971626282 0.8330221841501635 0.022742976744969667 0.02611867032309846
0 0.1992030143737793 0.8348395764296803 0.022742976744969667 0.02611867032309846
0 0.22735895216464996 0.8366784521183227 0.022742976744969667 0.02611867032309846
0 0.25482118129730225 0.8384720214138314 0.022742976744969695 0.02611867032309846
0 0.2833862900733948 0.8403376202250636 0.022742976744969723 0.02611867032309846
0 0.3121824860572815 0.8418515448819751 0.022696514924367306 0.02634613273679759
0 0.3711300194263458 0.8449884459029796 0.023086249828338623 0.02674114611721767
0 0.39996713399887085 0.8468095608507894 0.023086249828338623 0.02674114611721767
0 0.45996642112731934 0.8505986222831581 0.023086249828338623 0.02674114611721767
0 0.49043208360671997 0.8525225829206424 0.023086249828338623 0.02674114611721767
0 0.5211260318756104 0.8544609602107558 0.023086249828338623 0.02674114611721767
0 0.5518516898155212 0.8563972894830285 0.023322900136311775 0.026570933733799772
0 0.11559591814875603 0.8665632169246088 0.02210051318009694 0.025574854178022154
0 0.17063552141189575 0.8698940720669058 0.022100513180096926 0.025574854178022154
0 0.19872356951236725 0.8711885865914085 0.022844711939493834 0.025944495385931333
0 0.22698253393173218 0.8732366340104923 0.022844711939493834 0.025944495385931333
0 0.25430601090192795 0.8752168826727844 0.022844711939493806 0.025944495385931333
0 0.2834450900554657 0.8773287157523427 0.022844711939493778 0.025944495385931333
0 0.31155017018318176 0.8793656105218932 0.022844711939493778 0.025944495385931333
0 0.3411515951156616 0.8815109517677536 0.022844711939493778 0.025944495385931333
0 0.3701638877391815 0.8831229034686743 0.024083852767944336 0.026780535084332497
0 0.4289073348045349 0.886771978333939 0.024060765902201298 0.026576197424600292
0 0.4593353867530823 0.8886472410828592 0.024060765902201298 0.026576197424600292
0 0.4899146109819412 0.8907175285871639 0.024537712335586548 0.027266982913941487
0 0.5203720331192017 0.8924474303689356 0.024537712335586548 0.027266982913941487
0 0.5517577528953552 0.8942300570245425 0.024537712335586548 0.027266982913941487
0 0.5826574563980103 0.8959850792291322 0.024537712335586548 0.027266982913941487
0 0.6140260696411133 0.8977667342784793 0.024537712335586548 0.027266982913941487
0 0.6457846164703369 0.899568424234467 0.02438124020894361 0.027113862739977096
0 0.11521682515740395 0.9019131327784339 0.021993187566598252 0.025369511094204215
0 0.1424747258424759 0.9038179828684608 0.021993187566598238 0.025369511094204215
0 0.1701771318912506 0.9057538961020456 0.021993187566598238 0.025369511094204215
0 0.19808083772659302 0.9077038766668234 0.021993187566598238 0.025369511094204215
0 0.22597955167293549 0.9096535083859466 0.021993187566598238 0.025369511094204215
0 0.2543512284755707 0.9116172790527344 0.02207462986310324 0.02539299070373073
0 0.2826947867870331 0.913595953653025 0.023819923400878906 0.026557449222535237
0 0.3399413526058197 0.917984089240128 0.023819923400878906 0.026557449222535237
0 0.36978843808174133 0.9202719654834433 0.023819923400878906 0.026557449222535237
0 0.399101585149765 0.9225189136100148 0.023819923400878906 0.026557449222535237
0 0.42848724126815796 0.9247714197912882 0.023819923400878906 0.026557449222535237
0 0.45873233675956726 0.9264379989269168 0.024632205565770504 0.026946134345476016
0 0.48893196880817413 0.9282974307757417 0.02463220556577045 0.026946134345476016
0 0.5190812945365906 0.9301537651969617 0.024632205565770393 0.026946134345476016
0 0.5506932735443115 0.9321001571422917 0.024632205565770393 0.026946134345476016
0 0.5813225507736206 0.9339860428211301 0.024632205565770393 0.026946134345476016
0 0.6451754570007324 0.9373754456985829 0.02495133876800537 0.027399107467296513
0 0.6763349771499634 0.9384000752996714 0.02495133876800537 0.027399107467296513
0 0.7083922624588013 0.9394542264323161 0.02495133876800537 0.027399107467296513
0 0.7399908900260925 0.940493295359057 0.02495133876800537 0.027399107467296513
0 0.8038361668586731 0.9425927423408801 0.02495133876800537 0.027399107467296513
0 0.8350710868835449 0.9410125253055999 0.02465287844340014 0.027703455252240904
0 0.8655028939247131 0.9405193271824491 0.02465287844340014 0.027703455252240904
0 0.8955680131912231 0.940032071845476 0.02465287844340014 0.027703455252240904
0 0.925351619720459 0.9395493788913244 0.02465287844340014 0.027703455252240904
0 0.0625242069363594 0.9323136972826581 0.022402202089627586 0.024770633194797612
0 0.08835748583078384 0.9342465705645148 0.022816280523935945 0.025093492611434218
0 0.11492924392223358 0.9366825902184774 0.02281628052393596 0.025093492611434218
0 0.1422451138496399 0.939186827829675 0.022816280523935972 0.025093492611434218
0 0.1693565547466278 0.9416723239961317 0.022816280523935972 0.025093492611434218
0 0.19772575795650482 0.944273128065952 0.022816280523935972 0.025093492611434218
0 0.22588472068309784 0.9468546579143385 0.022816280523935972 0.025093492611434218
0 0.25396642088890076 0.947243890096975 0.022587875525156648 0.025276657222777263
