0 0.8105924725532532 0.048103796881298684 0.021428704261779785 0.023089123326678607
0 0.8366367816925049 0.048464348149854085 0.020848512649536133 0.023242695387019667
0 0.11894494667649269 0.07607207741848258 0.020633009572823838 0.02252605349518532
0 0.1452886462211609 0.07570457894314422 0.020633009572823824 0.02252605349518532
0 0.17201849818229675 0.07533169358491726 0.020633009572823824 0.02252605349518532
0 0.19863446056842804 0.07510903824207395 0.020893911520640074 0.02266516057095787
0 0.22562068700790405 0.07483443167288836 0.020893911520640074 0.02266516057095787
0 0.25255654007196426 0.07456033769333188 0.020893911520640046 0.02266516057095787
0 0.27894875407218933 0.07429177567870314 0.02089391152064002 0.02266516057095787
0 0.306000292301178 0.07401650450950445 0.02089391152064002 0.02266516057095787
0 0.11642241105437279 0.13946838744626225 0.02069680392742157 0.022965978282366597
0 0.1705876737833023 0.1394019654278298 0.02096313238143921 0.022938935331595973
0 0.19739632308483124 0.1394960270371548 0.02096313238143921 0.022938935331595973
0 0.22399337589740753 0.1395893462328634 0.02096313238143921 0.022938935331595973
0 0.25129637867212296 0.13968514234521168 0.02096313238143921 0.022938935331595973
0 0.2787017524242401 0.13978129763935887 0.02096313238143921 0.022938935331595973
0 0.3329605758190155 0.1399716717306154 0.02096313238143921 0.022938935331595973
0 0.3593986928462982 0.1407282402647448 0.021002570788065555 0.022221853566724202
0 0.3869844377040863 0.1410519466843716 0.021002570788065555 0.022221853566724202
0 0.4137984812259674 0.14136659753280553 0.021002570788065555 0.022221853566724202
0 0.1149689108133316 0.2058334812359278 0.02145042518774669 0.025051220442897617
0 0.14252051711082458 0.2063561151194018 0.021450425187746702 0.025051220442897617
0 0.16936184465885162 0.20686527553286554 0.021450425187746702 0.025051220442897617
0 0.2235204577445984 0.2067004359045694 0.020836462577184023 0.024697252022203575
0 0.25047314912080765 0.20706842647130508 0.02083646257718405 0.024697252022203575
0 0.27728191018104553 0.2074412190636923 0.021451056003570557 0.024860766506934324
0 0.3049474060535431 0.20781647893172078 0.021451056003570557 0.024860766506934324
0 0.33122894167900085 0.2081729665087318 0.021451056003570557 0.024860766506934324
0 0.35872507095336914 0.20854592905711147 0.021451056003570557 0.024860766506934324
0 0.38628262281417847 0.20891972475273665 0.021451056003570557 0.024860766506934324
0 0.11423323303461075 0.2740257608659196 0.021527449289957673 0.023984110632608104
0 0.1420406699180603 0.2733683898002968 0.021099597215652466 0.024330449658770893
0 0.16827106475830078 0.2736169238423192 0.021131167809168516 0.02407079888868704
0 0.19574180245399475 0.2738464550824257 0.021131167809168516 0.02407079888868704
0 0.22304721176624298 0.27407460492428587 0.021131167809168516 0.02407079888868704
0 0.250332236289978 0.2743025844414231 0.02113116780916849 0.02407079888868704
0 0.27702027559280396 0.27452557585960213 0.02113116780916846 0.02407079888868704
0 0.30471113324165344 0.2745862491168371 0.021199146906534794 0.024464954701504994
0 0.33199790120124817 0.27468248855235966 0.021199146906534794 0.024464954701504994
0 0.11265835911035538 0.3413002102874046 0.021211827794710786 0.024694871532824583
0 0.13997593522071838 0.3414723152338072 0.021426002184549986 0.024532229401344478
0 0.1672419011592865 0.34151421873992793 0.021426002184549986 0.024532229401344478
0 0.19450326263904572 0.34080535737639556 0.021601438522338867 0.024780199509258447
0 0.22148236632347107 0.34113223053688224 0.021601438522338867 0.024780199509258447
0 0.27708667516708374 0.3418151062131572 0.02185533444086707 0.025299146193866553
0 0.30453938245773315 0.34214485523312593 0.02185533444086707 0.025299146193866553
0 0.3315858542919159 0.34246972474368126 0.02185533444086707 0.025299146193866553
0 0.386197566986084 0.34312569497456075 0.02185533444086707 0.025299146193866553
0 0.4135822653770447 0.34345462710358377 0.02185533444086707 0.025299146193866553
0 0.4672265350818634 0.3440989768638759 0.02185533444086707 0.025299146193866553
0 0.49334199726581573 0.3432501229529493 0.02106092373530072 0.025060239688370553
0 0.5187408924102783 0.34352048390507706 0.021060923735300774 0.025060239688370553
0 0.5447655916213989 0.3437975062880405 0.021060923735300774 0.025060239688370553
0 0.5717031955718994 0.34408424617222344 0.021060923735300774 0.025060239688370553
0 0.598527193069458 0.3437234745469204 0.022157510121663337 0.024869682252869098
0 0.6257801651954651 0.3435181279100096 0.022157510121663337 0.024869682252869098
0 0.653732419013977 0.34330751230121764 0.022157510121663337 0.024869682252869098
0 0.6800273656845093 0.3431093842276417 0.022157510121663337 0.024869682252869098
0 0.7071937918663025 0.34290468970010446 0.022157510121663337 0.024869682252869098
0 0.11150184273719788 0.4080698323804279 0.021542102098464966 0.02347520340320676
0 0.1384739726781845 0.40816300346477496 0.021542102098464966 0.02347520340320676
0 0.194220632314682 0.40835557174686543 0.021542102098464966 0.02347520340320676
0 0.221128448843956 0.4084485206703998 0.021542102098464966 0.02347520340320676
0 0.24896375834941864 0.4085446734761083 0.02174583077430725 0.023512699807337032
0 0.27644360065460205 0.4088607490217895 0.02174583077430725 0.023512699807337032
0 0.3035474717617035 0.4091725001139213 0.02174583077430725 0.023512699807337032
0 0.3311634659767151 0.4094901416907578 0.02174583077430725 0.023512699807337032
0 0.3579617738723755 0.40979837816815046 0.02174583077430725 0.023512699807337032
0 0.41265869140625 0.4101982395684662 0.02090809742609656 0.023561255876408067
0 0.43989628553390503 0.40973538779048624 0.02059606711069739 0.023487534633902615
0 0.46708765625953674 0.40993455398914425 0.02059606711069739 0.023487534633902615
0 0.4933876097202301 0.4103504003480423 0.02091751495997113 0.023039943488069228
0 0.5189745426177979 0.410227506778162 0.020917514959971184 0.023039943488069228
0 0.5451842546463013 0.41010162201152695 0.020917514959971184 0.023039943488069228
0 0.5727484822273254 0.40996923153151177 0.020917514959971184 0.023039943488069228
0 0.5985314249992371 0.4098453965297965 0.020917514959971184 0.023039943488069228
0 0.6253525614738464 0.41027015863462934 0.02115984757741285 0.02330114675122638
0 0.5435283780097961 0.44468773243039156 0.021155933539072747 0.023358396781507442
0 0.11035497486591339 0.4762734701467115 0.021880552172660828 0.023929536804672413
0 0.1654198169708252 0.47635493695672315 0.021880552172660828 0.023929536804672413
0 0.19226180016994476 0.47639464887928623 0.021880552172660828 0.023929536804672413
0 0.2203197032213211 0.4764361597194128 0.021880552172660828 0.023929536804672413
0 0.24740102887153625 0.47647622574207393 0.021880552172660828 0.023929536804672413
0 0.2756153345108032 0.4762565345189162 0.0217343966166178 0.02346494216327525
0 0.30289262533187866 0.47649064174918243 0.021435856819152832 0.023113309875015087
0 0.3579830527305603 0.47680894939868373 0.021435856819152832 0.023113309875015087
0 0.38506317138671875 0.4769654159451362 0.021435856819152832 0.023113309875015087
0 0.41209888458251953 0.47712162592074 0.021435856819152832 0.023113309875015087
0 0.43884435296058655 0.47727615888728653 0.021435856819152832 0.023113309875015087
0 0.46564576029777527 0.47737391994788275 0.02082969745000207 0.02294099792953615
0 0.492095410823822 0.47747039793709045 0.020829697450002016 0.02294099792953615
0 0.5185202956199646 0.4775667855905932 0.02082969745000196 0.02294099792953615
0 0.5446082949638367 0.47766194441761317 0.02082969745000196 0.02294099792953615
0 0.10916008055210114 0.5446368816287018 0.021937891840934753 0.02344158083893532
0 0.1368180811405182 0.5440369983052098 0.021653095881144224 0.023070401923601016
0 0.19176217913627625 0.5440998529437671 0.021653095881144224 0.023070401923601016
0 0.21940775215625763 0.5448770953472869 0.021289403239885984 0.02339379362357685
0 0.2467743530869484 0.5445435102595839 0.021289403239885957 0.02339379362357685
0 0.27392444014549255 0.5442125643669791 0.02128940323988593 0.02339379362357685
0 0.3021124005317688 0.5438689673210237 0.02128940323988593 0.02339379362357685
0 0.3293566405773163 0.5435368737509084 0.02128940323988593 0.02339379362357685
0 0.35707488656044006 0.5442468510117642 0.02107548713684082 0.02315580382827635
0 0.38459905982017517 0.5443047018781338 0.02107548713684082 0.02315580382827635
0 0.4113443195819855 0.5443609156082938 0.02107548713684082 0.02315580382827635
0 0.4391888976097107 0.5444194399079122 0.02107548713684082 0.02315580382827635
0 0.4658874273300171 0.5444755554199219 0.02107548713684082 0.02315580382827635
0 0.5181240439414978 0.5445175668442773 0.02098780870437622 0.023248450700626817
0 0.5451536178588867 0.5445393054440116 0.02098780870437622 0.023248450700626817
0 0.572355329990387 0.5445611824863179 0.02098780870437622 0.023248450700626817
0 0.5993577241897583 0.5445828992266988 0.02098780870437622 0.023248450700626817
0 0.6266617178916931 0.5446516355866157 0.02155768871307373 0.023557322893955856
0 0.6538189053535461 0.5446780233968563 0.02155768871307373 0.023557322893955856
0 0.6809116005897522 0.5447043485419695 0.02155768871307373 0.023557322893955856
0 0.7077826261520386 0.544744364636841 0.02174444993336988 0.024056900379269622
0 0.10742595046758652 0.6137189180099799 0.02149808406829834 0.023445484250090843
0 0.16274987161159515 0.6134666620298873 0.02149808406829834 0.023445484250090843
0 0.18905238807201385 0.6133467325865033 0.02149808406829834 0.023445484250090843
0 0.24544334411621094 0.6131377552830896 0.021716336409250886 0.02381036447924237
0 0.27287325263023376 0.6130172825577263 0.021716336409250858 0.02381036447924237
0 0.3008289635181427 0.6128945004974647 0.021716336409250858 0.02381036447924237
0 0.3291510045528412 0.6127701095076239 0.021716336409250858 0.02381036447924237
0 0.3568199574947357 0.6126485868941905 0.021716336409250858 0.02381036447924237
0 0.3843260407447815 0.6125652845515761 0.021728674570719364 0.024393983589586308
0 0.41174986958503723 0.6122478218965752 0.021764973799387577 0.023888521416242734
0 0.4656761884689331 0.6122620448983622 0.02113362153371179 0.023935510206592122
0 0.49265366792678833 0.6119355983308505 0.0208177963892619 0.023124428682549054
0 0.5187543034553528 0.6121070773102516 0.020817796389261956 0.023124428682549054
0 0.5449866056442261 0.6122794213285327 0.020817796389261956 0.023124428682549054
0 0.5720766186714172 0.6124574004348567 0.020817796389261956 0.023124428682549054
0 0.5995160341262817 0.6126376750857331 0.020817796389261956 0.023124428682549054
0 0.10579916089773178 0.6835511888001022 0.02184425542751947 0.025608742883963122
0 0.13355809822678566 0.6834911967432776 0.021844255427519485 0.025608742883963122
0 0.16091026365756989 0.683432083793695 0.0218442554275195 0.025608742883963122
0 0.1889403760433197 0.6837087095334565 0.02198783059914905 0.0249181939649951
0 0.21659986674785614 0.6833117285440135 0.02198783059914905 0.0249181939649951
0 0.2439209297299385 0.6829934539939679 0.021136621634165437 0.02394866943359375
0 0.27109453082084656 0.682899696882381 0.02113662163416541 0.02394866943359375
0 0.299828439950943 0.6821171960165334 0.02107093731562293 0.023532246434411336
0 0.32701438665390015 0.6828957848449383 0.020954539378484127 0.023203117902888808
0 0.35577675700187683 0.6826075176860011 0.020954539378484127 0.023203117902888808
0 0.41045117378234863 0.6820499508879906 0.020838578542073605 0.023365375607512718
0 0.43812596797943115 0.6820087346620649 0.020838578542073605 0.023365375607512718
0 0.4925736039876938 0.6819276454929513 0.02083857854207355 0.023365375607512718
0 0.5461649894714355 0.6818478315425373 0.020838578542073494 0.023365375607512718
0 0.5733379125595093 0.6818073627560638 0.020838578542073494 0.023365375607512718
0 0.6001534461975098 0.6816679396177875 0.021785904963811165 0.024214485819025612
0 0.6284918785095215 0.6817815913710483 0.021785904963811165 0.024214485819025612
0 0.10507601499557495 0.7539235492085301 0.021395544211069734 0.025036893149679048
0 0.13266831636428833 0.7541558579155972 0.021395544211069747 0.025036893149679048
0 0.18795736134052277 0.7546213546634684 0.02139554421106976 0.025036893149679048
0 0.2151670604944229 0.7548504421160032 0.02139554421106976 0.025036893149679048
0 0.24281738698482513 0.7550832393557526 0.021395544211069734 0.025036893149679048
0 0.2707889974117279 0.7540596141371616 0.021529853343963623 0.025856491207152346
0 0.2983458340167999 0.7538512419579905 0.021529853343963623 0.025856491207152346
0 0.3266024887561798 0.7536375780745588 0.021529853343963623 0.025856491207152346
0 0.35406801104545593 0.7533034612966139 0.02163686354955041 0.025597328363462936
0 0.3817262053489685 0.7531744054799238 0.02163686354955041 0.025597328363462936
0 0.409493625164032 0.7530448400064051 0.02163686354955041 0.025597328363462936
0 0.4369838535785675 0.752916567934841 0.02163686354955041 0.025597328363462936
0 0.4649200439453125 0.7527862149615621 0.02163686354955041 0.025597328363462936
0 0.4919172525405884 0.7521120781122252 0.021454036235809326 0.025534814642381273
0 0.5181376934051514 0.7520348069018241 0.020923813184102302 0.024292154829631454
0 0.5458903908729553 0.751953020156273 0.020923813184102302 0.024292154829631454
0 0.5726089477539062 0.7518742810061181 0.020923813184102302 0.024292154829631454
0 0.5996418595314026 0.7517946154572243 0.020923813184102302 0.024292154829631454
0 0.10401847958564758 0.8243792784035474 0.022180219491322845 0.02617195779963046
0 0.13040103018283844 0.8242334765057231 0.021964967250823975 0.026392323102137728
0 0.18709696829319 0.825689499938393 0.022046774625778198 0.026298582091812125
0 0.2148676961660385 0.8253865171334199 0.022318482398986816 0.026375526605650436
0 0.26983386278152466 0.8234629076580668 0.022318482398986816 0.026375526605650436
0 0.2973860502243042 0.8239916589804964 0.022318482398986816 0.026375526605650436
0 0.32585522532463074 0.8245380081229753 0.022318482398986816 0.026375526605650436
0 0.3541658818721771 0.8250813151514808 0.022318482398986816 0.026375526605650436
0 0.38162991404533386 0.8256083746947916 0.022318482398986816 0.026375526605650436
0 0.40884050726890564 0.8237674541962416 0.021674056847890255 0.02485970194025546
0 0.43584874272346497 0.8231184316235919 0.021674056847890255 0.02485970194025546
0 0.4911514073610306 0.8217894785441562 0.0216740568478902 0.02485970194025546
0 0.5182622671127319 0.822943084178667 0.022424350182215447 0.025121289630268894
0 0.5444936156272888 0.8228872729514075 0.022424350182215447 0.025121289630268894
0 0.5735277533531189 0.8228254983591479 0.022424350182215447 0.025121289630268894
0 0.601020872592926 0.8229716419405905 0.023578325907389397 0.026494344075520725
0 0.6292735934257507 0.8227505351221839 0.023578325907389397 0.026494344075520725
