0 0.16936135292053223 0.0617986889772637 0.023387789726257324 0.024455414261928824
0 0.19769470393657684 0.061704580173936 0.02288532257080078 0.024984847667605378
0 0.8799130916595459 0.08400450196377067 0.020344972610473633 0.02215620528819949
0 0.9053367972373962 0.08450000230656114 0.020740985870361328 0.021670474562534067
0 0.9310512542724609 0.08411934209424396 0.020251154899597168 0.020502046097156612
0 0.13951988518238068 0.13416692822478538 0.02246508995691937 0.02488956894985465
0 0.16787885129451752 0.13344311436051476 0.02246508995691937 0.02488956894985465
0 0.19606907665729523 0.13272360731382596 0.02246508995691937 0.02488956894985465
0 0.22487691044807434 0.13198833687360897 0.02246508995691937 0.02488956894985465
0 0.25436223298311234 0.1314449621700806 0.022765278816223145 0.025077413218890034
0 0.28409329056739807 0.13166113474721067 0.02254476149876916 0.02505366746769395
0 0.34351062774658203 0.13346622202708805 0.022296229998270634 0.024405035861702853
0 0.4026748836040497 0.1348626310247427 0.02234639724095666 0.024323988330456625
0 0.4317134618759155 0.13586421345555505 0.02234639724095666 0.024323988330456625
0 0.4602985084056854 0.13685015292270553 0.02234639724095666 0.024323988330456625
0 0.48956334590911865 0.13785953936062267 0.022346397240956606 0.024323988330456625
0 0.5472636818885803 0.13984970713770667 0.02234639724095655 0.024323988330456625
0 0.6043639183044434 0.14181917661565177 0.02234639724095655 0.024323988330456625
0 0.6326417326927185 0.14330990763695092 0.021785855293273926 0.024143026780712527
0 0.6882001161575317 0.14556157705773878 0.021785855293273926 0.024143026780712527
0 0.7155808210372925 0.14667126189830693 0.021785855293273926 0.024143026780712527
0 0.7428012490272522 0.1477925813111144 0.021902640660603767 0.02440882098767183
0 0.7701033353805542 0.14821407406829123 0.02145143349965406 0.02426851997079774
0 0.13945457339286804 0.16872559587367938 0.02228251596291858 0.024952969809835256
0 0.1957315355539322 0.16781949748380268 0.022465810179710388 0.025018795516139763
0 0.2246716320514679 0.1678600311279297 0.022465810179710388 0.025018795516139763
0 0.2542370930314064 0.16790144066068347 0.022465810179710388 0.025018795516139763
0 0.2832871675491333 0.1679421283405765 0.022465810179710388 0.025018795516139763
0 0.3134501278400421 0.16794446614175645 0.022542913754781124 0.024943588315978517
0 0.3429999351501465 0.16873774417611057 0.022542913754781124 0.024943588315978517
0 0.3727429211139679 0.16964977678391302 0.02199505766232812 0.024768866309823903
0 0.4024125039577484 0.17048973260923875 0.02199505766232812 0.024768866309823903
0 0.43185359239578247 0.1713232196814252 0.02199505766232812 0.024768866309823903
0 0.46045494079589844 0.17213293343194674 0.02199505766232812 0.024768866309823903
0 0.4896513670682907 0.17295949403629746 0.021995057662328066 0.024768866309823903
0 0.5187789797782898 0.17378410650565423 0.02199505766232801 0.024768866309823924
0 0.5473116636276245 0.17471801775079318 0.02178816994031263 0.024670438248981786
0 0.6048370003700256 0.17647242546081543 0.02178816994031263 0.024670438248981807
0 0.6324670910835266 0.17731508796261788 0.02178816994031263 0.024670438248981807
0 0.660237193107605 0.17879371864851132 0.021461884180704827 0.024541396503300623
0 0.6885694265365601 0.17968336674982005 0.02086925506591797 0.024022867513257384
0 0.7156654596328735 0.18056725346764854 0.02086925506591797 0.024022867513257405
0 0.13899709284305573 0.20566015465315 0.0221426437298457 0.024867700975994732
0 0.1665724217891693 0.20408496996389622 0.022045681873957335 0.025001658949741098
0 0.1959868222475052 0.20390619233597157 0.022045681873957335 0.025001658949741098
0 0.22447113692760468 0.20271539108267445 0.02209725479284924 0.024769524271173966
0 0.25366582721471786 0.2032538791035497 0.02200653652350107 0.024930318196614554
0 0.2832864224910736 0.20380661414610207 0.02200653652350104 0.024930318196614554
0 0.31314241886138916 0.20436374189016746 0.02200653652350104 0.024930318196614554
0 0.37241411209106445 0.2054697811703978 0.02200653652350104 0.024930318196614554
0 0.40232062339782715 0.20602785154830577 0.02200653652350104 0.024930318196614554
0 0.43156883120536804 0.2060592119083848 0.021900395552317264 0.02516013152839599
0 0.46032631397247314 0.20698348059094956 0.021900395552317264 0.02516013152839599
0 0.4887145459651947 0.20788727250210073 0.02165253957112634 0.02478862732879878
0 0.5184730887413025 0.2088530422568955 0.021652539571126228 0.02478862732879878
0 0.5467724204063416 0.20977145546041243 0.021652539571126228 0.02478862732879878
0 0.6043974161148071 0.21164158997587312 0.021652539571126228 0.02478862732879878
0 0.6605697870254517 0.2134645816891693 0.021652539571126228 0.02478862732879878
0 0.6882784962654114 0.2142169303501704 0.020946860313415527 0.02370676144148955
0 0.7160554528236389 0.21517251216012184 0.020946860313415527 0.02370676144148955
0 0.7421630024909973 0.21607066309729286 0.020946860313415527 0.02370676144148955
0 0.7976235747337341 0.21784206976855866 0.02065742015838623 0.023690985154735923
0 0.8250172138214111 0.21915374868895043 0.021059592564900642 0.023841207341630356
0 0.8523662090301514 0.220151612924975 0.021059592564900642 0.023841207341630356
0 0.8784999251365662 0.22111937409627339 0.02131764094034838 0.023533074430717026
0 0.19540473818778992 0.23925080410269803 0.02204685409863788 0.024858726087466664
0 0.22395038604736328 0.23938516823716674 0.02204685409863788 0.024858726087466664
0 0.25358346104621887 0.23952465088241812 0.022046854098637908 0.024858726087466664
0 0.2830008864402771 0.23966311846671734 0.022046854098637936 0.024858726087466664
0 0.3127666115760803 0.23980322549509447 0.022046854098637936 0.024858726087466664
0 0.3424931466579437 0.24000267598738104 0.02229211727778113 0.024739124978235553
0 0.3723999261856079 0.24124444917190907 0.021776894728342655 0.024778292160625635
0 0.4022339880466461 0.24191918471830337 0.021776894728342655 0.024778292160625635
0 0.43140724301338196 0.24257897526984698 0.021776894728342655 0.024778292160625635
0 0.46014365553855896 0.2432288860696871 0.021776894728342655 0.024778292160625635
0 0.48970234394073486 0.24389739369237146 0.02177689472834271 0.024778292160625635
0 0.546995222568512 0.24521266689429658 0.02159617344538378 0.024235998937325857
0 0.5753222107887268 0.24585757144661838 0.02159617344538378 0.024235998937325857
0 0.6039794683456421 0.24650999505451623 0.02159617344538378 0.024235998937325857
0 0.6318019032478333 0.24742605873584508 0.021210630734761482 0.0240148056385129
0 0.6602232456207275 0.24821534267691678 0.021210630734761482 0.0240148056385129
0 0.6881186962127686 0.24899002217278246 0.021210630734761482 0.0240148056385129
0 0.4895443469285965 0.3150184099064317 0.021947771310806274 0.024603156156318133
0 0.5179905295372009 0.31552748759477006 0.021947771310806274 0.024603156156318133
0 0.5471940636634827 0.3160501189737806 0.021947771310806274 0.024603156156318133
0 0.5757573843002319 0.3165612929840545 0.021947771310806274 0.024603156156318133
0 0.6047434210777283 0.31708003199377727 0.021947771310806274 0.024603156156318133
0 0.6323191523551941 0.3173860062000363 0.021728515625 0.02423412115998973
0 0.13698646426200867 0.34905043313669604 0.022456824779510498 0.02586434238640834
0 0.16479669511318207 0.34794155341069966 0.022650579611460386 0.02543211352917578
0 0.22265993058681488 0.34767761795659036 0.022860070069630922 0.025558930034785335
0 0.2520838677883148 0.347889035247093 0.02286007006963095 0.025558930034785335
0 0.28196394443511963 0.3481037299972013 0.022860070069630978 0.025558930034785335
0 0.31151264905929565 0.3483160437683573 0.022860070069630978 0.025558930034785335
0 0.341591477394104 0.34853216659191044 0.022860070069630978 0.025558930034785335
0 0.4012863337993622 0.3492796920066656 0.021948158740997314 0.025167938350707034
0 0.4303615689277649 0.34986640261570184 0.021948158740997314 0.025167938350707034
0 0.48929642140865326 0.3510556519215053 0.021948158740997314 0.025167938350707034
0 0.5177846550941467 0.35164400588634404 0.021375060081481934 0.025060121403184046
0 0.5467731952667236 0.35203872784231527 0.021375060081481934 0.025060121403184046
0 0.5754583477973938 0.3524293187257069 0.021375060081481934 0.025060121403184046
0 0.6038955450057983 0.35281653332974067 0.021375060081481934 0.025060121403184046
0 0.6319681406021118 0.3531987833422284 0.021375060081481934 0.025060121403184046
0 0.687949001789093 0.3537299751110301 0.021579106648762947 0.024590795354325668
0 0.7164541482925415 0.35443354761877727 0.021579106648762947 0.024590795354325668
0 0.743884265422821 0.3551105859316593 0.021579106648762947 0.024590795354325668
0 0.7708504796028137 0.35577617405388723 0.021579106648762947 0.024590795354325668
0 0.7978859543800354 0.3564434716867846 0.021579106648762947 0.024590795354325668
0 0.13683739304542542 0.38531032828397527 0.021663973728815733 0.025034911872804683
0 0.1647111177444458 0.3846658329631007 0.02189249793688458 0.02528064934782281
0 0.1930239051580429 0.3838538414628223 0.02195794383684796 0.025350740713666563
0 0.22235874831676483 0.3840779592824537 0.02195794383684796 0.025350740713666563
0 0.2519630193710327 0.38368992452103134 0.022051215171813965 0.024990052215812728
0 0.28177937865257263 0.38405600259470385 0.022051215171813965 0.024990052215812728
0 0.311781108379364 0.3844243566020299 0.022051215171813965 0.024990052215812728
0 0.3414784073829651 0.3847889728823027 0.022051215171813965 0.024990052215812686
0 0.4018034338951111 0.38552962901980375 0.022051215171813965 0.024990052215812686
0 0.4305303394794464 0.38588233104353464 0.022051215171813965 0.024990052215812686
0 0.4593701958656311 0.3865349348201308 0.021609246730804443 0.024761643520621365
0 0.48869940638542175 0.3869218416767204 0.021609246730804443 0.024761643520621365
0 0.5176676511764526 0.38730398672373595 0.021609246730804443 0.024761643520621365
0 0.5467696189880371 0.3876878958261971 0.021609246730804443 0.024761643520621365
0 0.604174017906189 0.388445166654365 0.021609246730804443 0.024761643520621365
0 0.631942868232727 0.38877410313241917 0.021437764167785645 0.02462049972179324
0 0.6598725914955139 0.3891299935274346 0.021437764167785645 0.02462049972179324
0 0.6879904866218567 0.38945750526109674 0.021482110023498535 0.024607991063317586
0 0.7158310413360596 0.3903172958728879 0.021220485369364495 0.02430059743482013
0 0.13669323921203613 0.4211232384970022 0.02206820249557495 0.025263143140216205
0 0.19330155849456787 0.42032831768656886 0.021914750337600708 0.02477421132169023
0 0.2226719707250595 0.4204442413466007 0.021914750337600708 0.02477421132169023
0 0.25151753425598145 0.4202794860447403 0.021824200948079436 0.02522079704343805
0 0.28195133805274963 0.420540077741756 0.021824200948079464 0.02522079704343805
0 0.3418715298175812 0.4209147164987963 0.021761874357859257 0.0247394650481468
0 0.37208348512649536 0.42128761074652726 0.021761874357859257 0.0247394650481468
0 0.4014045298099518 0.42190197855863065 0.021490732828776005 0.024594181267790147
0 0.43054595589637756 0.4221169671346975 0.021490732828776005 0.024594181267790147
0 0.4595794975757599 0.4223311598020472 0.021490732828776005 0.024594181267790147
0 0.4887691140174866 0.4225465038986653 0.021490732828776005 0.024594181267790147
0 0.517715573310852 0.42276005412256995 0.021490732828776116 0.024594181267790147
0 0.5748969912528992 0.42318190553040375 0.021490732828776116 0.024594181267790147
0 0.6033191084861755 0.42371711951301216 0.021402517954508538 0.024371509404145526
0 0.6317516565322876 0.42400825855343843 0.021402517954508538 0.024371509404145526
0 0.6594482660293579 0.4243114172530156 0.021383364995320564 0.0245100805001666
0 0.1358233541250229 0.4569063851999682 0.022039512793223068 0.025250545767850654
0 0.1930169314146042 0.45696934343722806 0.02203951279322308 0.025250545767850654
0 0.22181983292102814 0.4570010494432649 0.02203951279322308 0.025250545767850654
0 0.2517010271549225 0.45703394242540285 0.022039512793223054 0.025250545767850654
0 0.2815721035003662 0.4570668242698492 0.02189004421234131 0.025315720905629183
0 0.3115804195404053 0.45717763411911316 0.02189004421234131 0.025315720905629183
0 0.3410654664039612 0.45728651172471185 0.02189004421234131 0.025315720905629183
0 0.3717310130596161 0.45739974848874676 0.02189004421234131 0.025315720905629183
0 0.4012983441352844 0.4575089299401572 0.02189004421234131 0.025315720905629183
0 0.45904576778411865 0.45804921138989757 0.021272579828898075 0.024419237476910785
0 0.4885791540145874 0.458132499872252 0.021272579828898075 0.024419237476910785
0 0.5170300602912903 0.4582127356023136 0.021272579828898186 0.024419237476910785
0 0.546112596988678 0.4582947526228355 0.021272579828898186 0.024419237476910785
0 0.5749763250350952 0.45837615257085756 0.021272579828898186 0.024419237476910785
0 0.6035276651382446 0.4584566715390457 0.021272579828898186 0.024419237476910785
0 0.6311565637588501 0.45978031602016717 0.02102506160736084 0.024434052696523795
0 0.19222915172576904 0.49334792203681416 0.02203160524368286 0.025672735169876452
0 0.2208223193883896 0.49334722380777524 0.02203160524368286 0.025672735169876452
0 0.2813531160354614 0.4933457456798367 0.02203160524368286 0.025672735169876452
0 0.3111415505409241 0.49334501826305516 0.02203160524368286 0.025672735169876452
0 0.34117892384529114 0.49334428476732833 0.02203160524368286 0.025672735169876452
0 0.3709189295768738 0.49345348998968624 0.0216044386227926 0.02484689756881359
0 0.40072646737098694 0.4933405484355932 0.02142896254857385 0.024736448775890263
0 0.4300282299518585 0.493554669757222 0.021326522032419803 0.02467050478439917
0 0.4885644018650055 0.49385039217493226 0.021326522032419803 0.02467050478439917
0 0.5172300934791565 0.49399521011147335 0.021326522032419915 0.02467050478439917
0 0.5460762977600098 0.49401959222766795 0.02128545443216967 0.024465605270030888
0 0.5746723413467407 0.49428540606831395 0.02128545443216967 0.024465605270030888
0 0.6030318140983582 0.4945490208704086 0.02128545443216967 0.024465605270030888
0 0.6317260265350342 0.4948157472372562 0.02128545443216967 0.024465605270030888
0 0.6599125266075134 0.49507775417594024 0.02128545443216967 0.024465605270030888
0 0.7166467308998108 0.4956051256178389 0.02128545443216967 0.024465605270030888
0 0.744077742099762 0.4951457090156023 0.0212747255961101 0.024447448493898433
0 0.7715281248092651 0.49517692110268646 0.0212747255961101 0.024447448493898433
0 0.7987441420555115 0.494862030637021 0.021932641665140862 0.024754605552022715
0 0.8257949948310852 0.4947216566218886 0.021932641665140862 0.024754605552022715
0 0.8533285856246948 0.49457877755176194 0.021932641665140862 0.024754605552022715
0 0.19202135503292084 0.5301062753366182 0.022304375966389955 0.025365134542302513
0 0.2510647773742676 0.530134822047034 0.022304375966389983 0.025365134542302513
0 0.28094834089279175 0.5301492703530455 0.02230437596639001 0.025365134542302513
0 0.31107616424560547 0.5301638367554422 0.02230437596639001 0.025365134542302513
0 0.3413407504558563 0.5301784692808639 0.02230437596639001 0.025365134542302513
0 0.37085452675819397 0.5301927387996683 0.02230437596639001 0.025365134542302513
0 0.39999961853027344 0.5300657582837481 0.022079547246297238 0.025618619697038516
0 0.45901235938072205 0.530359717883662 0.021753211816151974 0.025246908498364827
0 0.48815226554870605 0.5308117064507348 0.021204431851704952 0.024894448213799054
0 0.5171708464622498 0.5306298455526662 0.02120443185170484 0.024894448213799054
0 0.5748357772827148 0.5302684565468662 0.02120443185170484 0.024894448213799054
0 0.6034865975379944 0.5300889004232379 0.02120443185170484 0.024894448213799054
0 0.6321214437484741 0.5299094444097474 0.02120443185170484 0.024894448213799054
0 0.6603560447692871 0.5297324967528805 0.02120443185170484 0.024894448213799054
0 0.6883320808410645 0.5301957648198783 0.021171530087788826 0.02498467023982558
0 0.7169144749641418 0.5298493418281989 0.021165331204732185 0.02462561555611065
0 0.7445759177207947 0.5298297349796739 0.021165331204732185 0.02462561555611065
0 0.1913018673658371 0.5666746095169423 0.022234867016474424 0.025582365287366817
0 0.21983516216278076 0.5675914135387297 0.022221108277638735 0.02502547862917878
0 0.28036126494407654 0.5671010128287381 0.02222110827763879 0.02502547862917878
0 0.31057417392730713 0.5668562187426258 0.02222110827763879 0.02502547862917878
0 0.34054309129714966 0.5660427609407113 0.02158111333847046 0.02516777570857558
0 0.40038663148880005 0.5663573130190369 0.021705905596415165 0.025114192519077035
0 0.4299910366535187 0.5663018337515897 0.021705905596415165 0.025114192519077035
0 0.48819515109062195 0.5661927580375729 0.021705905596415165 0.025114192519077035
0 0.5174345970153809 0.5662962891334711 0.021795034408569336 0.024936173313347923
0 0.5466338396072388 0.5660815975639326 0.021795034408569336 0.024936173313347923
0 0.5750352740287781 0.5658727719920389 0.021795034408569336 0.024936173313347923
0 0.6037647724151611 0.5656615342833474 0.021795034408569336 0.024936173313347923
0 0.6324799060821533 0.5654504021932912 0.02144523461659742 0.024822057679642077
0 0.6896271705627441 0.5652653509826343 0.02144523461659742 0.024822057679642077
0 0.7169275879859924 0.5651769482333246 0.02144523461659742 0.024822057679642077
0 0.7453902959823608 0.565084781816941 0.02144523461659742 0.024822057679642077
0 0.7728047966957092 0.5649960096492324 0.02144523461659742 0.024822057679642077
0 0.7996787428855896 0.5653391993323038 0.02136429150899244 0.02482959836028343
0 0.1912088841199875 0.603463962932969 0.022668148080507933 0.02559206467266225
0 0.2505383715033531 0.6033235594283702 0.022600874304771423 0.025628555652707122
0 0.2802428603172302 0.6031129526537519 0.02259526650110877 0.025590379108754183
0 0.34034982323646545 0.6030710930367732 0.02259526650110877 0.025590379108754183
0 0.3707601726055145 0.6030499146987744 0.02259526650110877 0.025590379108754183
0 0.39989495277404785 0.6030296246911051 0.02259526650110877 0.025590379108754183
0 0.4294116795063019 0.603009068688681 0.02259526650110877 0.025590379108754183
0 0.4587934613227844 0.6019641215675644 0.021645108858744266 0.025136282277661702
0 0.5176581740379333 0.6019702290379724 0.021645108858744377 0.025136282277661702
0 0.5464019775390625 0.6019645069920739 0.02143947283426928 0.0251102299653283
0 0.5752109289169312 0.6017300098031594 0.02143947283426928 0.0251102299653283
0 0.6044445037841797 0.6014920562921697 0.02143947283426928 0.0251102299653283
0 0.6326864957809448 0.6012621740015677 0.02143947283426928 0.0251102299653283
0 0.6608128547668457 0.601033232932867 0.02143947283426928 0.0251102299653283
0 0.6894099116325378 0.6007347768327597 0.021454215049743652 0.025085035220597195
0 0.45746248960494995 0.6764950863150663 0.022607048352559445 0.02584900966910429
0 0.48700883984565735 0.6749846436256586 0.022577881813049316 0.026063963424327763
0 0.5168660879135132 0.6746239715816252 0.022577881813049316 0.026063963424327763
0 0.5458860397338867 0.6742734139777558 0.022577881813049316 0.026063963424327763
0 0.575210452079773 0.673919178526557 0.022577881813049316 0.026063963424327763
0 0.604060173034668 0.6735706772915152 0.022577881813049316 0.026063963424327763
0 0.6333184242248535 0.6736225749171058 0.022647301355997795 0.025377465772998372
0 0.6617146730422974 0.6723207872967387 0.02235964934031176 0.025805953861206946
0 0.13254643976688385 0.7125668193018714 0.022610028584798172 0.02594201139701435
0 0.16023653745651245 0.7134125731712164 0.022332027554512024 0.025550753571266353
0 0.18945904076099396 0.7139092378838118 0.02213938534259796 0.025801399881525612
0 0.21851031482219696 0.7141365952378221 0.02213938534259796 0.025801399881525612
0 0.24885166436433792 0.7143740488150552 0.02213938534259796 0.025801399881525612
0 0.27855294942855835 0.7146064932017862 0.02213938534259796 0.025801399881525612
0 0.30852341651916504 0.7148410442263581 0.02213938534259796 0.025801399881525612
0 0.3687403202056885 0.7151852612219409 0.02223069469134009 0.02594343081925272
0 0.3980933427810669 0.7136866380544443 0.02230304479598999 0.026077477506888984
0 0.4580698311328888 0.7129136416792925 0.02230304479598999 0.026077477506888984
0 0.4873027503490448 0.7125368783640307 0.02230304479598999 0.026077477506888984
0 0.5170795917510986 0.7119464442048671 0.02226080497105909 0.02576591432556631
0 0.5464662909507751 0.7113637460335507 0.02226080497105909 0.02576591432556631
0 0.5755552053451538 0.7107869525288426 0.02226080497105909 0.02576591432556631
0 0.6052406430244446 0.7101983307808567 0.02226080497105909 0.02576591432556631
0 0.13242533802986145 0.7497926658638655 0.022130245963732406 0.025463976601297515
0 0.16020533442497253 0.7514939098984968 0.022161627809206663 0.02564875284830732
0 0.21908849477767944 0.7519063014477549 0.022259369492530823 0.025759586068086846
0 0.24835307151079178 0.7518722401108853 0.022259369492530823 0.025759586068086846
0 0.27860090136528015 0.7518370343557622 0.022259369492530823 0.025759586068086846
0 0.30833855271339417 0.7518448275189067 0.022369563579559326 0.025979049446046787
0 0.3386934995651245 0.7513435250182181 0.022369563579559326 0.025979049446046787
0 0.36904317140579224 0.7508423096326954 0.022369563579559326 0.025979049446046787
0 0.42819884419441223 0.7499051870301713 0.022587815920511845 0.0260544266811637
0 0.4579114317893982 0.7495107924115502 0.022587815920511845 0.0260544266811637
0 0.48768800497055054 0.7491155484703728 0.022587815920511845 0.0260544266811637
0 0.5173082947731018 0.7487223789807491 0.022587815920511956 0.0260544266811637
0 0.5456823110580444 0.7483457520950673 0.022587815920511956 0.0260544266811637
0 0.5750662088394165 0.7477102679445792 0.022528747717539543 0.025749664898066585
0 0.6047054529190063 0.7471653472545535 0.022528747717539543 0.025749664898066585
0 0.13211509585380554 0.7857397212538608 0.02211502194404602 0.025846969249636628
0 0.15973427891731262 0.7867485094657027 0.02211502194404602 0.025846969249636628
0 0.18870848417282104 0.7878067897429303 0.02211502194404602 0.025846969249636628
0 0.21815988421440125 0.7888824995173964 0.02211502194404602 0.025846969249636628
0 0.2480873316526413 0.7899755968808049 0.02211502194404602 0.025846969249636628
0 0.2778139114379883 0.7896541497347502 0.02267567316691077 0.026074549948522176
0 0.30822569131851196 0.7892008049543514 0.02267567316691077 0.026074549948522176
0 0.33834996819496155 0.7887598082076671 0.02275814612706506 0.02588139023891715
0 0.36831340193748474 0.7883124543937045 0.02275814612706506 0.02588139023891715
0 0.39808887243270874 0.7878679068694443 0.02275814612706506 0.02588139023891715
0 0.4281897246837616 0.7874185013983043 0.02275814612706506 0.02588139023891715
0 0.4579979181289673 0.7869734653206759 0.02275814612706506 0.02588139023891715
0 0.4878537058830261 0.7862324829595526 0.02222198247909546 0.02548495743625837
0 0.5170454978942871 0.7855079801211713 0.02222198247909546 0.02548495743625837
0 0.5462445616722107 0.7847832968068678 0.02222198247909546 0.02548495743625837
0 0.5756832957267761 0.7840526651836821 0.02222198247909546 0.02548495743625837
0 0.13088582456111908 0.8245338847674918 0.022235373655955 0.025681369988493106
0 0.18826967477798462 0.8255269899420679 0.022175530592600523 0.0257770627043968
0 0.21747662127017975 0.82591034645258 0.022175530592600523 0.0257770627043968
0 0.24724212288856506 0.8263010342924442 0.022175530592600495 0.0257770627043968
0 0.2776956260204315 0.8267007525134716 0.022175530592600468 0.0257770627043968
0 0.30788344144821167 0.827096983443859 0.022175530592600468 0.0257770627043968
0 0.33800753951072693 0.8274923780503666 0.022175530592600468 0.0257770627043968
0 0.3678464889526367 0.826464904447757 0.02246006329854333 0.025616194850714744
0 0.42749717831611633 0.8246979824332303 0.02246006329854333 0.025616194850714744
0 0.45746129751205444 0.8238104107652722 0.02246006329854333 0.025616194850714744
0 0.48732590675354004 0.8229257866965966 0.02246006329854333 0.025616194850714744
0 0.5465914011001587 0.8211702746014262 0.022770841916402107 0.025018085805020702
0 0.5755465030670166 0.8202438723591932 0.022770841916402107 0.025018085805020702
0 0.6042578220367432 0.8193252698171792 0.022770841916402107 0.025018085805020702
0 0.6329931020736694 0.8184059006542636 0.022770841916402107 0.025018085805020702
0 0.6622167825698853 0.817470905392669 0.022770841916402107 0.025018085805020702
0 0.6907225251197815 0.8166694764704434 0.022716522216796875 0.025225617164789244
0 0.7181686758995056 0.8153281100960665 0.022854526837666755 0.024906897729681333
0 0.18769317865371704 0.8622870334359103 0.022490769624710083 0.02537719963132884
0 0.21691158413887024 0.8628190906280655 0.022490769624710083 0.02537719963132884
0 0.24698658287525177 0.8633667460909854 0.022490769624710083 0.02537719963132884
0 0.27739307284355164 0.8639204378961065 0.022490769624710083 0.02537719963132884
0 0.3079926371574402 0.8644776455191678 0.022490769624710083 0.02537719963132884
0 0.36781710386276245 0.8656590044191821 0.022586792707443237 0.025333374969719102
0 0.3972703218460083 0.8620617359047525 0.022899528344472286 0.025720463242641715
0 0.4276618957519531 0.8613786417109787 0.022851109504699707 0.025663627210513455
0 0.4577111005783081 0.8604261708814044 0.022851109504699707 0.025663627210513455
0 0.48687559366226196 0.8595566819497854 0.02239958445231116 0.025452488152555606
0 0.5175872445106506 0.8585376295932504 0.022399584452311272 0.025452488152555606
0 0.5455460548400879 0.8576099200509407 0.022399584452311272 0.025452488152555606
0 0.5750976800918579 0.8566293588463048 0.022399584452311272 0.025452488152555606
0 0.604351282119751 0.8556586864382721 0.022399584452311272 0.025452488152555606
0 0.6325578093528748 0.8547227573282258 0.022399584452311272 0.025452488152555606
0 0.6621667146682739 0.8534853735635447 0.022465308507283455 0.02521514892578125
0 0.18742620944976807 0.8996414361998092 0.022884766260782896 0.025716618974079567
0 0.2170393466949463 0.9000827009315077 0.022884766260782896 0.025716618974079567
0 0.2470826730132103 0.9005303759014845 0.02288476626078287 0.025716618974079567
0 0.27738451957702637 0.9016410774854744 0.022995491822560665 0.025139860404554154
0 0.3381074070930481 0.9006712058212031 0.02343982458114624 0.025397544683412064
0 0.36843860149383545 0.8997258031091024 0.02337668339411414 0.025596382081970577
0 0.3980349600315094 0.8987531166476767 0.02337668339411414 0.025596382081970577
0 0.4277550280094147 0.8977763644665607 0.02337668339411414 0.025596382081970577
0 0.4576297402381897 0.8967945298909683 0.02337668339411414 0.025596382081970577
0 0.5170208811759949 0.8948426357535428 0.02337668339411425 0.025596382081970577
0 0.5464857816696167 0.8938604842784793 0.022402366002400642 0.02508911605953235
0 0.5755072832107544 0.8926980230645023 0.022402366002400642 0.02508911605953235
0 0.6047762632369995 0.8915256490574253 0.022402366002400642 0.02508911605953235
0 0.6332953572273254 0.89038331186393 0.022402366002400642 0.02508911605953235
0 0.6621643900871277 0.8892269578090933 0.022402366002400642 0.02508911605953235
0 0.6911150217056274 0.8879938488736626 0.02253957589467359 0.025180077367974917
0 0.7189251184463501 0.8868270696595658 0.022581140200297112 0.025027726047722756
