0 0.16680918633937836 0.10641002655029297 0.021388580401738466 0.022833922112634925
0 0.19291257858276367 0.1061307299474148 0.021388580401738466 0.022833922112634925
0 0.8242038488388062 0.09937614780095734 0.02138858040173841 0.022833922112634936
0 0.8499995470046997 0.09910014341043871 0.02138858040173841 0.022833922112634936
0 0.8754516243934631 0.09882781563462349 0.02138858040173841 0.022833922112634936
0 0.19357015192508698 0.13868982847346817 0.02031665047009784 0.022338490153467932
0 0.2193881869316101 0.13850255345189294 0.02046587069829303 0.022174376849980332
0 0.2732998728752136 0.13773682593070702 0.020465870698293087 0.022174376849980332
0 0.299445778131485 0.13738767490830534 0.020568867524464962 0.022010337474734284
0 0.3261410892009735 0.13701706447900108 0.020568867524464962 0.022010337474734284
0 0.3523782789707184 0.136652814137846 0.020568867524464962 0.022010337474734284
0 0.37808704376220703 0.1362958999092965 0.020568867524464962 0.022010337474734284
0 0.40540194511413574 0.13591668772142987 0.020568867524464962 0.022010337474734284
0 0.45735180377960205 0.13543019860325875 0.020553231239318848 0.021932254465975517
0 0.48422718048095703 0.13512721172598904 0.020553231239318848 0.021932254465975517
0 0.5102885365486145 0.13538591198824884 0.020501136779785156 0.021923538326293013
0 0.5363150238990784 0.1352542056593784 0.020501136779785156 0.021923538326293013
0 0.562634289264679 0.13533587064461872 0.020219524701436287 0.02204981515573901
0 0.5887022018432617 0.13524514575337254 0.020219524701436287 0.02204981515573901
0 0.6148074865341187 0.13518039570298307 0.02028890450795484 0.02202310488205546
0 0.6409215927124023 0.1350461318215843 0.02028890450795484 0.02202310488205546
0 0.6668165922164917 0.13491299446208585 0.02028890450795484 0.02202310488205546
0 0.6928029656410217 0.13477938730985806 0.02028890450795484 0.02202310488205546
0 0.7185600399971008 0.13464695908302485 0.02028890450795484 0.02202310488205546
0 0.19388413429260254 0.17063441986180897 0.019624491532643618 0.021770750829415743
0 0.22043225169181824 0.1703277964924657 0.019624491532643618 0.021770750829415743
0 0.24645216763019562 0.1702622129131348 0.019886215527852386 0.02163033892017928
0 0.27313026785850525 0.16977198179378067 0.019886215527852413 0.02163033892017928
0 0.3000625669956207 0.16927707956911783 0.019886215527852413 0.02163033892017928
0 0.3265772759914398 0.16878985089244558 0.019886215527852413 0.02163033892017928
0 0.35270562767982483 0.16830972183582393 0.019886215527852413 0.02163033892017928
0 0.3791729509830475 0.1678233639086025 0.019886215527852413 0.02163033892017928
0 0.43235546350479126 0.16717647165263524 0.019850313663482666 0.02184581756591797
0 0.4583134055137634 0.16688699848034905 0.019850313663482666 0.02184581756591797
0 0.48473209142684937 0.16659238726593728 0.019850313663482666 0.02184581756591797
0 0.5113528966903687 0.16629552209281298 0.019850313663482666 0.02184581756591797
0 0.5374417304992676 0.1660314826078193 0.019681354363759285 0.021545927653941088
0 0.5635297298431396 0.16574215856000943 0.019652605056762695 0.021577554155689814
0 0.5897520780563354 0.16555561856750106 0.019547561804453606 0.0216626159904539
0 0.14083677530288696 0.20298039635946585 0.020131438970565796 0.022250094155008452
0 0.19397221505641937 0.2022491556802145 0.020131438970565796 0.022250094155008452
0 0.2205391228199005 0.20218744943308276 0.019730523228645325 0.021818634151488284
0 0.24727817624807358 0.2016955862177365 0.019730523228645325 0.021818634151488284
0 0.27395763993263245 0.2012048191519968 0.019730523228645325 0.021818634151488284
0 0.30048975348472595 0.20071676258272744 0.019730523228645325 0.021818634151488284
0 0.32693225145339966 0.2002303544865098 0.01995650927225745 0.021793646405833665
0 0.35312917828559875 0.19988761454306284 0.01995650927225745 0.021793646405833665
0 0.4058983027935028 0.1991972249082238 0.01995650927225745 0.021793646405833665
0 0.43272754549980164 0.1988462122422427 0.01995650927225745 0.021793646405833665
0 0.4588041305541992 0.19850504675576852 0.01995650927225745 0.021793646405833665
0 0.5118436813354492 0.19773398998171784 0.01995527744293213 0.02205273532128152
0 0.5386648178100586 0.19763000595269514 0.01995527744293213 0.02205273532128152
0 0.5651950836181641 0.1975271496127939 0.01995527744293213 0.02205273532128152
0 0.5912096500396729 0.19742629261024494 0.01995527744293213 0.02205273532128152
0 0.6175833940505981 0.197324043096498 0.01995527744293213 0.02205273532128152
0 0.6435664296150208 0.1971189151005716 0.02003367741902662 0.022151311238606763
0 0.6696285605430603 0.19780074718386628 0.02041892210642504 0.02210105481997938
0 0.6957483887672424 0.19791227945977855 0.020411531130472893 0.022174642991649986
0 0.1406860500574112 0.2352659924234637 0.0201023320357005 0.021976086520409426
0 0.19409561157226562 0.23466209981335326 0.019890964031219482 0.0217206348744474
0 0.22056320309638977 0.23412287512490915 0.019785424073537172 0.02166544004928234
0 0.2469257116317749 0.2335929787602091 0.0197854240735372 0.02166544004928234
0 0.27338355779647827 0.23306116607320124 0.019785424073537228 0.02166544004928234
0 0.3000618517398834 0.2325249223026953 0.019785424073537228 0.02166544004928234
0 0.326595276594162 0.23199159045552098 0.019785424073537228 0.02166544004928234
0 0.35291025042533875 0.2314580390236776 0.0200401941935221 0.021836731785027527
0 0.40672796964645386 0.23037976316813313 0.020181119441986084 0.022323623184085845
0 0.4333171546459198 0.23011173942688512 0.020181119441986084 0.022323623184085845
0 0.45971086621284485 0.22989426102749136 0.020255287488301632 0.022351494131162157
0 0.48632195591926575 0.22975660885110613 0.020255287488301632 0.022351494131162157
0 0.5126484632492065 0.22962042874459537 0.02025528748830152 0.022351494131162157
0 0.53939288854599 0.2294820868582281 0.02025528748830152 0.022351494131162157
0 0.5659096837043762 0.22934492244276888 0.02025528748830152 0.022351494131162157
0 0.14087089896202087 0.2668170928955078 0.019944806893666567 0.022126471349435232
0 0.16717414557933807 0.26653218823809954 0.020274182160695375 0.022057052730589846
0 0.19373804330825806 0.26602275748472043 0.020274182160695375 0.022057052730589846
0 0.22033792734146118 0.26551263660181706 0.020274182160695375 0.022057052730589846
0 0.24645595252513885 0.26501175659610876 0.020274182160695403 0.022057052730589846
0 0.30053946375846863 0.26397456679233283 0.02027418216069543 0.022057052730589846
0 0.32733282446861267 0.26306806608688 0.020114779472351074 0.02221542180970658
0 0.38045334815979004 0.26273554478328437 0.020114779472351074 0.02221542180970658
0 0.40688642859458923 0.2625700802555751 0.020114779472351074 0.02221542180970658
0 0.43373382091522217 0.26242992489836936 0.02007724841435754 0.022287087847096022
0 0.4603841304779053 0.26225747907656743 0.02007724841435754 0.022287087847096022
0 0.48710376024246216 0.2620845847054099 0.02007724841435754 0.022287087847096022
0 0.5138232707977295 0.26191169110561846 0.02007724841435743 0.022287087847096022
0 0.5403505563735962 0.2617400413335756 0.02007724841435743 0.022287087847096022
0 0.566590428352356 0.2615775625803938 0.019963741302490234 0.022367285203564048
0 0.1404457986354828 0.29844616734704305 0.020199636618296324 0.02197086718655369
0 0.16650135815143585 0.29810281158791413 0.020199636618296324 0.02197086718655369
0 0.19306963682174683 0.29775269930243403 0.020199636618296324 0.02197086718655369
0 0.22010430693626404 0.2973964409893364 0.020199636618296324 0.02197086718655369
0 0.24728688597679138 0.29703823355741277 0.020199636618296296 0.02197086718655369
0 0.27316248416900635 0.29643129745455254 0.02029866973559058 0.02224867473277008
0 0.29984021186828613 0.2960544186969136 0.02029866973559058 0.02224867473277008
0 0.35437244176864624 0.29453707850256633 0.020165155331293705 0.02223584079003152
0 0.4079306423664093 0.29458551628645074 0.020110229651133182 0.02236481600029524
0 0.43427780270576477 0.29434359119923004 0.020110229651133182 0.02236481600029524
0 0.46085700392723083 0.29409953546453466 0.020110229651133182 0.02236481600029524
0 0.48820793628692627 0.29384839353457104 0.020110229651133182 0.02236481600029524
0 0.5150187015533447 0.2936022115308185 0.020362257957458496 0.022213854530985015
0 0.541698157787323 0.29351303167670634 0.020362257957458496 0.022213854530985015
0 0.5673853158950806 0.2934271687193613 0.020362257957458496 0.022213854530985015
0 0.5939763188362122 0.293338284532885 0.020362257957458496 0.022213854530985015
0 0.6210528612136841 0.2932477773622025 0.020362257957458496 0.022213854530985015
0 0.6466190814971924 0.29281673874965936 0.02021292845408129 0.022375875665235915
0 0.5156720876693726 0.3266027361847634 0.01993536949157715 0.022718873134879178
0 0.5421237945556641 0.3261604530866756 0.02004373073577881 0.022858420083689136
0 0.13959327340126038 0.3623055191927178 0.020662511388460814 0.022825669872668375
0 0.1661459505558014 0.3620425299463594 0.020662511388460814 0.022825669872668333
0 0.19255152344703674 0.361780997684512 0.020662511388460814 0.022825669872668375
0 0.24657552689313889 0.361245920491773 0.020662511388460786 0.022825669872668375
0 0.2740215063095093 0.3609740835918525 0.020662511388460758 0.022825669872668333
0 0.3009411096572876 0.36029487432435503 0.02109650770823157 0.02301809029985765
0 0.32795149087905884 0.360557755758596 0.020930031935373905 0.02317339874977289
0 0.3554758131504059 0.3602494411261796 0.020930031935373905 0.02317339874977289
0 0.3827516734600067 0.35994390964888145 0.020930031935373905 0.02317339874977289
0 0.4092511236667633 0.35964707515576705 0.020930031935373905 0.02317339874977289
0 0.4361695945262909 0.35934554698855375 0.020930031935373905 0.02317339874977289
0 0.48923197388648987 0.3601448247812541 0.020462989807128906 0.02300645399463272
0 0.5433849692344666 0.35920659885850065 0.020462989807128906 0.02300645399463272
0 0.5696344375610352 0.35875181456662114 0.020462989807128906 0.02300645399463272
0 0.595826268196106 0.3582980288746519 0.020462989807128906 0.02300645399463272
0 0.622610867023468 0.35783397319704985 0.020462989807128906 0.02300645399463272
0 0.6486186981201172 0.3573833753829738 0.020462989807128906 0.02300645399463272
0 0.7015079855918884 0.3570004312851935 0.02038121223449707 0.02289460056511928
0 0.7274748682975769 0.35654553701711256 0.02049907048543287 0.022809627444245095
0 0.7797355651855469 0.3569011270961501 0.020440538724263435 0.022406496742899077
0 0.8056356310844421 0.35679563865259606 0.020440538724263435 0.022406496742899077
0 0.831973671913147 0.35668836637984874 0.020440538724263435 0.022406496742899077
0 0.13916754722595215 0.39609598559002546 0.020194798707962036 0.022797902425130263
0 0.19253931939601898 0.3946545179500136 0.02023072044054669 0.02303411794263263
0 0.21986864507198334 0.3945544486822084 0.0201958566904068 0.022603944290515987
0 0.24659129232168198 0.39423297897141646 0.0201958566904068 0.022603944290515987
0 0.2754020392894745 0.39388638971291623 0.0201958566904068 0.022603944290515987
0 0.3007441759109497 0.393581527351997 0.0201958566904068 0.022603944290515987
0 0.3288707435131073 0.39324316867562226 0.020379384358723995 0.0231329156446826
0 0.3548239469528198 0.39384229793105013 0.020325203736623165 0.02335984577504234
0 0.4101892411708832 0.39308057239095223 0.020325203736623165 0.02335984577504234
0 0.4369245171546936 0.39271274372091525 0.020325203736623165 0.02335984577504234
0 0.46365368366241455 0.3923449991061342 0.020325203736623165 0.02335984577504234
0 0.4903755784034729 0.391977354537609 0.02032520373662311 0.02335984577504234
0 0.5173528790473938 0.3918210881622843 0.020029187202453613 0.022695911023043792
0 0.5435559749603271 0.3915469147438227 0.020029187202453613 0.022695911023043792
0 0.5964625477790833 0.3909933322214747 0.020029187202453613 0.022695911023043792
0 0.6226921677589417 0.39119081718977106 0.019908388455708748 0.022696177164713487
0 0.6758883595466614 0.3901622683502907 0.019896308581034416 0.022514845973761452
0 0.7018206119537354 0.3899895004702181 0.019896308581034416 0.022514845973761452
0 0.7279588580131531 0.3898153602031246 0.019896308581034416 0.022514845973761452
0 0.7535383105278015 0.3896449427740867 0.019896308581034416 0.022514845973761452
0 0.7806308269500732 0.389464444892351 0.019896308581034416 0.022514845973761452
0 0.8071265816688538 0.38904833239178327 0.01997896035512281 0.022657911906870817
0 0.1398368775844574 0.4277475805273353 0.02030611534913379 0.022937685944313228
0 0.19276028871536255 0.4276074497771523 0.020284727215766907 0.022533801174903157
0 0.21995605528354645 0.42735330448594205 0.0202568918466568 0.022670361422753093
0 0.24684404581785202 0.42705773345525677 0.0202568918466568 0.022670361422753093
0 0.27440690994262695 0.426754743756283 0.0202568918466568 0.022670361422753093
0 0.3016826808452606 0.42645490998074886 0.0202568918466568 0.022670361422753093
0 0.3295382261276245 0.42614870293195856 0.0202568918466568 0.022670361422753093
0 0.38360661268234253 0.42577610032236934 0.020130733648935917 0.022870056388914067
0 0.4106138050556183 0.425589985089473 0.020130733648935917 0.022870056388914067
0 0.46416181325912476 0.4253635272683061 0.019900182882944706 0.022643717684487096
0 0.49075672030448914 0.4250376945318178 0.01990018288294476 0.022643717684487096
0 0.5443150997161865 0.4243815135082921 0.019900182882944817 0.022643717684487096
0 0.5708068013191223 0.4240764973710501 0.019821206728617424 0.022544653840767266
0 0.5970538258552551 0.4237353746281114 0.019821206728617424 0.022544653840767266
0 0.6232799291610718 0.4233945237905638 0.019821206728617424 0.022544653840767266
0 0.6496532559394836 0.42305175954470864 0.019821206728617424 0.022544653840767266
0 0.6761593818664551 0.4227072693580805 0.019821206728617424 0.022544653840767266
0 0.7292047142982483 0.42201785904894945 0.019821206728617424 0.022544653840767266
0 0.75485759973526 0.42232322692871094 0.020035505294799805 0.022708360538926234
0 0.781668484210968 0.4220692160835699 0.020035505294799805 0.022708360538926234
0 0.8080878257751465 0.42181891478206435 0.020035505294799805 0.022708360538926234
0 0.8342857360839844 0.421570711357649 0.020035505294799805 0.022708360538926234
0 0.8602688908576965 0.42132454256342367 0.020035505294799805 0.022708360538926234
0 0.8866100907325745 0.42053355727084846 0.02074976762135816 0.023377322411352295
0 0.13896870613098145 0.461547815932669 0.02053937315940857 0.022884309753891163
0 0.1931104212999344 0.46097377738065737 0.020471384127934755 0.022754196048706946
0 0.22020477056503296 0.4605849066445994 0.020471384127934755 0.022754196048706946
0 0.24736875295639038 0.46019503650144006 0.020471384127934783 0.022754196048706946
0 0.27463868260383606 0.45958875451252285 0.020410219828287723 0.022770489833151702
0 0.30212894082069397 0.4594090927478879 0.020410219828287723 0.022770489833151702
0 0.35713914036750793 0.45904957522551554 0.020410219828287723 0.022770489833151702
0 0.3839956820011139 0.45887405509675494 0.020410219828287723 0.022770489833151702
0 0.41103488206863403 0.45869734120923417 0.020410219828287723 0.022770489833151702
0 0.43814152479171753 0.4585201865522448 0.020410219828287723 0.022770489833151702
0 0.46493494510650635 0.4578213359034339 0.020010511080423954 0.0225276207739068
0 0.4913221001625061 0.45751152989610755 0.02001051108042401 0.0225276207739068
0 0.5184260606765747 0.45719330802748354 0.020010511080424065 0.0225276207739068
0 0.5450478792190552 0.4568807468857876 0.020010511080424065 0.0225276207739068
0 0.5715773105621338 0.45656927044266243 0.020010511080424065 0.0225276207739068
0 0.6247205138206482 0.4561232818947394 0.02025814851125074 0.022440917732179683
0 0.6510359644889832 0.4557636415547445 0.02025814851125074 0.022440917732179683
0 0.676759660243988 0.455412088438522 0.02025814851125074 0.022440917732179683
0 0.7032234072685242 0.4550504214050596 0.02025814851125074 0.022440917732179683
0 0.7298291921615601 0.4549738892769059 0.02029808362325025 0.022219990575036336
0 0.7561044096946716 0.4544911495474882 0.020405888557434082 0.022389995959378083
0 0.782505989074707 0.454334967314108 0.02025926113128662 0.022265323372774346
0 0.8091050982475281 0.4540441646132358 0.02025926113128662 0.022265323372774346
0 0.24791133403778076 0.4935004380099239 0.02030185858408609 0.023143206455910798
0 0.2748577892780304 0.4929590087917559 0.020168165365854862 0.023078149603318852
0 0.30173438787460327 0.49261652037154796 0.020168165365854862 0.023078149603318852
0 0.35788798332214355 0.4919009552629379 0.020168165365854862 0.023078149603318852
0 0.3850988745689392 0.4915542069524298 0.020168165365854862 0.023078149603318852
0 0.41109344363212585 0.49122295823208123 0.020168165365854862 0.023078149603318852
0 0.24786294251680374 0.5264025843420694 0.020679906010627747 0.023435045582379535
0 0.2751806080341339 0.5260424409410536 0.020679906010627747 0.023435045582379535
0 0.302700012922287 0.5256796379019701 0.020679906010627747 0.023435045582379535
0 0.3581334054470062 0.5249488298283067 0.020679906010627747 0.023435045582379535
0 0.38549110293388367 0.5245881586644169 0.020679906010627747 0.023435045582379535
0 0.41206079721450806 0.5248817621275436 0.0202883084615072 0.02290551237357685
0 0.1396067887544632 0.56199433082758 0.021094481150309263 0.023726086283839026
0 0.16635830700397491 0.5616910623949628 0.020997345447540283 0.02362172917802199
0 0.19282576441764832 0.561258575104649 0.020997345447540283 0.02362172917802199
0 0.220441073179245 0.5604131346032061 0.020652020970980345 0.023718161176341394
0 0.2481759712100029 0.5601489932038063 0.020652020970980317 0.023718161176341394
0 0.2753807306289673 0.5598899007342651 0.02065202097098029 0.023718161176341394
0 0.3027537763118744 0.559935598527681 0.020700136820475223 0.023527869882509635
0 0.33047378063201904 0.5593652059865553 0.020700136820475223 0.023527869882509635
0 0.35791015625 0.5588006496528951 0.020700136820475223 0.023527869882509635
0 0.38546478748321533 0.5582336599819203 0.020700136820475223 0.023527869882509635
0 0.4126800298690796 0.5576736538909203 0.020700136820475223 0.023527869882509635
0 0.43993833661079407 0.5571127616677579 0.020700136820475223 0.023527869882509635
0 0.4668275713920593 0.5567141482616303 0.020956436793009403 0.023511694383251628
0 0.5210303664207458 0.5557536635287973 0.020956436793009514 0.023511694383251628
0 0.5475382208824158 0.5552839388679727 0.020956436793009514 0.023511694383251628
0 0.5743748545646667 0.5548260710960211 0.021353522936503166 0.023812050043150436
0 0.6007288098335266 0.5543607060154776 0.021353522936503166 0.023812050043150436
0 0.6273696422576904 0.5541481639063636 0.020798881848653084 0.02357885079790461
0 0.6544002294540405 0.5536589068035747 0.0212252140045166 0.0231673957765565
0 0.6806775331497192 0.5533537161331755 0.0212252140045166 0.0231673957765565
0 0.7071319222450256 0.5530464687520705 0.0212252140045166 0.0231673957765565
0 0.7338266968727112 0.5527364294779074 0.0212252140045166 0.0231673957765565
0 0.7603674530982971 0.5524281790090162 0.0212252140045166 0.0231673957765565
0 0.1934095323085785 0.5954193292662154 0.02079044779141742 0.023532867431640625
0 0.21999509632587433 0.5948048525078352 0.020876477162043272 0.02365422803302144
0 0.2759160101413727 0.5942050135412882 0.020800411701202393 0.023916998574900074
0 0.30322346091270447 0.5934747959039895 0.020942707856496212 0.023834228515625
0 0.3313262462615967 0.5929663902105287 0.020942707856496212 0.023834228515625
0 0.35874471068382263 0.5924703645232116 0.020942707856496212 0.023834228515625
0 0.386128693819046 0.5919771859812182 0.020774831374486324 0.02373143868852961
0 0.4134644865989685 0.591479648431426 0.020774831374486324 0.02373143868852961
0 0.44085684418678284 0.5909810813480787 0.020774831374486324 0.02373143868852961
0 0.46782034635543823 0.5904903198431604 0.020774831374486324 0.02373143868852961
0 0.49512894451618195 0.5899932772614235 0.02077483137448627 0.02373143868852961
0 0.5219876170158386 0.5894984428363126 0.020668139060338264 0.02341617909512773
0 0.5488824844360352 0.5890360100324764 0.0202786922454834 0.023055616275284695
0 0.6021375060081482 0.5879852927519607 0.0202786922454834 0.023055616275284695
0 0.6285233497619629 0.5874647021827581 0.0202786922454834 0.023055616275284695
0 0.6555654406547546 0.5869311639104309 0.0202786922454834 0.023055616275284695
0 0.6823315620422363 0.586403070494186 0.0202786922454834 0.023055616275284695
0 0.7089307904243469 0.5858706520804973 0.020171085993448967 0.023184073987857372
0 0.19367879629135132 0.6293039543684139 0.0208483139673869 0.023979305296905336
0 0.22023293375968933 0.6289247462566608 0.0208483139673869 0.023979305296905336
0 0.24793221056461334 0.6285291849070727 0.020848313967386872 0.023979305296905336
0 0.27585798501968384 0.6281303890428509 0.020848313967386845 0.023979305296905336
0 0.30359765887260437 0.6277342508005541 0.020848313967386845 0.023979305296905336
0 0.33161622285842896 0.6272395208345826 0.020786921183268192 0.02365564745525981
0 0.35918429493904114 0.6266196938448174 0.020786921183268192 0.02365564745525981
0 0.3863891661167145 0.6260080328857304 0.020786921183268192 0.02365564745525981
0 0.4416562616825104 0.6247654346591499 0.020786921183268192 0.02365564745525981
0 0.4687710702419281 0.6241557986237282 0.020786921183268192 0.02365564745525981
0 0.49580709636211395 0.6235479338939681 0.020786921183268248 0.02365564745525981
0 0.549818754196167 0.6221533487009447 0.020915865898132324 0.023614602495533606
0 0.5765689015388489 0.6214904905663163 0.020915865898132324 0.023614602495533606
0 0.6033034324645996 0.621751164281091 0.02057572205861402 0.023292157077049968
0 0.6299551725387573 0.6211803686609031 0.020967443784077888 0.023146370584650612
0 0.6571447253227234 0.6205855968386628 0.020967443784077888 0.023146370584650612
0 0.6838951706886292 0.6200004304969271 0.020967443784077888 0.023146370584650612
0 0.7101375460624695 0.6194263781929031 0.020967443784077888 0.023146370584650612
0 0.737080454826355 0.6188370017118232 0.020967443784077888 0.023146370584650612
0 0.1936873346567154 0.663284700970317 0.020598133405049623 0.02397827030152308
0 0.22034025192260742 0.6630965657103067 0.020598133405049623 0.02397827030152308
0 0.24812308698892593 0.663210624872252 0.02096078296502432 0.023961237234662616
0 0.27560555934906006 0.6626314694307968 0.02096078296502435 0.023961237234662616
0 0.33169007301330566 0.6614495651667125 0.02096078296502435 0.023961237234662616
0 0.3593738079071045 0.6608661683931818 0.02096078296502435 0.023961237234662616
0 0.38683727383613586 0.6602874134862146 0.021308888991673824 0.02403877317443369
0 0.41439342498779297 0.6595843319632423 0.021308888991673824 0.02403877317443369
0 0.4419912099838257 0.65888018817339 0.021308888991673824 0.02403877317443369
0 0.469200998544693 0.6581859439200529 0.021308888991673824 0.02403877317443369
0 0.49614541232585907 0.6574984705725382 0.02130888899167377 0.02403877317443369
0 0.5234898924827576 0.656936031727529 0.021261602640151978 0.024186333944631176
0 0.19345252215862274 0.6978695004485375 0.020878990491231264 0.024204224579093936
0 0.21988847851753235 0.6978013551604402 0.020878990491231264 0.024204224579093936
0 0.24787382036447525 0.6977292159438077 0.020878990491231292 0.024204224579093936
0 0.27601468563079834 0.6976566758266715 0.02087899049123132 0.024204224579093936
0 0.30385342240333557 0.6975849145212785 0.02087899049123132 0.024204224579093936
0 0.33192476630210876 0.6963198104081626 0.020802602171897888 0.024216467095899898
0 0.3598404824733734 0.6963086957172677 0.02081836760044098 0.02396191737448528
0 0.3875727951526642 0.6949162206066215 0.021174808343251583 0.024081888124924244
0 0.4151836037635803 0.6940901113110919 0.021174808343251583 0.024081888124924244
0 0.19379279017448425 0.7326898063549014 0.02108663320541382 0.02420227287351626
0 0.2199142426252365 0.7329016361544943 0.02104357381661731 0.024155565010484825
0 0.248275525867939 0.7323295903760333 0.02104357381661734 0.024155565010484825
0 0.2763797640800476 0.7317627291840161 0.021043573816617367 0.024155565010484745
0 0.30433130264282227 0.7313078503276027 0.02122420072555542 0.024039985597595744
0 0.33233949542045593 0.7306245763920375 0.02122420072555542 0.024039985597595744
0 0.38793495297431946 0.7292682972709972 0.02122420072555542 0.024039985597595744
0 0.4432995617389679 0.72791764982216 0.02122420072555542 0.024039985597595744
0 0.4704605042934418 0.7270351654523336 0.021727273861567142 0.02416374147400381
0 0.49817802011966705 0.7263823220896166 0.021727273861567198 0.02416374147400381
0 0.5256432890892029 0.7257354200128067 0.021727273861567253 0.02416374147400381
0 0.5528026223182678 0.7250957237808074 0.021727273861567253 0.02416374147400381
0 0.5799993872642517 0.7244551459024119 0.021727273861567253 0.02416374147400381
0 0.6072404980659485 0.7238135235257377 0.021727273861567253 0.02416374147400381
0 0.6340572237968445 0.7226303694496603 0.021653731664021736 0.02400565332220512
0 0.6607924699783325 0.7220812423574361 0.021653731664021736 0.02400565332220512
0 0.6871024370193481 0.7215408502623092 0.021653731664021736 0.02400565332220512
0 0.49864815175533295 0.7604673518690952 0.02119794487953186 0.024280459381813228
0 0.5264683961868286 0.7597669557083485 0.021145224571228027 0.0241191775299782
0 0.5535538792610168 0.7592578266942224 0.02181077003479004 0.023629476857739827
0 0.13880376517772675 0.8022568281306777 0.02126196026802063 0.02485331454018279
0 0.16588471829891205 0.8021658304598915 0.02126196026802063 0.02485331454018279
0 0.19280146062374115 0.8020753845717522 0.02126196026802063 0.02485331454018279
0 0.2490493431687355 0.8025225804717904 0.02158816655476889 0.02470332892366169
0 0.277093768119812 0.8017921447753906 0.021587411562601688 0.02475815410761881
0 0.30486804246902466 0.801069916959551 0.021587411562601688 0.02475815410761881
0 0.332528680562973 0.8003506440819179 0.021587411562601688 0.02475815410761881
0 0.36000141501426697 0.79963625735309 0.021587411562601688 0.02475815410761881
0 0.4172702431678772 0.7981470684672511 0.021587411562601688 0.02475815410761881
0 0.44427287578582764 0.7974048880643623 0.021684587001800537 0.024551746457122093
0 0.4721469581127167 0.7962161937542035 0.021342088778813717 0.024227349333060696
0 0.4997699111700058 0.7952442612758902 0.02134208877881366 0.024227349333060696
0 0.5273557305335999 0.7943245411466764 0.021582166353861565 0.024461731430171885
0 0.5546989440917969 0.794203123123794 0.02156651020050049 0.024395314297934945
0 0.5820759534835815 0.7932208748750909 0.02156651020050049 0.024395314297934945
0 0.6364166736602783 0.7910093263138173 0.021737615267435784 0.02456481697023366
0 0.690494954586029 0.78924199065421 0.021609942118326897 0.02435580704563337
0 0.7172513008117676 0.7879728527788573 0.021480123202006096 0.024215106816254734
0 0.7436349391937256 0.7872452846793241 0.021480123202006096 0.024215106816254734
0 0.7704262137413025 0.7865064754057712 0.021480123202006096 0.024215106816254734
0 0.7968478798866272 0.7857778586340599 0.021480123202006096 0.024215106816254734
0 0.8236581087112427 0.785038526668105 0.021480123202006096 0.024215106816254734
0 0.8494617938995361 0.7843269516411275 0.021480123202006096 0.024215106816254734
0 0.8763901591300964 0.7834604321749282 0.021813352902730232 0.02412136580592913
0 0.13842391967773438 0.8380697383437046 0.02109554409980774 0.024941614431928404
0 0.16528859734535217 0.8384557366176145 0.021570652723312378 0.024892762649890987
0 0.19313761591911316 0.8381334349166515 0.021570652723312378 0.024892762649890987
0 0.2210484743118286 0.837810417532341 0.021570652723312378 0.024892762649890987
0 0.2771412432193756 0.8371612458287583 0.021570652723312378 0.024892762649890987
0 0.30467790365219116 0.836842559104742 0.021570652723312378 0.024892762649890987
0 0.3326988220214844 0.8355243468698476 0.021494825681050655 0.02458545773528343
0 0.38924670219421387 0.8338137781897257 0.021494825681050655 0.02458545773528343
0 0.41800457239151 0.8329438550039893 0.021494825681050655 0.02458545773528343
0 0.4453513026237488 0.8321166186850305 0.021494825681050655 0.02458545773528343
0 0.472629189491272 0.8312914648721385 0.021494825681050655 0.02458545773528343
0 0.5282580852508545 0.8296086953942122 0.021494825681050544 0.02458545773528343
0 0.5827780365943909 0.8278464383857195 0.02154783407847094 0.024519099745639535
0 0.6107146739959717 0.8269841918881558 0.02154783407847094 0.024519099745639535
0 0.6375184059143066 0.8247743008107259 0.021612683931986565 0.024236161579457474
0 0.6645501852035522 0.8240508817713272 0.021612683931986565 0.024236161579457474
0 0.6915305852890015 0.8240472660508267 0.021142800649007087 0.02399627922117259
0 0.7453809976577759 0.8220454517707897 0.021142800649007087 0.02399627922117259
0 0.7719467878341675 0.8210579054216292 0.021142800649007087 0.02399627922117259
0 0.7984713912010193 0.8200718901349036 0.021142800649007087 0.02399627922117259
0 0.8247579336166382 0.8190947244333666 0.021142800649007087 0.02399627922117259
0 0.8515247702598572 0.8170168677041697 0.021655480066935295 0.02397090704866169
0 0.13745063543319702 0.8728618178256723 0.02150799830754596 0.025093433468840843
0 0.16477563977241516 0.8730205347893464 0.02150799830754596 0.025093433468840843
0 0.19265151023864746 0.8740147998331625 0.021784444650014223 0.02482238296390515
0 0.220735102891922 0.8733455746672875 0.021784444650014223 0.02482238296390515
0 0.2487412989139557 0.8726781938442649 0.02178444465001425 0.02482238296390515
0 0.276887446641922 0.8720074780062116 0.02178444465001428 0.02482238296390515
0 0.3047181963920593 0.8713442780250726 0.02178444465001428 0.02482238296390515
0 0.33354535698890686 0.8706573338163915 0.02178444465001428 0.02482238296390515
0 0.36147427558898926 0.8699048791975363 0.02205936113993323 0.024837168612221305
0 0.3895736336708069 0.8686934485893237 0.021893560886383057 0.024272948272468398
0 0.4176405966281891 0.8678511368635218 0.021893560886383057 0.024272948272468398
0 0.44503045082092285 0.8670291457065317 0.021893560886383057 0.024272948272468398
0 0.4735374450683594 0.866173628294176 0.021893560886383057 0.024272948272468398
0 0.5011779218912125 0.8647725304891897 0.021726499001185118 0.02441512706667878
0 0.55654376745224 0.8626072830056238 0.021726499001185173 0.02441512706667878
0 0.5834091901779175 0.8617069301367815 0.021616627772649055 0.024391884027525436
0 0.6392350792884827 0.8595927038858103 0.021616627772649055 0.024391884027525436
0 0.6653515696525574 0.8592159398742809 0.02146669228871656 0.024059266083000352
0 0.6924307942390442 0.8581465162491494 0.02146669228871656 0.024059266083000352
0 0.720126748085022 0.8570527365041334 0.02146669228871656 0.024059266083000352
0 0.13808968663215637 0.9084681133891261 0.022059579690297426 0.02466003654539134
0 0.16489547491073608 0.9098098380562042 0.0222274512052536 0.024860352508781602
0 0.1930241733789444 0.9092132213503815 0.0222274512052536 0.024860352508781602
0 0.2217252254486084 0.9089953400367914 0.02257343133290607 0.024876498436743087
0 0.24956897646188736 0.9082051568096229 0.022573431332906096 0.024876498436743087
0 0.27801451086997986 0.9073978954544126 0.022573431332906124 0.024876498436743087
0 0.305509090423584 0.9066176214320316 0.022573431332906124 0.024876498436743087
0 0.3341180980205536 0.9058057208393895 0.022573431332906124 0.024876498436743087
0 0.390971839427948 0.9038308268110817 0.022546033064524296 0.02432404747304979
0 0.41893309354782104 0.9026792659315952 0.022546033064524296 0.02432404747304979
0 0.44741931557655334 0.9015060846875773 0.022546033064524296 0.02432404747304979
0 0.5028349161148071 0.8995233580123546 0.021944324175516783 0.0242321398831152
0 0.530354917049408 0.8981103317530537 0.02194432417551684 0.0242321398831152
0 0.557496964931488 0.8967167116554482 0.02194432417551684 0.0242321398831152
0 0.5847277641296387 0.8953185345834277 0.02194432417551684 0.0242321398831152
0 0.6119825839996338 0.893919124159702 0.02194432417551684 0.0242321398831152
0 0.6398872137069702 0.8942927870639535 0.021618088086446052 0.024162588193434968
0 0.667195200920105 0.8929480619208757 0.02146601676940918 0.02400692488796038
