0 0.09521544724702835 0.16909007099695428 0.01994829128185907 0.02031924658351475
0 0.11586092785000801 0.1676334341367086 0.0201809083422025 0.020729237132602274
0 0.13662691414356232 0.16617988930245858 0.020180908342202486 0.020729237132602257
0 0.15905235707759857 0.164610188433367 0.020180908342202486 0.020729237132602257
0 0.18173757195472717 0.16351586882378774 0.020491222540537535 0.021190848615434427
0 0.20435790717601776 0.16143896182378134 0.020491222540537535 0.021190848615434427
0 0.2256907969713211 0.1594802628163268 0.020491222540537535 0.021190848615434427
0 0.24857232719659805 0.15737937395544882 0.020491222540537507 0.021190848615434448
0 0.2710566818714142 0.15550774147449245 0.02104993661244714 0.021273301707373737
0 0.29476338624954224 0.15351682901382444 0.02104993661244714 0.021273301707373737
0 0.34105584025382996 0.14962914298028754 0.02104993661244714 0.021273301707373737
0 0.3896777033805847 0.14554583086672102 0.02104993661244714 0.021273301707373737
0 0.4146344065666199 0.14344994227091473 0.021535495917002323 0.021441552374098023
0 0.4382939636707306 0.14164460768732265 0.021535495917002323 0.021441552374098023
0 0.46247604489326477 0.13979940207581573 0.021535495917002323 0.021441552374098023
0 0.4860801100730896 0.13799830178492759 0.021535495917002323 0.021441552374098023
0 0.5128515958786011 0.13595551252365115 0.021535495917002434 0.021441552374098023
0 0.5394761562347412 0.13419791062672934 0.021900435288747078 0.021896640459696453
0 0.5662742257118225 0.1323198259837147 0.021900435288747078 0.021896640459696453
0 0.0930541530251503 0.20298920327043582 0.01900277038415274 0.020725435680813236
0 0.11429111659526825 0.2014522155125936 0.01900277038415274 0.020725435680813236
0 0.13651345670223236 0.19961702823638916 0.019519353906313597 0.02099357710944279
0 0.15868781507015228 0.1986163391125022 0.019885927438735962 0.021263718605041504
0 0.20188359916210175 0.19511286417643228 0.019854615132013975 0.02123553223080103
0 0.22415530681610107 0.1932783920733334 0.019854615132013975 0.02123553223080103
0 0.24678709357976913 0.19141426103739204 0.019854615132013947 0.02123553223080103
0 0.26988813281059265 0.18951147869667964 0.01985461513201392 0.02123553223080103
0 0.29314303398132324 0.18759602308273315 0.01985461513201392 0.02123553223080103
0 0.3174372613430023 0.1861723760452729 0.01986742516358697 0.021483686235215904
0 0.34071093797683716 0.18435428539911905 0.01986742516358697 0.021483686235215904
0 0.36493581533432007 0.1824968265295136 0.020385821660359738 0.021688514285617428
0 0.38944777846336365 0.180584976589115 0.020385821660359738 0.021688514285617428
0 0.4141731858253479 0.178387259393657 0.02178712685902917 0.022506700621710857
0 0.4624474048614502 0.17512245972951254 0.02178712685902917 0.022506700621710878
0 0.48769038915634155 0.1734152692602823 0.02178712685902917 0.022506700621710878
0 0.5135945081710815 0.17166336605505317 0.02178712685902906 0.022506700621710878
0 0.539378821849823 0.16991956532001495 0.022514621416727776 0.022183544105953634
0 0.5657875537872314 0.16860429108508815 0.022514621416727776 0.022183544105953634
0 0.5922830104827881 0.16728469756515388 0.022514621416727776 0.022183544105953634
0 0.6191717982292175 0.16594551438077695 0.022514621416727776 0.02218354410595365
0 0.6454283595085144 0.1646378189325333 0.022514621416727776 0.02218354410595365
0 0.09198752045631409 0.236125648021698 0.019237056374549866 0.02042675018310547
0 0.1135224923491478 0.23481356520479602 0.019237056374549866 0.02042675018310547
0 0.13570617139339447 0.23346195795708422 0.019237056374549866 0.02042675018310547
0 0.17901761829853058 0.23042513926823935 0.018958285450935364 0.0205156405766805
0 0.2011534571647644 0.22892671814620025 0.018958285450935364 0.0205156405766805
0 0.22376464307308197 0.22739611979101174 0.018958285450935364 0.0205156405766805
0 0.24678773432970047 0.22583763870330495 0.018958285450935364 0.0205156405766805
0 0.26875320076942444 0.22435075044631958 0.01963971058527625 0.020477824740939694
0 0.2923354208469391 0.22278699549711978 0.01963971058527625 0.020477824740939694
0 0.31596970558166504 0.2212197881009016 0.01963971058527625 0.020477824740939694
0 0.3395983576774597 0.21965295420925493 0.01963971058527625 0.020477824740939694
0 0.3636098802089691 0.21806073188781738 0.01963971058527625 0.020477824740939694
0 0.388182133436203 0.21635643721694783 0.02046513557434082 0.0209591521157159
0 0.41258808970451355 0.21464891001797537 0.02046513557434082 0.0209591521157159
0 0.4375528395175934 0.21290228764216104 0.02046513557434082 0.0209591521157159
0 0.46209925413131714 0.21118986887505217 0.02071523666381836 0.021283401383294025
0 0.4878966808319092 0.21005818497252093 0.021173954010009766 0.021495540936787922
0 0.5137795209884644 0.20859597126642862 0.021173954010009766 0.021495540936787922
0 0.08728927373886108 0.33878052314565804 0.019222646951675415 0.021308640638987224
0 0.13152211904525757 0.33700161178906757 0.019222646951675415 0.021308640638987224
0 0.1539316028356552 0.3360539741798528 0.019501383105913817 0.021385669708251953
0 0.17617638409137726 0.33518559734026593 0.019501383105913817 0.021385669708251953
0 0.19789791107177734 0.33433764694986196 0.019501383105913817 0.021385669708251953
0 0.22054560482501984 0.3334535414826385 0.019501383105913817 0.021385669708251953
0 0.24411287158727646 0.3325335383415222 0.01950138310591379 0.021385669708251953
0 0.2669740617275238 0.3316410985456453 0.01950138310591376 0.021385669708251915
0 0.31280845403671265 0.32872106537630474 0.0194989641507467 0.021565682358211918
0 0.3376031816005707 0.32808961530612507 0.02100483576456702 0.02188510364956327
0 0.3863687515258789 0.32617201407750446 0.02100483576456702 0.02188510364956327
0 0.41122931241989136 0.32519442595154646 0.02100483576456702 0.02188510364956327
0 0.4366302192211151 0.32419558988411795 0.02100483576456702 0.021885103649563236
0 0.46115007996559143 0.32323139905929565 0.02100483576456702 0.02188510364956327
0 0.48664718866348267 0.32222878005904126 0.02100483576456702 0.021885103649563236
0 0.5129677057266235 0.32092172169121175 0.021994928518931145 0.022215988900926353
0 0.5654841661453247 0.31895887338800716 0.021994928518931145 0.022215988900926353
0 0.5922676920890808 0.31795781585226707 0.021994928518931145 0.022215988900926353
0 0.6195588707923889 0.316937784353892 0.021994928518931145 0.022215988900926353
0 0.6460365056991577 0.31625844250661733 0.022603511810302734 0.02308657434251571
0 0.6729710102081299 0.3151668452613056 0.022603511810302734 0.02308657434251571
0 0.7011035680770874 0.31402669350306195 0.022603511810302734 0.02308657434251571
0 0.7296292185783386 0.3134846048135191 0.02313995361328125 0.02367366684807674
0 0.7579547762870789 0.3124808073043824 0.02313995361328125 0.02367366684807674
0 0.786343514919281 0.31147477079772096 0.02313995361328125 0.02367366684807674
0 0.8145931363105774 0.3105346163113912 0.023623665173848396 0.024396777153015137
0 0.8445090651512146 0.30948187898028234 0.023623665173848396 0.024396777153015137
0 0.08683948218822479 0.373573899269104 0.018801455696423858 0.02140445179409456
0 0.10872585326433182 0.3729086606980909 0.018801455696423858 0.02140445179409456
0 0.13090460002422333 0.37223453533714795 0.018801455696423844 0.02140445179409456
0 0.15278512239456177 0.3715694745381673 0.01932997008164722 0.02200624677870004
0 0.19741617143154144 0.36982861350341484 0.01932997008164722 0.02200624677870004
0 0.21975988149642944 0.36895708359177104 0.01932997008164722 0.02200624677870004
0 0.24210495501756668 0.36808550049769234 0.019329970081647246 0.02200624677870004
0 0.26550015807151794 0.3671729564666748 0.019329970081647274 0.02200624677870004
0 0.28937801718711853 0.36639903715753547 0.01941967010498047 0.02193299929300944
0 0.3132558763027191 0.36539264520009357 0.01941967010498047 0.02193299929300944
0 0.08605523407459259 0.4076342185338338 0.018919597069422395 0.021504852506849453
0 0.10747554898262024 0.4072085216726467 0.018919597069422395 0.021504852506849453
0 0.12883134186267853 0.406573339676872 0.018816232681274414 0.021470440758599125
0 0.151248037815094 0.4062298933664958 0.018816232681274414 0.021470440758599125
0 0.1736878752708435 0.40588609250503166 0.018816232681274414 0.021470440758599125
0 0.19587334990501404 0.4055461887376244 0.018816232681274414 0.021470440758599125
0 0.21786703169345856 0.405209223429362 0.018816232681274414 0.021470440758599125
0 0.24185314029455185 0.40484173213997593 0.018816232681274414 0.021470440758599125
0 0.26536452770233154 0.40394745578658026 0.019481157263120052 0.022528118557400223
0 0.2889799475669861 0.40332011381785077 0.019481157263120052 0.022528118557400223
0 0.08561186492443085 0.44334439436594647 0.01905655364195505 0.02132892608642578
0 0.10695949196815491 0.4430206116831783 0.01905655364195505 0.02132892608642578
0 0.12883929535746574 0.44197875603398584 0.01922762393951416 0.021718369589911617
0 0.15078674256801605 0.44167832533518475 0.01922762393951416 0.021718369589911617
0 0.19545382261276245 0.44106689376674274 0.01922762393951416 0.021718369589911617
0 0.21753865480422974 0.4407645824544277 0.01922762393951416 0.021718369589911617
0 0.24126069247722626 0.4404398600260417 0.01922762393951416 0.021718369589911617
0 0.26460400223731995 0.44012032186762745 0.01922762393951416 0.021718369589911617
0 0.2880759835243225 0.4398859469843426 0.01905321081479394 0.021253188451131184
0 0.3117212653160095 0.43960617877899516 0.01905321081479394 0.021253188451131184
0 0.3358035683631897 0.43932123978932697 0.01905321081479394 0.021253188451131184
0 0.36104947328567505 0.4390475891986252 0.01907293001810706 0.02123064464992952
0 0.08305789530277252 0.5133826737458621 0.018526941537857056 0.020955324172973633
0 0.10548572242259979 0.5133358637491862 0.018526941537857056 0.020955324172973633
0 0.12776537239551544 0.5132893630188391 0.018526941537857056 0.020955324172973633
0 0.14978408813476562 0.5130563577016195 0.019000083208084106 0.021532138188680012
0 0.19433936476707458 0.5131646643242233 0.019000083208084106 0.021532138188680012
0 0.21697701513767242 0.513219692766209 0.019000083208084106 0.021532138188680012
0 0.26318854093551636 0.5133320254608489 0.019000083208084106 0.021532138188680012
0 0.2867703437805176 0.5129938562036113 0.020560801029205322 0.022182252671983555
0 0.31049084663391113 0.5131214459737142 0.020560801029205322 0.022182252671983555
0 0.3347255289554596 0.5132518014541623 0.020560801029205322 0.022182252671983555
0 0.38436850905418396 0.5135188251533296 0.020560801029205322 0.022182252671983555
0 0.4093206822872162 0.513653039932251 0.020560801029205322 0.022182252671983555
0 0.43409988284111023 0.5137863243116567 0.020560801029205322 0.022182252671983555
0 0.4588918387889862 0.5134605888942964 0.02086728811264038 0.022653765148586746
0 0.5109819173812866 0.5134138663609823 0.02086728811264038 0.022653765148586746
0 0.5366258025169373 0.514154007475415 0.022157033284505134 0.023570749494764492
0 0.563550591468811 0.5141069491704305 0.022157033284505134 0.023570749494764492
0 0.5916362404823303 0.5140578619504963 0.022157033284505134 0.023570749494764492
0 0.6185535192489624 0.514010816771579 0.022157033284505134 0.023570749494764492
0 0.645534873008728 0.5139636596043905 0.022157033284505134 0.023570749494764492
0 0.6749587655067444 0.5139122334443015 0.022157033284505134 0.023570749494764492
0 0.0819285660982132 0.6195145453327434 0.018769582112630218 0.02129536204867888
0 0.1033732146024704 0.6201555728912354 0.018672774235407502 0.021131859885321774
0 0.12516191601753235 0.6206119597087452 0.019047687451044723 0.021329243977864582
0 0.14717812836170197 0.6213196913401285 0.019047687451044737 0.021329243977864582
0 0.16993117332458496 0.6220511091416464 0.019047687451044737 0.021329243977864582
0 0.1928524225950241 0.6227879340271408 0.019047687451044737 0.021329243977864582
0 0.21565210819244385 0.6235208511352539 0.019830167293548584 0.021834055582682293
0 0.23789210617542267 0.6240434139157024 0.019830167293548584 0.021834055582682293
0 0.26061397790908813 0.6245772990572038 0.019830167293548584 0.021834055582682293
0 0.28390318155288696 0.6251245145299681 0.019830167293548584 0.021834055582682293
0 0.3082347512245178 0.6256962219874064 0.019830167293548584 0.021834055582682293
0 0.35659104585647583 0.6272420527033012 0.020641207695007324 0.022365252176920574
0 0.3809743821620941 0.627950860377121 0.020641207695007324 0.022365252176920574
0 0.4065544009208679 0.6286944548288981 0.021893560886383057 0.02309311760796436
0 0.43088990449905396 0.6293515850716019 0.021893560886383057 0.02309311760796436
0 0.4563683271408081 0.6300395774938873 0.021893560886383057 0.02309311760796436
0 0.48201847076416016 0.6307322068882389 0.021893560886383057 0.02309311760796436
0 0.5350524187088013 0.6321642796198527 0.021893560886383057 0.02309311760796436
0 0.5628511905670166 0.6329685698205045 0.021688421567281013 0.02288206418355306
0 0.08137395232915878 0.654489231543558 0.018822409212589264 0.020498527420891605
0 0.10339092463254929 0.6554141864429025 0.01907362788915634 0.020450565550062343
0 0.12492818757891655 0.6561667919158936 0.01907362788915634 0.020450565550062343
0 0.14712807536125183 0.6569425523774889 0.01907362788915634 0.020450565550062343
0 0.16940799355506897 0.6577211094491194 0.01907362788915634 0.020450565550062343
0 0.21487726271152496 0.659310003121694 0.01907362788915634 0.020450565550062416
0 0.23708100616931915 0.6600858983173296 0.01907362788915634 0.020450565550062343
0 0.2604471743106842 0.6606910446498894 0.01893440882364905 0.020585934321085686
