0 0.13192039355635643 0.11117195528607036 0.022363699972629547 0.023256035738213117
0 0.15993885695934296 0.11185072743615439 0.022047102451324463 0.02344406482785247
0 0.8045387268066406 0.1331620216369629 0.020253459612528557 0.022300003110900392
0 0.8303014636039734 0.13381107028133551 0.020253459612528557 0.022300003110900392
0 0.8547618985176086 0.13442730962913274 0.020253459612528557 0.022300003110900392
0 0.8817894781222109 0.1350073925284452 0.020253459612528557 0.022300003110900392
0 0.1588837057352066 0.14391505441000296 0.021810765067736326 0.023562956225964438
0 0.21487601101398468 0.14604323409324468 0.021659945448239626 0.023558283961096476
0 0.24192247539758682 0.14711755899630055 0.02178053061167398 0.02328073516372561
0 0.2701689302921295 0.14811237263351704 0.021452287832895878 0.023268019506173555
0 0.29805055260658264 0.1490352098331895 0.021452287832895878 0.023268019506173555
0 0.3250442147254944 0.14992865696756977 0.021452287832895878 0.023268019506173555
0 0.35211339592933655 0.15082460366313316 0.021452287832895878 0.023268019506173555
0 0.40693870186805725 0.1526392337887786 0.021452287832895878 0.023268019506173555
0 0.43389400839805603 0.1535314114143812 0.021452287832895878 0.023268019506173555
0 0.4605967700481415 0.1550635722407942 0.0217420061429342 0.023236289504886584
0 0.5144830942153931 0.15711327082766854 0.02096426486968994 0.023142807243406296
0 0.5408116579055786 0.15868192585878052 0.020475029945373535 0.02286063793093659
0 0.5674276351928711 0.1588318311999671 0.020462115605672127 0.022786561832871546
0 0.5939574837684631 0.1598084471946539 0.020462115605672127 0.022786561832871546
0 0.6197395324707031 0.16075753520270106 0.020462115605672127 0.022786561832871546
0 0.6468610763549805 0.16175593266744773 0.020462115605672127 0.022786561832871546
0 0.6724829077720642 0.16269912276157114 0.020462115605672127 0.022786561832871546
0 0.6981973648071289 0.1636457225871817 0.020462115605672127 0.022786561832871546
0 0.7509125471115112 0.16475902588906552 0.02075405915578199 0.02258821975353152
0 0.7776473760604858 0.16527354440023734 0.02075405915578199 0.02258821975353152
0 0.8032504916191101 0.1657662828024065 0.02075405915578199 0.02258821975353152
0 0.8288569450378418 0.1662590854425334 0.02075405915578199 0.02258821975353152
0 0.8541900515556335 0.16674662745276161 0.02075405915578199 0.02258821975353152
0 0.15720941126346588 0.17816889563272165 0.021873553593953432 0.02334935535756193
0 0.1855873018503189 0.17886858283352977 0.021873553593953432 0.02334935535756193
0 0.2134573608636856 0.17955574890451512 0.021873553593953432 0.02334935535756193
0 0.24071894586086273 0.18022791239876387 0.02187355359395346 0.02334935535756193
0 0.2686629891395569 0.18091690263082816 0.021873553593953488 0.02334935535756193
0 0.32437118887901306 0.18264534307080646 0.021108845869700077 0.023050267567006198
0 0.35150623321533203 0.18369689465963715 0.021108845869700077 0.023050267567006198
0 0.3786475658416748 0.18474868993560847 0.021108845869700077 0.023050267567006198
0 0.40592798590660095 0.18580587520155795 0.021108845869700077 0.023050267567006198
0 0.4324232041835785 0.186832631912557 0.021108845869700077 0.023050267567006198
0 0.45968177914619446 0.18768788535266528 0.02050650119781494 0.022929919782535044
0 0.5134217739105225 0.19003590872121412 0.020254890124003166 0.0228190495986347
0 0.5395774841308594 0.19091340563513348 0.020254890124003166 0.0228190495986347
0 0.56648850440979 0.19181624241709255 0.020254890124003166 0.0228190495986347
0 0.593097448348999 0.19270894485157491 0.020254890124003166 0.0228190495986347
0 0.6193004846572876 0.19358802950659462 0.020254890124003166 0.0228190495986347
0 0.6454129815101624 0.19424327584200127 0.02015697956085205 0.02267262362694556
0 0.15656377375125885 0.21194442482881767 0.021611467003822327 0.023347677186478014
0 0.18442223966121674 0.2123570774876794 0.0216076175371806 0.023359786632449128
0 0.21177418529987335 0.21294764017678428 0.0216076175371806 0.023359786632449128
0 0.23953839391469955 0.2135471041387654 0.021607617537180573 0.023359786632449128
0 0.2673320770263672 0.21414720449196875 0.021607617537180546 0.023359786632449128
0 0.32252582907676697 0.21533890657646712 0.021607617537180546 0.023359786632449128
0 0.35027578473091125 0.21622065610663835 0.021191298961639404 0.023080870162609013
0 0.37796756625175476 0.21723155659434032 0.021191298961639404 0.023080870162609013
0 0.40470409393310547 0.21820758512656716 0.021191298961639404 0.023080870162609013
0 0.4315680265426636 0.2194463153218114 0.020722468694051144 0.02303114602732104
0 0.459005206823349 0.2207719992066829 0.020513196786244747 0.022905896800433045
0 0.48599448800086975 0.22167232424713845 0.020350078741709354 0.022909741068995276
0 0.5123655200004578 0.22255082594658465 0.020350078741709465 0.022909741068995276
0 0.5390528440475464 0.22343986432511323 0.020350078741709465 0.022909741068995276
0 0.5659480094909668 0.2243358265517451 0.020350078741709465 0.022909741068995276
0 0.618669331073761 0.22609213895575944 0.020350078741709465 0.022909741068995276
0 0.6450324654579163 0.22664131454738268 0.020104408264160156 0.02292652277983439
0 0.6715106964111328 0.22726514432950978 0.02037092049916578 0.02321669112804324
0 0.6976469159126282 0.22817272363707078 0.02037092049916578 0.02321669112804324
0 0.7236362099647522 0.22907520096354395 0.02037092049916578 0.02321669112804324
0 0.7490942478179932 0.22995923043710204 0.02037092049916578 0.02321669112804324
0 0.7748932242393494 0.2308550989905069 0.02037092049916578 0.02321669112804324
0 0.8010361790657043 0.2317629121819879 0.02037092049916578 0.02321669112804324
0 0.15593360364437103 0.24558553030324537 0.02159984906514484 0.023555696472641083
0 0.18313510715961456 0.2459126431992421 0.02159984906514484 0.023555696472641083
0 0.21099106967449188 0.24624762632118283 0.02159984906514484 0.023555696472641083
0 0.26641151309013367 0.24691408733988918 0.021599849065144894 0.023555696472641083
0 0.29390275478363037 0.24754912354225336 0.021161258220672607 0.022981200107308322
0 0.3215152323246002 0.2484832389905533 0.021161258220672607 0.022981200107308322
0 0.3491896986961365 0.2494194514880647 0.021161258220672607 0.022981200107308322
0 0.3769477307796478 0.2503803608029388 0.02085534731547034 0.022919248240862732
0 0.40431827306747437 0.25130478037668125 0.02085534731547034 0.022919248240862732
0 0.4313732981681824 0.2523579486580782 0.020463228225708008 0.023050840510878454
0 0.48535773158073425 0.25417877418178775 0.020463228225708008 0.023050840510878454
0 0.5116329789161682 0.25506500448867125 0.020463228225708008 0.023050840510878454
0 0.5386355519294739 0.25597576655544557 0.020463228225708008 0.023050840510878454
0 0.5658853054046631 0.25689486570136494 0.020463228225708008 0.023050840510878454
0 0.5919730067253113 0.25760446715878443 0.019983251889546638 0.022680238235828487
0 0.618577241897583 0.2583281186534002 0.019983251889546638 0.022680238235828487
0 0.6445445418357849 0.25903444511945856 0.019983251889546638 0.022680238235828487
0 0.10056397318840027 0.2777586024614562 0.021773099899291992 0.02391553479571675
0 0.12720003724098206 0.27811658105184867 0.021773099899291992 0.02391553479571675
0 0.18310564756393433 0.27886793123402775 0.021773099899291992 0.02391553479571675
0 0.21003840863704681 0.2792298973197564 0.021773099899291992 0.02391553479571675
0 0.23755590617656708 0.2795997220416402 0.02130738894144696 0.023458761762278978
0 0.2931472659111023 0.28124213512147167 0.021307388941446903 0.023458761762278978
0 0.3210297226905823 0.2820659054327419 0.021307388941446903 0.023458761762278978
0 0.34830787777900696 0.28281280983858853 0.020870546499888065 0.023015724596127086
0 0.376351922750473 0.2837003663528797 0.020870546499888065 0.023015724596127086
0 0.4035547077655792 0.2845612981147416 0.020870546499888065 0.023015724596127086
0 0.43080025911331177 0.28541403038557184 0.020676036675771114 0.022979603257290152
0 0.4578775465488434 0.2862753819172998 0.020676036675771114 0.022979603257290152
0 0.511756956577301 0.2879893317531948 0.020676036675771003 0.022979603257290152
0 0.5382871627807617 0.28883328016585674 0.020676036675771003 0.022979603257290152
0 0.5644761919975281 0.2896663754485374 0.020676036675771003 0.022979603257290152
0 0.5911887884140015 0.2904088609290661 0.020609259605407715 0.023072250129640537
0 0.6179558038711548 0.29115285900488647 0.020609259605407715 0.023072250129640537
0 0.6442767977714539 0.2918844597635459 0.020609259605407715 0.023072250129640537
0 0.6706754565238953 0.2926182192425395 0.020609259605407715 0.023072250129640537
0 0.6970623135566711 0.2931006675542787 0.020376165707906013 0.022919292597807683
0 0.10011443495750427 0.31234248848848567 0.0214743067820867 0.023960483166598563
0 0.1263168305158615 0.31257443375291216 0.021474306782086686 0.023960483166598563
0 0.15404900908470154 0.3128199207534021 0.021474306782086672 0.023960483166598563
0 0.18141904473304749 0.3130622020418315 0.021474306782086672 0.023960483166598563
0 0.20863083004951477 0.31330308248830396 0.021474306782086672 0.023960483166598563
0 0.2651694118976593 0.3139580571374228 0.021503567695617676 0.023962701013846018
0 0.2925722897052765 0.31470657002795427 0.02107413609822595 0.02363945717035338
0 0.34806111454963684 0.31605370064688293 0.020825942357381222 0.023531034011249365
0 0.3754239082336426 0.31696967191474384 0.020825942357381222 0.023531034011249365
0 0.4028894305229187 0.31844353343881254 0.020576059818267822 0.023219736971596388
0 0.4572182595729828 0.3198889355326808 0.020576059818267822 0.023219736971596388
0 0.48460671305656433 0.3206245732861896 0.02056288719177246 0.023445986962133628
0 0.5111738443374634 0.3213242508240668 0.02056288719177246 0.023445986962133628
0 0.5646448135375977 0.32273247347642203 0.02056288719177246 0.023445986962133628
0 0.5909562706947327 0.3234254175269866 0.02056288719177246 0.023445986962133628
0 0.6175004839897156 0.3241244914919831 0.02056288719177246 0.023445986962133628
0 0.6435011625289917 0.32480616266695983 0.02022055784861254 0.023238588673199768
0 0.6702353358268738 0.32550833667886353 0.02022055784861254 0.023238588673199768
0 0.6977311372756958 0.32623051488122273 0.02022055784861254 0.023238588673199768
0 0.7215629816055298 0.32653908396876136 0.020462512969970703 0.023290678512218388
0 0.1529705673456192 0.34651352638422056 0.02151732643445331 0.024421529252399796
0 0.18004126846790314 0.3469155470016231 0.02151732643445331 0.024421529252399796
0 0.20720496773719788 0.3473189487126407 0.02151732643445331 0.024421529252399796
0 0.23633939027786255 0.34718987292657777 0.021078387896219908 0.023184768913328213
0 0.2917170226573944 0.3485740173694699 0.021078387896219852 0.023184768913328213
0 0.31962934136390686 0.3492716759577077 0.021078387896219852 0.023184768913328213
0 0.37520110607147217 0.35066067266985534 0.021078387896219852 0.023184768913328213
0 0.40257012844085693 0.3513447517572447 0.021078387896219852 0.023184768913328213
0 0.4290095865726471 0.3520055967134788 0.021078387896219852 0.023184768913328213
0 0.45645612478256226 0.3530388100202693 0.020783821741739872 0.023291343866392623
0 0.5102495551109314 0.35461171146344816 0.020783821741739927 0.023291343866392623
0 0.5368115305900574 0.3550702904168837 0.02035057544708252 0.023327258206153074
0 0.5634068846702576 0.35576776828447004 0.02035057544708252 0.023327258206153074
0 0.5899778008460999 0.3564646052545008 0.02035057544708252 0.023327258206153074
0 0.6165788173675537 0.35708083530631746 0.020200808842976814 0.02344434575517051
0 0.6430066823959351 0.35756898480792376 0.020200808842976814 0.02344434575517051
0 0.668815553188324 0.35804570085747217 0.020200808842976814 0.02344434575517051
0 0.721392035484314 0.3590168418709985 0.020200808842976814 0.02344434575517051
0 0.747844934463501 0.3595054537750954 0.020200808842976814 0.02344434575517051
0 0.7737878561019897 0.35998464587988477 0.020200808842976814 0.02344434575517051
0 0.7996795773506165 0.36068542624741173 0.020940542221069336 0.023082629654758675
0 0.8253928422927856 0.36113015645072716 0.020940542221069336 0.023082629654758633
0 0.8515174984931946 0.3615820019744163 0.020940542221069336 0.023082629654758675
0 0.8775691390037537 0.3620325846369844 0.020940542221069336 0.023082629654758633
0 0.15152417123317719 0.3801770129749129 0.02168207367261249 0.024372633113417516
0 0.17842236161231995 0.38005543691496346 0.02156140406926471 0.024107060691182913
0 0.206386998295784 0.38059939894565314 0.02156140406926471 0.024107060691182913
0 0.23459188640117645 0.3811480342947494 0.02156140406926471 0.024107060691182913
0 0.26292145252227783 0.38169909485349096 0.021561404069264767 0.024107060691182913
0 0.29084160923957825 0.3822421916695528 0.021561404069264767 0.024107060691182913
0 0.31893837451934814 0.3827887238369609 0.021561404069264767 0.024107060691182913
0 0.34640777111053467 0.38288199624349906 0.021585524082183838 0.02412832245346189
0 0.3741380572319031 0.3837161171881119 0.020554343859354618 0.023123896399209667
0 0.4022413194179535 0.3844528641811637 0.020554343859354618 0.023123896399209667
0 0.4560244381427765 0.38582602826853407 0.020291368166605595 0.0228317024171815
0 0.48300206661224365 0.38654739912166153 0.020291368166605595 0.0228317024171815
0 0.5096324682235718 0.38725948526930914 0.02029136816660565 0.0228317024171815
0 0.5362077951431274 0.38797009874201666 0.020291368166605706 0.0228317024171815
0 0.5628573894500732 0.38868269809456757 0.020291368166605706 0.0228317024171815
0 0.5892974138259888 0.3893896936320868 0.020291368166605706 0.0228317024171815
0 0.6154984831809998 0.3902076365699377 0.020174264907836914 0.02285781387210811
0 0.09727070480585098 0.4141413212165178 0.021540408333142608 0.024400518846142253
0 0.12294147163629532 0.4143395978350972 0.021540408333142594 0.024400518846142253
0 0.1499047428369522 0.41448548782703487 0.021343141794204712 0.024188995361328125
0 0.20516979694366455 0.41493691360534224 0.021343141794204712 0.024188995361328125
0 0.23411768674850464 0.41517337087290007 0.021343141794204712 0.024188995361328125
0 0.2623155415058136 0.4154037015716783 0.021343141794204712 0.024188995361328125
0 0.3179950416088104 0.41585851270099017 0.021343141794204712 0.024188995361328125
0 0.3454101085662842 0.41609080361997475 0.021527767181396484 0.024411519368489638
0 0.3736640512943268 0.4179306473842887 0.02063628037770593 0.023397726606028894
0 0.400667667388916 0.4185728028763172 0.02085662881533301 0.023416918377543606
0 0.4282982051372528 0.41918698448873976 0.02085662881533301 0.023416918377543606
0 0.45523783564567566 0.4197858083644975 0.02085662881533301 0.023416918377543606
0 0.4820966422557831 0.42089191702909245 0.02030932903289795 0.023060820823492006
0 0.508596882224083 0.42116928067340653 0.02030932903289795 0.023060820823492006
0 0.5353760719299316 0.42144956393338734 0.02030932903289795 0.023060820823492006
0 0.5892784595489502 0.42201373100074674 0.02030932903289795 0.023060820823492006
0 0.6152040362358093 0.4222850799560547 0.02030932903289795 0.023060820823492006
0 0.6679407954216003 0.4228952120567275 0.0205080509185791 0.022492253503134083
0 0.6938219666481018 0.4234438607859057 0.0205080509185791 0.022492253503134083
0 0.7202052474021912 0.42400315361429447 0.0205080509185791 0.022492253503134083
0 0.7463425993919373 0.42455723305790843 0.0205080509185791 0.022492253503134083
0 0.7723906636238098 0.4251094197118005 0.0205080509185791 0.022492253503134083
0 0.7974529266357422 0.42564070860253456 0.0205080509185791 0.022492253503134083
0 0.09574607759714127 0.44818743993605314 0.02132770170768103 0.024040488309638446
0 0.12259282544255257 0.44811253987273353 0.021704405546188354 0.02401130143986192
0 0.1491868793964386 0.4484543467676917 0.021704405546188354 0.02401130143986192
0 0.17636758089065552 0.44880369370052975 0.021704405546188354 0.02401130143986192
0 0.20395144820213318 0.44915822242537257 0.021704405546188354 0.02401130143986192
0 0.23262907564640045 0.44952680898267167 0.021704405546188354 0.02401130143986192
0 0.28989070653915405 0.4502627787708667 0.021704405546188354 0.02401130143986192
0 0.31735527515411377 0.45084088347678963 0.02099531888961792 0.02357574581175817
0 0.3457356095314026 0.45130790671091453 0.02099531888961792 0.02357574581175817
0 0.4005693793296814 0.45221024437085944 0.02099531888961792 0.02357574581175817
0 0.42699506878852844 0.4526451022125954 0.02099531888961792 0.02357574581175817
0 0.4543900787830353 0.45309591107187225 0.02099531888961792 0.02357574581175817
0 0.4818401038646698 0.4536008763554207 0.020619551340738895 0.023375459419664433
0 0.5081698894500732 0.4540423459784929 0.02061955134073895 0.023375459419664433
0 0.5345467925071716 0.4545446883800418 0.020575424035390144 0.023295143778009987
0 0.5608599781990051 0.4549970848615779 0.02057103315989184 0.023162279942238923
0 0.09612010419368744 0.4823797219343995 0.021301421026388795 0.024094574211179692
0 0.12211230024695396 0.482597129289494 0.02132924646139145 0.024039394171662978
0 0.14920347929000854 0.4827406683633494 0.021473169326782227 0.02419751189475836
0 0.17615602910518646 0.48301448435609895 0.021473169326782227 0.02419751189475836
0 0.2037324160337448 0.48290448574102823 0.021320929129918398 0.023961148520772715
0 0.23252326250076294 0.48333398685898893 0.02128999431927997 0.023919837419376817
0 0.2882448136806488 0.4841567358364485 0.021289994319280026 0.023919837419376817
0 0.31641075015068054 0.4845726161366056 0.021289994319280026 0.023919837419376817
0 0.34377261996269226 0.4849766240999974 0.021289994319280026 0.023919837419376817
0 0.37231704592704773 0.48539809293525166 0.021289994319280026 0.023919837419376817
0 0.39966610074043274 0.48580305693405973 0.021098752816518185 0.023877195609632442
0 0.4269254803657532 0.486313309780387 0.02091771364212036 0.02389375553574673
0 0.45339450240135193 0.48652096373561843 0.02050870656967163 0.02352769245472984
0 0.5077539086341858 0.48694742247266964 0.02050870656967163 0.02352769245472984
0 0.534670352935791 0.4872955499693405 0.02069787184397387 0.02294203292491824
0 0.5611977577209473 0.48753350196183376 0.02069787184397387 0.02294203292491824
0 0.5875345468521118 0.4877697441234922 0.02069787184397387 0.02294203292491824
0 0.6137176156044006 0.4880046074065632 0.02069787184397387 0.02294203292491824
0 0.6402759552001953 0.48824283688567405 0.02069787184397387 0.02294203292491824
0 0.6663015484809875 0.48875644595124 0.02061140537261963 0.023159470669058865
0 0.09533879905939102 0.5167370499909185 0.021491448084513337 0.02390694433404488
0 0.1477833241224289 0.5170293408770894 0.021321192383766174 0.023956180542938414
0 0.17547999322414398 0.5173390841535955 0.021321192383766174 0.023956180542938414
0 0.20290346443653107 0.5176457721454008 0.021321192383766174 0.023956180542938414
0 0.2313266396522522 0.5179636402394915 0.021321192383766174 0.023956180542938414
0 0.259296290576458 0.5182764363843341 0.021321192383766174 0.023956180542938414
0 0.31598806381225586 0.518243086743162 0.021630187829335568 0.023993026378542878
0 0.34394967555999756 0.5184852688811546 0.021630187829335568 0.023993026378542878
0 0.3989887535572052 0.5194306462435467 0.020452648401260376 0.02317387189051907
0 0.4260258972644806 0.5196359767470249 0.020452648401260376 0.02317387189051907
0 0.4538622200489044 0.5198473765248337 0.020452648401260376 0.02317387189051907
0 0.48087266087532043 0.5200525042363293 0.020452648401260376 0.02317387189051907
0 0.5072299093008041 0.5202526713526526 0.020452648401260376 0.02317387189051907
0 0.1476411372423172 0.5507242069687954 0.021546552578608213 0.02421303682549055
0 0.1738799512386322 0.5508657831524961 0.021650254726409912 0.024054238962572673
0 0.22950708866119385 0.5515088369680006 0.021650254726409912 0.024054238962572673
0 0.285932332277298 0.5521611169500258 0.021650254726409912 0.024054238962572673
0 0.3140086531639099 0.5527737907076039 0.02108365297317505 0.023599668990734013
0 0.34227123856544495 0.5528123988661655 0.02108365297317505 0.023599668990734013
0 0.370487242937088 0.5528509433926228 0.02108365297317505 0.023599668990734013
0 0.3984715938568115 0.5528891714684412 0.02108365297317505 0.023599668990734013
0 0.4252344071865082 0.5529257308605106 0.02108365297317505 0.023599668990734013
0 0.4525483548641205 0.5529630431307045 0.02108365297317505 0.023599668990734013
0 0.507297620177269 0.5536163241364235 0.02107317248980206 0.023495785025663154
0 0.533497154712677 0.5537948736633909 0.021073172489802117 0.023495785025663154
0 0.5600812435150146 0.5537900214024933 0.020643790562947517 0.023398702458817776
0 0.6133503317832947 0.5540212621863353 0.020596901575724358 0.02315550811531013
0 0.639992892742157 0.554320446280546 0.020596901575724358 0.02315550811531013
0 0.6668264269828796 0.5546217749196615 0.020596901575724358 0.02315550811531013
0 0.6927719116210938 0.5549131311572366 0.020596901575724358 0.02315550811531013
0 0.7189616560935974 0.5552072303239689 0.020596901575724358 0.02315550811531013
0 0.7453145980834961 0.555503162126141 0.020596901575724358 0.02315550811531013
0 0.7711308598518372 0.5554515483767487 0.02086397012074781 0.023526746173237644
0 0.14615222811698914 0.5850280939146529 0.02123380700747174 0.02411293798638863
0 0.1735670566558838 0.585540936570493 0.02123380700747174 0.02411293798638863
0 0.2002888023853302 0.5860408138915979 0.02123380700747174 0.02411293798638863
0 0.22883261740207672 0.5865747762280841 0.0212392310301463 0.023804124935652805
0 0.2563832104206085 0.5865374055435651 0.02123923103014627 0.023804124935652805
0 0.2850067615509033 0.5864985794573759 0.021239231030146244 0.023804124935652805
0 0.3133746087551117 0.5864601002178316 0.021239231030146244 0.023804124935652805
0 0.34155309200286865 0.5864218778388445 0.021239231030146244 0.023804124935652805
0 0.3693893849849701 0.5867111328265707 0.02100650469462073 0.02344906237698346
0 0.39688733220100403 0.5870394152264262 0.02100650469462073 0.02344906237698346
0 0.45223426818847656 0.5872871149826872 0.020403285821278927 0.023129485374273256
0 0.4790664613246918 0.5872773458791334 0.020403285821278927 0.023129485374273256
0 0.5059118419885635 0.5870769025698287 0.02036480108896893 0.02326657790546275
0 0.5329231023788452 0.5872320130813954 0.02026112874348951 0.02296356082886683
0 0.5595977306365967 0.5873760994990443 0.02026112874348951 0.02296356082886683
0 0.585928738117218 0.5875183298050981 0.02026112874348951 0.02296356082886683
0 0.6126930713653564 0.5876629007757309 0.02026112874348951 0.02296356082886683
0 0.6393558979034424 0.587806923444881 0.02026112874348951 0.02296356082886683
0 0.14499936997890472 0.6198799222014671 0.021208718419075012 0.024584334026011442
0 0.1722063571214676 0.6202167133824632 0.021208718419075012 0.024584334026011442
0 0.19876809418201447 0.6209887571113054 0.02128430207570392 0.024199877598488923
0 0.25554371625185013 0.6211743012878788 0.021284302075703948 0.024199877598488923
0 0.2834470272064209 0.6212654900175832 0.021284302075703976 0.024199877598488923
0 0.3403967320919037 0.6218639572075195 0.02106908957163489 0.023684923038926234
0 0.36893293261528015 0.6215448601301327 0.02106908957163489 0.023684923038926234
0 0.39602917432785034 0.6212418649387593 0.02106908957163489 0.023684923038926234
0 0.42364761233329773 0.6209330304517607 0.02106908957163489 0.023684923038926234
0 0.45096534490585327 0.6206275585085846 0.02106908957163489 0.023684923038926234
0 0.5056368559598923 0.6200162115502055 0.021069089571634947 0.023684923038926234
0 0.532452404499054 0.6207089091456214 0.02083730697631836 0.02325906679611792
0 0.5862488150596619 0.6207739071483579 0.02083730697631836 0.02325906679611792
0 0.6128941178321838 0.6208061005873714 0.02083730697631836 0.02325906679611792
0 0.6391149163246155 0.6208377811310062 0.02083730697631836 0.02325906679611792
0 0.6655355095863342 0.6208697030710619 0.02083730697631836 0.02325906679611792
0 0.6917206645011902 0.620795626972997 0.021076838175455803 0.023373448571493458
0 0.7447695136070251 0.6210809283961068 0.021076838175455803 0.023373448571493458
0 0.7708656787872314 0.6212212758907107 0.021076838175455803 0.023373448571493458
0 0.7965198159217834 0.6213592461192173 0.021076838175455803 0.023373448571493458
0 0.8224881887435913 0.6214989063351654 0.021076838175455803 0.023373448571493458
0 0.8482994437217712 0.6211688463077989 0.021139423052469963 0.023545553517896077
0 0.14366017282009125 0.6543660718341207 0.021538292368253054 0.024378222088481106
0 0.1706910878419876 0.6547534628628018 0.021538292368253054 0.024378222088481106
0 0.19780056178569794 0.6551419797513184 0.021538292368253054 0.024378222088481106
0 0.22619333863258362 0.6555488881752811 0.021538292368253054 0.024378222088481106
0 0.2545168921351433 0.6559548045313636 0.02153829236825308 0.024378222088481106
0 0.28275731205940247 0.65596669219261 0.0210975011189779 0.02410170089366824
0 0.3108721375465393 0.6556631878328599 0.0210975011189779 0.02410170089366824
0 0.36769986152648926 0.6550497228127594 0.0210975011189779 0.02410170089366824
0 0.3951401114463806 0.6547535006118737 0.0210975011189779 0.02410170089366824
0 0.42225655913352966 0.6544607739115871 0.0210975011189779 0.02410170089366824
0 0.45021215081214905 0.6546657046727241 0.020950277646382687 0.0238247065581092
0 0.47742152214050293 0.6544106505637945 0.020950277646382687 0.0238247065581092
0 0.504784345626831 0.6545915016896586 0.02082709471384686 0.023682498192602295
0 0.5317456126213074 0.6546342095663381 0.020827094713846916 0.023682498192602295
0 0.36633750796318054 0.6898012265852349 0.021316607793172238 0.023964578791182224
0 0.39358729124069214 0.6895624205123546 0.021316607793172238 0.023964578791182224
0 0.4216977059841156 0.6893160722135977 0.021316607793172238 0.023964578791182224
0 0.44930511713027954 0.6889167954288464 0.020865261554718018 0.023555578187454577
0 0.4768388569355011 0.6888328374818314 0.020865261554718018 0.023555578187454577
0 0.5037527680397034 0.6887507695630365 0.020865261554718018 0.023555578187454577
0 0.5310707092285156 0.6886674696453675 0.020865261554718018 0.023555578187454577
0 0.5578349828720093 0.6885858580123546 0.020865261554718018 0.023555578187454577
0 0.5837333798408508 0.6885068866755196 0.020865261554718018 0.023555578187454577
0 0.6115294242968582 0.6879932319432032 0.0212559988241241 0.02495796236100067
0 0.08903725445270538 0.7222051564731867 0.021622938414414733 0.024478143499803227
0 0.11487072333693504 0.7229065118834029 0.02162293841441472 0.024478143499803227
0 0.14181099832057953 0.7243903932930005 0.021789193153381348 0.02449097744254179
0 0.1690971404314041 0.7246622484783793 0.021789193153381348 0.02449097744254179
0 0.19649837911128998 0.7249352503850128 0.021789193153381348 0.02449097744254179
0 0.2242971807718277 0.7252122132604549 0.021789193153381348 0.02449097744254179
0 0.2523382902145386 0.7254915902780932 0.021789193153381348 0.02449097744254179
0 0.30873143672943115 0.7252386226210483 0.021225591500600216 0.024371598118035423
0 0.36492300033569336 0.7248116744874152 0.021225591500600216 0.024371598118035423
0 0.3930591642856598 0.7245978935937173 0.021225591500600216 0.024371598118035423
0 0.421164870262146 0.7246485247498423 0.020878076553344727 0.023782064748364827
0 0.4496002793312073 0.7241682895394259 0.020878076553344727 0.023782064748364827
0 0.4762682020664215 0.7237179047584295 0.020878076553344727 0.023782064748364827
0 0.5032804012298584 0.7231435401151363 0.0209225018819173 0.023626076158627003
0 0.5305418372154236 0.7228012972099837 0.020922501881917244 0.023626076158627003
0 0.5851127505302429 0.7221162082836488 0.020922501881917244 0.023626076158627003
0 0.6117030382156372 0.7217823910441198 0.020922501881917244 0.023626076158627003
0 0.6379459500312805 0.72145293479742 0.020922501881917244 0.023626076158627003
0 0.6643272042274475 0.7211217417860744 0.020922501881917244 0.023626076158627003
0 0.6907604932785034 0.7207230856252271 0.021165966987609863 0.023757047431413516
0 0.7165372967720032 0.7203735233896892 0.021165966987609863 0.023757047431413516
0 0.08791966736316681 0.7569306839344113 0.021103903651237488 0.024375560671784157
0 0.1410021036863327 0.7582178190783097 0.021103903651237488 0.024375560671784157
0 0.1681036353111267 0.7604739017588825 0.021637598673502623 0.02460373279660247
0 0.1955277919769287 0.7603163608284884 0.021637598673502623 0.02460373279660247
0 0.2227950096130371 0.7602011214855106 0.02160124977429706 0.024584748024164244
0 0.2519800364971161 0.760015153589804 0.021601249774297088 0.024584748024164244
0 0.2798774242401123 0.7598373905706064 0.021601249774297115 0.024584748024164244
0 0.33636701107025146 0.7596633201265717 0.021326979001363155 0.024142124856165324
0 0.36437177658081055 0.7592989899391351 0.021326979001363155 0.024142124856165324
0 0.39268508553504944 0.7589306457316339 0.021326979001363155 0.024142124856165324
0 0.42023900151252747 0.7585721809064634 0.021326979001363155 0.024142124856165324
0 0.476041704416275 0.7578462112781613 0.021326979001363155 0.024142124856165324
0 0.5031944513320923 0.7574929654932778 0.0213269790013631 0.024142124856165324
0 0.530274510383606 0.7571018087421207 0.020983556906382317 0.02383925563605268
0 0.557520866394043 0.756579507225491 0.020834386348724365 0.023497056591418253
0 0.5841040015220642 0.7561662363451581 0.020834386348724365 0.023497056591418253
0 0.08687758445739746 0.7910292869390443 0.021126007040341704 0.02405128183290951
0 0.11316552758216858 0.7921884918103358 0.021126007040341704 0.02405128183290951
0 0.1398729532957077 0.7933661943730597 0.021126007040341677 0.02405128183290951
0 0.16647101938724518 0.794539074565089 0.021126007040341677 0.02405128183290951
0 0.22219496965408325 0.7947238655977471 0.02176124850908917 0.024439907813256913
0 0.25093158334493637 0.7956527000249818 0.021718963980674744 0.024063820062681686
0 0.27899760007858276 0.795166015625 0.021807293097178104 0.024477108504421138
0 0.33519962430000305 0.7943628207204092 0.021807293097178104 0.024477108504421138
0 0.36420509219169617 0.7939482975010301 0.021807293097178104 0.024477108504421138
0 0.392503947019577 0.7935438726370081 0.021807293097178104 0.024477108504421138
0 0.4206174314022064 0.7931420969408612 0.021807293097178104 0.024477108504421138
0 0.4482213258743286 0.7920949379997619 0.021342148383458492 0.023695893989977096
0 0.5030414313077927 0.7912705148251696 0.021466851234436035 0.02380217323007521
0 0.5296492576599121 0.7907852350279342 0.021466851234436035 0.02380217323007521
0 0.5567257404327393 0.7902914077646336 0.021466851234436035 0.02380217323007521
0 0.611338198184967 0.7892953729110603 0.021466851234436035 0.02380217323007521
0 0.6375073790550232 0.7888180932333303 0.021466851234436035 0.02380217323007521
0 0.6644942164421082 0.7883259009436664 0.021466851234436035 0.02380217323007521
0 0.6909366846084595 0.7877115303567837 0.022001028060913086 0.02358825447023366
0 0.7165612578392029 0.7873393333268207 0.022001028060913086 0.02358825447023366
0 0.7422715425491333 0.7869658913372756 0.022001028060913086 0.02358825447023366
0 0.7687398791313171 0.7865814386412154 0.022001028060913086 0.02358825447023366
0 0.08611178398132324 0.8251594720884811 0.021384437878926604 0.024231785027555606
0 0.11117371916770935 0.8262735758489871 0.021384437878926604 0.024231785027555606
0 0.1664201319217682 0.8287295009699326 0.021384437878926577 0.024231785027555606
0 0.19388392567634583 0.8304435287606956 0.021679461002349854 0.02433723627134811
0 0.2218744456768036 0.8303795923714733 0.02207392454147339 0.024403712546178426
0 0.24999865889549255 0.8301241675088572 0.02207392454147339 0.024403712546178426
0 0.27876320481300354 0.8298629271274087 0.02207392454147339 0.024403712546178426
0 0.30737176537513733 0.8296031034091627 0.02207392454147339 0.024403712546178426
0 0.33540090918540955 0.8293485419694767 0.02207392454147339 0.024403712546178426
0 0.3636145293712616 0.8287630302961483 0.021813968817392948 0.02369204972141462
0 0.39190006256103516 0.8280664704273847 0.021813968817392948 0.02369204972141462
0 0.4478689730167389 0.8266881793886299 0.021813968817392948 0.02369204972141462
0 0.474937379360199 0.8260215924997162 0.021813968817392948 0.02369204972141462
0 0.5023915767669678 0.8253455051155978 0.021813968817393004 0.02369204972141462
0 0.529885470867157 0.8246589753970851 0.021665871143341064 0.02379347926886518
0 0.5572826862335205 0.823871816189953 0.021113912264506096 0.023598722709241654
0 0.5841844081878662 0.823149572276318 0.021113912264506096 0.023598722709241654
0 0.6105103492736816 0.8224427866381269 0.021113912264506096 0.023598722709241654
0 0.6368090510368347 0.8217847541738827 0.021157463391621834 0.023768402809320494
