0 0.09859276562929153 0.1357688143320417 0.02395545442899069 0.02352103259828357
0 0.12938444316387177 0.13613940278689066 0.023955454428990677 0.02352103259828357
0 0.8514484167098999 0.14482969164685996 0.023955454428990608 0.02352103259828357
0 0.8806638121604919 0.14518130900339007 0.023955454428990608 0.02352103259828357
0 0.909028172492981 0.14552268385887146 0.023955454428990608 0.02352103259828357
0 0.40856537222862244 0.20698760193255172 0.023486614227294922 0.02351677417755127
0 0.43885448575019836 0.2076318860054016 0.023486614227294922 0.02351677417755127
0 0.4687252342700958 0.20892028145840338 0.02249172329902649 0.023335642284817142
0 0.49863554537296295 0.20897541443506876 0.02249172329902649 0.023335642284817142
0 0.5292149782180786 0.20903178078818666 0.02249172329902649 0.023335642284817142
0 0.558664083480835 0.20908606363491752 0.02249172329902649 0.023335642284817142
0 0.5882716178894043 0.20914063851038614 0.02249172329902649 0.023335642284817142
0 0.6175692677497864 0.20919464218291728 0.02249172329902649 0.023335642284817142
0 0.6470648050308228 0.20920191940626479 0.02282949288686109 0.023449381192525227
0 0.2559710517525673 0.24019221464792886 0.023913378516832978 0.023896521992153568
0 0.28662532567977905 0.24061815976750614 0.0235176682472229 0.02383585770924886
0 0.31767988204956055 0.24084500471750894 0.0235176682472229 0.02383585770924886
0 0.3784395754337311 0.2412888374821376 0.0235176682472229 0.02383585770924886
0 0.40920883417129517 0.24151359841180067 0.0235176682472229 0.02383585770924886
0 0.43934160470962524 0.24173370997111002 0.0235176682472229 0.02383585770924886
0 0.46929731965065 0.24168717861175537 0.02293972174326575 0.02338087558746338
0 0.499111533164978 0.2419256567955017 0.02258737881978351 0.022971616850958904
0 0.5288904905319214 0.24218862800380728 0.022587378819783455 0.022971616850958904
0 0.5588319897651672 0.24245303458241327 0.022587378819783455 0.022971616850958904
0 0.5882773995399475 0.24271306030769677 0.022587378819783455 0.022971616850958904
0 0.6177591681480408 0.24297340710957846 0.022587378819783455 0.022971616850958904
0 0.6470953822135925 0.24324832359949747 0.022297422091166252 0.02276927895016138
0 0.6765685677528381 0.24358337689138132 0.022412141164143806 0.023034241464402916
0 0.7058108448982239 0.2430852353612828 0.022655487060546875 0.023050785064697266
0 0.734817385673523 0.24329371694549917 0.022655487060546875 0.023050785064697266
0 0.7645372748374939 0.24350732564926147 0.022655487060546875 0.023050785064697266
0 0.19558577239513397 0.30733271439870197 0.024116933345794678 0.024113323953416588
0 0.22613927721977234 0.30745800336201984 0.023558040459950746 0.023918641938103596
0 0.2569214925169945 0.3075326990798309 0.023558040459950774 0.023918641938103596
0 0.31837403774261475 0.3076818190158921 0.023558040459950802 0.023918641938103596
0 0.3488489091396332 0.30775576893704687 0.023558040459950802 0.023918641938103596
0 0.3796099126338959 0.3078304131825765 0.023558040459950802 0.023918641938103596
0 0.4099336862564087 0.30825224642303856 0.023138900597890255 0.02425124910142684
0 0.4390764534473419 0.30845367908477783 0.023138900597890255 0.02425124910142684
0 0.4697217345237732 0.3082011342048645 0.023311108350753784 0.023870256212022545
0 0.499732181429863 0.3082660635312398 0.02333808938662213 0.023704899681939045
0 0.5295476913452148 0.3083590334201484 0.023338089386622185 0.023704899681939045
0 0.5599133372306824 0.3084806601206462 0.022952795028686523 0.023405975765652103
0 0.58975750207901 0.30856107670546556 0.022952795028686523 0.023405975765652103
0 0.6185780763626099 0.30863873517465706 0.022952795028686523 0.023405975765652103
0 0.6480056047439575 0.30871802911181795 0.022952795028686523 0.023405975765652103
0 0.7074124813079834 0.3088781038920085 0.022952795028686523 0.023405975765652103
0 0.7361530065536499 0.3090530792192467 0.022559165954589844 0.023290461964077396
0 0.7650660872459412 0.30923346678415936 0.022559165954589844 0.023290461964077396
0 0.7941708564758301 0.3094150502862634 0.022559165954589844 0.023290461964077396
0 0.8231042623519897 0.30890539286372326 0.02221437295277906 0.02298899491628011
0 0.851611852645874 0.30895541111628216 0.022690773010253906 0.023270540767245846
0 0.13352489843964577 0.34136157234509784 0.023486174643039703 0.023580736584133583
0 0.19633173942565918 0.34148945755454524 0.023486174643039703 0.023580736584133583
0 0.22659550607204437 0.3415510796338519 0.023486174643039703 0.023580736584133583
0 0.25755804777145386 0.34158623218536377 0.023094157377878816 0.023428526189592163
0 0.28831058740615845 0.3416571401327815 0.023094157377878788 0.023428526189592163
0 0.31870037317276 0.34172721165717496 0.023094157377878788 0.023428526189592163
0 0.3492995500564575 0.341855182340946 0.02275809645652771 0.02333119842741223
0 0.379675030708313 0.3418678045272827 0.02275809645652771 0.02333119842741223
0 0.44067612290382385 0.3418931528390102 0.02275809645652771 0.02333119842741223
0 0.4709247052669525 0.34190572229420285 0.02275809645652771 0.02333119842741223
0 0.5000685602426529 0.3419178326924642 0.02275809645652771 0.02333119842741223
0 0.5298623442649841 0.3419302131613666 0.02275809645652771 0.02333119842741223
0 0.5597385168075562 0.3422712050339682 0.022377848625183105 0.02287265989515515
0 0.6191595792770386 0.34221350408078943 0.022377848625183105 0.02287265989515515
0 0.6484500169754028 0.342185061536951 0.022377848625183105 0.02287265989515515
0 0.6779861450195312 0.34215638041496277 0.022377848625183105 0.02287265989515515
0 0.7072353363037109 0.34217221726071556 0.022114713986714607 0.022828466362423378
0 0.7357379794120789 0.3421548733757585 0.021997491518656487 0.022844208611382366
0 0.7657312750816345 0.342186172803243 0.021997491518656487 0.022844208611382366
0 0.7945837378501892 0.34221628171745255 0.021997491518656487 0.022844208611382366
0 0.8242356181144714 0.34224722486175835 0.021997491518656487 0.022844208611382366
0 0.8528161644935608 0.34227705001831055 0.021997491518656487 0.022844208611382366
0 0.8813389539718628 0.3423068149027957 0.021997491518656487 0.022844208611382366
0 0.07190154492855072 0.3750366401373411 0.023194044828414917 0.02339972390068897
0 0.10294940322637558 0.37525490919748944 0.023194044828414917 0.02339972390068897
0 0.13428160548210144 0.3753554903389977 0.02290348708629608 0.0229823854234484
0 0.16534633934497833 0.37540098031361896 0.02290348708629608 0.0229823854234484
0 0.19635432958602905 0.375446387195112 0.02290348708629608 0.0229823854234484
0 0.22721605002880096 0.3754915798848646 0.02290348708629608 0.0229823854234484
0 0.2579332962632179 0.37553656101226807 0.02290348708629608 0.0229823854234484
0 0.28848323225975037 0.3755812971371388 0.02290348708629608 0.0229823854234484
0 0.31921255588531494 0.3754811226919672 0.022645925482114193 0.022758377922905765
0 0.34984445571899414 0.3754911520286863 0.022118786970774296 0.02278741200764974
0 0.3803907036781311 0.37511131763616795 0.022300859292348263 0.022835519578721836
0 0.410563588142395 0.37512139479319256 0.022300859292348263 0.022835519578721836
0 0.4708922803401947 0.37521060307820636 0.021974802017211914 0.022867388195461746
0 0.5004408955574036 0.37517610477930846 0.021974802017211914 0.022867388195461746
0 0.5303747057914734 0.3751411567614396 0.021974802017211914 0.022867388195461746
0 0.5602500438690186 0.3751062770103886 0.021974802017211914 0.022867388195461746
0 0.5897772312164307 0.37507180372873944 0.021974802017211914 0.022867388195461746
0 0.619320273399353 0.37504669189399237 0.02210779984792066 0.022723171446058437
0 0.6483439803123474 0.3750092585881551 0.02210779984792066 0.022723171446058437
0 0.6777495741844177 0.3749574025472005 0.02197086811065674 0.02241214116414388
0 0.7068949937820435 0.37508143816844103 0.02192123730977369 0.022238598929511227
0 0.7362240552902222 0.3750103712081909 0.02192123730977369 0.022238598929511227
0 0.7655290365219116 0.3749393625966217 0.02192123730977369 0.022238598929511227
0 0.8237135410308838 0.3747983762964648 0.02192123730977369 0.022238598929511227
0 0.852345883846283 0.3747289975484212 0.02192123730977369 0.022238598929511227
0 0.8813195824623108 0.37465879166449717 0.02192123730977369 0.022238598929511227
0 0.9089175462722778 0.3746408676598556 0.021718303362528557 0.02226742108662923
0 0.07247204147279263 0.40883390453281804 0.022739507257938385 0.02314760949876578
0 0.10373931378126144 0.4087994893391927 0.022739507257938385 0.02314760949876578
0 0.13522465154528618 0.40876483412575365 0.022739507257938385 0.02314760949876578
0 0.1658625602722168 0.4090861479441325 0.023299659291903196 0.0234988530476888
0 0.22774893045425415 0.408918580874637 0.023299659291903196 0.0234988530476888
0 0.2582736387848854 0.40887757142384845 0.02276720106601715 0.02347678608364534
0 0.2894545793533325 0.4087749125059579 0.02276720106601715 0.02347678608364534
0 0.31948649883270264 0.4086760365804815 0.02276720106601715 0.02347678608364534
0 0.35016459226608276 0.4085750332169716 0.02276720106601715 0.02347678608364534
0 0.41095003485679626 0.4083749055862427 0.02276720106601715 0.02347678608364534
0 0.440931111574173 0.40849558512369794 0.022368212540944454 0.023006227281358555
0 0.4708886444568634 0.4082582370719899 0.022368212540944454 0.023006227281358555
0 0.5007244944572449 0.4078418063540252 0.02214916547139484 0.022882329093085445
0 0.5302661657333374 0.4077877998352051 0.022049347559611077 0.022727833853827633
0 0.5603254437446594 0.40773134609718903 0.022049347559611077 0.022727833853827633
0 0.5897849202156067 0.40767601883463284 0.022049347559611077 0.022727833853827633
0 0.6192964315414429 0.4076205938464405 0.022049347559611077 0.022727833853827633
0 0.648306667804718 0.4075661102930705 0.022049347559611077 0.022727833853827633
0 0.6777607798576355 0.40758230841329507 0.02162313461303711 0.022523217731051925
0 0.7070233225822449 0.4075562159220378 0.021612366040547615 0.022048552831013996
0 0.7359684109687805 0.4074234106519316 0.021612366040547615 0.022048552831013996
0 0.7943266034126282 0.4071556527716682 0.021612366040547615 0.022048552831013996
0 0.8230395317077637 0.40702391269380583 0.021612366040547615 0.022048552831013996
0 0.8519412875175476 0.40689130624135333 0.021612366040547615 0.022048552831013996
0 0.8805543780326843 0.40668729941050213 0.021574020385742188 0.022274096806844074
0 0.9090832471847534 0.406532953786417 0.021574020385742188 0.022274096806844074
0 0.9380077719688416 0.40643881679800603 0.021439750989278084 0.022434711456298828
0 0.07312447763979435 0.4428509871164958 0.023233516762653984 0.0233281188540988
0 0.10434813797473907 0.44232681835488985 0.0230817049741745 0.023194366031222824
0 0.16624848544597626 0.44235968589782715 0.0230817049741745 0.023194366031222824
0 0.22867530584335327 0.4425234666592948 0.022824381788571657 0.02297385533650716
0 0.2592683807015419 0.4423963228861491 0.022824381788571685 0.02297385533650716
0 0.2897290587425232 0.442269729349649 0.022824381788571713 0.02297385533650716
0 0.3201387822628021 0.44214334757839485 0.022824381788571713 0.02297385533650716
0 0.35030150413513184 0.44201799233754474 0.022824381788571713 0.02297385533650716
0 0.3804616332054138 0.44189264787229127 0.022824381788571713 0.02297385533650716
0 0.4109225571155548 0.4416399263092981 0.02235875527064002 0.022818115022447422
0 0.4403887391090393 0.4417577640962787 0.022459407647450802 0.02295819918314616
0 0.4701606333255768 0.4412841628942703 0.021707842747370365 0.022579060660468258
0 0.500239685177803 0.4410502513249715 0.02170784274737042 0.022579060660468258
0 0.5602956414222717 0.4405832225422859 0.021707842747370476 0.022579060660468258
0 0.5897299647331238 0.4403543247435549 0.021707842747370476 0.022579060660468258
0 0.619629442691803 0.4401218096415202 0.021707842747370476 0.022579060660468258
0 0.6481603980064392 0.4398999369387493 0.021707842747370476 0.022579060660468258
0 0.6775573492050171 0.4403881205026973 0.021658500035603767 0.022575431399875168
0 0.7065593600273132 0.44030916690826416 0.021658500035603767 0.022575431399875168
0 0.7361701130867004 0.4398186716298366 0.02190311749776197 0.022310124503241695
0 0.7648659348487854 0.439698060353597 0.02190311749776197 0.022310124503241695
0 0.8227357268333435 0.43945482809752695 0.02190311749776197 0.022310124503241695
0 0.8511881232261658 0.43933523996133533 0.02190311749776197 0.022310124503241695
0 0.879931628704071 0.43921442826588947 0.02190311749776197 0.022310124503241695
0 0.9084643125534058 0.43909450267385935 0.02190311749776197 0.022310124503241695
0 0.93738853931427 0.43896089884265616 0.021850426991780525 0.022288746303982254
0 0.07465914636850357 0.47513085973589214 0.023156275351842254 0.02371533711751302
0 0.10471173375844955 0.47544864813486737 0.023156275351842254 0.02371533711751302
0 0.13636430725455284 0.4760903517405192 0.023061854143937424 0.02334051662021208
0 0.16762293875217438 0.4761218598047308 0.02306185414393741 0.02334051662021208
0 0.1983371078968048 0.4761528190619744 0.02306185414393741 0.02334051662021208
0 0.2600008323788643 0.47621497484095193 0.023061854143937438 0.02334051662021208
0 0.29050377011299133 0.4762457211812337 0.023061854143937466 0.02334051662021208
0 0.3207184374332428 0.4754147529602051 0.022381246089935303 0.022952742046780106
0 0.3507404327392578 0.47461005051930744 0.02215670545895898 0.022867626614040848
0 0.3809967637062073 0.4745824558538431 0.02215670545895898 0.022867626614040848
0 0.4416485130786896 0.4742533432806548 0.022115449110666874 0.022848765055338543
0 0.47116267681121826 0.4741007089614868 0.022115449110666874 0.022848765055338543
0 0.5004443377256393 0.4739492770449912 0.02211544911066693 0.022848765055338543
0 0.5302538871765137 0.47379511512035144 0.022115449110666985 0.022848765055338543
0 0.5603313446044922 0.4736395676930745 0.022115449110666985 0.022848765055338543
0 0.5902885794639587 0.47348464200423007 0.022115449110666985 0.022848765055338543
0 0.6194363832473755 0.4732697010040283 0.022134224573771233 0.02285093731350374
0 0.6484402418136597 0.47309885829259574 0.022134224573771233 0.02285093731350374
0 0.6771554350852966 0.47269387194256046 0.021766940752665276 0.02252732382880322
0 0.7065845131874084 0.4725990692774455 0.021766940752665276 0.02252732382880322
0 0.7649411559104919 0.4716561635335286 0.021826306978861565 0.022215710745917477
0 0.793609082698822 0.4715974224967165 0.021826306978861565 0.022215710745917477
0 0.8222038745880127 0.471538831314473 0.021826306978861565 0.022215710745917477
0 0.850347638130188 0.4714811642964681 0.021826306978861565 0.022215710745917477
0 0.0751672238111496 0.5101420879364014 0.023072928190231323 0.023206551869710285
0 0.10598831623792648 0.5100106403642936 0.023072928190231323 0.023206551869710285
0 0.13705486059188843 0.509878145974654 0.023072928190231323 0.023206551869710285
0 0.19916020333766937 0.5096132755279541 0.023072928190231323 0.023206551869710285
0 0.2300461381673813 0.5094815514122274 0.023072928190231323 0.023206551869710285
0 0.26005056500434875 0.5093373433007947 0.022378722826639802 0.022895097732543945
0 0.321370005607605 0.5087406635284424 0.022378722826639774 0.022895097732543945
0 0.35152947902679443 0.5084471913839318 0.022378722826639774 0.022895097732543945
0 0.38149747252464294 0.5081555824690063 0.022378722826639774 0.022895097732543945
0 0.41124239563941956 0.5078661441802979 0.022378722826639774 0.022895097732543945
0 0.471967488527298 0.5072752478145784 0.022378722826639774 0.022895097732543945
0 0.5307801365852356 0.50659974206673 0.022151629130045647 0.02264012230767139
0 0.5607245564460754 0.5064053136301916 0.022151629130045647 0.02264012230767139
0 0.590282678604126 0.5061668952306112 0.022084395090739006 0.022486262851291183
0 0.6195674538612366 0.5058198413492786 0.022084395090739006 0.022486262851291183
0 0.6483230590820312 0.5054790586622228 0.022084395090739006 0.022486262851291183
0 0.7070117592811584 0.5047835388566021 0.022084395090739006 0.022486262851291183
0 0.7352564334869385 0.5044488112131754 0.022084395090739006 0.022486262851291183
0 0.764513373374939 0.5042363405227661 0.02198624610900879 0.02244991726345491
0 0.7927135229110718 0.5039843784409048 0.021803061167399163 0.02206134796142578
0 0.8218244314193726 0.5037490713608328 0.021803061167399163 0.02206134796142578
0 0.8500640988349915 0.5035208066304525 0.021803061167399163 0.02206134796142578
0 0.07552703469991684 0.5435243447621664 0.023027623693148286 0.0235875182681613
0 0.10665048658847809 0.5435767571131388 0.022915959358215332 0.023268991046481613
0 0.13777612149715424 0.5429988702138265 0.022802243630091368 0.0226901372273763
0 0.16816085577011108 0.5428462557399771 0.022802243630091368 0.0226901372273763
0 0.23042242228984833 0.5425335323792893 0.022802243630091368 0.0226901372273763
0 0.2609436511993408 0.5423802323290267 0.02280224363009134 0.0226901372273763
0 0.2911527454853058 0.5422285000483195 0.022802243630091312 0.0226901372273763
0 0.32158809900283813 0.5417044560114542 0.022597630818684933 0.02265824211968311
0 0.3823819160461426 0.5409071582764958 0.022597630818684933 0.02265824211968311
0 0.41230371594429016 0.5405061642328898 0.022366325060526493 0.022570424609714035
0 0.4421537220478058 0.5402388628735527 0.022366325060526493 0.022570424609714035
0 0.5019606947898865 0.5397033023427994 0.02236632506052655 0.022570424609714035
0 0.5311380624771118 0.5394420243377758 0.022366325060526604 0.022570424609714035
0 0.56053626537323 0.5391787687937418 0.022366325060526604 0.022570424609714035
0 0.5899169445037842 0.538886030515035 0.02217266956965136 0.022589445114135742
0 0.16855593025684357 0.5762034210682603 0.02283179759979248 0.023305416107177734
0 0.2000238597393036 0.5759843587875366 0.02283179759979248 0.023305416107177734
0 0.23094648122787476 0.5757690926387735 0.02283179759979248 0.023305416107177734
0 0.2617355287075043 0.5755547563582134 0.02283179759979248 0.023305416107177734
0 0.29198089241981506 0.5753442049026489 0.02283179759979248 0.023305416107177734
0 0.3219888508319855 0.5751353061311777 0.02283179759979248 0.023305416107177734
0 0.38256168365478516 0.5739158346804936 0.02257891496022546 0.023021009233262852
0 0.4123491942882538 0.5734461148579916 0.02257891496022546 0.023021009233262852
0 0.4422360360622406 0.5732231537501017 0.02224057912826538 0.022644705242580887
0 0.4718279540538788 0.5724515120188395 0.021935582160949707 0.022537125481499515
0 0.5014624744653702 0.5721811819958976 0.021935582160949707 0.022537125481499515
0 0.5310132503509521 0.5719116159016207 0.021935582160949707 0.022537125481499515
0 0.5610371828079224 0.5716377336103874 0.021935582160949707 0.022537125481499515
0 0.590059757232666 0.5713729858398438 0.021935582160949707 0.022537125481499515
0 0.619834303855896 0.5707221612417084 0.022039969762166267 0.022601710425482906
0 0.6487457156181335 0.570272675846889 0.022039969762166267 0.022601710425482906
0 0.677276611328125 0.5698291063308716 0.022039969762166267 0.022601710425482906
0 0.7354938983917236 0.5689000489347794 0.02181077003479004 0.02252372105916341
0 0.7641436457633972 0.5684455235799154 0.02181077003479004 0.02252372105916341
0 0.7929663062095642 0.5679882549765498 0.02181077003479004 0.02252372105916341
0 0.8209443092346191 0.5677292230472392 0.021677374839782715 0.022413333257039387
0 0.8496192097663879 0.5673676102548859 0.021677374839782715 0.022413333257039387
0 0.878442645072937 0.567004124323527 0.021677374839782715 0.022413333257039387
0 0.07686609029769897 0.6106545714639667 0.02316745122273764 0.023291587829589844
0 0.1078394278883934 0.6102784872055054 0.02324750026067099 0.02329844898647737
0 0.13838276267051697 0.6100905338923136 0.02296822269757587 0.023193942175971188
0 0.16965800523757935 0.6097181701159292 0.02296822269757587 0.023193942175971188
0 0.20046356320381165 0.609351398415491 0.02296822269757587 0.023193942175971188
0 0.23092736303806305 0.6089791059494019 0.022925734519958496 0.02282404899597168
0 0.29219841957092285 0.608159226410587 0.022925734519958496 0.02282404899597168
0 0.3529750406742096 0.607345963005309 0.022925734519958496 0.02282404899597168
0 0.38285768032073975 0.6069460977802197 0.022925734519958496 0.02282404899597168
0 0.41282862424850464 0.6065450509389242 0.022925734519958496 0.02282404899597168
0 0.442883163690567 0.6060109934482636 0.022520701090494755 0.02261262469821501
0 0.5022130608558655 0.6049567242233987 0.02252070109049481 0.02261262469821501
0 0.531228244304657 0.6044411356849821 0.022520701090494866 0.02261262469821501
0 0.5613369941711426 0.6039061148961385 0.022520701090494866 0.02261262469821501
0 0.5904370546340942 0.6036812464396158 0.021954099337260002 0.022221724192301433
0 0.620319664478302 0.6031562238897256 0.021954099337260002 0.022221724192301433
0 0.6490254402160645 0.6026518777280953 0.021954099337260002 0.022221724192301433
0 0.677829384803772 0.6021458067887367 0.021954099337260002 0.022221724192301433
0 0.7355368137359619 0.6011319160461426 0.021954099337260002 0.022221724192301433
0 0.7638452053070068 0.6007094465620552 0.021692434946696038 0.02213507228427458
0 0.7926162481307983 0.6003178755442301 0.021692434946696038 0.02213507228427458
0 0.8500774502754211 0.5995358343249729 0.021692434946696038 0.02213507228427458
0 0.8780679702758789 0.5986611048380533 0.021657228469848633 0.02175442377726237
0 0.9067782163619995 0.5982623489232218 0.021657228469848633 0.02175442377726237
0 0.07719127088785172 0.6443122005269695 0.022743557890256255 0.02288283242119678
0 0.10797817260026932 0.6438445250193278 0.022743557890256255 0.02288283242119678
0 0.13884380459785461 0.643375653541191 0.022743557890256227 0.02288283242119678
0 0.16973525285720825 0.6429063898951953 0.022743557890256227 0.02288283242119678
0 0.2010495513677597 0.6424307028452555 0.022743557890256227 0.02288283242119678
0 0.23195406794548035 0.6419612406819656 0.022743557890256227 0.02288283242119678
0 0.26266971230506897 0.6417109481844502 0.022760401169458988 0.022623327043321446
0 0.2932546138763428 0.6412592393364595 0.022760401169458988 0.022623327043321446
0 0.3231804668903351 0.6408172639860208 0.022760401169458988 0.022623327043321446
0 0.35371655225753784 0.640366276105245 0.022760401169458988 0.022623327043321446
0 0.38367995619773865 0.6400127576258077 0.022554735342661503 0.022861507203843907
0 0.4131240248680115 0.6395726601282755 0.022554735342661503 0.022861507203843907
0 0.1395024061203003 0.6756883108343733 0.022970656553904234 0.022964172893100338
0 0.17009373009204865 0.6754206021626791 0.022970656553904234 0.022964172893100338
0 0.20145225524902344 0.6751461796132067 0.022970656553904234 0.022964172893100338
0 0.23242776095867157 0.674875108916945 0.022970656553904234 0.022964172893100338
0 0.2633237838745117 0.6746047337849935 0.022782544294993046 0.02287567986382381
0 0.2931695282459259 0.675208330154419 0.022494534651438358 0.022621260748969158
0 0.35451793670654297 0.6737129070418199 0.022494534651438358 0.022621260748969158
0 0.38384589552879333 0.6729980114386794 0.022494534651438358 0.022621260748969158
0 0.4133842885494232 0.6722779863110441 0.022494534651438358 0.022621260748969158
0 0.4433293342590332 0.671548048655192 0.022494534651438358 0.022621260748969158
0 0.4730648994445801 0.670675842042436 0.022124727567036984 0.022739092508951824
0 0.5325236916542053 0.669506847858429 0.022124727567036873 0.022739092508951824
0 0.561199426651001 0.6689430663521515 0.022124727567036873 0.022739092508951824
0 0.5906886458396912 0.6683632912769877 0.022124727567036873 0.022739092508951824
0 0.6199766397476196 0.6677874724070231 0.022124727567036873 0.022739092508951824
0 0.6488417387008667 0.6672199678960306 0.022124727567036873 0.022739092508951824
0 0.6781567335128784 0.6667724345493938 0.022230346997578865 0.022538039419386147
0 0.7072387933731079 0.6661478877067566 0.022230346997578865 0.022538039419386147
0 0.735942542552948 0.6655328273773192 0.02227131525675463 0.02248504426744254
0 0.7642479538917542 0.6649241797202649 0.02227131525675463 0.02248504426744254
0 0.7927119731903076 0.6643121215364411 0.02227131525675463 0.022485044267442467
0 0.8214043378829956 0.6636951532706731 0.02227131525675463 0.02248504426744254
0 0.8501150012016296 0.6630777915318806 0.02227131525675463 0.02248504426744254
0 0.8781847357749939 0.6625172158467052 0.022379597028096443 0.022168636322021557
0 0.9070351719856262 0.6619213223457336 0.022379597028096443 0.022168636322021484
0 0.07871075719594955 0.7101597775393684 0.023078093926111848 0.022951655917697582
0 0.1092127114534378 0.7098538875579834 0.023090322812398284 0.023230287763807606
0 0.1402599811553955 0.7094517942828028 0.022559026877085386 0.022625976138644848
0 0.17104527354240417 0.7091584205627441 0.022559026877085386 0.022625976138644848
0 0.23260776698589325 0.7085717502303477 0.022559026877085386 0.022625976138644848
0 0.2632482051849365 0.7082797569230995 0.02255902687708533 0.022625976138644848
0 0.29340267181396484 0.7079923947652181 0.022165954113006592 0.022334522671169605
0 0.32436805963516235 0.7072193789406372 0.022165954113006592 0.022334522671169605
0 0.3843008875846863 0.7056755224863688 0.022214194138844845 0.02265093061659081
0 0.4139431416988373 0.7050100517192758 0.022214194138844845 0.02265093061659081
0 0.44398295879364014 0.7042333285013834 0.021960457166036007 0.022406578063964844
0 0.47346246242523193 0.703628065251297 0.021960457166036007 0.022406578063964844
0 0.5032336711883545 0.7030168128095952 0.02196045716603595 0.022406578063964844
0 0.5328929424285889 0.7024078586314514 0.021960457166035896 0.022406578063964844
0 0.5621413588523865 0.7019491070764627 0.021857301394144768 0.02228244145711263
0 0.6204449534416199 0.7005158265431722 0.021857301394144768 0.02228244145711263
0 0.649371862411499 0.699735164642334 0.021855394045511956 0.022138489617241852
0 0.6781567931175232 0.6990648769570721 0.021855394045511956 0.022138489617241852
0 0.7071430087089539 0.6983899021394597 0.021855394045511956 0.022138489617241852
0 0.7357494831085205 0.6977237699988402 0.021855394045511956 0.022138489617241852
0 0.7647618055343628 0.6970481872558594 0.021855394045511956 0.022138489617241852
0 0.7934730648994446 0.69647101256625 0.02213839689890551 0.022504647572835285
0 0.8222187757492065 0.6958931453077524 0.02213839689890551 0.022504647572835285
0 0.8506996631622314 0.6953206017232517 0.02213839689890551 0.022504647572835285
0 0.8789776563644409 0.6947521368662516 0.02213839689890551 0.022504647572835285
0 0.07948188483715057 0.7435253461201986 0.02307632565498352 0.022913826836480133
0 0.11001821607351303 0.7430402892007898 0.02307632565498352 0.022913826836480133
0 0.1409561187028885 0.7425488534868457 0.02307632565498352 0.022913826836480133
0 0.1721651256084442 0.7420531113942465 0.02307632565498352 0.022913826836480133
0 0.20226600766181946 0.7415749714039744 0.02307632565498352 0.022913826836480133
0 0.23291893303394318 0.7415664527323024 0.022781471411387144 0.02270581987169044
0 0.2942968010902405 0.7403309345245361 0.02278147141138709 0.02270581987169044
0 0.3247208893299103 0.7397185066875132 0.02278147141138709 0.02270581987169044
0 0.35483941435813904 0.7391122297469503 0.02278147141138709 0.02270581987169044
0 0.38450950384140015 0.7385149796803793 0.02278147141138709 0.02270581987169044
0 0.44440335035324097 0.7373093343844127 0.02278147141138709 0.02270581987169044
0 0.4737350642681122 0.7361464407184535 0.022042274475097656 0.022588094075520832
0 0.5031808614730835 0.7354119618733724 0.022042274475097656 0.022588094075520832
0 0.532331645488739 0.7346848416657589 0.022042274475097656 0.022588094075520832
0 0.5624799132347107 0.7339356740315756 0.02209385236104322 0.02240080303615984
0 0.5920992493629456 0.733194356930443 0.02209385236104322 0.02240080303615984
0 0.6208592057228088 0.7324745485125538 0.02209385236104322 0.02240080303615984
0 0.6498686671257019 0.7317484954457495 0.02209385236104322 0.02240080303615984
0 0.6785957217216492 0.7310295104980469 0.02209385236104322 0.02240080303615984
0 0.7074982523918152 0.7303661631549262 0.021955887476603264 0.022300084431966145
0 0.7359448671340942 0.7296984968759864 0.021955887476603264 0.022300084431966145
0 0.7647767663002014 0.7290217876434326 0.021955887476603264 0.022300084431966145
0 0.792930006980896 0.7283659136629942 0.0219306548436482 0.022124979231092762
0 0.822039783000946 0.7276420677278089 0.021610736846923828 0.02217245101928711
0 0.08018753677606583 0.7761743283606942 0.02318859100341797 0.023231029510498047
0 0.11045396327972412 0.7757915655771891 0.023033936818440764 0.02313995361328125
0 0.1410931646823883 0.7752743789261561 0.023033936818440737 0.02313995361328125
0 0.1724347621202469 0.7754909992218018 0.022915283838907896 0.022807015313042633
0 0.23386944830417633 0.7742307980855306 0.023170948028564453 0.022868262396918304
0 0.26428288221359253 0.7735582070408601 0.023170948028564453 0.022868262396918304
0 0.2946178615093231 0.7728873510146931 0.023170948028564453 0.022868262396918304
0 0.32523176074028015 0.7722103266929241 0.023170948028564453 0.022868262396918304
0 0.354766309261322 0.7715571721394857 0.022399097681045532 0.022562874688042633
0 0.38481998443603516 0.7707878508316216 0.022399097681045532 0.022562874688042633
0 0.4147784411907196 0.7700209669480995 0.022399097681045532 0.022562874688042633
0 0.47386786341667175 0.7685083815047711 0.022399097681045532 0.022562874688042633
0 0.5033503919839859 0.7677536805470785 0.022319704294204712 0.022352589501275055
0 0.5325841903686523 0.7669662991805608 0.022319704294204712 0.022352589501275055
0 0.5623313784599304 0.7661650902065791 0.022319704294204712 0.022352589501275055
0 0.5920523405075073 0.7653645876032802 0.022319704294204712 0.022352589501275055
0 0.6212380528450012 0.7645785013834635 0.022319704294204712 0.022352589501275055
0 0.6786792278289795 0.7630216280619303 0.022187868754069084 0.022280375162760418
0 0.7068610787391663 0.7622916556071772 0.022187868754069084 0.022280375162760418
0 0.7360422015190125 0.7615357997943016 0.022187868754069084 0.022280375162760418
0 0.7647606730461121 0.7607919276751778 0.022187868754069084 0.022280375162760418
0 0.7936227321624756 0.7600443363189697 0.022187868754069084 0.022280375162760418
0 0.8219702243804932 0.7592133712143546 0.02212977409362793 0.022233062320285473
0 0.8505157828330994 0.7593135833740234 0.02240300178527832 0.021829234229193695
0 0.08079551160335541 0.8091649214426676 0.022817591826121003 0.022784127129448883
0 0.1115235835313797 0.808643912032359 0.022817591826121003 0.022784127129448883
0 0.14206087589263916 0.8081261373824287 0.02281759182612103 0.022784127129448883
0 0.1726917177438736 0.8076067765553793 0.02281759182612103 0.022784127129448883
