0 0.1514473259449005 0.17598148187001547 0.02375289797782898 0.02369527022043864
0 0.1813087910413742 0.17556418975194296 0.02343115210533142 0.023396094640096027
0 0.21022069454193115 0.17545221745967865 0.023601412773132324 0.022917379935582478
0 0.8605657815933228 0.18774853150049844 0.02218472957611084 0.020610849062601726
0 0.88765949010849 0.18834936618804932 0.021661996841430664 0.020494739214579265
0 0.9128636717796326 0.18844985961914062 0.02133798599243164 0.021071394284566242
0 0.12194351479411125 0.20840251445770264 0.022483197351296738 0.022467613220214844
0 0.15117748081684113 0.20832338987077081 0.022483197351296724 0.022467613220214844
0 0.18124109506607056 0.20824201975980816 0.022483197351296724 0.022467613220214844
0 0.21048620343208313 0.20816286501503498 0.022483197351296724 0.022467613220214844
0 0.240238256752491 0.20808233817418417 0.022483197351296752 0.022467613220214844
0 0.26962196826934814 0.20828761657079062 0.0225487848122915 0.02249719036950008
0 0.32829010486602783 0.208166459851584 0.023002584775288937 0.022324363390604656
0 0.387283056974411 0.20958813031514487 0.023002584775288937 0.022324363390604656
0 0.4170622229576111 0.2103057780882214 0.023002584775288937 0.022324363390604656
0 0.4455318748950958 0.21036128203074136 0.022710879643758175 0.02249742878807918
0 0.47447025775909424 0.2108774652696321 0.022710879643758175 0.02249742878807918
0 0.5031206756830215 0.2113885119853055 0.02271087964375812 0.02249742878807918
0 0.5314280390739441 0.21180851897195752 0.02212047576904297 0.02214031749301489
0 0.5602936148643494 0.21240832408269247 0.02212047576904297 0.02214031749301489
0 0.588620126247406 0.21299692783756707 0.02212047576904297 0.02214031749301489
0 0.6439182162284851 0.21414598085578396 0.02212047576904297 0.02214031749301489
0 0.6714047193527222 0.21471712986628214 0.02212047576904297 0.02214031749301489
0 0.6993468999862671 0.21529774751516517 0.02212047576904297 0.02214031749301489
0 0.7265516519546509 0.21597979219652064 0.02167423566182447 0.02202428711785213
0 0.7539852857589722 0.21651496489842734 0.02167423566182447 0.02202428711785213
0 0.7812016606330872 0.21682363748550415 0.021838625272114998 0.021875672870212155
0 0.12229866161942482 0.27253925800323486 0.022918539742628738 0.022281554010179283
0 0.15176978707313538 0.2724352829022381 0.02305580178896588 0.022133774227566166
0 0.18114030361175537 0.27247269948323566 0.02305580178896588 0.022133774227566166
0 0.2105390727519989 0.27251015205664614 0.02305580178896588 0.022133774227566166
0 0.24043868482112885 0.2725482426791011 0.023055801788965852 0.022133774227566166
0 0.2702544331550598 0.27258622646331787 0.023055801788965824 0.022133774227566166
0 0.29998740553855896 0.27262410479508037 0.023055801788965824 0.022133774227566166
0 0.32931482791900635 0.2730694015820821 0.022783756256103516 0.02247907055748836
0 0.3877653479576111 0.27378971601040725 0.022783756256103516 0.02247907055748836
0 0.416550874710083 0.2741185824076335 0.022327184677124023 0.022318654590182858
0 0.4747389554977417 0.2748529135332519 0.022327184677124023 0.022318654590182858
0 0.5032392740249634 0.27521258635114315 0.022327184677124023 0.022318654590182858
0 0.5311041474342346 0.275564239878444 0.022327184677124023 0.022318654590182858
0 0.5593852400779724 0.27592114607493085 0.022327184677124023 0.022318654590182858
0 0.5879232883453369 0.276278388548489 0.022106647491455078 0.022344734933641197
0 0.6155962944030762 0.2769405433545047 0.021793007850646973 0.02221063772837321
0 0.6434348821640015 0.27740663290023804 0.021793007850646973 0.02221063772837321
0 0.12288641184568405 0.3362436691919963 0.023123567303021744 0.022393650478786904
0 0.1528041511774063 0.3362998128877113 0.02312356730302173 0.022393650478786904
0 0.18151657283306122 0.3363536946816132 0.02312356730302173 0.022393650478786904
0 0.2410632222890854 0.33616069952646893 0.02261224389076233 0.0229496028688219
0 0.2706220746040344 0.3362387492234436 0.022500475247701046 0.022858626312679726
0 0.32989805936813354 0.3368155062198639 0.022702892621358273 0.02289748191833496
0 0.35880914330482483 0.3370730526419359 0.022702892621358273 0.02289748191833496
0 0.38812270760536194 0.3373341844493878 0.022702892621358273 0.02289748191833496
0 0.41643276810646057 0.33758637681985254 0.022702892621358273 0.02289748191833496
0 0.44502508640289307 0.33763738721598324 0.021996021270751953 0.022047811084323448
0 0.47378790378570557 0.3379616439342499 0.021996021270751953 0.022047811084323448
0 0.5307983756065369 0.33860434969750725 0.021996021270751953 0.022047811084323448
0 0.5583670735359192 0.3389151445476253 0.021996021270751953 0.022047811084323448
0 0.6151331067085266 0.33955509463946026 0.021996021270751953 0.022047811084323448
0 0.6424621939659119 0.3398631882461942 0.021996021270751953 0.022047811084323448
0 0.6702063679695129 0.34019550681114197 0.021576444307963127 0.021978749169243694
0 0.7251191735267639 0.3405650854110718 0.021882136662801033 0.021982974476284462
0 0.7524592280387878 0.3407141312023547 0.021882136662801033 0.021982974476284462
0 0.7799059748649597 0.34086375863257995 0.021882136662801033 0.021982974476284462
0 0.8073762655258179 0.3410135144132979 0.021882136662801033 0.021982974476284462
0 0.834233820438385 0.3411599298318227 0.021882136662801033 0.021982974476284462
0 0.12298797070980072 0.4016212622324626 0.02300163606802623 0.02262907558017302
0 0.15286464989185333 0.4016608461714832 0.023001636068026243 0.02262907558017302
0 0.18201398849487305 0.40169946644901544 0.023001636068026243 0.02262907558017302
0 0.2118309587240219 0.40176693383343826 0.022774154941240965 0.022616068522135418
0 0.24118555337190628 0.40177786350250244 0.022774154941240937 0.022616068522135418
0 0.27078157663345337 0.40178888306328125 0.02277415494124091 0.022616068522135418
0 0.3004181385040283 0.4017999177179011 0.02277415494124091 0.022616068522135418
0 0.3589009940624237 0.40182169278462726 0.02277415494124091 0.022616068522135418
0 0.3879005014896393 0.40183249024318535 0.02277415494124091 0.022616068522135418
0 0.4163845181465149 0.40180639425913495 0.022570093472798702 0.022515085008409336
0 0.4453555643558502 0.40180718842444313 0.022570093472798702 0.022515085008409336
0 0.47413766384124756 0.4022099926475346 0.021843532721201542 0.02206505669487842
0 0.5024086683988571 0.4022585425317667 0.021843532721201597 0.02206505669487842
0 0.5304049253463745 0.40212813487481286 0.021597584088643318 0.021808703740437824
0 0.5865488648414612 0.4024030367533366 0.02159595489501953 0.021869632932874843
0 0.614495038986206 0.402549605047466 0.02159595489501953 0.021869632932874843
0 0.642372190952301 0.4026958113434582 0.02159595489501953 0.021869632932874843
0 0.6706333160400391 0.40284403144946745 0.02159595489501953 0.021869632932874843
0 0.6977346539497375 0.40298616886138916 0.02159595489501953 0.021869632932874843
0 0.7251299023628235 0.4030588493462153 0.021453142166137695 0.021777894761827305
0 0.7526931166648865 0.4031319754500064 0.021453142166137695 0.021777894761827305
0 0.8068493008613586 0.4032756535676265 0.021453142166137695 0.021777894761827305
0 0.8337475061416626 0.4033470153808594 0.021453142166137695 0.021777894761827305
0 0.8600040674209595 0.4038670063018799 0.02173638343811035 0.02172965473598909
0 0.12331660464406013 0.4661394755045573 0.0237943356235822 0.02286362648010254
0 0.15303660929203033 0.46606467394299217 0.023794335623582186 0.02286362648010254
0 0.18314038217067719 0.4659889064844404 0.023794335623582186 0.02286362648010254
0 0.21219463646411896 0.46591578053385585 0.023794335623582186 0.02286362648010254
0 0.24208971112966537 0.46584053834279376 0.023794335623582213 0.02286362648010254
0 0.2715447247028351 0.4659433013613739 0.022178232669830322 0.021834294001261394
0 0.3296932876110077 0.4657568534215291 0.022178232669830322 0.021834294001261394
0 0.3593297600746155 0.4656618268386051 0.022178232669830322 0.021834294001261394
0 0.38811326026916504 0.46556953523165223 0.022178232669830322 0.021834294001261394
0 0.4176327586174011 0.4654748837153117 0.022178232669830322 0.021834294001261394
0 0.4458712339401245 0.4653843396797421 0.022178232669830322 0.021834294001261394
0 0.4747924208641052 0.4651844985724945 0.022039473056793213 0.021779616673787434
0 0.5029762387275696 0.465205030395786 0.022039473056793213 0.021779616673787434
0 0.53173828125 0.4652259834539356 0.022039473056793213 0.021779616673787434
0 0.5594355463981628 0.46524616082509357 0.022039473056793213 0.021779616673787434
0 0.12318428978323936 0.5645655393600464 0.02320132404565811 0.022405015097724117
0 0.15382279455661774 0.562899500322367 0.02316716810067493 0.02232238981458871
0 0.1840510070323944 0.5626567999521891 0.022910133004188538 0.02231113115946452
0 0.2133665680885315 0.5624339583035236 0.022910133004188538 0.02231113115946452
0 0.24318284541368484 0.5622073104701945 0.022910133004188538 0.02231113115946452
0 0.2721409797668457 0.5619495312372843 0.02280435959498084 0.022257698906792484
0 0.33166924118995667 0.5612828656092433 0.02280435959498084 0.022257698906792484
0 0.36012402176856995 0.5609641963971463 0.02280435959498084 0.022257698906792484
0 0.3890341818332672 0.5606404273241794 0.02280435959498084 0.022257698906792484
0 0.41748806834220886 0.5603217681248983 0.02280435959498084 0.022257698906792484
0 0.4466363787651062 0.5597902330718881 0.022327135006586674 0.021931992636786617
0 0.47531187534332275 0.5597016016642252 0.022327135006586674 0.021931992636786617
0 0.5034255832433701 0.5596147066561822 0.02232713500658673 0.021931992636786617
0 0.5315443873405457 0.5595277958966027 0.022327135006586785 0.021931992636786617
0 0.5598155856132507 0.5594404141108195 0.022327135006586785 0.021931992636786617
0 0.6163217425346375 0.5592657625501778 0.022327135006586785 0.021931992636786617
0 0.6441696286201477 0.5581432183583578 0.021866172552108765 0.02175765567355681
0 0.6717060208320618 0.5578114116484657 0.02178613344828295 0.021709468629625157
0 0.6996626853942871 0.5574745407607852 0.02178613344828295 0.021709468629625157
0 0.7271010279655457 0.5571439155247923 0.02178613344828295 0.021709468629625157
0 0.7540587782859802 0.5568190813064575 0.02178613344828295 0.021709468629625157
0 0.12460796907544136 0.627621054649353 0.022759559253851577 0.02157735824584961
0 0.15492570400238037 0.6273225237970328 0.02275955925385159 0.02157735824584961
0 0.1852388232946396 0.627024038393667 0.02275955925385159 0.02157735824584961
0 0.21489731967449188 0.6267319988918985 0.02275955925385159 0.02157735824584961
0 0.24348949640989304 0.6264504591623942 0.022759559253851563 0.02157735824584961
0 0.27314305305480957 0.6260976269199784 0.022541776299476624 0.021649996439615887
0 0.30289962887763977 0.6257495880126953 0.022541776299476624 0.021649996439615887
0 0.33198657631874084 0.6254093812139065 0.022541776299476624 0.021649996439615887
0 0.38998639583587646 0.6244573103722141 0.022356927394866943 0.021926826900906082
0 0.4185985326766968 0.624032735824585 0.022356927394866943 0.021926826900906082
0 0.4753733277320862 0.6231902565277226 0.022356927394866943 0.021926826900906082
0 0.503863200545311 0.6225894689559937 0.02197830875714618 0.021473778618706547
0 0.5324864387512207 0.6222303214679968 0.021978308757146126 0.021473778618706547
0 0.5611553192138672 0.6218706012879188 0.021978308757146126 0.021473778618706547
0 0.589277446269989 0.621517741446671 0.021978308757146126 0.021473778618706547
0 0.6168583035469055 0.6211716731389364 0.021978308757146126 0.021473778618706547
0 0.6452483534812927 0.6206034617596117 0.021560867627461677 0.021882904900444828
0 0.7006760835647583 0.6197613080342611 0.021560867627461677 0.021882904900444828
0 0.7282470464706421 0.6193424023874354 0.021560867627461677 0.021882904900444828
0 0.7829763293266296 0.6185108606776536 0.021560867627461677 0.021882904900444828
0 0.8093634843826294 0.618109941482544 0.021560867627461677 0.021882904900444828
0 0.8365785479545593 0.6176964432725642 0.021560867627461677 0.021882904900444828
0 0.8632432818412781 0.6173225115482649 0.02131199836730957 0.02166067229376904
0 0.8897382020950317 0.6169352997490715 0.02131199836730957 0.02166067229376904
0 0.9166427850723267 0.6165421009063721 0.02131199836730957 0.02166067229376904
0 0.12605205550789833 0.6919885439572991 0.02282707393169403 0.02221536636352539
0 0.1553024798631668 0.6915334065755209 0.02269814908504486 0.022198253207736645
0 0.2154737412929535 0.6905942864982714 0.02269814908504486 0.022198253207736645
0 0.24494130164384842 0.6901343729632132 0.02269814908504486 0.022198253207736645
0 0.27403146028518677 0.6896803497072385 0.02269814908504486 0.022198253207736645
0 0.3325441777706146 0.6887671152750651 0.02269814908504486 0.022198253207736645
0 0.3611723780632019 0.6883012965625673 0.022361715634663937 0.02194531758626302
0 0.39025452733039856 0.6878280914993828 0.022361715634663937 0.02194531758626302
0 0.4193151593208313 0.6873552365507726 0.022361715634663937 0.02194531758626302
0 0.4479926824569702 0.6868886152903239 0.022361715634663937 0.02194531758626302
0 0.4767586588859558 0.685917359478495 0.021672368049621582 0.021542496151394214
0 0.5331982374191284 0.6848696072896322 0.021672368049621582 0.021542496151394214
0 0.5620033144950867 0.6843348658308709 0.021672368049621582 0.021542496151394214
0 0.6185038089752197 0.6832859827898928 0.021672368049621582 0.021542496151394214
0 0.6460193991661072 0.6827751795450846 0.021621425946553474 0.021451632181803387
0 0.6737720370292664 0.6822844086098496 0.021621425946553474 0.021451632181803387
0 0.7017387747764587 0.6817898515840511 0.021621425946553474 0.021451632181803387
0 0.7294316291809082 0.6813001378450397 0.021621425946553474 0.021451632181803387
0 0.7564128637313843 0.680823008219401 0.021621425946553474 0.021451632181803387
0 0.12638163939118385 0.7570386727650961 0.02314028888940811 0.022430790795220368
0 0.15642450749874115 0.7563951758399007 0.02314028888940811 0.022430790795220368
0 0.18646372854709625 0.7557517570321264 0.02314028888940811 0.022430790795220368
0 0.21711114048957825 0.7550565401713053 0.02295877536137897 0.022519323560926747
0 0.24579152464866638 0.7544740448351064 0.022958775361378997 0.022519323560926747
0 0.27541807293891907 0.7538723330131512 0.022958775361379025 0.022519323560926747
0 0.3044250011444092 0.7536158391090108 0.02271503210067749 0.022418657938639324
0 0.36318784952163696 0.7520897388458252 0.02271503210067749 0.022418657938639324
0 0.39203840494155884 0.7513404756389646 0.02271503210067749 0.022418657938639324
0 0.42059779167175293 0.7505987742271204 0.02271503210067749 0.022418657938639324
0 0.44934555888175964 0.749852180480957 0.02271503210067749 0.022418657938639324
0 0.4778122901916504 0.7491128853762478 0.02271503210067749 0.022418657938639324
0 0.534793496131897 0.7478982684509724 0.022163232167561775 0.022108819749620128
0 0.5628649592399597 0.7472756703694662 0.022163232167561775 0.022108819749620128
0 0.5915452241897583 0.7466395696480288 0.022163232167561775 0.022108819749620128
0 0.647564709186554 0.7453971112926623 0.022163232167561775 0.022108819749620128
0 0.6754038333892822 0.7447796662648519 0.022163232167561775 0.022108819749620128
0 0.702337920665741 0.7441822940865336 0.022163232167561775 0.022108819749620128
0 0.757042407989502 0.7429259690333564 0.02155081431070971 0.021554734971788097
0 0.7842707633972168 0.7423678239186605 0.02155081431070971 0.021554734971788097
0 0.8121019601821899 0.741537888844808 0.021625638008117676 0.021531952752007477
0 0.8392035365104675 0.7407769362131754 0.021623770395914788 0.02162345250447591
0 0.12813450023531914 0.821187416712443 0.02280380080143611 0.022236718071831696
0 0.1574980616569519 0.8208955923716227 0.022666762272516905 0.02238162358601888
0 0.1880834400653839 0.8205282688140869 0.022928044199943542 0.022165245480007496
0 0.2174382507801056 0.8198099860902127 0.022928044199943542 0.022165245480007496
0 0.24727999418973923 0.8190797886125409 0.022928044199943542 0.022165245480007496
0 0.2770189642906189 0.8183521058944726 0.022928044199943542 0.022165245480007496
0 0.30611538887023926 0.8176401456197103 0.022928044199943542 0.022165245480007496
0 0.33515992760658264 0.8170580140671359 0.022647807995478275 0.022363397810194325
0 0.3641309440135956 0.8157115777333578 0.022716785470644596 0.02202637990315755
