0 0.1573527306318283 0.12528588643297178 0.02032055457433063 0.02188182801239249
0 0.1824958622455597 0.12385887323423873 0.020176450411478697 0.02192412235940148
0 0.20782332122325897 0.12251553371470042 0.020176450411478697 0.02192412235940148
0 0.23268955945968628 0.12062383908095284 0.02027932802836102 0.021627278290977787
0 0.2582281827926636 0.11956064091172329 0.020279328028360993 0.021627278290977787
0 0.28378328680992126 0.11849675663529347 0.020279328028360966 0.021627278290977787
0 0.30911245942115784 0.11744227810693868 0.020279328028360966 0.021627278290977787
0 0.33413663506507874 0.11640049690424009 0.020279328028360966 0.021627278290977787
0 0.3886440694332123 0.11413129845630472 0.020279328028360966 0.021627278290977787
0 0.41513416171073914 0.1117516493674533 0.021777401367823246 0.023066579833511222
0 0.4416705369949341 0.11034230981353844 0.021885961294174194 0.023500176363213117
0 0.4681345820426941 0.10911486869634585 0.021885961294174194 0.023500176363213117
0 0.4954410642385483 0.10784835411202624 0.021885961294174194 0.023500176363213117
0 0.5223003625869751 0.10660258056862787 0.021885961294174194 0.023500176363213117
0 0.54902583360672 0.10536301413247752 0.021885961294174194 0.023500176363213117
0 0.6055198907852173 0.10278955725736397 0.02287979920705152 0.02424461897029433
0 0.633182168006897 0.10125680533415823 0.02287979920705152 0.02424461897029433
0 0.6614192724227905 0.09969220254486573 0.02287979920705152 0.02424461897029433
0 0.6909151673316956 0.09805785085046272 0.02287979920705152 0.02424461897029433
0 0.7189411520957947 0.09650494608768197 0.02287979920705152 0.02424461897029433
0 0.7480803728103638 0.09505821937738462 0.02306044101715088 0.024187819902286974
0 0.7758902311325073 0.09347932283268419 0.023258765538533455 0.024331625117812047
0 0.8354527950286865 0.09018855346634619 0.023258765538533455 0.024331625117812047
0 0.8652868270874023 0.08963678997945296 0.02338953812917066 0.024206800978313125
0 0.8949836492538452 0.08862636114075956 0.023549675941467285 0.024503417717393984
0 0.10707560181617737 0.15809589208558547 0.020056272546450288 0.022158548813457624
0 0.1318712830543518 0.15765526133963026 0.019766896963119507 0.02188289997189544
0 0.15679624676704407 0.15642978978711505 0.019766896963119507 0.02188289997189544
0 0.18244554102420807 0.15516870548558648 0.019766896963119507 0.02188289997189544
0 0.20718999207019806 0.15395210909696164 0.019766896963119507 0.02188289997189544
0 0.23146873712539673 0.1527584098106207 0.019766896963119507 0.02188289997189544
0 0.25716787576675415 0.15149487483852803 0.019766896963119507 0.02188289997189544
0 0.20591765642166138 0.1854573127835296 0.019400273760159792 0.021969458853551577
0 0.23115098476409912 0.18456049361824706 0.019400273760159792 0.021969458853551577
0 0.25673869997262955 0.1836510791690954 0.01940027376015982 0.021969458853551577
0 0.2826654314994812 0.18272961572159171 0.020048360029856327 0.02219299567762273
0 0.3082575500011444 0.1819702723333837 0.020048360029856327 0.022192995677622708
0 0.33387985825538635 0.18121003318545142 0.020048360029856327 0.022192995677622708
0 0.3600507080554962 0.18043351826902485 0.020048360029856327 0.02219299567762273
0 0.38518139719963074 0.17968786594479585 0.020048360029856327 0.02219299567762273
0 0.2043280303478241 0.2175028823142828 0.019675115744272886 0.022440622019213298
0 0.23007255792617798 0.21690809974989939 0.01985583702723187 0.022358901740968662
0 0.2556537091732025 0.21624707066735557 0.019855837027231843 0.022358901740968662
0 0.2816261053085327 0.21557593163131236 0.019855837027231815 0.022358901740968662
0 0.3081302046775818 0.2148910531314985 0.019855837027231815 0.022358901740968662
0 0.33412492275238037 0.21421933728595113 0.019855837027231815 0.022358901740968662
0 0.3600325882434845 0.21354987092045946 0.019855837027231815 0.022358901740968662
0 0.20356832444667816 0.24915110515414948 0.019598335027694702 0.022517522176106742
0 0.22867093980312347 0.2490367002265398 0.019598335027694702 0.022517522176106742
0 0.2545277774333954 0.24891885793818444 0.019598335027694702 0.022517522176106742
0 0.2806812524795532 0.2487996637276645 0.019598335027694702 0.022517522176106742
0 0.30716562271118164 0.24867896146552507 0.019598335027694702 0.022517522176106742
0 0.2026667445898056 0.2822186280437977 0.019746204217274965 0.02248361868451735
0 0.2542417049407959 0.28133478830027026 0.019746204217274993 0.02248361868451735
0 0.280512273311615 0.2807603019703529 0.02018936475118005 0.022916158040364554
0 0.3065198063850403 0.280388543772143 0.02018936475118005 0.022916158040364554
0 0.3326668441295624 0.28001479145918856 0.02018936475118005 0.022916158040364554
0 0.3592725992202759 0.27963448212548075 0.02018936475118005 0.022916158040364554
0 0.38623616099357605 0.27924905821334484 0.02018936475118005 0.022916158040364554
0 0.41291481256484985 0.2788677068790677 0.02018936475118005 0.022916158040364554
0 0.20215974748134613 0.3143928660902866 0.01956048607826233 0.02260313107985856
0 0.22748704254627228 0.31415122145451263 0.01956048607826233 0.02260313107985856
0 0.2533610761165619 0.3139043604532858 0.01956048607826233 0.02260313107985856
0 0.2801744043827057 0.31364853775583024 0.01956048607826233 0.02260313107985856
0 0.306337833404541 0.31339891566786654 0.01956048607826233 0.02260313107985856
0 0.33253607153892517 0.31321080117077094 0.01952151457468665 0.0225166202515595
0 0.359651118516922 0.31300917337107104 0.01952151457468665 0.0225166202515595
0 0.3858800232410431 0.3128141349353141 0.01952151457468665 0.0225166202515595
0 0.4133550524711609 0.31165471525794963 0.020433108011881473 0.023088750913161614
0 0.439496248960495 0.3109954124273256 0.020433108011881473 0.023088750913161614
0 0.20100252330303192 0.34730192433437884 0.019742846488952637 0.02268912441046666
0 0.25330013036727905 0.3467725265857785 0.019742846488952637 0.02268912441046666
0 0.2794446647167206 0.34650787092752267 0.019742846488952637 0.02268912441046666
0 0.3061819076538086 0.34623721540408187 0.019742846488952637 0.02268912441046666
0 0.33221137523651123 0.3459737245426622 0.019742846488952637 0.02268912441046666
0 0.358721524477005 0.3457053678412602 0.019742846488952637 0.02268912441046666
0 0.3857099115848541 0.34552999984386357 0.01988663276036584 0.022897690765617457
0 0.20051781833171844 0.3801299727543131 0.019804179668426514 0.02243431594020635
0 0.2260635495185852 0.37999444784120073 0.019804179668426514 0.02243431594020635
0 0.2792072296142578 0.37971251061361655 0.019804179668426514 0.02243431594020635
0 0.3050276041030884 0.37957552866608374 0.019804179668426514 0.02243431594020635
0 0.33205658197402954 0.37943213485008065 0.019804179668426514 0.02243431594020635
0 0.3587512969970703 0.37929051436141303 0.019804179668426514 0.02243431594020635
0 0.3853989541530609 0.3792555609414744 0.019968191782633427 0.022596240967743143
0 0.1990099400281906 0.4126626391743505 0.019954711198806763 0.022996621538502356
0 0.25211992859840393 0.4127581734889878 0.019954711198806763 0.022996621538502356
0 0.2786824703216553 0.4128059542226477 0.019954711198806763 0.022996621538502356
0 0.3051854968070984 0.41285362790022256 0.019954711198806763 0.022996621538502356
0 0.33179956674575806 0.41290150132290154 0.019954711198806763 0.022996621538502356
0 0.35836121439933777 0.41279384701751 0.01975470781326294 0.022602672724760724
0 0.38525262475013733 0.41287841467511316 0.019821345806121826 0.02268845905629234
0 0.19825373589992523 0.4453126774277798 0.019868100682894407 0.022673170695933317
0 0.22389532625675201 0.4454577987675509 0.019868100682894407 0.022673170695933317
0 0.25084684044122696 0.4456103337621782 0.01986810068289438 0.022673170695933317
0 0.27765822410583496 0.4457620756730495 0.019868100682894352 0.022673170695933317
0 0.3043729364871979 0.445913270462391 0.019868100682894352 0.022673170695933317
0 0.19729696214199066 0.47838419537211574 0.01974537968635559 0.02264700009841333
0 0.22354672849178314 0.4784181327568068 0.01974773406982422 0.022566891455835205
0 0.2504781186580658 0.4785683654075445 0.01974773406982422 0.022566891455835205
0 0.27682027220726013 0.4787288931913154 0.01998237768808997 0.022610154262808865
0 0.30374065041542053 0.4788790384796454 0.01998237768808997 0.022610154262808865
0 0.3305748701095581 0.47902870322885266 0.01998237768808997 0.022610154262808865
0 0.35704854130744934 0.4791763570606237 0.01998237768808997 0.022610154262808865
0 0.3841937482357025 0.47932775630507357 0.01998237768808997 0.022610154262808865
0 0.41054463386535645 0.4793449224427689 0.020364324251810673 0.022722643475199856
0 0.14386104047298431 0.5110311286393986 0.02031994859377545 0.023208795591842298
0 0.17014826834201813 0.5112466398533188 0.02031994859377545 0.023208795591842298
0 0.22284294664859772 0.5116883211357649 0.019973238309224428 0.023298544477122644
0 0.24978218972682953 0.5119722093324635 0.019973238309224456 0.023298544477122644
0 0.2765432298183441 0.5122542196098606 0.019973238309224484 0.023298544477122644
0 0.30280235409736633 0.5127700498730487 0.020277400811513302 0.02314353174017387
0 0.3291842043399811 0.5128089549929596 0.020277400811513302 0.02314353174017387
0 0.3831707239151001 0.5128885685150716 0.020277400811513302 0.02314353174017387
0 0.41021502017974854 0.5131926869237146 0.020533283551534054 0.02333929372388263
0 0.4370166063308716 0.513312815637757 0.020533283551534054 0.02333929372388263
0 0.46426820755004883 0.5134349613865793 0.020533283551534054 0.02333929372388263
0 0.49113743007183075 0.5135553932569419 0.020533283551534 0.02333929372388263
0 0.5186988711357117 0.513678927754247 0.020533283551533943 0.02333929372388263
0 0.5460922122001648 0.51368496029876 0.02072426676750183 0.023462487745654622
0 0.6024718880653381 0.5137865132390143 0.021394650141398186 0.023873262627180234
0 0.6303640604019165 0.5138223337572675 0.021394650141398186 0.023873262627180234
0 0.659107506275177 0.5138592475234358 0.021394650141398186 0.023873262627180234
0 0.6877585649490356 0.5142338331355605 0.022295236587524414 0.024251893509265987
0 0.7166411280632019 0.5143879547415238 0.022295236587524414 0.024251893509265987
0 0.7475864291191101 0.5141527850051696 0.023031393686930413 0.025130486303521625
0 0.7773441672325134 0.5141124725341797 0.023031393686930413 0.025130486303521625
0 0.1436811089515686 0.5446850865314162 0.019895657896995544 0.023298514905826122
0 0.16934321820735931 0.544907946919286 0.019895657896995544 0.023298514905826122
0 0.19558680057525635 0.545239335433075 0.019980430603027344 0.023288283237191135
0 0.22177812457084656 0.5453562625618869 0.019980430603027344 0.023288283237191135
0 0.24886932224035263 0.5454772070380081 0.019980430603027344 0.023288283237191135
0 0.27584347128868103 0.5455976289686021 0.019980430603027344 0.023288283237191135
0 0.30198007822036743 0.5457143118215162 0.019980430603027344 0.023288283237191135
0 0.3288026452064514 0.5458340570373583 0.019980430603027344 0.023288283237191135
0 0.35531148314476013 0.5463899124500363 0.020464032888412476 0.02323242305785192
0 0.40937158465385437 0.5467321017056557 0.020464032888412476 0.02323242305785192
0 0.43616756796836853 0.5469017147350068 0.020464032888412476 0.02323242305785192
0 0.4908954054117203 0.547248130620912 0.020464032888412476 0.02323242305785192
0 0.5180677771568298 0.5474201261111408 0.020464032888412476 0.02323242305785192
0 0.5455275774002075 0.5475697215222328 0.02131764094034838 0.024063346921935506
0 0.5740469098091125 0.5479089603867642 0.02131764094034838 0.024063346921935506
0 0.6017763018608093 0.5482388028718157 0.02131764094034838 0.024063346921935506
0 0.6299263834953308 0.548573649480188 0.02131764094034838 0.024063346921935506
0 0.6588971614837646 0.5489182583121366 0.02131764094034838 0.024063346921935506
0 0.14239831268787384 0.5774673195772393 0.019937227169672667 0.02307785389035247
0 0.19457417726516724 0.5782225293192357 0.019937227169672667 0.02307785389035247
0 0.24784381687641144 0.5789935707023153 0.01993722716967264 0.02307785389035247
0 0.27439841628074646 0.5795769882650408 0.02011253436406457 0.02333539031272711
0 0.3010673522949219 0.5797639447589253 0.020417173703511593 0.023353073948113548
0 0.32786092162132263 0.5799556546280602 0.020417173703511593 0.023353073948113548
0 0.3817770183086395 0.5795999127765035 0.020619173844655392 0.023806254069010362
0 0.40880435705184937 0.5800393544975755 0.020619173844655392 0.023806254069010362
0 0.4630259573459625 0.5809209519637157 0.020619173844655392 0.023806254069010362
0 0.4901321083307266 0.5813616751053302 0.020619173844655336 0.023806254069010362
0 0.5177465677261353 0.581810662912768 0.02061917384465528 0.023806254069010362
0 0.5453504920005798 0.5822785889893026 0.021109938621520996 0.02443325427151471
0 0.5736720561981201 0.5827586800910068 0.021109938621520996 0.02443325427151471
0 0.6016358137130737 0.5832327058566567 0.021109938621520996 0.02443325427151471
0 0.6297887563705444 0.5837099385815997 0.021109938621520996 0.02443325427151471
0 0.6589030623435974 0.5835607661757358 0.021500786145528084 0.02439776871555541
0 0.14180199801921844 0.6106763884078624 0.019923090934753418 0.023253241250681324
0 0.16776767373085022 0.6113369963889899 0.020023773113886534 0.023302891457727657
0 0.19401952624320984 0.61174119090998 0.020023773113886534 0.023302891457727657
0 0.22040125727653503 0.612147385144573 0.020023773113886534 0.023302891457727657
0 0.2731752395629883 0.6129599355914785 0.02002377311388648 0.023302891457727657
0 0.29994139075279236 0.6133720486663109 0.020625948905944824 0.023980340292287426
0 0.32652875781059265 0.6136514333772086 0.020625948905944824 0.023980340292287426
0 0.354000985622406 0.6139401163599287 0.020625948905944824 0.023980340292287426
0 0.38076889514923096 0.6142213982427203 0.020625948905944824 0.023980340292287426
0 0.4357242286205292 0.6147988785144894 0.020625948905944824 0.023980340292287426
0 0.46265968680381775 0.6154385943745457 0.020794232686360714 0.024227763331213664
0 0.4894368648529053 0.6161250560439809 0.020794232686360714 0.024227763331213664
0 0.5168329477310181 0.6168273840022901 0.020794232686360603 0.024227763331213664
0 0.5449350476264954 0.6175478114638218 0.020794232686360603 0.024227763331213664
0 0.5732500553131104 0.6182736970448561 0.020794232686360603 0.024227763331213664
0 0.6008151173591614 0.6183448614076127 0.020857572555541992 0.02397980800894804
0 0.11522457748651505 0.6439722194228061 0.02001197636127472 0.023155478544013446
0 0.1409692019224167 0.6442019883976426 0.020333677530288696 0.02330218174660847
0 0.16713865101337433 0.6449041144792423 0.019971410433451353 0.02332923948302744
0 0.21995218098163605 0.6457630218526565 0.019971410433451353 0.02332923948302744
0 0.24649329483509064 0.6461946604574054 0.019971410433451325 0.02332923948302744
0 0.27249470353126526 0.6466175218276209 0.019971410433451298 0.02332923948302744
0 0.29927927255630493 0.6470531197481377 0.019971410433451298 0.02332923948302744
0 0.3259890675544739 0.6475977042111863 0.020554105440775516 0.023709408072538154
0 0.3799944221973419 0.648698816258731 0.020554105440775516 0.023709408072538154
0 0.4074627757072449 0.6492588669273358 0.020554105440775516 0.023709408072538154
0 0.4344194233417511 0.6498084844544877 0.0212058424949646 0.02424151398414789
0 0.46156254410743713 0.6504232556748256 0.0212058424949646 0.02424151398414789
0 0.4887400269508362 0.6510388051703159 0.0212058424949646 0.02424151398414789
0 0.5159095525741577 0.651602678520735 0.02198648452758789 0.024903201317602295
0 0.5724514722824097 0.6529994821196203 0.02198648452758789 0.024903201317602295
0 0.6006618142127991 0.6536963864224362 0.02198648452758789 0.024903201317602295
0 0.6294115781784058 0.654406616531026 0.02198648452758789 0.024903201317602295
0 0.6587632894515991 0.6551317170608876 0.02198648452758789 0.024903201317602295
0 0.6875158548355103 0.655874607277185 0.0228081146876018 0.025323646013126817
0 0.7168700695037842 0.6566093356110329 0.0228081146876018 0.025323646013126817
0 0.7470031380653381 0.656884697032703 0.023505250612894768 0.026062810143759083
0 0.7760142087936401 0.6574610333110011 0.023505250612894768 0.026062810143759083
0 0.13872317969799042 0.7118972068609193 0.02065586050351459 0.023818881012672603
0 0.1645546853542328 0.7125365226651961 0.02065586050351459 0.023818881012672603
0 0.19101929664611816 0.7131915074917913 0.02065586050351459 0.023818881012672603
0 0.21795806288719177 0.7138582273971202 0.02065586050351459 0.023818881012672603
0 0.2442076951265335 0.7135295866835571 0.02100380261739096 0.0238958550978076
0 0.2977871298789978 0.7154024700785793 0.021003802617390988 0.0238958550978076
0 0.32458415627479553 0.7163391672648135 0.021003802617390988 0.0238958550978076
0 0.35117262601852417 0.7172685742977942 0.021003802617390988 0.0238958550978076
0 0.3782787322998047 0.7182160754536473 0.021003802617390988 0.0238958550978076
0 0.4059387743473053 0.7191829395815671 0.021003802617390988 0.0238958550978076
0 0.4324244558811188 0.7198694805766261 0.02185865243275964 0.02449801541114044
0 0.46019551157951355 0.7206778496258581 0.02185865243275964 0.02449801541114044
0 0.5159968733787537 0.7223021340705476 0.02185865243275953 0.02449801541114044
0 0.5431247353553772 0.7230917808247762 0.02185865243275953 0.02449801541114044
0 0.5720692276954651 0.7239343066548192 0.02185865243275953 0.02449801541114044
0 0.6002438068389893 0.7250026343342325 0.022940635681152344 0.025562375090843022
0 0.6290518045425415 0.7260949800682505 0.022940635681152344 0.025562375090843022
0 0.6876681447029114 0.7284886382315212 0.023768623669942146 0.026299661444139165
0 0.7173383235931396 0.7294426407924918 0.023768623669942146 0.026299661444139165
0 0.7469706535339355 0.7303954263741237 0.023768623669942146 0.026299661444139165
0 0.7767930030822754 0.7313543217669873 0.023768623669942146 0.026299661444139085
0 0.8074460029602051 0.7323399255442065 0.023768623669942146 0.026299661444139085
0 0.837388813495636 0.7333026941894225 0.023768623669942146 0.026299661444139165
0 0.8682444095611572 0.733300807864167 0.024058540662129646 0.02599266702814617
0 0.08470595628023148 0.7446584257968637 0.020511577526728303 0.023238085961157066
0 0.110664501786232 0.7453326351633317 0.020511577526728303 0.023238085961157066
0 0.13696879148483276 0.7458422496358744 0.020451903343200684 0.023937225341796875
0 0.1631854772567749 0.7466967383096385 0.020451903343200684 0.023937225341796875
0 0.18980364501476288 0.7475643126118752 0.020451903343200684 0.023937225341796875
0 0.21557675302028656 0.748404343616175 0.020451903343200684 0.023937225341796875
0 0.2423795461654663 0.7492779354716457 0.020451903343200684 0.023937225341796875
0 0.2693611681461334 0.7501573559515196 0.020451903343200684 0.023937225341796875
0 0.2961605191230774 0.750772520553234 0.020750145117441776 0.02400475139765779
0 0.18836843967437744 0.7817989605731887 0.02080841362476349 0.024136447167211837
0 0.21440336108207703 0.7825559571731923 0.02080841362476349 0.024136447167211837
0 0.24097343534231186 0.7832492562227471 0.021037901441256196 0.02412361322447311
0 0.26777902245521545 0.7841522064659214 0.021037901441256168 0.02412361322447311
0 0.2949610948562622 0.7850678386727868 0.021037901441256168 0.02412361322447311
0 0.3220127820968628 0.7859790788358655 0.021037901441256168 0.02412361322447311
0 0.3491625487804413 0.7868936228197675 0.021037901441256168 0.02412361322447311
0 0.37634989619255066 0.7878302640693132 0.02121315399805701 0.02415969020636518
0 0.4038235545158386 0.7888199899495207 0.02121315399805701 0.02415969020636518
0 0.4316048324108124 0.7895830054746373 0.0216348568598429 0.02425384521484375
0 0.4587230384349823 0.7904676393020985 0.0216348568598429 0.02425384521484375
0 0.4867543578147888 0.791648687318314 0.0225180983543396 0.025175227675327035
0 0.5144587159156799 0.7929731840408621 0.0225180983543396 0.025175227675327035
0 0.5718132853507996 0.7957152053128704 0.0225180983543396 0.025175227675327035
0 0.5999279618263245 0.7970593186365478 0.0225180983543396 0.025175227675327035
0 0.6292102336883545 0.7984592526458031 0.0225180983543396 0.025175227675327035
0 0.6585745215415955 0.7998233798210205 0.02270742257436109 0.025008563847504734
0 0.6875606179237366 0.8013417243940881 0.022829174995422363 0.02537181765534157
0 0.7169816493988037 0.8017095521438954 0.023479898770650154 0.02549305997153596
0 0.7466162443161011 0.8037810214730197 0.023288170496622795 0.025768073030220554
0 0.18671248853206635 0.8168399722077125 0.021132955948511778 0.024349419645560696
0 0.23994947969913483 0.8179670879054523 0.021173258622487395 0.02471054432003997
0 0.26703599095344543 0.8189926147460938 0.0211256742477417 0.02484195916227581
0 0.3206718862056732 0.8210478105390144 0.021278301874796512 0.024951077246850663
0 0.3476802706718445 0.822092987770258 0.021278301874796512 0.024951077246850663
0 0.3751858174800873 0.82315740431442 0.021278301874796512 0.024951077246850663
0 0.40262383222579956 0.8242192074859004 0.021278301874796512 0.024951077246850663
0 0.4306647479534149 0.8253043418706849 0.021278301874796512 0.024951077246850663
0 0.45793184638023376 0.8263595308796198 0.021278301874796512 0.024951077246850663
0 0.4858260452747345 0.8273438741994459 0.02152351538340247 0.02506019533142552
0 0.51350998878479 0.8283776187704415 0.02152351538340258 0.02506019533142552
0 0.5714198350906372 0.8313254994224588 0.022016147772471184 0.025286120037699856
0 0.5995990037918091 0.8325967123342115 0.022016147772471184 0.025286120037699856
0 0.6290379166603088 0.8344364609829215 0.022472858428955078 0.025331068408581747
0 0.6580705642700195 0.8348364719124728 0.02218361695607496 0.025415169176205295
0 0.13222138956189156 0.8488386266983481 0.021280735731124878 0.02442352531492259
0 0.15839388966560364 0.8498041521070506 0.02116265892982483 0.02431925692299529
0 0.18516653776168823 0.8510330555050872 0.021280835072199522 0.02434486566587936
0 0.21190093457698822 0.8522634000168382 0.021280835072199522 0.02434486566587936
0 0.2385806441307068 0.8534912277644143 0.021280835072199522 0.02434486566587936
0 0.2653312087059021 0.854722316333149 0.021280835072199467 0.02434486566587936
0 0.2921181619167328 0.8559550795444223 0.021280835072199467 0.02434486566587936
0 0.34662774205207825 0.8584511686819979 0.021064023176828983 0.02428489507630814
0 0.3745967149734497 0.8591499328613281 0.0215838452180227 0.024939781011537064
0 0.40209728479385376 0.8597547464199183 0.02198127905527747 0.02549217283263698
0 0.42952296137809753 0.8610559507857921 0.02198127905527747 0.02549217283263698
0 0.45744889974594116 0.8623808899468642 0.02198127905527747 0.02549217283263698
0 0.4855596125125885 0.8637145956830721 0.02198127905527747 0.02549217283263698
0 0.5141386389732361 0.8650705204453579 0.02198127905527758 0.02549217283263698
0 0.5422406792640686 0.8664038147181199 0.02198127905527758 0.02549217283263698
0 0.13046882674098015 0.8839278997376908 0.021494470536708832 0.024424885594567586
0 0.18351218104362488 0.8859235183765926 0.021991640329360962 0.025093492611434218
0 0.21016913652420044 0.8868156662605411 0.02157576878865558 0.025105380272680587
0 0.26417502760887146 0.8894735824230106 0.021575768788655636 0.025105380272680587
0 0.29099041223526 0.8907827332962391 0.022097130616505978 0.025195631870003635
0 0.318301260471344 0.892120900444872 0.022097130616505978 0.025195631870003635
0 0.34539690613746643 0.8934485231751502 0.022097130616505978 0.025195631870003635
0 0.37305575609207153 0.8948037415871993 0.022097130616505978 0.025195631870003635
0 0.40053561329841614 0.8961501897767533 0.022097130616505978 0.025195631870003635
0 0.4284365177154541 0.8973829068719418 0.022431890169779423 0.025574735892835404
0 0.4563349485397339 0.8986155146789141 0.022431890169779423 0.025574735892835404
0 0.513037383556366 0.9011207403138627 0.022431890169779534 0.025574735892835404
0 0.5420418381690979 0.9024022144375438 0.022431890169779534 0.025574735892835404
0 0.5712125301361084 0.9038493980269625 0.022734979788462395 0.025875535122183865
0 0.599546492099762 0.90600232069895 0.022804955641428704 0.02571803839631794
