0 0.12088776752352715 0.09840359798697539 0.021289857725302383 0.02276254439538764
0 0.14718487858772278 0.09787429528362038 0.021289857725302397 0.02276254439538764
0 0.792184054851532 0.08489188794523364 0.021289857725302452 0.022762544395387628
0 0.8180159330368042 0.08437194935111113 0.021289857725302452 0.02276254439538764
0 0.8434816002845764 0.08385938177347568 0.021289857725302452 0.022762544395387628
0 0.09622146189212799 0.1324114577714787 0.02052783966064453 0.022160892338715796
0 0.12233014404773712 0.13080340364485185 0.02052783966064453 0.022160892338715796
0 0.14752702414989471 0.12925150811887673 0.02052783966064453 0.022160892338715796
0 0.17372053861618042 0.12660262211855092 0.02128291130065918 0.022712914518607692
0 0.20090657472610474 0.12573812174242596 0.02128291130065918 0.022712914518607692
0 0.22745296359062195 0.1248939617823148 0.02128291130065918 0.022712914518607692
0 0.25464043766260147 0.12402941567982013 0.02128291130065918 0.022712914518607692
0 0.28202754259109497 0.12315852143043696 0.02128291130065918 0.022712914518607692
0 0.3091624975204468 0.12229564540659488 0.02128291130065918 0.022712914518607692
0 0.3363601565361023 0.1222250406132188 0.02128053704897559 0.02273850108301917
0 0.3907730281352997 0.12160785558668012 0.02128053704897559 0.02273850108301917
0 0.41835498809814453 0.1212702795516613 0.02122359474500024 0.022590969884118368
0 0.47297146916389465 0.12067247853249212 0.02122359474500024 0.022590969884118368
0 0.500010684132576 0.12037652262412164 0.021223594745000185 0.022590969884118368
0 0.5268774628639221 0.12008245410498626 0.02122359474500013 0.022590969884118368
0 0.553512692451477 0.11979091999142669 0.02122359474500013 0.022590969884118368
0 0.5802485346794128 0.11896264275839162 0.020952572425206428 0.022649070089177555
0 0.6073089838027954 0.11923144257067561 0.021400173505147224 0.02254233988680582
0 0.6342877149581909 0.11895086577731664 0.021400173505147224 0.02254233988680582
0 0.660406231880188 0.11867923514787541 0.021400173505147224 0.02254233988680582
0 0.09734341502189636 0.165278856144395 0.02067941923936209 0.022829795068548646
0 0.1227513924241066 0.16351585389575182 0.020679419239362076 0.022829795068548646
0 0.14878949522972107 0.16170912866650525 0.020679419239362062 0.022829795068548646
0 0.17532841861248016 0.15986765262692473 0.0207689106464386 0.02299213409423828
0 0.20191004872322083 0.15894704959244915 0.0207689106464386 0.02299213409423828
0 0.25555720180273056 0.157089084835953 0.0207689106464386 0.02299213409423828
0 0.2829047441482544 0.15614195592159172 0.0207689106464386 0.02299213409423828
0 0.3103864789009094 0.15519017951433048 0.0207689106464386 0.02299213409423828
0 0.33800551295280457 0.15433343621187431 0.02082645893096924 0.02255312601725259
0 0.3651498258113861 0.1540744997840039 0.0204829374949137 0.022327874057976788
0 0.3925681412220001 0.15384298984580372 0.02077229817708337 0.022330912508705805
0 0.44721752405166626 0.15319960616355718 0.02077229817708337 0.022330912508705805
0 0.474188894033432 0.15288897447807845 0.020367006460825565 0.022287191346634264
0 0.5015227794647217 0.15259672970310015 0.02036700646082562 0.022287191346634264
0 0.528329610824585 0.1523101200142457 0.020367006460825676 0.022287191346634264
0 0.5551533699035645 0.15202332933987148 0.020367006460825676 0.022287191346634264
0 0.5824606418609619 0.1517313691072686 0.020367006460825676 0.022287191346634264
0 0.6088584661483765 0.15150396213975065 0.020547906557718987 0.022457056267316953
0 0.14925363659858704 0.19389886634294376 0.020666882395744324 0.02269270623377128
0 0.17556746304035187 0.19276164659101372 0.020666882395744324 0.02269270623377128
0 0.2029293328523636 0.19157913294675827 0.020666882395744324 0.02269270623377128
0 0.2567056939005852 0.18903122091927574 0.021006604035695403 0.022627434989278637
0 0.2843056619167328 0.188449970511503 0.02100660403569543 0.022627434989278637
0 0.3114411532878876 0.1878785018990985 0.02100660403569543 0.022627434989278637
0 0.3392232656478882 0.1870355962843808 0.02068761984507239 0.022913359856420717
0 0.36631378531455994 0.18672289404758188 0.02068761984507239 0.022913359856420717
0 0.3936348557472229 0.18640753059419843 0.02068761984507239 0.022913359856420717
0 0.42082667350769043 0.18609365908708267 0.02068761984507239 0.022913359856420717
0 0.448208212852478 0.1857775976491529 0.02068761984507239 0.022913359856420717
0 0.4757162928581238 0.1854600755693387 0.02068761984507239 0.022913359856420696
0 0.5029370039701462 0.18506991246159044 0.020670811335245787 0.022845002107842023
0 0.5571698546409607 0.18440886430962142 0.020670811335245842 0.022845002107842023
0 0.584205687046051 0.18407932258671234 0.020670811335245842 0.022845002107842002
0 0.6110568046569824 0.18375203236583224 0.020670811335245842 0.022845002107842023
0 0.63758385181427 0.18342869226322617 0.020670811335245842 0.022845002107842023
0 0.639480471611023 0.2166076165539232 0.020289937655131096 0.022600321806678505
0 0.6663882732391357 0.21604953403973765 0.020595669746398926 0.022696546805921425
0 0.6928463578224182 0.21586642154427463 0.020595669746398926 0.022696546805921425
0 0.7195740342140198 0.21568144324372573 0.020595669746398926 0.022696546805921425
0 0.7465982437133789 0.21549441268133684 0.020595669746398926 0.022696546805921425
0 0.7731533050537109 0.21531062902406203 0.020595669746398926 0.022696546805921425
0 0.7997695207595825 0.215126422126456 0.020595669746398926 0.022696546805921425
0 0.8261016607284546 0.2143223790168018 0.020915468533833748 0.022806611171988553
0 0.8526678085327148 0.2135960015185206 0.020915468533833748 0.022806611171988553
0 0.8795081973075867 0.2128621256628702 0.020915468533833748 0.022806611171988553
0 0.1503572314977646 0.2589440678441247 0.021246438225110353 0.02343248766522075
0 0.17669540643692017 0.258081243765187 0.021246438225110353 0.02343248766522075
0 0.20323926210403442 0.2572116816990855 0.021246438225110353 0.02343248766522075
0 0.25836391001939774 0.2550165004934625 0.021423975626627595 0.023484429647756176
0 0.2853706181049347 0.2547242746027364 0.02135034402211511 0.02384842273800872
0 0.31297677755355835 0.25412033879479695 0.02135034402211511 0.02384842273800872
0 0.34090760350227356 0.2535093003065514 0.02135034402211511 0.02384842273800872
0 0.36842018365859985 0.252907411718748 0.02135034402211511 0.02384842273800872
0 0.39600899815559387 0.25230385536371275 0.02135034402211511 0.02384842273800872
0 0.4236723482608795 0.251698668404359 0.02135034402211511 0.02384842273800872
0 0.4784694015979767 0.2509750340447939 0.021482408046722412 0.02346355231233348
0 0.5332728028297424 0.2505194225586113 0.021190444628397698 0.023304236951724476
0 0.5601818561553955 0.25015926361083984 0.021190444628397698 0.023304236951724476
0 0.5875239968299866 0.24979330809036848 0.021190444628397698 0.023304236951724476
0 0.6138399839401245 0.24957452818404796 0.02077770233154297 0.02321045158445376
0 0.6681826710700989 0.24893145290906862 0.02077770233154297 0.02321045158445376
0 0.6950164437294006 0.24843466559121774 0.02048548062642408 0.02304455661034402
0 0.7218268513679504 0.24801259835811343 0.020477135976155525 0.022959834845491186
0 0.15141749382019043 0.29285386551258175 0.020832071701685606 0.023044941037200218
0 0.17702530324459076 0.291927938384381 0.020832071701685606 0.023044941037200218
0 0.20451004803180695 0.29093414503062737 0.020832071701685606 0.023044941037200218
0 0.231888547539711 0.2891237805892166 0.02114766836166382 0.02363639654115189
0 0.28703200817108154 0.28795031614081806 0.02114766836166382 0.02363639654115189
0 0.31385090947151184 0.28700232202193054 0.02102496226628625 0.023450688798298234
0 0.34227943420410156 0.28666245660116507 0.02102496226628625 0.023450688798298234
0 0.36998888850212097 0.2863311877283424 0.02102496226628625 0.023450688798298234
0 0.42528972029685974 0.2856700616008563 0.02102496226628625 0.023450688798298234
0 0.45301517844200134 0.28533860140068584 0.02102496226628625 0.023450688798298234
0 0.4801902770996094 0.2850137207947984 0.02102496226628625 0.023450688798298234
0 0.5074678659439087 0.2841508772703362 0.02052543560663861 0.02314641494159548
0 0.5342798233032227 0.2837739999165743 0.02064247926076246 0.023179978363273707
0 0.5616064667701721 0.28329600844272346 0.02064247926076246 0.023179978363273707
0 0.5890209674835205 0.28281648018976746 0.02064247926076246 0.023179978363273707
0 0.6158446669578552 0.28234728609860965 0.02064247926076246 0.023179978363273707
0 0.6432603597640991 0.28186773699383405 0.02064247926076246 0.023179978363273707
0 0.6700571775436401 0.28167702430902525 0.020890434583028084 0.022813087285951127
0 0.6964641809463501 0.2813133102078067 0.020890434583028084 0.022813087285951127
0 0.7504898905754089 0.28056919274317943 0.020890434583028084 0.022813087285951127
0 0.7769736051559448 0.28020442206857116 0.020890434583028084 0.022813087285951127
0 0.8033303022384644 0.2798414008561955 0.020890434583028084 0.022813087285951127
0 0.8300058245658875 0.2794949844642596 0.020599643389384026 0.0227941025135129
0 0.8563072085380554 0.27876137578210164 0.020896593729655022 0.022902037746222473
0 0.1520267128944397 0.32589406745378363 0.021488666534423828 0.02380187751710874
0 0.17808230221271515 0.3252125498291344 0.021478782097498594 0.023882784584695952
0 0.20567819476127625 0.32435579078142035 0.021478782097498594 0.023882784584695952
0 0.2328455001115799 0.32351233791538514 0.021478782097498594 0.023882784584695952
0 0.2877310514450073 0.3218083273416761 0.02147878209749854 0.023882784584695952
0 0.31574898958206177 0.3209384652071221 0.02147878209749854 0.023882784584695952
0 0.34351983666419983 0.32007627441338576 0.02147878209749854 0.023882784584695952
0 0.37178799510002136 0.31988742136710063 0.02134879430135095 0.023610521656598205
0 0.39885255694389343 0.31951881178590036 0.02134879430135095 0.023610521656598205
0 0.4268247187137604 0.3191378410207079 0.02134879430135095 0.023610521656598205
0 0.4819614589214325 0.31838689848434093 0.02134879430135095 0.023610521656598205
0 0.5091003328561783 0.31798699844715206 0.020633608102798462 0.023032062737516627
0 0.5363571643829346 0.317435670985488 0.020633608102798462 0.023032062737516627
0 0.5634079575538635 0.316926648609399 0.02073681354522705 0.023051890291908888
0 0.5902088284492493 0.31636690538983014 0.02073681354522705 0.023051890291908888
0 0.6172255873680115 0.3157999349194904 0.020779013633728027 0.023089017054831306
0 0.6443337798118591 0.3153869353328694 0.020779013633728027 0.023089017054831306
0 0.6718056797981262 0.31496839457765224 0.020779013633728027 0.023089017054831306
0 0.6990641355514526 0.3145531056947299 0.020779013633728027 0.023089017054831306
0 0.7252135276794434 0.31415471365285474 0.020779013633728027 0.023089017054831306
0 0.7793403267860413 0.3132028848631677 0.0208815336227417 0.023235808971316316
0 0.8050755858421326 0.3127699120100154 0.0208815336227417 0.023235808971316316
0 0.8322908282279968 0.31231203975314964 0.0208815336227417 0.023235808971316316
0 0.8585448861122131 0.31185482273845166 0.021067142486572266 0.023048060808995
0 0.3458947539329529 0.3881703310234602 0.021142184734344482 0.023711418920709125
0 0.3740568459033966 0.38732168980245196 0.021104256312052372 0.02368314876112827
0 0.4021637439727783 0.38686849904614823 0.021159152189890507 0.023766014927117454
0 0.42960575222969055 0.3863461753669901 0.021159152189890507 0.023766014927117454
0 0.4575592875480652 0.3858141154216581 0.021159152189890507 0.023766014927117454
0 0.5122182369232178 0.3847737519296983 0.021159152189890618 0.023766014927117454
0 0.5666071176528931 0.3837385288504667 0.021159152189890618 0.023766014927117413
0 0.5939341187477112 0.3834504502513214 0.021293441454569573 0.02376497993173524
0 0.6208590865135193 0.3829784725987634 0.021293441454569573 0.02376497993173524
0 0.6472349166870117 0.3819010091382404 0.021414995193481445 0.023720770843269304
0 0.10202014446258545 0.4288137763328052 0.02151494473218918 0.02407899013785429
0 0.12744815275073051 0.42799572611964026 0.02155253539482753 0.023784489594688766
0 0.15365555882453918 0.42654628409309653 0.021905620892842592 0.023745130198870465
0 0.20768429338932037 0.4250787247058957 0.021905620892842592 0.023745130198870465
0 0.23534847795963287 0.4243272943034912 0.021905620892842592 0.023745130198870465
0 0.26251107454299927 0.4235894883208456 0.021905620892842648 0.023745130198870465
0 0.2915380895137787 0.4228010399397029 0.021905620892842648 0.023745130198870465
0 0.31960657238960266 0.42203862775550655 0.021905620892842648 0.023745130198870465
0 0.34774643182754517 0.42169061245091294 0.02155747016270959 0.023682586906492192
0 0.40376660227775574 0.42058390240336574 0.02155747016270959 0.023682586906492192
0 0.4315100610256195 0.42051195543865827 0.021070043245951298 0.02321065858353016
0 0.48659002780914307 0.4192190803028032 0.021070043245951298 0.02321065858353016
0 0.5136609077453613 0.41858365385614604 0.02107004324595141 0.02321065858353016
0 0.5409114360809326 0.4179440105778115 0.02107004324595141 0.02321065858353016
0 0.568218469619751 0.4173030409702035 0.02107004324595141 0.02321065858353016
0 0.5955445170402527 0.4166359203607276 0.020912369092305427 0.023266341335089577
0 0.10265901684761047 0.46301961499591204 0.020635823408762605 0.023820832718250362
0 0.12846317514777184 0.46195890737134354 0.02114146202802658 0.023724105006964577
0 0.1545381247997284 0.46117035956970076 0.02114146202802658 0.023724105006964577
0 0.18141402304172516 0.46035758981333375 0.02114146202802658 0.023724105006964577
0 0.20887085795402527 0.45905718156920866 0.021509567896525084 0.023726115855135715
0 0.2645602822303772 0.45784311516340387 0.021509567896525028 0.023726115855135715
0 0.292600154876709 0.45723182733191137 0.021509567896525028 0.023726115855135715
0 0.34939461946487427 0.4559936703139829 0.021509567896525028 0.023726115855135715
0 0.3773130178451538 0.455385030702103 0.021509567896525028 0.023726115855135715
0 0.40531501173973083 0.45477456865253585 0.021509567896525028 0.023726115855135715
0 0.43286406993865967 0.45402600223436007 0.020873089631398556 0.023317588392154247
0 0.4606337547302246 0.4535313308632442 0.020873089631398556 0.023317588392154247
0 0.48796871304512024 0.4530444034310274 0.020873089631398556 0.023317588392154247
0 0.515277624130249 0.45255793998747174 0.020873089631398445 0.023317588392154247
0 0.10307338088750839 0.4968319451821123 0.020620365937550872 0.023852828861206946
0 0.12869049608707428 0.49605316339537153 0.020620365937550858 0.023852828861206946
0 0.15537957847118378 0.49536860266397165 0.021324803431828798 0.023923977400905346
0 0.18260425329208374 0.49455935859742234 0.021324803431828798 0.023923977400905346
0 0.20981915295124054 0.4937504050941834 0.021324803431828798 0.023923977400905346
0 0.23787611722946167 0.49291642151065473 0.021324803431828798 0.023923977400905346
0 0.2656114101409912 0.4920919994975245 0.021324803431828854 0.023923977400905346
0 0.2944314181804657 0.49142431398532377 0.021682878335317013 0.02399973906287846
0 0.3223430812358856 0.49077767249174725 0.021682878335317013 0.02399973906287846
0 0.35095205903053284 0.4901148760079227 0.021682878335317013 0.02399973906287846
0 0.3785781264305115 0.48947485103163607 0.021682878335317013 0.02399973906287846
0 0.4067361056804657 0.4885625285159808 0.021018385887145996 0.023803149082863923
0 0.4623032808303833 0.4872914841305834 0.021018385887145996 0.023803149082863923
0 0.48901233077049255 0.4866805409276208 0.021018385887145996 0.023803149082863923
0 0.5163370370864868 0.4859891455089246 0.020708461602528816 0.023426588191542516
0 0.5440535545349121 0.4854877543616824 0.020754198233286614 0.023824676986812676
0 0.10397377610206604 0.5303448078244232 0.02077825864156088 0.023867111797480564
0 0.12935227528214455 0.5297378718757116 0.020778258641560868 0.023867111797480564
0 0.18363310396671295 0.5284397263068683 0.020778258641560854 0.023867111797480564
0 0.21079207956790924 0.5277446480684502 0.021230489015579224 0.023930867513020888
0 0.2391774207353592 0.5271113639654115 0.021657635768254607 0.02408546625181686
0 0.26704201102256775 0.5263324174238562 0.021657635768254635 0.02408546625181686
0 0.29504984617233276 0.5255494665137049 0.021657635768254635 0.02408546625181686
0 0.32386937737464905 0.5247438248757729 0.021657635768254635 0.02408546625181686
0 0.38016748428344727 0.5235197602653207 0.021162470181783077 0.024005357609238734
0 0.40746617317199707 0.5228267935819404 0.021162470181783077 0.024005357609238734
0 0.4636857509613037 0.5211642611320992 0.02092103163401282 0.023457194483557414
0 0.4912216067314148 0.5205063930777616 0.020921031634012877 0.023457194483557414
0 0.5186424255371094 0.5198512734088235 0.020921031634012932 0.023457194483557414
0 0.546154797077179 0.519193966423837 0.020921031634012932 0.023457194483557414
0 0.5734472870826721 0.5185419126998546 0.020921031634012932 0.023457194483557414
0 0.1563260406255722 0.563777024564763 0.021226455767949404 0.02409067080002417
0 0.18410013616085052 0.5630664825439453 0.021226455767949404 0.02409067080002417
0 0.23936380445957184 0.5616526774210786 0.021226455767949404 0.02409067080002417
0 0.2676773965358734 0.5609283335120231 0.02122645576794946 0.02409067080002417
0 0.29593873023986816 0.5602053265238918 0.021409432093302372 0.023662507996078663
0 0.3245352506637573 0.5594157978292768 0.021409432093302372 0.023662507996078663
0 0.35287603735923767 0.5586333297530085 0.021409432093302372 0.023662507996078663
0 0.38118648529052734 0.5578516993074916 0.021409432093302372 0.023662507996078663
0 0.43714413046836853 0.5563067502753679 0.021409432093302372 0.023662507996078663
0 0.4646620750427246 0.5556996367698492 0.021303991476694706 0.02374669747759211
0 0.5204596519470215 0.5542579736825576 0.021303991476694817 0.02374669747759211
0 0.547841489315033 0.5533651982299318 0.021354059378306145 0.023665198984072135
0 0.5753717422485352 0.5525925589414264 0.021354059378306145 0.023665198984072135
0 0.6029559969902039 0.5518184040868005 0.021354059378306145 0.023665198984072135
0 0.15704117715358734 0.5983138417088708 0.02136927843093872 0.02424529911011683
0 0.1844804584980011 0.5976503061693769 0.02162763476371765 0.024394989013671875
0 0.21278613805770874 0.5969989738723464 0.02162763476371765 0.024394989013671875
0 0.2400253862142563 0.5963721808630578 0.02162763476371765 0.024394989013671875
0 0.2690037190914154 0.595705370370938 0.02162763476371765 0.024394989013671875
0 0.2972414195537567 0.5950556023176327 0.02162763476371765 0.024394989013671875
0 0.3258083462715149 0.5942181374881081 0.021692931652069092 0.02443150956501327
0 0.382781445980072 0.5925479204673447 0.021692931652069092 0.02443150956501327
0 0.4389432966709137 0.5909014859320768 0.021692931652069092 0.02443150956501327
0 0.4667050838470459 0.5902662603889168 0.02150227626164758 0.02380932948386028
0 0.4949939548969269 0.5892276320346567 0.021502276261647524 0.02380932948386028
0 0.5223031044006348 0.5882249742419412 0.02150227626164747 0.02380932948386028
0 0.5494386553764343 0.5872286901342353 0.02150227626164747 0.02380932948386028
0 0.5771329402923584 0.5862118920614553 0.02150227626164747 0.02380932948386028
0 0.15800946950912476 0.6332748767941497 0.021505494912465395 0.02477119504943369
0 0.18545308709144592 0.6327353231218548 0.021505494912465395 0.02477119504943369
0 0.2415778487920761 0.6319320146427598 0.021815250317255647 0.02456106141556141
0 0.26937997341156006 0.6311082222567022 0.02181525031725562 0.02456106141556141
0 0.2982451021671295 0.6302529324679949 0.02181525031725562 0.02456106141556141
0 0.326447993516922 0.6296031397641703 0.02164524793624878 0.024581081183381728
0 0.35546213388442993 0.6285575600557549 0.02164524793624878 0.024581081183381728
0 0.3837299942970276 0.6275388739643057 0.02164524793624878 0.024581081183381728
0 0.4400467574596405 0.6255093923370505 0.02164524793624878 0.024581081183381728
0 0.46802571415901184 0.6245011174401571 0.02164524793624878 0.024581081183381728
0 0.49601976573467255 0.6234922985706991 0.02164524793624878 0.024581081183381728
0 0.5239859819412231 0.622505365416061 0.0216598312060039 0.02456558582394622
0 0.5511399507522583 0.6215338763827191 0.0216598312060039 0.02456558582394622
0 0.15872642397880554 0.6684607572333757 0.02119821310043335 0.024540923362554506
0 0.2141140252351761 0.6680921472621065 0.02150365710258484 0.024788582971853747
0 0.24267958104610443 0.6672352635583212 0.02150365710258484 0.024788582971853747
0 0.269961953163147 0.6667288190700937 0.0216196974118551 0.02456573368042933
0 0.2991791069507599 0.6656890248143396 0.0216196974118551 0.02456573368042933
0 0.32747313380241394 0.6646820832482184 0.0216196974118551 0.02456573368042933
0 0.3566705584526062 0.6636429911225865 0.0216196974118551 0.02456573368042933
0 0.38465866446495056 0.6626469368158385 0.021748562653859493 0.024439730385477285
0 0.44161543250083923 0.6605617724970476 0.021748562653859493 0.024439730385477285
0 0.4695826768875122 0.6595379029535152 0.021748562653859493 0.024439730385477285
0 0.49751928448677063 0.6585151550104203 0.021748562653859438 0.024439730385477285
0 0.5254150629043579 0.6574939018072083 0.021748562653859382 0.024439730385477285
0 0.5528383851051331 0.6559584861577943 0.021937429904937744 0.024508838505708026
0 0.5809656381607056 0.6548542702089465 0.021937429904937744 0.024508838505708026
0 0.6082559823989868 0.6540177892688726 0.022386888662974114 0.024605595788290333
0 0.1059957891702652 0.7044538897137309 0.021222395201524108 0.02468466943548637
0 0.13211329653859138 0.7041363212860535 0.021222395201524094 0.02468466943548637
0 0.15918982028961182 0.7038070919705098 0.02122239520152408 0.02468466943548637
0 0.21542514860630035 0.7031233144360919 0.02122239520152408 0.02468466943548637
0 0.24307836592197418 0.7027870729786161 0.021222395201524108 0.02468466943548637
0 0.2712903916835785 0.7021043023397756 0.02216307322184241 0.02489078137301654
0 0.3006579875946045 0.700990363648697 0.02216307322184241 0.02489078137301654
0 0.3288961946964264 0.6999213196510492 0.02224682768185937 0.02482590194820439
0 0.3861915171146393 0.6977460514976603 0.02224682768185937 0.02482590194820439
0 0.44292429089546204 0.6955921410063634 0.02224682768185937 0.02482590194820439
0 0.47049134969711304 0.6945455329664239 0.02224682768185937 0.02482590194820439
0 0.49938805401325226 0.6934484437454579 0.022246827681859316 0.02482590194820439
0 0.5271486043930054 0.6923748427409925 0.022149016459782844 0.02478172243103506
0 0.10631842911243439 0.7400142980176349 0.021100943287213653 0.024703668993572857
0 0.13276736438274384 0.7400133401369252 0.021048396825790405 0.024596384329389178
0 0.1601739525794983 0.7396147084790606 0.021048396825790405 0.02459638432938926
0 0.18813611567020416 0.7392079959269434 0.021048396825790405 0.024596384329389178
0 0.21602387726306915 0.7388023655523019 0.021048396825790405 0.024596384329389178
0 0.24476870894432068 0.7383842690046444 0.0218836267789205 0.024646034536435595
0 0.27327364683151245 0.7374302564319273 0.02188362677892053 0.024646034536435595
0 0.3305479884147644 0.7355133800584107 0.02188362677892053 0.024646034536435678
0 0.35851848125457764 0.7348039849442142 0.02240012089411414 0.025007040925728287
0 0.3876948058605194 0.7336007717043854 0.02242124080657959 0.024938139804573947
0 0.41658732295036316 0.7323906624858849 0.02242124080657959 0.02493813980457403
0 0.44451218843460083 0.7312210815510433 0.02242124080657959 0.024938139804573947
0 0.47295254468917847 0.730029910246235 0.02242124080657959 0.024938139804573947
0 0.5009008646011353 0.7288593469664107 0.02242124080657959 0.024938139804573947
0 0.10664860159158707 0.7748827858687691 0.02125167598327002 0.024733136790667503
0 0.13311521336436272 0.7752172003008664 0.021251675983270005 0.024733136790667503
0 0.1606510877609253 0.7755651252214298 0.02125167598326999 0.024733136790667503
0 0.21672040224075317 0.7762735796364051 0.02125167598326999 0.024733136790667503
0 0.2452392429113388 0.7738839406275613 0.02209298809369406 0.02522200946659994
0 0.2740383744239807 0.7735468842262445 0.022457142670949337 0.02503718886264535
0 0.30277514457702637 0.772656010194503 0.022209902604421017 0.02523525740749163
0 0.3316916227340698 0.7714058632074401 0.022209902604421017 0.02523525740749163
0 0.36013153195381165 0.7701763197398604 0.022209902604421017 0.02523525740749163
0 0.38881510496139526 0.7691082621729651 0.02258891860644019 0.02506492673888698
0 0.4182918965816498 0.7678479610759699 0.02258891860644019 0.02506492673888698
0 0.446149617433548 0.7666568844960712 0.02258891860644019 0.02506492673888698
0 0.5024980753660202 0.7642476662792049 0.022588918606440245 0.02506492673888698
0 0.5301719307899475 0.7630644509958666 0.0225889186064403 0.02506492673888698
0 0.558704674243927 0.7617551226948582 0.022391319274902344 0.024751411851986545
0 0.586837649345398 0.760444932897837 0.022391319274902344 0.024751411851986545
0 0.6144633293151855 0.7590560913085938 0.02253854274749756 0.02484905627346767
0 0.6432304978370667 0.7576881088022225 0.02253854274749756 0.02484905627346767
0 0.6699275970458984 0.7578169356944949 0.02252097924550367 0.02504913566648509
0 0.10688335448503494 0.8123497086492466 0.021926974256833404 0.02538967871850764
0 0.16156624257564545 0.8114927424940952 0.021926974256833376 0.02538967871850764
0 0.18861515820026398 0.8110462454862373 0.02214151620864868 0.02544929445251927
0 0.21766310930252075 0.8104174924097675 0.02214151620864868 0.02544929445251927
0 0.24664271622896194 0.8101594614428144 0.02258119483788809 0.025103901707848836
0 0.2753053903579712 0.8091478569563045 0.02262790997823083 0.025216568348019622
0 0.30375486612319946 0.8080199485949707 0.02262790997823083 0.025216568348019622
0 0.33280760049819946 0.8068681234333547 0.02262790997823083 0.025216568348019622
0 0.3616102635860443 0.805726212601902 0.02262790997823083 0.025216568348019622
0 0.41876110434532166 0.8034604094749274 0.02262790997823083 0.025216568348019622
0 0.4478553831577301 0.8024270700853925 0.022535304228464725 0.02497538485268279
0 0.4759717583656311 0.8013530313723425 0.022535304228464725 0.02497538485268279
0 0.5045456886291504 0.7996954765880502 0.022752881050109863 0.02557875758917768
0 0.5318540334701538 0.798519170995113 0.022752881050109863 0.02557875758917768
0 0.5601918697357178 0.7972985201103743 0.022752881050109863 0.02557875758917768
0 0.5879305601119995 0.796103677404954 0.022752881050109863 0.02557875758917768
0 0.6170027256011963 0.7948161205825058 0.022649645805358887 0.02550831876059846
0 0.6447032690048218 0.7935960459154706 0.022649645805358887 0.02550831876059846
0 0.672813355922699 0.7929312240245731 0.022491057713826423 0.025062383607376452
0 0.7002750635147095 0.7919480657080917 0.022491057713826423 0.025062383607376452
0 0.1619672328233719 0.8477238499841024 0.02211622397104901 0.025439240211664244
0 0.21855857968330383 0.8477144457824728 0.022959540287653624 0.025497495666030875
0 0.2478630095720291 0.8465057195619096 0.022959540287653596 0.025497495666030875
0 0.2766834795475006 0.8454645733500636 0.022924860318501827 0.02526802240416061
0 0.3055541217327118 0.8442161165539984 0.023188690344492557 0.025081545807594478
0 0.3341374397277832 0.8429471392964207 0.023188690344492557 0.025081545807594478
0 0.36385151743888855 0.8416279611362159 0.023188690344492557 0.025081545807594478
0 0.39250460267066956 0.8403558865112604 0.023188690344492557 0.025081545807594478
0 0.4497283697128296 0.8378153956213663 0.023188690344492557 0.025081545807594478
0 0.47798556089401245 0.8365608970016424 0.023188690344492557 0.025081545807594478
0 0.5064896196126938 0.8349159977767301 0.022680193185806274 0.02510058972262608
0 0.534608781337738 0.8334796545488695 0.022680193185806274 0.02510058972262608
0 0.5622485280036926 0.832067800122638 0.022680193185806274 0.02510058972262608
0 0.5906122326850891 0.8315642185584721 0.022484103838602776 0.02489288093507741
0 0.6464739441871643 0.8289092307867005 0.022484103838602776 0.02489288093507741
0 0.6746798157691956 0.8275686659860738 0.022484103838602776 0.02489288093507741
0 0.7025827765464783 0.8264073632062031 0.022677262624104744 0.024710130321887003
0 0.7304643392562866 0.8251120988712755 0.022677262624104744 0.024710130321887003
0 0.7575170397758484 0.8238890700659373 0.022562503814697266 0.024822205536125352
0 0.16313177347183228 0.8853413878744404 0.022488648692766844 0.025159791458484737
0 0.21976283192634583 0.8834834626623864 0.022982830802599608 0.02537246822386738
0 0.2485596314072609 0.8823506554891897 0.02298283080259958 0.02537246822386738
0 0.27698928117752075 0.88123229123442 0.022982830802599552 0.02537246822386738
0 0.30685678124427795 0.8800573648908346 0.022982830802599552 0.02537246822386738
0 0.3356002867221832 0.8789266541946766 0.022982830802599552 0.02537246822386738
0 0.16386893391609192 0.9211921500384501 0.022935539484024048 0.025452783865522154
0 0.22115540504455566 0.9194480795853393 0.0232914884885152 0.02557739730953235
0 0.24994149804115295 0.9182096082110738 0.023291488488515227 0.02557739730953235
0 0.27883756160736084 0.9174780527544718 0.02356874942779541 0.02519054560698291
0 0.30877023935317993 0.915922297987827 0.02356874942779541 0.02519054560698291
0 0.3371764123439789 0.9144458835016976 0.02356874942779541 0.02519054560698291
0 0.36623403429985046 0.9129356098720178 0.02356874942779541 0.02519054560698291
0 0.39516088366508484 0.9114321331645168 0.02356874942779541 0.02519054560698291
0 0.42432481050491333 0.9099163343248529 0.02356874942779541 0.02519054560698291
