0 0.08052853494882584 0.0697772558345351 0.02182738482952118 0.023789938106093297
0 0.10789473354816437 0.06942529456560002 0.022306546568870544 0.02454841968625091
0 0.1360693871974945 0.0675418266030245 0.021693021059036255 0.023112973501515942
0 0.08159469068050385 0.10381764034892238 0.02091888338327408 0.02353113011796345
0 0.13531510904431343 0.10162705758748132 0.02091888338327408 0.02353113011796345
0 0.16144610941410065 0.10056150149740016 0.02091888338327408 0.02353113011796345
0 0.18854722380638123 0.09914086019348586 0.021561622619628906 0.024243489716404172
0 0.21695159375667572 0.0982981282611226 0.021708746751149477 0.024998879247857615
0 0.24491846561431885 0.09747495864022461 0.021708746751149505 0.024998879247857615
0 0.27274805307388306 0.09665582981253715 0.021708746751149532 0.024998879247857615
0 0.3009895086288452 0.09582457816662121 0.021708746751149532 0.024998879247857615
0 0.3293575048446655 0.09498960195585739 0.021708746751149532 0.024998879247857615
0 0.35720598697662354 0.09367158801056617 0.02265046040217078 0.025828404019969376
0 0.38535454869270325 0.09248791449652385 0.02265046040217078 0.025828404019969387
0 0.41385704278945923 0.0912893577927472 0.02265046040217078 0.025828404019969376
0 0.47086745500564575 0.08889201629993528 0.02265046040217078 0.025828404019969376
0 0.49949730932712555 0.08768810397883549 0.022650460402170836 0.025828404019969376
0 0.5305008888244629 0.08722632153089656 0.02347795168558764 0.02593729847161344
0 0.560009777545929 0.08576049368333526 0.02359096209208178 0.02577495574951172
0 0.5882386565208435 0.08470286879428597 0.02359096209208178 0.02577495574951172
0 0.6165478825569153 0.08364223361737805 0.02359096209208178 0.02577495574951173
0 0.6446528434753418 0.08258925144973688 0.02359096209208178 0.02577495574951171
0 0.673714816570282 0.08150041380593943 0.02359096209208178 0.02577495574951172
0 0.08119376748800278 0.1721759840499523 0.021162278950214386 0.025393619093784067
0 0.10812926292419434 0.17166003785960024 0.021162278950214386 0.025393619093784067
0 0.13439718261361122 0.1714991349809839 0.021373644471168518 0.025245060292325264
0 0.1611398160457611 0.1706446270610011 0.021373644471168518 0.025245060292325264
0 0.1886473000049591 0.16976567985628502 0.021373644471168518 0.025245060292325264
0 0.21696269512176514 0.1688609174496155 0.021373644471168518 0.025245060292325264
0 0.24569392949342728 0.16794286772262218 0.021373644471168518 0.025245060292325264
0 0.2733246386051178 0.16705998310205614 0.021373644471168518 0.025245060292325264
0 0.08081284910440445 0.24322582954584165 0.021422078212102263 0.025116528651510994
0 0.13542664051055908 0.24232908838938205 0.02142207821210225 0.025116528651510994
0 0.16165724396705627 0.24189839018893514 0.021422078212102236 0.025116528651510994
0 0.18969061970710754 0.24143809103860428 0.021422078212102236 0.025116528651510994
0 0.2181180715560913 0.2409713212833848 0.021422078212102236 0.025116528651510994
0 0.24644964933395386 0.2403475240430782 0.021388739347457886 0.026031390641086758
0 0.3035948872566223 0.23908931519949303 0.021388739347457886 0.026031390641086758
0 0.33099815249443054 0.23848595730094022 0.021388739347457886 0.026031390641086758
0 0.3596009314060211 0.23785618882528223 0.021388739347457886 0.026031390641086758
0 0.38692498207092285 0.23651666419450626 0.02249598503112793 0.026904424031575492
0 0.08031560480594635 0.31387328645446116 0.021655410528182983 0.02573325282843541
0 0.10884889960289001 0.3136102321536042 0.021655410528182983 0.02573325282843541
0 0.13605640828609467 0.3133594005470318 0.021655410528182983 0.02573325282843541
0 0.19056004285812378 0.3128569203536808 0.021655410528182983 0.02573325282843541
0 0.21876689791679382 0.3125968755677689 0.021655410528182983 0.02573325282843541
0 0.2463514432311058 0.312342567983112 0.021655410528182983 0.02573325282843541
0 0.2749922275543213 0.31176702366318815 0.021732091903686523 0.026140213012695312
0 0.3035679757595062 0.31060252078743866 0.02201075851917267 0.025669718897619914
0 0.33223971724510193 0.30992821774617013 0.02201075851917267 0.025669718897619914
0 0.08019270747900009 0.38342712940519164 0.021623606483141572 0.02524532643399496
0 0.10828958451747894 0.38343568180882653 0.02173846463362375 0.025140200474465527
0 0.13555508852005005 0.38338948267859424 0.021738464633623764 0.025140200474465527
0 0.1628183126449585 0.38334328741142515 0.021738464633623777 0.025140200474465527
0 0.19047799706459045 0.3832964203752403 0.021738464633623777 0.025140200474465527
0 0.21874235570430756 0.3832485287688499 0.021738464633623777 0.025140200474465527
0 0.24664456397294998 0.3829457593518634 0.021564399202664702 0.02505565613739249
0 0.2762296795845032 0.3824300259101635 0.021704211831092834 0.024846003037090437
0 0.30497345328330994 0.382020772889603 0.021704211831092834 0.024846003037090437
0 0.08027423918247223 0.4557781840845697 0.02161655326684317 0.025063300317572125
0 0.10852374881505966 0.45546108581688 0.021822025378545135 0.025142314822174782
0 0.13630658388137817 0.4552880220634993 0.021822025378545107 0.025142314822174782
0 0.19147510826587677 0.45494436844155367 0.021822025378545107 0.025142314822174782
0 0.2197929322719574 0.4547679721559202 0.021822025378545107 0.025142314822174782
0 0.2775059938430786 0.454408468202103 0.021822025378545162 0.025142314822174782
0 0.3060437738895416 0.4542307017748754 0.021822025378545162 0.025142314822174782
0 0.33425232768058777 0.4531949952591297 0.021849791208902958 0.025041003559910974
0 0.36266931891441345 0.45334057475245276 0.02187611659367883 0.024918696677037968
0 0.39069637656211853 0.4522301429925963 0.02224576473236084 0.02553357264792278
0 0.4187648594379425 0.4530043938813003 0.022372623284657833 0.025731789049252003
0 0.4763944447040558 0.4520617640295694 0.022372623284657833 0.025731789049252003
0 0.5052841901779175 0.45166871263765984 0.0225294828414917 0.025572340617808317
0 0.534737765789032 0.45108848394349566 0.0225294828414917 0.025572340617808317
0 0.5634584426879883 0.4505226931861147 0.0225294828414917 0.025572340617808317
0 0.5928372740745544 0.4499439369360564 0.0225294828414917 0.025572340617808317
0 0.6215838193893433 0.4493776365768078 0.0225294828414917 0.025572340617808317
0 0.6505721211433411 0.44880657367107313 0.0225294828414917 0.025572340617808317
0 0.0813150480389595 0.5271723104077716 0.02229451636473337 0.025320570598277067
0 0.13704662024974823 0.5269015431698603 0.022294516364733397 0.025320570598277067
0 0.16392725706100464 0.526770945817337 0.022294516364733397 0.025320570598277067
0 0.1915222704410553 0.5266368777252907 0.022294516364733397 0.025320570598277067
0 0.2194688469171524 0.5265011015929955 0.022294516364733397 0.025320570598277067
0 0.24876722693443298 0.5260775614453702 0.021815240383148193 0.025460117547087022
0 0.3069165349006653 0.5255718674770621 0.021815240383148193 0.025460117547087022
0 0.3349788188934326 0.525365544312633 0.02241482337315881 0.025750004967977833
0 0.3633885979652405 0.5251566662498091 0.02241482337315881 0.025750004967977833
0 0.3912224769592285 0.5249520223942391 0.02241482337315881 0.025750004967977833
0 0.4196138381958008 0.5247432797454125 0.02241482337315881 0.025750004967977833
0 0.44942259788513184 0.5244587908094868 0.022240837415059445 0.025338047234587022
0 0.08143366873264313 0.5989851496053202 0.021322473883628845 0.024785625842190583
0 0.10930841416120529 0.5988646662512491 0.021322473883628845 0.024785625842190583
0 0.13728822767734528 0.5987437287600943 0.021322473883628845 0.024785625842190583
0 0.16386806964874268 0.598628842383119 0.021322473883628845 0.024785625842190583
0 0.19136591255664825 0.5985099881194359 0.021322473883628845 0.024785625842190583
0 0.21976755559444427 0.5983872273493656 0.021322473883628845 0.024785625842190583
0 0.24882584810256958 0.5983918326089677 0.021540006001790374 0.025152723918589567
0 0.27807512879371643 0.5983350886855014 0.0215400060017904 0.025152723918589567
0 0.08048807084560394 0.6712042786354242 0.02185264726479849 0.025115316228349026
0 0.1095094159245491 0.6712362596040536 0.02185264726479849 0.025115316228349026
0 0.13726437091827393 0.6712668450349683 0.021852647264798464 0.025115316228349026
0 0.19236019253730774 0.6714670048203579 0.0226830740769704 0.026120474172192952
0 0.22048455476760864 0.6713144652913422 0.0226830740769704 0.026120474172192952
0 0.24872392416000366 0.6711613019921517 0.022683074076970428 0.026120474172192952
0 0.3076047897338867 0.6708419468569442 0.022683074076970455 0.026120474172192952
0 0.3358480930328369 0.6706887622212254 0.022683074076970455 0.026120474172192952
0 0.393081396818161 0.6708289909774116 0.022517740726470947 0.026145107062287978
0 0.42080098390579224 0.6707782301791879 0.02243286371231079 0.026723462481831394
0 0.4504907429218292 0.6713433673968469 0.022969504197438595 0.027102891788926234
0 0.4789840281009674 0.6714158612628316 0.022969504197438595 0.027102891788926234
0 0.508465051651001 0.6714908681761058 0.02296950419743854 0.027102891788926234
0 0.5381094813346863 0.6715662908344329 0.022969504197438484 0.027102891788926234
0 0.567131519317627 0.6716401299764944 0.022969504197438484 0.027102891788926234
0 0.5964998602867126 0.6717148501978034 0.022969504197438484 0.027102891788926234
0 0.6551782488822937 0.6727598227712295 0.0228459437688191 0.026624428209408253
0 0.6850222945213318 0.67313935035883 0.0228459437688191 0.026624428209408253
0 0.7167214751243591 0.6735424697511765 0.0228459437688191 0.026624428209408253
0 0.7478817105293274 0.6739843452496319 0.02442069848378492 0.028069725332334115
0 0.7787351012229919 0.6745233313981877 0.02442069848378492 0.028069725332334115
0 0.8104861974716187 0.6750779998056047 0.02442069848378492 0.028069725332334115
0 0.8423791527748108 0.6756351463868541 0.02442069848378492 0.028069725332334115
0 0.8736405968666077 0.6761812609295512 0.02442069848378492 0.028069725332334115
0 0.9040651321411133 0.6767127552878868 0.02442069848378492 0.028069725332334115
0 0.937344491481781 0.6768997036990009 0.02460038661956787 0.028609135354212032
0 0.08011707663536072 0.744987310365189 0.022855103015899658 0.02682671066402462
0 0.13650092482566833 0.7454672439274513 0.022855103015899658 0.02682671066402462
0 0.16353431344032288 0.7463907053041364 0.022725452979405703 0.026526990787003366
0 0.19144047796726227 0.7462798717410065 0.022725452979405703 0.026526990787003366
0 0.21996402740478516 0.7461665861401058 0.022725452979405703 0.026526990787003366
0 0.2489801123738289 0.7460513443596707 0.02272545297940573 0.026526990787003366
0 0.2781965136528015 0.7459353069926418 0.022725452979405758 0.026526990787003366
0 0.3065823018550873 0.7458225685313719 0.022725452979405758 0.026526990787003366
0 0.3353208899497986 0.7460064555323401 0.022691205143928528 0.02617976462194159
0 0.3637803792953491 0.7460358726928951 0.022691205143928528 0.02617976462194159
0 0.3927612900733948 0.7464908619708024 0.022835354010264042 0.02696636111237282
0 0.42189159989356995 0.7467365237280486 0.022835354010264042 0.02696636111237282
0 0.4795524775981903 0.7472227894982626 0.023755212624867794 0.027313823847807683
0 0.5087565779685974 0.7475990140385078 0.02375521262486774 0.027313823847807683
0 0.5688276290893555 0.7483728849437338 0.023755212624867683 0.027313823847807683
0 0.598590075969696 0.7487563024348431 0.023755212624867683 0.027313823847807683
0 0.6284867525100708 0.7491414491520372 0.023755212624867683 0.027313823847807683
0 0.687015950679779 0.7503134261730106 0.0230485200881958 0.027718714041303324
0 0.7178210020065308 0.7512551338282474 0.0230485200881958 0.027718714041303324
0 0.7491766214370728 0.7522136723010204 0.0230485200881958 0.027718714041303324
0 0.7808231115341187 0.7531811026639716 0.0230485200881958 0.027718714041303324
0 0.8124334216117859 0.7541474270069766 0.0230485200881958 0.027718714041303324
0 0.8438593745231628 0.7540806615075399 0.02388179302215576 0.028072164964306236
0 0.08034610748291016 0.8176322513965332 0.021898736556371062 0.02604083867036084
0 0.10863052308559418 0.8179660176121911 0.022407308220863342 0.02633140623107448
0 0.1366441547870636 0.8183060060185213 0.022407308220863342 0.02633140623107448
0 0.16360320150852203 0.8186331954179066 0.022407308220863342 0.02633140623107448
0 0.1917935162782669 0.8189753281443823 0.022407308220863342 0.02633140623107448
0 0.24960454553365707 0.8196769536927689 0.022407308220863342 0.02633140623107448
0 0.27837103605270386 0.8198817053506541 0.022175639867782593 0.026565610900405875
0 0.30684998631477356 0.8201928927109775 0.022175639867782593 0.026565610900405875
0 0.36455246806144714 0.8205612902358947 0.022587239742279053 0.02700119609980631
0 0.3936833441257477 0.8212076231490734 0.022587239742279053 0.02700119609980631
0 0.42236247658729553 0.8218439331313202 0.022587239742279053 0.02700119609980631
0 0.45175471901893616 0.8224960650354128 0.022587239742279053 0.02700119609980631
0 0.4811888635158539 0.8231491266294967 0.022587239742279053 0.02700119609980631
0 0.5407713055610657 0.8244710948825756 0.022587239742279053 0.02700119609980631
0 0.5700510740280151 0.8252227250919786 0.02377549807230639 0.028494310009387003
0 0.6001914143562317 0.8259628838348442 0.02377549807230639 0.028494310009387003
0 0.6298675537109375 0.8266916431573565 0.02377549807230639 0.028494310009387003
0 0.6590093374252319 0.8274072802657617 0.02377549807230639 0.028494310009387003
0 0.6898037791252136 0.8281635018282159 0.02377549807230639 0.028494310009387003
0 0.7200616598129272 0.8288159409666025 0.023594260215759277 0.028738568919573753
0 0.7505886554718018 0.8301527102896076 0.024595260620117188 0.028716449589692234
0 0.7825579643249512 0.8311989182198981 0.024595260620117188 0.028716449589692234
0 0.8138526678085327 0.8322230494299601 0.024595260620117188 0.028716449589692234
0 0.8450558185577393 0.8326367222985556 0.02547220389048266 0.029242877812348484
0 0.08109068870544434 0.8910773136526305 0.0232570618391037 0.028028976085574128
0 0.10961513221263885 0.8916975509288699 0.023001934091250092 0.027599009432533805
0 0.16382470726966858 0.8942647534747457 0.023759891589482607 0.028421564619670433
0 0.191972017288208 0.8944694361308897 0.023759891589482607 0.028421564619670433
0 0.2208743691444397 0.8946796093283583 0.023759891589482607 0.028421564619670433
0 0.27818673849105835 0.8944503577376127 0.02337898810704553 0.028522580168968022
0 0.30675584077835083 0.8953041254087936 0.02337898810704553 0.028522580168968022
0 0.3361518681049347 0.8961826051573066 0.02337898810704553 0.028522580168968022
0 0.36468440294265747 0.8970352800357934 0.02337898810704553 0.028522580168968022
0 0.39343535900115967 0.8978944822799327 0.02337898810704553 0.028522580168968022
0 0.42231079936027527 0.8987574046504648 0.02337898810704553 0.028522580168968022
0 0.4519753158092499 0.8994942256731722 0.02316737174987793 0.028663339540940032
0 0.4814750850200653 0.900331364121548 0.02316737174987793 0.028663339540940032
0 0.5117083787918091 0.8997355616369913 0.023938516775767027 0.028513058211452388
