0 0.1712307333946228 0.1294270781583564 0.022024810314178467 0.024174291034077488
0 0.19656939804553986 0.12869160674339117 0.020778805017471313 0.023895840312159338
0 0.8178325891494751 0.14453170465868573 0.019399404525756836 0.021159260771995366
0 0.8406302332878113 0.14402545884598134 0.019672513008117676 0.021310185277184774
0 0.3839741349220276 0.19307661610980367 0.021828095118204716 0.023674528728159817
0 0.41092225909233093 0.19299071589778835 0.02135767539342248 0.023443414259326556
0 0.43766528367996216 0.19390668979910916 0.02135767539342248 0.023443414259326556
0 0.46476250886917114 0.19483479540624413 0.02135767539342248 0.023443414259326556
0 0.49137818813323975 0.19538704184598701 0.021060784657796205 0.02315024442450945
0 0.5175322890281677 0.19624364026926142 0.02106078465779615 0.02315024442450945
0 0.5441690683364868 0.19711604736321117 0.02106078465779615 0.02315024442450945
0 0.5699242949485779 0.1979595818664856 0.02106078465779615 0.02315024442450945
0 0.5959994196891785 0.19881359366483467 0.02106078465779615 0.02315024442450945
0 0.6211196780204773 0.19973031910168218 0.020381609598795647 0.022575363632320405
0 0.6460340023040771 0.20057283445846202 0.020381609598795647 0.022575363632320405
0 0.2760677635669708 0.2593219890150913 0.021271049976348877 0.02363771246385202
0 0.30299118161201477 0.2594072702745294 0.021271049976348877 0.02363771246385202
0 0.33044737577438354 0.2593496677487396 0.020689090092976925 0.02287585236305414
0 0.3580283522605896 0.25972818354692956 0.020689090092976925 0.02287585236305414
0 0.3850224018096924 0.2600986444773673 0.020689090092976925 0.02287585236305414
0 0.4113645851612091 0.26046015932664585 0.020689090092976925 0.02287585236305414
0 0.4382692277431488 0.26082939325376997 0.020689090092976925 0.02287585236305414
0 0.4647689759731293 0.2613345079643782 0.02084861199061072 0.022852550181307506
0 0.4916282296180725 0.26194378956436853 0.020446558793385805 0.022667877433836026
0 0.5181230306625366 0.26249713028470667 0.02044655879338575 0.022667877433836026
0 0.5441212058067322 0.26304009903308956 0.019799550374348884 0.022833654122759176
0 0.5696777105331421 0.2636837404827739 0.019887447357177734 0.022703983987024615
0 0.5954694747924805 0.2645908844091371 0.019887447357177734 0.022703983987024615
0 0.6208599805831909 0.26548391533496807 0.019887447357177734 0.022703983987024615
0 0.6459016799926758 0.26674502463152217 0.01968471209208178 0.021979723789895256
0 0.6705589294433594 0.2672319190446721 0.01968471209208178 0.021979723789895256
0 0.6951038837432861 0.26771659602145964 0.01968471209208178 0.021979723789895256
0 0.7198874354362488 0.26820598446202554 0.01968471209208178 0.021979723789895256
0 0.7441449761390686 0.26868498602578805 0.01968471209208178 0.021979723789895256
0 0.7683804631233215 0.2691635521057639 0.01968471209208178 0.021979723789895256
0 0.17285160720348358 0.3291812941085461 0.021157304445902525 0.02359703714533367
0 0.19802066683769226 0.3280981418698333 0.020816177129745483 0.023366661958916242
0 0.22404639422893524 0.3278268020459416 0.020816177129745483 0.023366661958916242
0 0.277431845664978 0.3264324716793878 0.020958781242370605 0.023317573606505902
0 0.3045673072338104 0.32649527973221243 0.020565907160441044 0.02315701625143832
0 0.3315659165382385 0.32670582172482515 0.020565907160441044 0.02315701625143832
0 0.35826048254966736 0.3269139927108416 0.020565907160441044 0.02315701625143832
0 0.385692298412323 0.32712791295790267 0.020565907160441044 0.02315701625143832
0 0.4130218029022217 0.3273410353549691 0.020565907160441044 0.02315701625143832
0 0.43971917033195496 0.327549228187155 0.020565907160441044 0.02315701625143832
0 0.4923962503671646 0.3282055300335551 0.019540498654047667 0.02248284983080487
0 0.5188198685646057 0.32854874189509903 0.01972142855326342 0.02250539794448737
0 0.5448421835899353 0.3292923761988234 0.019064903259277344 0.022322765616483466
0 0.5701887607574463 0.3297450265219045 0.019064903259277344 0.022322765616483466
0 0.5955583453178406 0.3301980877211269 0.019064903259277344 0.022322765616483466
0 0.6208003759384155 0.330426060876181 0.018638928731282478 0.022111877914546968
0 0.6458803415298462 0.33083577325948227 0.018638928731282478 0.022111877914546968
0 0.6706974506378174 0.33124119155569987 0.018638928731282478 0.022111877914546968
0 0.7196442484855652 0.3320407982827529 0.018638928731282478 0.022111877914546968
0 0.7439762353897095 0.33243829150532567 0.018638928731282478 0.022111877914546968
0 0.7680611610412598 0.33293841816530984 0.018700917561848884 0.022195579469665973
0 0.7918188571929932 0.33341784809910974 0.018700917561848884 0.022195579469665973
0 0.815281867980957 0.3338913312869145 0.018700917561848884 0.022195579469665973
0 0.8388904929161072 0.33416027246519575 0.01869189739227295 0.022030837776124912
0 0.14823925495147705 0.3622293472290039 0.02039624253908795 0.023112467093061095
0 0.1735285073518753 0.3615002120434537 0.020582194129625975 0.022981274035549917
0 0.19867585599422455 0.36115499984386357 0.020582194129625975 0.022981274035549917
0 0.22484590113162994 0.3607957484979764 0.020582194129625975 0.022981274035549917
0 0.2510494664311409 0.36043603700143656 0.020582194129625947 0.022981274035549875
0 0.2775840759277344 0.36007178106973337 0.02058219412962592 0.022981274035549875
0 0.33203908801078796 0.35932424562306436 0.02058219412962592 0.022981274035549875
0 0.3867827355861664 0.36058795174887015 0.020487571756044987 0.02298888125160865
0 0.4134802222251892 0.36066279300423554 0.02046235402425134 0.022981554962867915
0 0.4399026036262512 0.3607777038620594 0.02046235402425134 0.022981554962867873
0 0.46638283133506775 0.3613649745320165 0.019566913445790646 0.022552763768868868
0 0.5187466144561768 0.36185696702334214 0.019566913445790535 0.022552763768868826
0 0.570457398891449 0.36249229519866233 0.018961628278096443 0.022213277890700715
0 0.5959500670433044 0.36256755273912805 0.018961628278096443 0.022213277890700676
0 0.6211738586425781 0.36264201652242745 0.018961628278096443 0.022213277890700676
0 0.646460771560669 0.36271666664774393 0.018961628278096443 0.022213277890700676
0 0.6713606715202332 0.3627901742624682 0.018961628278096443 0.022213277890700715
0 0.6948356032371521 0.36333744923392736 0.018146395683288574 0.021718476169793194
0 0.7443917989730835 0.3644927610335122 0.018146395683288574 0.021718476169793152
0 0.7679656744003296 0.365042342696079 0.018146395683288574 0.021718476169793194
0 0.7915886640548706 0.36559306936676195 0.018146395683288574 0.021718476169793194
0 0.8154169321060181 0.3652091137198515 0.017985781033833748 0.021533130675323264
0 0.8393202424049377 0.36554491624985946 0.01794823010762525 0.021514818649883447
0 0.8631043434143066 0.36458025049627346 0.0178225040435791 0.02145180960958321
0 0.1496850997209549 0.3948445921290498 0.019891560077667236 0.023462162461391715
0 0.17424322664737701 0.3946044389591661 0.019891560077667236 0.023462162461391715
0 0.19963368773460388 0.3943561464190559 0.019891560077667236 0.023462162461391715
0 0.2258228361606598 0.3941000435399595 0.019891560077667236 0.023462162461391715
0 0.2512410283088684 0.3938514798186546 0.019891560077667236 0.023462162461391715
0 0.2781156003475189 0.3935886742030762 0.019891560077667236 0.023462162461391715
0 0.30500954389572144 0.3928526057753452 0.02021920680999756 0.02307066806527071
0 0.33304592967033386 0.39315426938727444 0.02021920680999756 0.02307066806527071
0 0.3601323366165161 0.39344571149465785 0.02021920680999756 0.02307066806527071
0 0.3870426416397095 0.39395101680312045 0.01984306176503503 0.022812126218810506
0 0.41350963711738586 0.39400275633264076 0.01984306176503503 0.022812126218810506
0 0.4404045045375824 0.3940553322960894 0.01984306176503503 0.022812126218810506
0 0.4670855402946472 0.3941074902464827 0.01984306176503503 0.022812126218810506
0 0.5193962454795837 0.39420975086300875 0.01984306176503492 0.022812126218810506
0 0.5455746650695801 0.39431252590445587 0.018889228502909416 0.022264051807019083
0 0.571232795715332 0.39451375860162047 0.018889228502909416 0.022264051807019083
0 0.5963060259819031 0.3947104040167847 0.018889228502909416 0.022264051807019083
0 0.6211193799972534 0.39490501126324196 0.018889228502909416 0.022264051807019083
0 0.6711599826812744 0.3952974718670512 0.018437306086222405 0.02148540999538209
0 0.7201252579689026 0.39563647195071566 0.018437306086222405 0.02148540999538209
0 0.7435334920883179 0.3957985336011057 0.018437306086222405 0.02148540999538209
0 0.7921572327613831 0.39613516914659014 0.018437306086222405 0.02148540999538209
0 0.8158733248710632 0.3962993621826172 0.018437306086222405 0.02148540999538209
0 0.8397550582885742 0.3960391643435456 0.018011411031087166 0.021683478540228375
0 0.8634297251701355 0.3964288401049237 0.018310944239298577 0.021123841751453487
0 0.8866685032844543 0.39647779674933387 0.018310944239298577 0.021123841751453487
0 0.14959502220153809 0.427707317263581 0.019633000095685305 0.02280644852985702
0 0.17367318272590637 0.4274862411852651 0.019633000095685305 0.02280644852985702
0 0.22593463957309723 0.4270063973070268 0.019633000095685305 0.02280644852985702
0 0.25223106890916824 0.4267649539681368 0.019633000095685332 0.02280644852985702
0 0.2789149284362793 0.42684878859409064 0.02021278937657678 0.023104261058245465
0 0.3335214853286743 0.42679843473316953 0.02021278937657678 0.023104261058245465
0 0.3599720001220703 0.42677404415410736 0.02021278937657678 0.023104261058245465
0 0.3870176672935486 0.42674910477245115 0.02021278937657678 0.023104261058245465
0 0.4141329228878021 0.4267241012218387 0.02021278937657678 0.023104261058245465
0 0.44038885831832886 0.426881543650008 0.020035455624262455 0.022921835729318128
0 0.4937999099493027 0.4273044231326081 0.02003545562426251 0.022921835729318128
0 0.5198138952255249 0.4275103876342994 0.020035455624262566 0.022921835729318128
0 0.5710755586624146 0.4269579953925554 0.018612901369730706 0.022082927615143532
0 0.595880389213562 0.4269693207285612 0.018612901369730706 0.022082927615143532
0 0.6211733818054199 0.4269808689485381 0.018612901369730706 0.022082927615143532
0 0.6459327936172485 0.42699217354735397 0.018612901369730706 0.022082927615143532
0 0.6713352799415588 0.4270037717597429 0.018612901369730706 0.022082927615143532
0 0.6949869394302368 0.4269812981134192 0.018342812856038337 0.021901448567708388
0 0.7198210954666138 0.4269776455191679 0.018342812856038337 0.021901448567708388
0 0.7436789870262146 0.4269741365133682 0.018342812856038337 0.021901448567708388
0 0.14974641799926758 0.46095590813215387 0.0194416344165802 0.022639755130738196
0 0.17475217580795288 0.46073513267371563 0.0194416344165802 0.022639755130738196
0 0.20009717345237732 0.4605113620718858 0.0194416344165802 0.022639755130738196
0 0.22595934569835663 0.46028302534330123 0.0194416344165802 0.022639755130738196
0 0.252688467502594 0.46004703433014627 0.0194416344165802 0.022639755130738196
0 0.27967706322669983 0.4597973934439726 0.020158012708028195 0.022664092307867006
0 0.306838721036911 0.4598449831411654 0.020158012708028195 0.022664092307867006
0 0.3336299657821655 0.4598919238409472 0.020158012708028195 0.022664092307867006
0 0.3606853187084198 0.45993932728230563 0.020158012708028195 0.022664092307867006
0 0.38737377524375916 0.45998608788778617 0.020158012708028195 0.022664092307867006
0 0.4141295850276947 0.4598061791005532 0.0197581251462301 0.02239682692890025
0 0.44107601046562195 0.45940226177836574 0.019391794999440548 0.02209812726161282
0 0.4675505459308624 0.4593685337000963 0.019391794999440548 0.02209812726161282
0 0.49327564239501953 0.4593357603935288 0.019391794999440493 0.02209812726161282
0 0.5197524428367615 0.4592836956645167 0.019033193588256836 0.02208239533180414
0 0.5455635190010071 0.45925431594252875 0.019033193588256836 0.02208239533180414
0 0.570722758769989 0.4592256781799985 0.019033193588256836 0.02208239533180414
0 0.6209548115730286 0.4591685010310547 0.019033193588256836 0.02208239533180414
0 0.645973265171051 0.45914002351982647 0.019033193588256836 0.02208239533180414
0 0.6711011528968811 0.4592912668948845 0.018114328384399414 0.02142440441042878
0 0.6949453353881836 0.45903986553813136 0.018114328384399414 0.02142440441042878
0 0.7197536826133728 0.4587782985016649 0.018114328384399414 0.02142440441042878
0 0.7441539764404297 0.4585210337799436 0.018114328384399414 0.02142440441042878
0 0.7679416537284851 0.458270228186319 0.018114328384399414 0.02142440441042878
0 0.7917407751083374 0.4580193019318078 0.018114328384399414 0.02142440441042878
0 0.8157967925071716 0.45773770358467586 0.018242597579956055 0.02144735173661574
0 0.8381908535957336 0.4574997036956077 0.018242597579956055 0.02144735173661574
0 0.14955073595046997 0.49351452672204305 0.01945445934931439 0.022610834402631366
0 0.17488493025302887 0.49359004392013656 0.020018229881922422 0.022627837898195308
0 0.20049063861370087 0.4935301847236101 0.01995275914669037 0.022867040116657526
0 0.25309572368860245 0.49318471350167653 0.01995275914669037 0.022867040116657526
0 0.2802216708660126 0.49300657037912216 0.01995275914669037 0.022867040116657526
0 0.30718356370925903 0.49328076562216117 0.020031869411468506 0.022376777589783244
0 0.33462339639663696 0.4926493001538654 0.019919157028198242 0.022376245306443852
0 0.36110711097717285 0.49265458807534046 0.019549459218978882 0.02223161209461301
0 0.3879626393318176 0.49240830887195675 0.019549459218978882 0.02223161209461301
0 0.41487160325050354 0.49215605092603104 0.019609590371449825 0.02218471201815352
0 0.46778324246406555 0.4918171404239392 0.019609590371449825 0.02218471201815352
0 0.493697389960289 0.4916511547000085 0.01960959037144977 0.02218471201815352
0 0.5196300148963928 0.4914850506240757 0.019609590371449714 0.02218471201815352
0 0.5713310241699219 0.4911538944687954 0.019609590371449714 0.02218471201815352
0 0.5961503386497498 0.49073254784872367 0.01911846796671557 0.021886958632358285
0 0.6211460828781128 0.4906289083681685 0.01911846796671557 0.021886958632358285
0 0.6462922096252441 0.4905246453588243 0.01911846796671557 0.021886958632358285
0 0.671186089515686 0.4904214282368505 0.01911846796671557 0.021886958632358285
0 0.7195018529891968 0.4902210973091825 0.01911846796671557 0.021886958632358285
0 0.7683010101318359 0.490026568069422 0.018605351448059082 0.021599910055944218
0 0.792061984539032 0.48996397506359013 0.018605351448059082 0.021599910055944218
0 0.8152764439582825 0.48987612025908334 0.018514911333719963 0.0215398507524831
0 0.15003180503845215 0.5261736581491869 0.019652952750523867 0.022733023000317952
0 0.17525964975357056 0.5261775939333828 0.019652952750523867 0.022733023000317952
0 0.20119580626487732 0.526181640220969 0.019652952750523867 0.022733023000317952
0 0.22651442885398865 0.5262880428170502 0.020049487551053347 0.022739587828170423
0 0.2532568648457527 0.5261424308599427 0.020049487551053374 0.022739587828170423
0 0.2803856134414673 0.5259947154394734 0.020049487551053402 0.022739587828170423
0 0.33497974276542664 0.5256974516442123 0.020049487551053402 0.022739587828170423
0 0.3618890643119812 0.5255509309990462 0.020049487551053402 0.022739587828170423
0 0.38853996992111206 0.525405817422795 0.020049487551053402 0.022739587828170423
0 0.4153699278831482 0.5252033056214799 0.019421736399332645 0.022309887316799958
0 0.4420265555381775 0.5247882250425522 0.019421736399332645 0.022309887316799958
0 0.468153715133667 0.5243813890139675 0.019421736399332645 0.022309887316799958
0 0.4933934807777405 0.5239883709371453 0.0194217363993327 0.022309887316799958
0 0.5197746753692627 0.5235775792321493 0.019421736399332756 0.022309887316799958
0 0.5715050101280212 0.5231208021374474 0.0189511775970459 0.022373820460119914
0 0.596415638923645 0.5229008421332927 0.0189511775970459 0.022373820460119914
0 0.6216252446174622 0.5226782421733058 0.0189511775970459 0.022373820460119914
0 0.6466313600540161 0.5224574390253626 0.0189511775970459 0.022373820460119914
0 0.6709164381027222 0.5218665987946266 0.019005974133809334 0.02211294248122583
0 0.6956482529640198 0.5215240500322468 0.019005974133809334 0.02211294248122583
0 0.7198060750961304 0.5211811509243277 0.018811186154683357 0.02178162567375237
0 0.7439742684364319 0.5208449278899145 0.018811186154683357 0.02178162567375237
0 0.76847904920578 0.5202591390490853 0.01852627595265699 0.021483635717584125
0 0.17524239420890808 0.5598499386809593 0.020090470711390196 0.022900573967039067
0 0.22695279121398926 0.5594072883257827 0.020090470711390196 0.022900573967039067
0 0.2533680498600006 0.5591811689320254 0.020090470711390168 0.022900573967039067
0 0.28058791160583496 0.5589481619901435 0.02009047071139014 0.022900573967039067
0 0.30819234251976013 0.5587118630665964 0.02009047071139014 0.022900573967039067
0 0.33469319343566895 0.5585434184687799 0.020146608352661133 0.022814491922541237
0 0.38848814368247986 0.5582233254102192 0.019429326057434082 0.022479419560395526
0 0.415399968624115 0.5577428063680959 0.019361058870951298 0.022272006485813404
0 0.44192540645599365 0.557272301976722 0.019361058870951298 0.022272006485813404
0 0.46843674778938293 0.5568020476270056 0.019361058870951298 0.022272006485813404
0 0.5201480984687805 0.5558847991452749 0.01936105887095141 0.022272006485813404
0 0.5456185936927795 0.55543300717376 0.01936105887095141 0.022272006485813404
0 0.5708028078079224 0.5549866354579412 0.019336243470509773 0.022467088329699667
0 0.596506655216217 0.5550349419955345 0.019041498502095466 0.02263067674267205
0 0.6217444539070129 0.554758116256359 0.018640518188476562 0.021904316983481654
0 0.6467080116271973 0.5542485180893383 0.018640518188476562 0.021904316983481654
0 0.6963196992874146 0.5532357607981767 0.018640518188476562 0.021904316983481654
0 0.7203153371810913 0.5527459214401742 0.018640518188476562 0.021904316983481654
0 0.7447285652160645 0.5522475575291833 0.018527110417683845 0.02132862298063535
0 0.7688755393028259 0.5518134766654127 0.018527110417683845 0.02132862298063535
0 0.7925319075584412 0.5513882152339316 0.018527110417683845 0.02132862298063535
0 0.816877543926239 0.5509505630947605 0.018527110417683845 0.02132862298063535
0 0.8405531644821167 0.5505249555720839 0.018527110417683845 0.02132862298063535
0 0.8641811013221741 0.5501040641701158 0.018378376960754395 0.021207765091297237
0 0.1502400040626526 0.5919012912484103 0.019937733809153257 0.023113102875938766
0 0.17577143013477325 0.5920460832395015 0.019937733809153257 0.023113102875938766
0 0.20124158263206482 0.5932345814658341 0.020146032174428286 0.022895694703094664
0 0.25376588106155396 0.5924883997717569 0.020156602064768464 0.02283010556716333
0 0.30819177627563477 0.5917120699262723 0.020156602064768436 0.02283010556716333
0 0.3344990909099579 0.5913368229335523 0.020156602064768436 0.02283010556716333
0 0.36231642961502075 0.5909400369886679 0.020156602064768436 0.02283010556716333
0 0.38907590508461 0.5905583403831305 0.020156602064768436 0.02283010556716333
0 0.41539493203163147 0.5900375199682025 0.020123859246571896 0.02274224924486737
0 0.4422714412212372 0.5895840400873229 0.020123859246571896 0.02274224924486737
0 0.4682396948337555 0.5890571589774347 0.019692043463389042 0.022721046625181686
0 0.4943423867225647 0.58865479673219 0.019692043463389097 0.022721046625181686
0 0.5205221176147461 0.5882512469624364 0.019692043463389153 0.022721046625181686
0 0.5459714531898499 0.5879579144854878 0.01951833566029859 0.022298443225003083
0 0.5713099241256714 0.5876080024307911 0.01942211389541626 0.022407650023467836
0 0.6221040487289429 0.5857191920400843 0.01863316694895434 0.0214788155962331
0 0.6719602942466736 0.584667959878611 0.018734892209370857 0.02138063889141225
0 0.6958665251731873 0.5841671052656624 0.018734892209370857 0.02138063889141225
0 0.7205226421356201 0.5836505399419191 0.018734892209370857 0.02138063889141225
0 0.7451499104499817 0.5831345790203716 0.018734892209370857 0.02138063889141225
0 0.7691882848739624 0.5826309558957122 0.018734892209370857 0.02138063889141225
0 0.7932111620903015 0.5821795095214672 0.018695473670959473 0.021479791449021977
0 0.817184567451477 0.5817080209421557 0.018695473670959473 0.021479791449021977
0 0.8409492373466492 0.5812406375947391 0.018695473670959473 0.021479791449021977
0 0.15078690648078918 0.6247932079226471 0.019785324732462584 0.022529838621154256
0 0.17603272199630737 0.6249201676480601 0.019785324732462584 0.022529838621154256
0 0.20195725560188293 0.6251891651599855 0.02035186688105267 0.022869553676871365
0 0.22819416224956512 0.6251824844715207 0.02035186688105267 0.022869553676871365
0 0.25445153564214706 0.6251757985716205 0.020351866881052644 0.022869553676871365
0 0.2812913954257965 0.6251689643535452 0.020351866881052616 0.022869553676871365
0 0.30797865986824036 0.625162168990734 0.020351866881052616 0.022869553676871365
0 0.3349299728870392 0.6251553063933856 0.020351866881052616 0.022869553676871365
0 0.3617645502090454 0.6243084324224314 0.020545408129692078 0.022756857465403894
0 0.38914206624031067 0.623645871184593 0.020196139812469482 0.023112481878709477
0 0.4422958195209503 0.6226528507694797 0.020196139812469482 0.023112481878709477
0 0.4687926173210144 0.6216120609017306 0.019331753253936768 0.022071631379829766
0 0.4949130266904831 0.6212389302808184 0.019145180781682314 0.021888969480529256
0 0.5203759074211121 0.6205617060201788 0.01914518078168226 0.021888969480529256
0 0.5461910963058472 0.6198751115852958 0.01914518078168226 0.021888969480529256
0 0.5723530650138855 0.6191792940105834 0.01914518078168226 0.021888969480529256
0 0.6227827668190002 0.6178380389546239 0.01914518078168226 0.021888969480529256
0 0.6472721099853516 0.6173135276995292 0.018721024195353264 0.021798451741536513
0 0.6970495581626892 0.6159831645876862 0.018723607063293457 0.021695395772771263
0 0.7212022542953491 0.6153338669954922 0.018723607063293457 0.021695395772771263
0 0.7458158731460571 0.6146886861455022 0.01864337921142578 0.021585301835407526
0 0.7699127793312073 0.6140358059905296 0.01864337921142578 0.021585301835407526
0 0.7937559485435486 0.6133898005701333 0.01864337921142578 0.021585301835407526
0 0.8173227310180664 0.6127512835557104 0.01864337921142578 0.021585301835407526
0 0.8647481799125671 0.6114663412404615 0.01864337921142578 0.021585301835407526
0 0.15106390416622162 0.6575874506041061 0.019852901498476683 0.022794708725093926
0 0.1763780117034912 0.6578364474874324 0.019852901498476683 0.022794708725093926
0 0.20246835052967072 0.6580930796062255 0.019852901498476683 0.022794708725093926
0 0.22829729318618774 0.6583471405566903 0.019852901498476683 0.022794708725093926
0 0.25447171181440353 0.6586045997087345 0.019852901498476655 0.022794708725093926
0 0.30856186151504517 0.6583373076705522 0.020276089509328243 0.022951170455577763
0 0.335189551115036 0.6577990332315135 0.020276089509328243 0.022951170455577763
0 0.36222097277641296 0.6572237680124682 0.020287781953811646 0.022982545601305058
0 0.38923192024230957 0.656569148218909 0.020370393991470337 0.022913230481997997
0 0.41568219661712646 0.6559015384943384 0.020370393991470337 0.022913230481997997
0 0.44211646914482117 0.6552343327097426 0.020370393991470337 0.022913230481997997
0 0.4953285902738571 0.6538912492187667 0.020370393991470337 0.022913230481997997
0 0.5213862061500549 0.6532335503156795 0.020370393991470337 0.022913230481997997
0 0.5471271276473999 0.6525514292162519 0.02013065417607618 0.0228672766870307
0 0.5725545883178711 0.6514856929278351 0.01931929588317871 0.022438433743262532
0 0.5971125364303589 0.6504564003527049 0.01931929588317871 0.022438433743262532
0 0.6227172613143921 0.6493832344232604 0.01931929588317871 0.022438433743262532
0 0.6479209065437317 0.6483268788685557 0.01931929588317871 0.022438433743262532
0 0.6977438926696777 0.647589357417221 0.01904340585072828 0.02202449473299727
0 0.7220577001571655 0.6470080174397598 0.01904340585072828 0.02202449473299727
0 0.7456632852554321 0.6463885351664971 0.01852726936340332 0.021019307217856654
0 0.7941994667053223 0.6446153951245684 0.01852726936340332 0.021019307217856654
0 0.8181766271591187 0.6437394534657409 0.01852726936340332 0.021019307217856654
0 0.8418254852294922 0.6428755054595765 0.01852726936340332 0.021019307217856654
0 0.865842342376709 0.6419981135878452 0.01852726936340332 0.021019307217856654
0 0.8898870944976807 0.6411197026475869 0.01852726936340332 0.021019307217856654
0 0.15177637338638306 0.6906055747660141 0.01960777242978412 0.02275446219037664
0 0.20317338407039642 0.6909387721571811 0.01960777242978412 0.02275446219037664
0 0.22861026227474213 0.6911036747720283 0.01960777242978412 0.02275446219037664
0 0.2550996243953705 0.69127540044702 0.019607772429784148 0.02275446219037664
0 0.28185907006263733 0.6914488770240961 0.020204345385233524 0.022829750711603737
0 0.30880993604660034 0.691186266138261 0.020204345385233524 0.022829750711603737
0 0.33527037501335144 0.6909284340032646 0.020204345385233524 0.022829750711603737
0 0.36266306042671204 0.690661518001898 0.020204345385233524 0.022829750711603737
0 0.38926374912261963 0.6904023192649664 0.020204345385233524 0.022829750711603737
0 0.41632914543151855 0.6890630676318676 0.01992575327555335 0.02245738894440407
0 0.44291800260543823 0.6880570345146712 0.01992575327555335 0.02245738894440407
0 0.4688376784324646 0.687076320973716 0.01992575327555335 0.02245738894440407
0 0.5213140249252319 0.6850907921450085 0.01992575327555346 0.02245738894440407
0 0.5473899841308594 0.6841041653655296 0.01992575327555346 0.02245738894440407
0 0.5730125308036804 0.6831346941945364 0.01992575327555346 0.02245738894440407
0 0.5980896353721619 0.6827338868575277 0.01915188630421949 0.022350695706153157
0 0.623629629611969 0.6820436078448628 0.018958687782287598 0.022180601607921513
0 0.6490702629089355 0.6811481203238121 0.018958687782287598 0.022180601607921513
0 0.673223614692688 0.6802979439598268 0.018958687782287598 0.022180601607921513
0 0.698347806930542 0.6794135948808216 0.018958687782287598 0.022180601607921513
0 0.7466010451316833 0.6777151240858921 0.018958687782287598 0.022180601607921513
0 0.15244828164577484 0.7223539130632267 0.019783228635787964 0.02252309636552199
0 0.17742401361465454 0.7228716462340564 0.019783228635787964 0.02252309636552199
0 0.20343336462974548 0.7234108057585517 0.019783228635787964 0.02252309636552199
0 0.2291794866323471 0.7239445086905651 0.019783228635787964 0.02252309636552199
0 0.2553728222846985 0.7244874821152798 0.019783228635787964 0.02252309636552199
0 0.28176528215408325 0.7250222375440115 0.019824018081029293 0.02252182479976689
0 0.30901774764060974 0.7242423656374909 0.02023569742838538 0.022574195566103385
0 0.3357953131198883 0.7235055745596617 0.02023569742838538 0.022574195566103385
0 0.36278215050697327 0.7227630253155558 0.02023569742838538 0.022574195566103385
0 0.4169671833515167 0.7212327912796376 0.019918322563171387 0.022496541341145888
0 0.4693059027194977 0.7195481182825366 0.019918322563171387 0.022496541341145888
0 0.49530817568302155 0.7187111599531417 0.019918322563171387 0.022496541341145888
0 0.5214512944221497 0.7178696680952656 0.019918322563171387 0.022496541341145888
0 0.5474766492843628 0.7170319668082303 0.019918322563171387 0.022496541341145888
0 0.5727646350860596 0.7158322948935424 0.019598672787348503 0.02216277011605196
0 0.598142147064209 0.7149212859397711 0.019598672787348503 0.02216277011605196
0 0.6484399437904358 0.7129883262757023 0.019528230031331306 0.022107826646908253
0 0.6734140515327454 0.711794784040003 0.019174496332804436 0.021504365196523795
0 0.6979443430900574 0.710437343526612 0.018994927406311035 0.021498155224230917
0 0.722690761089325 0.7095281911450763 0.018994927406311035 0.021498155224230917
0 0.7466005682945251 0.708649774795554 0.018994927406311035 0.021498155224230917
0 0.7950855493545532 0.706868497359735 0.018994927406311035 0.021498155224230917
0 0.8185347318649292 0.7060070037841797 0.018994927406311035 0.021498155224230917
0 0.8419180512428284 0.7051479299375625 0.018994927406311035 0.021498155224230917
0 0.151930570602417 0.7545931616494822 0.019646416107813536 0.022668054861615824
0 0.1777176707983017 0.7553934372090749 0.019646416107813536 0.022668054861615824
0 0.20342904329299927 0.7566381055255269 0.02020405729611713 0.022928518842357182
0 0.2290586680173874 0.7578566360395234 0.02063870926698047 0.02301628645076308
0 0.25545942038297653 0.757392173589662 0.0206387092669805 0.02301628645076308
0 0.28246647119522095 0.7569170446687102 0.020638709266980526 0.02301628645076308
0 0.3363059461116791 0.7559698589948832 0.020638709266980526 0.02301628645076308
0 0.363250732421875 0.7554958254791969 0.020638709266980526 0.02301628645076308
0 0.38985878229141235 0.7550277160913546 0.020638709266980526 0.02301628645076308
0 0.4168620705604553 0.753642200159442 0.020547032356262207 0.022518956383993458
0 0.44313445687294006 0.752733825883215 0.020547032356262207 0.022518956383993458
0 0.4699401259422302 0.7518070132233375 0.020547032356262207 0.022518956383993458
0 0.4951714873313904 0.7507714035004639 0.02022226651509601 0.022472337234851925
0 0.5476343631744385 0.7489221613904796 0.019602656364440918 0.021969477335612008
0 0.5729885101318359 0.7478416797726654 0.019602656364440918 0.021969477335612008
0 0.5982842445373535 0.74676368743949 0.019602656364440918 0.021969477335612008
0 0.6228632926940918 0.7457162371047834 0.019602656364440918 0.021969477335612008
0 0.6488033533096313 0.7446107864379883 0.019085566202799553 0.021732685177825218
0 0.6734352111816406 0.7434549514647749 0.019085566202799553 0.021732685177825135
0 0.6981178522109985 0.7422967335227405 0.019085566202799553 0.021732685177825218
0 0.7222131490707397 0.741166076349207 0.019085566202799553 0.0217326851778253
0 0.7465543746948242 0.7400238791177439 0.019085566202799553 0.021732685177825135
0 0.7944420576095581 0.738028281200491 0.018945654233296638 0.021700482035792234
0 0.1525779664516449 0.787605551786201 0.01938332120577496 0.02255172138066244
0 0.1778596192598343 0.7882607897663962 0.01938332120577496 0.02255172138066244
0 0.20357732474803925 0.7889273291547501 0.01938332120577496 0.02255172138066244
0 0.23005598783493042 0.789613590684048 0.01938332120577496 0.02255172138066244
0 0.2560679614543915 0.7902877567753482 0.019383321205774934 0.02255172138066244
0 0.28265437483787537 0.7897589040357013 0.01982821027437842 0.022654984348504006
0 0.3368341326713562 0.7900071395732725 0.01982821027437842 0.022654984348504006
0 0.3637895882129669 0.7883043510969295 0.020133813222249386 0.022437162177507266
0 0.3904908299446106 0.7874492379122002 0.020373592774073246 0.02248305682988119
0 0.41723141074180603 0.7865076654341864 0.020373592774073246 0.02248305682988119
0 0.443420946598053 0.7855854960033419 0.020373592774073246 0.02248305682988119
0 0.46991753578186035 0.7846525148042452 0.020373592774073246 0.02248305682988119
0 0.4963941127061844 0.7837202382642169 0.019723365704218565 0.02236329307851854
0 0.5220581889152527 0.7823487645002944 0.01972336570421862 0.02236329307851854
0 0.5735509991645813 0.7795970177507804 0.01972336570421862 0.02236329307851854
0 0.5989314913749695 0.7782406985558707 0.01972336570421862 0.02236329307851854
0 0.6232808828353882 0.7769394808037337 0.01972336570421862 0.02236329307851854
0 0.6737430095672607 0.7744836305480554 0.019232432047526116 0.0217425915621973
0 0.6984906196594238 0.7732792337358639 0.019232432047526116 0.0217425915621973
0 0.7228266596794128 0.7720948668853972 0.019232432047526116 0.0217425915621973
0 0.7477973699569702 0.7708796124125636 0.019232432047526116 0.0217425915621973
0 0.771239697933197 0.769591398017351 0.0189549525578816 0.02165825422420058
0 0.15343254804611206 0.8209904110694936 0.020114863912264525 0.022653328355892795
0 0.1781492382287979 0.8214183186375817 0.020114863912264525 0.022653328355892795
0 0.2040182203054428 0.8218661752529909 0.020114863912264525 0.022653328355892795
0 0.23021410405635834 0.823182627520017 0.02056101461251575 0.022816561913305587
0 0.2566530480980873 0.8227774154308231 0.020561014612515777 0.022816561913305587
0 0.28337571024894714 0.8223678549831029 0.020561014612515804 0.022816561913305587
0 0.31031978130340576 0.8219549011485573 0.020561014612515804 0.022816561913305587
0 0.3373713195323944 0.8215403002361918 0.020561014612515804 0.022816561913305587
0 0.36413127183914185 0.8211301682670846 0.020561014612515804 0.022816561913305587
0 0.39117348194122314 0.8203585333450637 0.020322640736897823 0.02263114988341823
0 0.41774478554725647 0.8187699609434212 0.020164906978607178 0.02232626981513445
0 0.44394662976264954 0.8176176872938394 0.020164906978607178 0.02232626981513445
0 0.47058603167533875 0.8164461712504543 0.020164906978607178 0.02232626981513445
0 0.4964303821325302 0.8155980664630269 0.019669383764266968 0.02208762945130814
0 0.5223843455314636 0.814309393863364 0.019669383764266968 0.02208762945130814
0 0.5478656888008118 0.8130441879150826 0.019669383764266968 0.02208762945130814
0 0.5986129641532898 0.8105244716679303 0.019669383764266968 0.02208762945130814
0 0.6235472559928894 0.8092864280523255 0.019669383764266968 0.02208762945130814
0 0.6495140194892883 0.807073903638263 0.019109129905700684 0.021730703900950932
0 0.6746214032173157 0.805918928957791 0.0190011660257976 0.021528791087542503
0 0.6987473368644714 0.8046652328136356 0.0190011660257976 0.021528791087542503
0 0.722852885723114 0.8034125959582575 0.0190011660257976 0.021528791087542503
0 0.7477506399154663 0.8021187924153316 0.0190011660257976 0.021528791087542503
0 0.7722523808479309 0.8008455675701762 0.0190011660257976 0.021528791087542503
0 0.7954883575439453 0.7996381177439633 0.0190011660257976 0.021528791087542503
0 0.8196143507957458 0.7980316119265511 0.018913308779398674 0.021712251411852096
0 0.1532418578863144 0.8530334650084029 0.019764184951782227 0.022548172825066506
0 0.17868462204933167 0.8537468866336633 0.019764184951782227 0.022548172825066506
0 0.20437228679656982 0.8544671753340456 0.019764184951782227 0.022548172825066506
0 0.23072975873947144 0.8552062455997911 0.019764184951782227 0.022548172825066506
0 0.25727689266204834 0.8559506340360357 0.019764184951782227 0.022548172825066506
0 0.2838626205921173 0.8562114637094701 0.01974545915921533 0.02249405735222857
0 0.31092017889022827 0.8550960629485375 0.020240525404612186 0.022306871044543253
0 0.3377699553966522 0.8541593405918128 0.020240525404612186 0.022306871044543253
0 0.3644344210624695 0.8532290832724151 0.020240525404612186 0.022306871044543253
0 0.41839897632598877 0.851346393285258 0.020240525404612186 0.022306871044543253
0 0.44460055232048035 0.8504322850426962 0.020240525404612186 0.022306871044543253
0 0.47081196308135986 0.8491244948224811 0.019776562849680546 0.02214156749636628
0 0.4970369040966034 0.847739907198174 0.0197765628496806 0.02214156749636628
0 0.5228790044784546 0.8463755322562432 0.019776562849680657 0.02214156749636628
0 0.5482251048088074 0.8450373444288063 0.019776562849680657 0.02214156749636628
0 0.5999214053153992 0.8423079557197038 0.019776562849680657 0.02214156749636628
0 0.6249284744262695 0.8409876675867018 0.019776562849680657 0.02214156749636628
0 0.6489232182502747 0.8393390566803688 0.019046902656555176 0.021685755530069042
0 0.6743682026863098 0.8378454362647966 0.019046902656555176 0.021685755530069042
0 0.7230082750320435 0.8350047621616098 0.018938422203063965 0.021593433941981478
0 0.7718449234962463 0.8323596015404092 0.018938422203063965 0.021593433941981478
0 0.7960779666900635 0.8310470566872316 0.018938422203063965 0.021593433941981478
0 0.8200294971466064 0.8297497595308231 0.018938422203063965 0.021593433941981478
0 0.8447331786155701 0.8284117232921512 0.018938422203063965 0.021593433941981478
0 0.8685715794563293 0.8280934178551962 0.01870739459991455 0.021573384602864475
0 0.15368831157684326 0.8853737587152526 0.01987247665723163 0.02254988796027143
0 0.17865116894245148 0.8860846231150072 0.019916395346323668 0.022434855616369914
0 0.20454733073711395 0.8863266410702139 0.019916395346323668 0.022434855616369914
0 0.25754133611917496 0.8868219075472493 0.01991639534632364 0.022434855616369914
0 0.2842099368572235 0.8870711444909333 0.019916395346323612 0.022434855616369914
0 0.31140342354774475 0.8873252868652344 0.019916395346323612 0.022434855616369914
0 0.33835098147392273 0.8863353342615156 0.020410140355428097 0.022274460903433865
0 0.3649352192878723 0.8853587286813773 0.020410140355428097 0.022274460903433865
0 0.4182739853858948 0.8839638611820411 0.02034248908360803 0.022169601085574128
0 0.44534024596214294 0.8824049483898074 0.02005467812220252 0.022124534429505814
0 0.4713349938392639 0.8809171837658049 0.02005467812220252 0.022124534429505814
0 0.4971087574958801 0.8794420667930619 0.020054678122202574 0.022124534429505814
0 0.5231626033782959 0.8779509197965109 0.02005467812220263 0.022124534429505814
0 0.5489790439605713 0.8764733602834303 0.02005467812220263 0.022124534429505814
0 0.573759138584137 0.8749838540720385 0.020144065221150642 0.02223270623258831
0 0.624768078327179 0.8719850584518077 0.020039081573486328 0.02226085810698291
0 0.6500343680381775 0.8702499921931777 0.019166429837544685 0.021607805592144997
0 0.6744913458824158 0.8687682928040971 0.01969222227732348 0.02191345451414134
0 0.699057936668396 0.8675556965534051 0.019104520479838127 0.0218087721240614
0 0.7234115600585938 0.866235422533612 0.019104520479838127 0.0218087721240614
0 0.7481767535209656 0.864892836217003 0.019104520479838127 0.0218087721240614
0 0.7728745937347412 0.8635539012972664 0.019104520479838127 0.0218087721240614
0 0.796972930431366 0.8622474670410156 0.019104520479838127 0.0218087721240614
0 0.8213174343109131 0.8609276874138961 0.019104520479838127 0.0218087721240614
0 0.8453803062438965 0.8601886148364214 0.01912744839986158 0.021865667298782702
0 0.8686327934265137 0.8591977496479832 0.01912744839986158 0.021865667298782702
0 0.15356449782848358 0.9175341406533885 0.020141502221425356 0.02205379988796038
0 0.2053985893726349 0.918997003760716 0.020141502221425356 0.02205379988796038
0 0.2313455492258072 0.9197292795503704 0.020141502221425356 0.02205379988796038
0 0.2580583095550537 0.9204831677813863 0.020141502221425384 0.02205379988796038
0 0.2849298417568207 0.9210426009265859 0.021174132823944092 0.022829573283823776
0 0.3110562860965729 0.9200355174929596 0.021174132823944092 0.022829573283823776
0 0.3656453788280487 0.9179312980962578 0.021174132823944092 0.022829573283823776
0 0.3922708034515381 0.9169049807105897 0.021174132823944092 0.022829573283823776
0 0.4192555844783783 0.915864811387173 0.021174132823944092 0.022829573283823776
0 0.4455387592315674 0.914405113042787 0.020792563756307003 0.021874302117399356
0 0.49831272661685944 0.9111669596741181 0.020792563756306948 0.021874302117399356
0 0.5242608189582825 0.9095748128868115 0.020792563756306892 0.021874302117399356
0 0.549562931060791 0.9080223027459496 0.020792563756306892 0.021874302117399356
0 0.5754051208496094 0.9064366540243459 0.020792563756306892 0.021874302117399356
0 0.5995603203773499 0.9046817158543786 0.020231008529663086 0.02171272455259811
0 0.6252179145812988 0.9031069117681503 0.020231008529663086 0.02171272455259811
0 0.6499115824699402 0.9015912712608646 0.020231008529663086 0.02171272455259811
0 0.6750895977020264 0.9000459026282706 0.020231008529663086 0.02171272455259811
0 0.7245001196861267 0.8970131984976835 0.020231008529663086 0.02171272455259811
0 0.7490037679672241 0.8955074804109155 0.02009749412536621 0.02166405019834049
0 0.7738257050514221 0.8940517580842541 0.019949952761332268 0.021765775458757266
0 0.798161506652832 0.8926819761013167 0.019699255625406975 0.021876017252604275
0 0.8219352960586548 0.8919705394038624 0.01901177565256762 0.021771748860676975
0 0.8456071615219116 0.8909108361532522 0.01901177565256762 0.021771748860676975
