0 0.15109901130199432 0.12247881778450899 0.019616852204004942 0.020810652148816
0 0.17408452928066254 0.12160551689574046 0.019616852204004942 0.020810652148816
0 0.1980861872434616 0.12069360926545417 0.019616852204004942 0.020810652148816
0 0.22211840748786926 0.1197805404663086 0.019616852204004942 0.020810652148816
0 0.24579183757305145 0.11888110337062184 0.019616852204004914 0.020810652148816
0 0.26903751492500305 0.11715534016213583 0.01944488286972046 0.0205050919407098
0 0.2923661768436432 0.11600129548893419 0.01944488286972046 0.0205050919407098
0 0.31697848439216614 0.11376724425103096 0.019736667474110958 0.02137265464132145
0 0.34067314863204956 0.11285547877466956 0.019736667474110958 0.02137265464132145
0 0.3653254508972168 0.11190686359740229 0.019736667474110958 0.02137265464132145
0 0.4164782166481018 0.10993851640497594 0.019736667474110958 0.02137265464132145
0 0.441631019115448 0.10897064208984375 0.019736667474110958 0.02137265464132145
0 0.4672214686870575 0.10798592721025127 0.019736667474110958 0.02137265464132145
0 0.4929722547531128 0.10706180522282524 0.02031670014063519 0.02172744366549705
0 0.5187984108924866 0.10608949217685433 0.020316700140635247 0.02172744366549705
0 0.571611225605011 0.1037320162227696 0.020770271619160896 0.022593716318293138
0 0.5976083278656006 0.10276570153790851 0.020770271619160896 0.022593716318293138
0 0.6242954134941101 0.1017737401077276 0.020770271619160896 0.022593716318293138
0 0.6510571241378784 0.10077900485885799 0.020770271619160896 0.022593716318293138
0 0.6780549883842468 0.09977549175883449 0.020770271619160896 0.022593716318293138
0 0.7061806917190552 0.09873005677604133 0.020770271619160896 0.022593716318293138
0 0.14916075766086578 0.15231289974478787 0.01930666963259381 0.021159741305565635
0 0.17243148386478424 0.15002158630725948 0.01911887526512146 0.020954265150912973
0 0.19596610963344574 0.14913709223514376 0.01911887526512146 0.020954265150912973
0 0.24172160029411316 0.1474174787323025 0.01911887526512146 0.020954265150912973
0 0.266579806804657 0.14648324096204307 0.01911887526512146 0.020954265150912973
0 0.2912560999393463 0.14555583998214366 0.01911887526512146 0.020954265150912973
0 0.3154869079589844 0.14380388157140933 0.019544442494710323 0.02120159947594931
0 0.33984705805778503 0.14303367082462753 0.019544442494710323 0.02120159947594931
0 0.36506274342536926 0.14223641006150367 0.019544442494710323 0.02120159947594931
0 0.38922303915023804 0.14147251824075352 0.019544442494710323 0.02120159947594931
0 0.4150707721710205 0.14065527361492777 0.019544442494710323 0.02120159947594931
0 0.44055256247520447 0.1398495992385417 0.019544442494710323 0.02120159947594931
0 0.4659689664840698 0.1394128811310453 0.019876201947530148 0.02180004119873047
0 0.4924657344818115 0.1385690509395905 0.019876201947530092 0.02180004119873047
0 0.5444019436836243 0.1369150627491086 0.019876201947530037 0.02180004119873047
0 0.5706916451454163 0.1360778269088852 0.019876201947530037 0.02180004119873047
0 0.5976042151451111 0.13425509960635673 0.02041570345560717 0.02223175255827203
0 0.6241635680198669 0.13292720705963845 0.02041570345560717 0.02223175255827203
0 0.6512709856033325 0.13157191282714692 0.02041570345560717 0.02223175255827203
0 0.6778033375740051 0.13260746002197266 0.02048238118489576 0.022210498188817224
0 0.7052474617958069 0.13206748448143607 0.02048238118489576 0.022210498188817224
0 0.14585940539836884 0.18006580929423488 0.01866580049196881 0.020655924035597226
0 0.16903237998485565 0.17879982881767806 0.018805265426635742 0.021098074062850133
0 0.19156888127326965 0.1782020677028321 0.018805265426635742 0.021098074062850133
0 0.2402937337756157 0.17690968332693605 0.018805265426635742 0.021098074062850112
0 0.263910174369812 0.17632582021314044 0.019161641597747803 0.021443999090860057
0 0.2884800136089325 0.1756078978756178 0.019161641597747803 0.021443999090860057
0 0.31376394629478455 0.17486910997070182 0.019161641597747803 0.021443999090860057
0 0.36329734325408936 0.17342176097568518 0.019161641597747803 0.021443999090860057
0 0.3885573744773865 0.17298834184703094 0.019651810328165653 0.021701997564744592
0 0.4389733374118805 0.17162212105684502 0.019651810328165653 0.021701997564744592
0 0.46573111414909363 0.17089701280244093 0.019651810328165653 0.021701997564744592
0 0.4916865825653076 0.17019364627911734 0.01965181032816571 0.021701997564744592
0 0.5174934267997742 0.16949430731839912 0.019651810328165764 0.021701997564744592
0 0.5438001155853271 0.16878142308396588 0.019651810328165764 0.021701997564744592
0 0.5697411298751831 0.16771118030991666 0.01986563205718994 0.021718032600343704
0 0.5965209007263184 0.1668546634076294 0.01986563205718994 0.021718032600343704
0 0.6227772831916809 0.16561419287181456 0.020335793495178223 0.02200637492098551
0 0.6500051617622375 0.16447089796973102 0.020573178927103752 0.022041483442912745
0 0.14286747574806213 0.20915448388387992 0.018321484327316284 0.020938666291939224
0 0.16693152487277985 0.20888852463076646 0.01850956678390503 0.021074073259220567
0 0.18988583981990814 0.20833356990370638 0.01850956678390503 0.021074073259220567
0 0.21382594108581543 0.20775478232523092 0.01850956678390503 0.021074073259220567
0 0.2378762662410736 0.20717332992018275 0.01850956678390503 0.021074073259220567
0 0.28707706928253174 0.20598382728044376 0.01850956678390503 0.021074073259220567
0 0.3119787573814392 0.20538179190913802 0.01850956678390503 0.021074073259220567
0 0.33636608719825745 0.20526156833351933 0.01902916034062707 0.021734030671822037
0 0.3620951175689697 0.20464792916941088 0.01902916034062707 0.021734030671822037
0 0.3871046006679535 0.20405145125778645 0.01902916034062707 0.021734030671822037
0 0.4122043251991272 0.20345282108172688 0.01902916034062707 0.021734030671822037
0 0.4643138647079468 0.20221000493958938 0.01902916034062707 0.021734030671822037
0 0.4905446916818619 0.20158439789158855 0.019029160340627016 0.021734030671822037
0 0.5427282452583313 0.2001374554669435 0.02041279276212049 0.021923139113788428
0 0.5688101649284363 0.19948034827282182 0.02041279276212049 0.021923139113788428
0 0.595064103603363 0.19881890723644374 0.02041279276212049 0.021923139113788428
0 0.621994137763977 0.1981404326682867 0.02041279276212049 0.021923139113788428
0 0.6488799452781677 0.19749082836698362 0.020765344301859612 0.02202589567317519
0 0.676116406917572 0.19681278351178738 0.020765344301859612 0.02202589567317519
0 0.7032722234725952 0.1961367462956628 0.020765344301859612 0.02202589567317519
0 0.18807518482208252 0.23782275443853335 0.01841074228286743 0.021073304405508086
0 0.2115837037563324 0.23783487973315215 0.018671552340189634 0.021342063134954854
0 0.23620226979255676 0.2375142075294672 0.018671552340189634 0.021342063134954854
0 0.26046064496040344 0.23719822703688112 0.01867155234018958 0.021342063134954854
0 0.2852679193019867 0.2368750967896187 0.01867155234018958 0.021342063134954854
0 0.3104203939437866 0.23654747009277344 0.01867155234018958 0.021342063134954854
0 0.33561792969703674 0.23612933935121047 0.019395967324574825 0.02190496755200763
0 0.38606658577919006 0.23534544340554844 0.019395967324574825 0.02190496755200763
0 0.4119212329387665 0.23494370122530264 0.019395967324574825 0.02190496755200763
0 0.4378070533275604 0.23454147466014172 0.019395967324574825 0.02190496755200763
0 0.46277686953544617 0.23415348141692405 0.019395967324574825 0.02190496755200763
0 0.48818910121917725 0.23351673319382396 0.01950128873189294 0.02200695895409402
0 0.5150445103645325 0.23286922134931184 0.01950128873189283 0.02200695895409402
0 0.5413708090782166 0.23223446690758995 0.01950128873189283 0.02200695895409402
0 0.5940496325492859 0.23000029630439225 0.020382563273112053 0.022444436716478923
0 0.6213095784187317 0.22966261185356823 0.020382563273112053 0.022444436716478923
0 0.6483962535858154 0.22932707380546455 0.020382563273112053 0.022444436716478923
0 0.675803542137146 0.22898756413705373 0.020382563273112053 0.022444436716478923
0 0.7026183605194092 0.2286553937335347 0.020382563273112053 0.022444436716478923
0 0.7302869558334351 0.22806864006574765 0.0205421050389607 0.022576428198999184
0 0.18544414639472961 0.26844749894253045 0.018799155950546265 0.02175184737804324
0 0.2095443457365036 0.26869350968429423 0.018836249907811464 0.021534173063529526
0 0.23436889052391052 0.26835723255955896 0.018836249907811464 0.021534173063529526
0 0.25925523042678833 0.26802011834862804 0.018836249907811492 0.021534173063529526
0 0.28381776809692383 0.2676873904128431 0.01883624990781152 0.021534173063529526
0 0.3088032901287079 0.26734893266544785 0.01883624990781152 0.021534173063529526
0 0.3336086869239807 0.2670129149223767 0.01883624990781152 0.021534173063529526
0 0.3593778610229492 0.2671470863874568 0.01944843928019202 0.021856307983398438
0 0.3849409520626068 0.26686812279378613 0.01944843928019202 0.021856307983398438
0 0.4364638030529022 0.2663058668582219 0.01944843928019202 0.021856307983398438
0 0.4618283808231354 0.2660290695900141 0.01944843928019202 0.021856307983398438
0 0.48717138171195984 0.2657525077848952 0.01944843928019202 0.021856307983398438
0 0.5140219330787659 0.2645636713782022 0.020476142565409416 0.022755704184835298
0 0.5396783351898193 0.26377944059150166 0.02047177155812574 0.022791396739871003
0 0.5661042928695679 0.26330363746642443 0.02047177155812574 0.022791396739871003
0 0.5932794213294983 0.2628143454149383 0.02047177155812574 0.022791396739871003
0 0.6479232311248779 0.2618304758507071 0.02047177155812574 0.022791396739871003
0 0.7026201486587524 0.2608456500740938 0.02047177155812574 0.022791396739871003
0 0.7304355502128601 0.2603894105823375 0.02115730444590258 0.023027819256449856
0 0.7583816647529602 0.25990428480991096 0.02115730444590258 0.023027819256449856
0 0.7859940528869629 0.2594249523036755 0.02115730444590258 0.023027819256449856
0 0.8142551779747009 0.25921743298772326 0.021447698275248284 0.023154473119927958
0 0.8407660722732544 0.260167519446823 0.022043585777282715 0.023828506469726562
0 0.8685644865036011 0.26044051591740097 0.022043585777282715 0.023828506469726562
0 0.18359678983688354 0.2991597153419672 0.018836369117101015 0.021653892457947223
0 0.2083139717578888 0.2990070393317819 0.018836369117101015 0.021653892457947223
0 0.23239777982234955 0.29898126735243685 0.019340723752975464 0.02162912649701735
0 0.25772232562303543 0.2987476507707394 0.019340723752975464 0.02162912649701735
0 0.2824515402317047 0.2985195260639664 0.019340723752975464 0.02162912649701735
0 0.307233601808548 0.298290913848823 0.019340723752975464 0.02162912649701735
0 0.35812273621559143 0.297821466312852 0.019476890563964844 0.022082469260045697
0 0.38334062695503235 0.29780559970249376 0.019476890563964844 0.022082469260045697
0 0.40904244780540466 0.29778942861264546 0.019476890563964844 0.022082469260045697
0 0.4347184896469116 0.2977732737424522 0.019476890563964844 0.022082469260045697
0 0.460347056388855 0.2977571487426758 0.019476890563964844 0.022082469260045697
0 0.5126434564590454 0.296913636105017 0.019592026869456047 0.02252275629561074
0 0.5387251973152161 0.2964929517367852 0.019592026869456047 0.02252275629561074
0 0.5652480125427246 0.2960651530775913 0.019592026869456047 0.02252275629561074
0 0.5921310186386108 0.29563154473457526 0.019592026869456047 0.02252275629561074
0 0.6196271181106567 0.29484184645631756 0.02025349934895826 0.022696325021196676
0 0.6467728018760681 0.2942844435226086 0.02025349934895826 0.022696325021196676
0 0.6744129657745361 0.293680711769877 0.02039194107055664 0.022760553877483016
0 0.18129058182239532 0.32998996610365944 0.0192890465259552 0.021903326345044515
0 0.23068654537200928 0.33015890339525483 0.01919009784857434 0.02205836865329006
0 0.25543367117643356 0.3301067352294922 0.01919009784857431 0.02205836865329006
0 0.2800823748111725 0.33005477454253346 0.019190097848574283 0.02205836865329006
0 0.3061477243900299 0.32999982749582435 0.019190097848574283 0.02205836865329006
0 0.3560550808906555 0.32989462031874545 0.019190097848574283 0.02205836865329006
0 0.3817492127418518 0.3298404558173753 0.019190097848574283 0.02205836865329006
0 0.4075092077255249 0.3298200341158135 0.019398371378580692 0.02216951237168423
0 0.4332111179828644 0.3291837807946857 0.019760608673095703 0.022307018901026526
0 0.48584842681884766 0.3290286396825036 0.019760608673095703 0.022307018901026526
0 0.5114975571632385 0.3289530424550593 0.019760608673095703 0.022307018901026526
0 0.5375714898109436 0.3288761931821884 0.019760608673095703 0.022307018901026526
0 0.5640016198158264 0.3287982940673828 0.019760608673095703 0.022307018901026526
0 0.5911412239074707 0.32871830387684936 0.019760608673095703 0.022307018901026526
0 0.6182696223258972 0.3279076731482217 0.02067069212595629 0.02250909435656641
0 0.13118647038936615 0.3610336392424827 0.019156624873479203 0.02191905088202898
0 0.15485462546348572 0.36108827053127796 0.01915662487347919 0.02191905088202898
0 0.17933645844459534 0.36114477996700023 0.01915662487347919 0.02191905088202894
0 0.20359107851982117 0.36120076494554204 0.01915662487347919 0.02191905088202898
0 0.2287077158689499 0.36125873964886335 0.01915662487347919 0.02191905088202898
0 0.25359487533569336 0.3616295155803142 0.01941928267478943 0.021837774173233834
0 0.2787918448448181 0.36160464114902746 0.019497692584991455 0.021996394608371956
0 0.30370035767555237 0.36174770843151005 0.019497692584991455 0.021996394608371956
0 0.355206161737442 0.36204354285042095 0.019497692584991455 0.021996394608371956
0 0.3805084824562073 0.3621888720513386 0.019497692584991455 0.021996394608371914
0 0.4062191843986511 0.3623365468757097 0.019497692584991455 0.021996394608371956
0 0.43213948607444763 0.3624854255802348 0.019497692584991455 0.021996394608371956
0 0.45767951011657715 0.36203836840252546 0.0200749238332113 0.02279798374619595
0 0.5104036331176758 0.36152352843173713 0.02057250340779615 0.02313387671182322
0 0.5362834334373474 0.3615248560246613 0.021074295043945312 0.0232950254928234
0 0.5631933212280273 0.36135285399680916 0.021074295043945312 0.0232950254928234
0 0.5908180475234985 0.36117628287995274 0.021074295043945312 0.0232950254928234
0 0.6169484853744507 0.3610092629230511 0.021074295043945312 0.02329502549282336
0 0.6442558169364929 0.36083472052285837 0.021074295043945312 0.0232950254928234
0 0.6717581152915955 0.36065893193821363 0.021074295043945312 0.02329502549282336
0 0.12906314060091972 0.39250533525333847 0.01922456671794255 0.02167088116786282
0 0.1525743454694748 0.3924118111195285 0.019224566717942537 0.02167088116786282
0 0.20243151485919952 0.39221348659267175 0.019224566717942537 0.02167088116786282
0 0.2269575446844101 0.3923502198935685 0.019395445783932985 0.0219783043676568
0 0.2518209293484688 0.39261059428370276 0.01947648823261261 0.022135002668513808
0 0.2776251435279846 0.3929836095402589 0.01947648823261261 0.022135002668513808
0 0.30262768268585205 0.39334503610778176 0.01947648823261261 0.022135002668513808
0 0.3277921676635742 0.39370880369840744 0.01947648823261261 0.022135002668513808
0 0.3790346682071686 0.3944495445074037 0.01947648823261261 0.022135002668513808
0 0.40530261397361755 0.3936346630717433 0.019468406836191776 0.022207748058230378
0 0.4305288791656494 0.39419715726963606 0.019657135009765625 0.02244174572848529
0 0.456340491771698 0.39407064748364823 0.019657135009765625 0.02244174572848529
0 0.4824604392051697 0.39394262646418476 0.019657135009765625 0.02244174572848529
0 0.5081687569618225 0.3940968626186051 0.020068705081939697 0.022723708041878635
0 0.5621635913848877 0.3941241736209351 0.020068705081939697 0.022723708041878635
0 0.5888480544090271 0.39413767082746637 0.020068705081939697 0.022723708041878635
0 0.6157951951026917 0.39384081527401843 0.020658930142720466 0.02304479318071711
0 0.6434733271598816 0.39353590696097535 0.020658930142720466 0.02304479318071711
0 0.6703406572341919 0.393239930618641 0.020658930142720466 0.02304479318071711
0 0.6995525360107422 0.3929181262186846 0.020658930142720466 0.02304479318071711
0 0.727379322052002 0.39309058078499726 0.021600763003031487 0.023196641788926234
0 0.7541074156761169 0.3928459512169634 0.021600763003031487 0.023196641788926234
0 0.1272922269999981 0.4233847836340834 0.019100894530614212 0.02189943771953725
0 0.15095505118370056 0.42346160356388535 0.0191008945306142 0.02189943771953725
0 0.17517471313476562 0.4235402312338738 0.0191008945306142 0.02189943771953725
0 0.1997484415769577 0.42353328438692317 0.01935736338297528 0.022006811097610827
0 0.2503689229488373 0.4241631044098301 0.01935736338297525 0.022006811097610827
0 0.27604880928993225 0.4245093589605287 0.019362270832061768 0.02211246934047965
0 0.3011724650859833 0.4248074580759438 0.019362270832061768 0.02211246934047965
0 0.3265839219093323 0.4251089720300412 0.019362270832061768 0.02211246934047965
0 0.3517859876155853 0.42540800150069846 0.019362270832061768 0.02211246934047965
0 0.37787488102912903 0.42571755342705303 0.019362270832061768 0.02211246934047965
0 0.40372923016548157 0.4259796618796734 0.020080655813217163 0.022394047227016715
0 0.45564180612564087 0.4264274419740189 0.020080655813217163 0.022394047227016715
0 0.481332004070282 0.42664903681971167 0.020080655813217163 0.022394047227016715
0 0.5073333829641342 0.4268733158056579 0.020080655813217163 0.022394047227016715
0 0.5341771841049194 0.427104861237282 0.020080655813217163 0.022394047227016715
0 0.560899555683136 0.4273353592591026 0.020080655813217163 0.022394047227016715
0 0.5884690284729004 0.42667397787404615 0.02027468880017591 0.022614856098973474
0 0.6150725483894348 0.4266087036254205 0.02027468880017591 0.022614856098973474
0 0.6423425674438477 0.4262139097786793 0.02051067352294922 0.022600070450657154
0 0.1249612532556057 0.454299368072151 0.01939177016417186 0.02190505626589753
0 0.1735120713710785 0.4549110767453216 0.019391770164171873 0.02190505626589753
0 0.198336660861969 0.4552238503975257 0.019391770164171873 0.02190505626589753
0 0.22335070371627808 0.4555390110386636 0.019391770164171873 0.02190505626589753
0 0.2486763373017311 0.45585809751998546 0.019391770164171845 0.02190505626589753
0 0.2738330066204071 0.45617505516164075 0.019391770164171818 0.02190505626589753
0 0.32522979378700256 0.4571179234704306 0.019741714000701904 0.021992528161337208
0 0.3500792980194092 0.4575016581040371 0.019741714000701904 0.021992528161337208
0 0.3763042688369751 0.45763370874571496 0.01973491907119751 0.02234430830608048
0 0.40191420912742615 0.4578923355860262 0.01973491907119751 0.02234430830608048
0 0.4279184639453888 0.4588347462059774 0.019981364409128788 0.022281351015549244
0 0.4541170299053192 0.45897727788880816 0.019981364409128788 0.022281351015549244
0 0.4800774157047272 0.4591185137671606 0.019981364409128788 0.022281351015549244
0 0.5066935420036316 0.4592730943546739 0.02056435743967694 0.022989021715267628
0 0.5327790379524231 0.4594507993680366 0.020564357439676995 0.022989021715267628
0 0.586862325668335 0.4598192367320464 0.020564357439676995 0.022989021715267628
0 0.6135281920433044 0.4600008954649221 0.020564357439676995 0.022989021715267628
0 0.6418530344963074 0.4601938558179279 0.020564357439676995 0.022989021715267628
0 0.6688423156738281 0.460384069748135 0.021023670832316155 0.023338998010916247
0 0.6969155073165894 0.4605753255444904 0.021023670832316155 0.023338998010916247
0 0.7250485420227051 0.461037746695585 0.021535714467366462 0.023466923440149532
0 0.17131182551383972 0.4860788389693859 0.019731760025024414 0.02225586055785192
0 0.19617047905921936 0.48671794936583335 0.019731760025024414 0.02225586055785192
0 0.22133836150169373 0.4873650099677355 0.019731760025024414 0.02225586055785192
0 0.24671411514282227 0.48801741489144257 0.019731760025024414 0.02225586055785192
0 0.2720656096935272 0.4886691961193863 0.019731760025024414 0.02225586055785192
0 0.297773540019989 0.48903680667519184 0.019938329855600956 0.02258768007736792
0 0.3231789171695709 0.4893393405648165 0.0199333826700846 0.022280818732209853
0 0.3750837743282318 0.4900759527254268 0.0199333826700846 0.022280818732209853
0 0.40081697702407837 0.4900648209843145 0.020166556040445927 0.02301025390625
0 0.4529353976249695 0.49088451474211936 0.020166556040445927 0.02301025390625
0 0.47916728258132935 0.4912970773659725 0.020166556040445927 0.02301025390625
0 0.505295991897583 0.4917080172923767 0.020166556040445982 0.02301025390625
0 0.5321446061134338 0.4921302795410156 0.02053634325663256 0.023056444271590305
0 0.5584446787834167 0.49245477024229717 0.02053634325663256 0.023056444271590305
0 0.5852446556091309 0.4927589505217796 0.02097853024800611 0.0231990074926568
0 0.6407429575920105 0.49346394019867995 0.02097853024800611 0.0231990074926568
0 0.6684257388114929 0.49381559194819913 0.02097853024800611 0.0231990074926568
0 0.6961191296577454 0.49416737847080294 0.02097853024800611 0.0231990074926568
0 0.7245669364929199 0.4945287482683049 0.02097853024800611 0.0231990074926568
0 0.7537564039230347 0.4948994089138385 0.02123030026753736 0.023205335750136266
0 0.7814469337463379 0.49502093292946037 0.021828333536783928 0.023514000944388984
0 0.16874393820762634 0.5182971954345703 0.019733856121699034 0.022444525430368824
0 0.1938791573047638 0.5189288383306458 0.019666850566864014 0.022559173347414058
0 0.24506713449954987 0.519831901963907 0.019666850566864014 0.022559173347414058
0 0.2704872190952301 0.520280365747999 0.019666850566864014 0.022559173347414058
0 0.29624703526496887 0.5207348231119588 0.019666850566864014 0.022559173347414058
0 0.3207741677761078 0.5211675333422284 0.020430127779642704 0.022714333940846106
0 0.3736611306667328 0.52217865906518 0.020430127779642704 0.022714333940846106
0 0.3995489180088043 0.5226735978225068 0.020430127779642704 0.022714333940846106
0 0.42512398958206177 0.5231597811676735 0.020574410756429073 0.022810263227122644
0 0.45146259665489197 0.5236636350221047 0.020574410756429073 0.022810263227122644
0 0.4778096377849579 0.5241676502188664 0.020574410756429073 0.022810263227122644
0 0.5040868520736694 0.5246703296379591 0.020574410756429018 0.022810263227122644
0 0.5579013228416443 0.5256997929062954 0.020574410756428962 0.022810263227122644
0 0.5844279527664185 0.5262066253790483 0.02068372567494703 0.022850716760916247
0 0.6121564507484436 0.5267204059450669 0.020683328310648674 0.0230961585229682
0 0.6394898295402527 0.527240841887718 0.020683328310648674 0.0230961585229682
0 0.667680025100708 0.5277212719584621 0.020737051963806152 0.02352157119632686
0 0.6954006552696228 0.5282144890473612 0.020737051963806152 0.02352157119632686
0 0.1667545586824417 0.5503406203538719 0.019811401764551817 0.022552135378815407
0 0.19186218082904816 0.5508905898692996 0.019811401764551817 0.022552135378815407
0 0.2175232321023941 0.5514526819643518 0.019811401764551817 0.022552135378815407
0 0.2430720180273056 0.5520123149448405 0.01981140176455179 0.022552135378815407
0 0.2681567072868347 0.552561782127203 0.01981140176455176 0.022552135378815407
0 0.29394811391830444 0.5531267295891522 0.01981140176455176 0.022552135378815407
0 0.3201470971107483 0.5538330521694449 0.020229339599609375 0.022843412650648067
0 0.3458878695964813 0.5540739103805187 0.020051976044972775 0.02293366424797112
0 0.3719354569911957 0.5547418836172913 0.020051976044972775 0.02293366424797112
0 0.398172527551651 0.55541471602515 0.020051976044972775 0.02293366424797112
0 0.42403900623321533 0.5560780448481618 0.020051976044972775 0.02293366424797112
0 0.45014363527297974 0.5567474808803824 0.020051976044972775 0.02293366424797112
0 0.4766327142715454 0.5572465408680051 0.02036384741465247 0.023132058077080304
0 0.5024463683366776 0.5577137354050012 0.02061384916305542 0.0233667654584544
0 0.5294346809387207 0.5582123246303824 0.02061384916305542 0.0233667654584544
0 0.5565425157546997 0.5589643966319949 0.02106519540150953 0.023729250412578676
0 0.5836421251296997 0.559594048527936 0.021319985389709473 0.023900527362675686
0 0.6109443306922913 0.5602122018503588 0.021319985389709473 0.023900527362675686
0 0.6389614939689636 0.5608465426373929 0.021319985389709473 0.023900527362675686
0 0.66693115234375 0.5614798078588332 0.021319985389709473 0.023900527362675686
0 0.6946912407875061 0.5621083281760992 0.021319985389709473 0.023900527362675686
0 0.7234121561050415 0.5627586027184199 0.021319985389709473 0.023900527362675686
0 0.7524587512016296 0.5635579237663846 0.022139231363932366 0.02437993722368586
0 0.780998945236206 0.5642741003701853 0.022139231363932366 0.02437993722368586
0 0.16490241885185242 0.5822850604389989 0.019727746645609556 0.02245895622312555
0 0.18998807668685913 0.5829558302595794 0.019727746645609556 0.02245895622312555
0 0.21547621488571167 0.5836373620734558 0.019727746645609556 0.02245895622312555
0 0.2664796710014343 0.585001152464473 0.0197277466456095 0.02245895622312555
0 0.2920767366886139 0.585685596909634 0.0197277466456095 0.02245895622312555
0 0.3177054226398468 0.5863723103514423 0.020133674144744873 0.022754728332046337
0 0.3438737988471985 0.5871082128480424 0.02071259419123328 0.0232441037200218
0 0.36992692947387695 0.5877331084438133 0.02071259419123328 0.0232441037200218
0 0.39590850472450256 0.5883562877529702 0.02071259419123328 0.0232441037200218
0 0.42222708463668823 0.5889875502645561 0.02071259419123328 0.0232441037200218
0 0.47496530413627625 0.5902524992477062 0.02071259419123328 0.0232441037200218
0 0.5283281803131104 0.5915128906947271 0.020729760328928704 0.023244310719098285
0 0.555212676525116 0.5926238658816315 0.021451354026794434 0.023755361867505452
0 0.5825527906417847 0.5933755538262774 0.021451354026794434 0.023755361867505452
0 0.6104115843772888 0.593915673189385 0.021574060122172112 0.024042499157809417
0 0.6377819776535034 0.5948313316898295 0.021574060122172112 0.024042499157809417
0 0.6663697957992554 0.595787718338357 0.021574060122172112 0.024042499157809417
0 0.6945782899856567 0.5967314149533766 0.021574060122172112 0.024042499157809417
0 0.7229920029640198 0.5976819770280705 0.021574060122172112 0.024042499157809417
0 0.752012312412262 0.598506395206895 0.021810412406921387 0.024137659590373724
0 0.780852735042572 0.5994581888018383 0.021756251653035408 0.024102351462194218
0 0.11277326196432114 0.6136541588361873 0.019990737239519746 0.022617280945297413
0 0.1378045529127121 0.6143963313289251 0.019990737239519774 0.022617280945297413
0 0.16217941045761108 0.6155150526530375 0.020055135091145815 0.022830578707909343
0 0.18806196749210358 0.6161545598229696 0.020061244567235292 0.022864585699037064
0 0.21323460340499878 0.6166328164034112 0.020095954338709532 0.022861658140670423
0 0.23883171379566193 0.6173221398582358 0.020095954338709532 0.022861658140670423
0 0.2643023729324341 0.6180383105610692 0.020268559455871582 0.02299446283384811
0 0.2897990942001343 0.6187169354154392 0.020268559455871582 0.02299446283384811
0 0.3159846067428589 0.6194138932497164 0.020268559455871582 0.02299446283384811
0 0.3673069477081299 0.6208589037993264 0.020740151405334473 0.023375074992808317
0 0.3940276503562927 0.6214910995128543 0.020740151405334473 0.023375074992808317
0 0.42038390040397644 0.6221146724975999 0.020740151405334473 0.023375074992808317
0 0.446645051240921 0.6227359954923591 0.020740151405334473 0.023375074992808317
0 0.4729122817516327 0.6233574623285338 0.020740151405334473 0.023375074992808317
0 0.5002410858869553 0.6240040453565958 0.020740151405334473 0.023375074992808317
0 0.5270566344261169 0.6259183661882267 0.02147905031840014 0.024156141650769083
0 0.5818923115730286 0.6275147726369459 0.021330952644348145 0.024071153744246555
0 0.6093521118164062 0.6286102255963449 0.021330952644348145 0.024071153744246555
0 0.637214183807373 0.6297217263700937 0.021330952644348145 0.024071153744246555
0 0.6658474802970886 0.6308639935788501 0.021330952644348145 0.024071153744246555
0 0.6937860250473022 0.6319785450780114 0.021330952644348145 0.024071153744246555
0 0.722878098487854 0.6320803442666697 0.02184371153513598 0.024507034656613372
0 0.13508468866348267 0.646609018015307 0.02012555797894794 0.022884871608527077
0 0.16001814603805542 0.6475725839304369 0.019810656706492125 0.022905364517093574
0 0.18555286526679993 0.6483902586666406 0.019810656706492125 0.022905364517093574
0 0.21136689186096191 0.6492168774047065 0.019810656706492125 0.022905364517093574
0 0.23674948513507843 0.6500296807519315 0.019810656706492125 0.022905364517093574
0 0.26195216178894043 0.6508367227953534 0.01981065670649207 0.022905364517093574
0 0.28796473145484924 0.6515734590021737 0.020375649134317997 0.02354138396507086
0 0.31375938653945923 0.6524446176928144 0.020375649134317997 0.02354138396507086
0 0.3401183784008026 0.6533348356376254 0.020375649134317997 0.02354138396507086
0 0.365622878074646 0.6541961949567722 0.020375649134317997 0.02354138396507086
0 0.3923080563545227 0.6550974291424418 0.020375649134317997 0.02354138396507086
0 0.4185785949230194 0.6559846597685807 0.020375649134317997 0.02354138396507086
0 0.44507265090942383 0.6567571329516034 0.020502110322316525 0.023580240648846295
0 0.47124621272087097 0.6575824461548835 0.020502110322316525 0.023580240648846295
0 0.4987974613904953 0.6585556739984557 0.020659595727920532 0.023741345072901526
0 0.525543212890625 0.6594336695786202 0.0207767983277638 0.023802232372668417
0 0.5529658794403076 0.661089968269886 0.020814120769500732 0.023938674335331936
0 0.5805847644805908 0.6618314855132933 0.02152538299560547 0.023965347644894622
0 0.6084311604499817 0.6627637730088345 0.02152538299560547 0.023965347644894622
0 0.6363611817359924 0.663698860250421 0.02152538299560547 0.023965347644894622
0 0.6647827625274658 0.6649683887913382 0.02213521798451734 0.023918388425841756
0 0.692920446395874 0.6660373155460801 0.02213521798451734 0.023918388425841756
0 0.10755206644535065 0.677929678628611 0.01982368032137552 0.023031279098155888
0 0.13246415555477142 0.678985178190128 0.019823680321375534 0.023031279098155888
0 0.1580004245042801 0.6800671236086997 0.019823680321375547 0.023031279098155888
0 0.18332189321517944 0.6811399681623592 0.02010860045750934 0.023329505624697135
0 0.20886127650737762 0.6820652068441867 0.02010860045750934 0.023329505624697135
0 0.23480042815208435 0.6830049283010788 0.02010860045750934 0.023329505624697135
0 0.260484904050827 0.6839354233859481 0.020108600457509396 0.023329505624697135
0 0.28594133257865906 0.6848576567893805 0.020108600457509396 0.023329505624697135
0 0.31226488947868347 0.6861375764358876 0.020973821481068966 0.02401635813158612
0 0.3384075164794922 0.6865451217451087 0.020946164925893185 0.024092149364855917
0 0.3902517557144165 0.6888002794842387 0.020909200112024906 0.023869359216024708
0 0.4166272282600403 0.6898951870094842 0.020909200112024906 0.023869359216024708
0 0.44360974431037903 0.6910152943297405 0.020909200112024906 0.023869359216024708
0 0.47034645080566406 0.6921251975207195 0.020909200112024906 0.023869359216024708
0 0.497530534863472 0.6932536724001862 0.02090920011202496 0.023869359216024708
0 0.10537896305322647 0.711051719133244 0.020091146230697632 0.023224143094794696
0 0.1554766595363617 0.7131780469426272 0.020091146230697632 0.023224143094794696
0 0.18144096434116364 0.7142800661417802 0.020091146230697632 0.023224143094794696
0 0.2062520682811737 0.7153331393166497 0.020091146230697632 0.023224143094794696
0 0.23217527568340302 0.7164334141930868 0.020091146230697632 0.023224143094794696
0 0.2584754228591919 0.7173731226629079 0.02022417386372885 0.023515538651813776
0 0.28374263644218445 0.7184458000715389 0.020224173863728878 0.023515538651813776
0 0.3099164664745331 0.7195569663693512 0.020224173863728878 0.023515538651813776
0 0.336075097322464 0.7201533209096849 0.02032713095347083 0.023419372795164067
0 0.3622918725013733 0.7218640339946961 0.020535945892333984 0.023725938427355917
0 0.3886331617832184 0.7227624595404563 0.021252214908599854 0.02403253363084429
0 0.4155280590057373 0.7238038417486637 0.021252214908599854 0.02403253363084429
0 0.44200703501701355 0.7248291193052779 0.02162669102350867 0.024211913116218564
0 0.46919018030166626 0.7261965547152482 0.02162669102350867 0.024211913116218564
0 0.49635837972164154 0.7275632382804859 0.021626691023508726 0.024211913116218564
0 0.5236020088195801 0.7289337163003952 0.02162669102350878 0.024211913116218564
0 0.5514239072799683 0.7303332838901254 0.02162669102350878 0.024211913116218564
0 0.5789579153060913 0.7316882643855734 0.02156909306844068 0.024174032285232006
0 0.6066156625747681 0.7329858291980832 0.02195032437642408 0.024417758912079122
0 0.6352888941764832 0.7343854997195727 0.02195032437642408 0.024417758912079122
0 0.1530115008354187 0.7465136993763059 0.020745694637298584 0.023819916008054776
0 0.17879414558410645 0.747645040994787 0.020745694637298584 0.023819916008054776
0 0.2041558474302292 0.748757911652305 0.020745694637298584 0.023819916008054776
0 0.22922402620315552 0.7498579025268555 0.020745694637298584 0.023819916008054776
0 0.25567250698804855 0.7510184610090906 0.020745694637298584 0.023819916008054776
0 0.28164851665496826 0.7520282915918012 0.02086585760116577 0.02387258248735765
0 0.3342491090297699 0.7542522563490757 0.02086585760116577 0.02387258248735765
0 0.36071696877479553 0.7557638079621071 0.021729151407877567 0.024201045664705944
0 0.38760244846343994 0.7569793235931552 0.021729151407877567 0.02420104566470586
0 0.4141633212566376 0.7581801634676264 0.021729151407877567 0.02420104566470586
0 0.4405571520328522 0.7593734512290227 0.021729151407877567 0.02420104566470586
0 0.4683670997619629 0.7606307628542878 0.021829406420389774 0.024681387021559968
0 0.49540770053863525 0.7621770459552144 0.02150146166483563 0.02450283553249163
0 0.5227672457695007 0.7636010676008153 0.021501461664835686 0.02450283553249163
0 0.5497261881828308 0.7649991235067678 0.022297104199727302 0.0251516297806141
0 0.5779238939285278 0.7663226068963095 0.022297104199727302 0.0251516297806141
0 0.6050480604171753 0.7675957028044178 0.022297104199727302 0.0251516297806141
0 0.6342206597328186 0.768964943655862 0.022297104199727302 0.0251516297806141
0 0.662879467010498 0.7703100692394168 0.022297104199727302 0.0251516297806141
0 0.7204970717430115 0.7729667222707045 0.022335966428120857 0.025154350339904423
0 0.7499825954437256 0.7747464734454488 0.02287435531616211 0.025464080100835756
0 0.7785996794700623 0.7779258018316224 0.02322343985239672 0.02536785510159267
0 0.8082894682884216 0.7783199587472514 0.02322343985239672 0.02536785510159267
0 0.8371264338493347 0.7787027937169146 0.02322343985239672 0.02536785510159267
0 0.8665682673454285 0.7790936588171106 0.02322343985239672 0.02536785510159267
0 0.8944516777992249 0.7794638345407885 0.02322343985239672 0.02536785510159267
0 0.1494763344526291 0.7797922533611918 0.02156775196393329 0.024255619492641715
0 0.17522010207176208 0.7811114087998678 0.02156775196393329 0.024255619492641715
0 0.22669094800949097 0.783748864488426 0.02156775196393329 0.024255619492641715
0 0.2529109716415405 0.7850924241137359 0.021567751963933318 0.024255619492641715
0 0.27992841601371765 0.7864768449650255 0.021567751963933346 0.024255619492641715
0 0.30570849776268005 0.7877612304140829 0.02143396933873498 0.024333332860192586
0 0.33197322487831116 0.789095590280932 0.02135513226191199 0.02450112039728671
0 0.3856078088283539 0.7917206182573996 0.02135513226191199 0.02450112039728671
0 0.41257110238075256 0.7930402779750675 0.02135513226191199 0.02450112039728671
0 0.4665827751159668 0.7956837617413963 0.02135513226191199 0.02450112039728671
0 0.4943244159221649 0.797041515971339 0.021355132261912046 0.02450112039728671
0 0.5215356945991516 0.7989919795546421 0.021570563316345215 0.02469185526056796
0 0.5493394136428833 0.8006799723866489 0.022658268610636467 0.024955808654312125
0 0.6049750447273254 0.8035598577455033 0.022663871447245354 0.025139564691587936
0 0.6615439057350159 0.8065087511017557 0.022663871447245354 0.025139564691587936
0 0.6905120015144348 0.8080188367507418 0.022663871447245354 0.025139564691587936
0 0.7196101546287537 0.8095357021934872 0.022663871447245354 0.025139564691587936
0 0.7487095594406128 0.8110526328863099 0.022663871447245354 0.025139564691587936
0 0.7785290479660034 0.812467118681601 0.022919853528340584 0.02529327629148509
0 0.8070284128189087 0.8139088652854742 0.022919853528340584 0.02529327629148509
0 0.8365726470947266 0.8144129376078761 0.023307164510091072 0.02536377426265735
0 0.14702290296554565 0.8142254851585211 0.021143019199371338 0.02456818809804979
0 0.17287155985832214 0.8153137913419825 0.021143019199371338 0.02456818809804979
0 0.1986115425825119 0.8163975220161576 0.021143019199371338 0.02456818809804979
0 0.25059160590171814 0.8185860389886901 0.021143019199371338 0.02456818809804979
0 0.2773055136203766 0.8206442012343296 0.021762629350026486 0.024751175281613372
0 0.3303677439689636 0.8235319707779594 0.021762629350026486 0.024751175281613372
0 0.3568739891052246 0.8249745020646699 0.021762629350026486 0.024751175281613372
0 0.3832402527332306 0.8264094152333038 0.021762629350026486 0.024751175281613372
0 0.4104521870613098 0.8272539527577866 0.022178351879119873 0.02493812501892552
0 0.43788254261016846 0.8289165053256723 0.022178351879119873 0.02493812501892552
0 0.4650293290615082 0.8306650965254921 0.022285064061482784 0.025047065675720577
0 0.492290735244751 0.8321980321130087 0.02228506406148273 0.025047065675720577
0 0.5201079845428467 0.8337622233036336 0.022285064061482673 0.025047065675720577
0 0.547673761844635 0.8353122739774481 0.022285064061482673 0.025047065675720577
0 0.6043194532394409 0.838497516720794 0.022285064061482673 0.025047065675720577
0 0.6323200464248657 0.8400720175178914 0.022285064061482673 0.025047065675720577
0 0.6604470610618591 0.8421340582679901 0.02259560426076246 0.025307943654614827
0 0.6899649500846863 0.8439173143963481 0.02259560426076246 0.025307943654614827
0 0.7189033031463623 0.845748584275504 0.02287975947062182 0.025655583817829567
0 0.7477930188179016 0.8472469724317548 0.023150165875752693 0.025558944820433513
0 0.7774244546890259 0.8485987354648774 0.022879481315612793 0.025663213212360817
0 0.1442878097295761 0.8480384294376817 0.021600609024365724 0.024454338606013808
0 0.16993394494056702 0.849713170251181 0.021590212980906187 0.024200143740158782
0 0.1967431753873825 0.8512134642887907 0.021590212980906187 0.024200143740158782
0 0.2487836852669716 0.8538436002509538 0.021685495972633362 0.024312928665515987
0 0.2754581868648529 0.8554826582662701 0.021685495972633362 0.024312928665515987
0 0.30161646008491516 0.8570899957916159 0.021685495972633362 0.024312928665515987
0 0.32820308208465576 0.8587236539024882 0.021685495972633362 0.024312928665515987
0 0.3548087477684021 0.860358482183412 0.021685495972633362 0.024312928665515987
0 0.38188374042510986 0.8616480522542004 0.02206176519393921 0.024508690649224917
0 0.40852707624435425 0.8629170626984175 0.02206176519393921 0.024508690649224917
0 0.43580305576324463 0.8642162056856377 0.02206176519393921 0.024508690649224917
0 0.49079279601573944 0.8668353429880619 0.02206176519393921 0.024508690649224917
0 0.518401563167572 0.8692803955480068 0.022623121738433838 0.024625497270924068
0 0.5754041075706482 0.8728518943962964 0.023107806841532463 0.025438826213511276
0 0.6031299233436584 0.874475168627362 0.023107806841532463 0.025438826213511276
0 0.6313852071762085 0.8761294418329666 0.023107806841532463 0.025438826213511276
0 0.6600552797317505 0.8778079998369297 0.023107806841532463 0.025438826213511276
0 0.6884505748748779 0.8794704703397529 0.023107806841532463 0.025438826213511276
0 0.7175422310829163 0.8811737109674822 0.023107806841532463 0.025438826213511276
