0 0.21162737905979156 0.13599749695889612 0.02080434560775757 0.02222315470377603
0 0.23723262548446655 0.13428801159526027 0.02080434560775757 0.02222315470377603
0 0.2613994777202606 0.13267455787186908 0.02080434560775757 0.02222315470377603
0 0.28721246123313904 0.13095120333838117 0.02080434560775757 0.02222315470377603
0 0.31323057413101196 0.12921415373336437 0.02080434560775757 0.02222315470377603
0 0.3387080430984497 0.12751319918756665 0.02080434560775757 0.02222315470377603
0 0.3642694652080536 0.1250492853063398 0.021798749764760372 0.023328197094821177
0 0.4181846082210541 0.12120767662972251 0.021798749764760372 0.023328197094821177
0 0.44522547721862793 0.11928093710611033 0.021798749764760372 0.023328197094821177
0 0.49993783235549927 0.11538252477766131 0.021798749764760317 0.023328197094821177
0 0.5273248553276062 0.11324586424716683 0.021989782651265388 0.02356881873552189
0 0.5840860605239868 0.10911451645224467 0.021989782651265388 0.02356881873552189
0 0.6132555603981018 0.10670680498848384 0.02240806818008423 0.02409897294155387
0 0.6414165496826172 0.10535366671269754 0.022293249766031975 0.023746534835460575
0 0.6706543564796448 0.10369311753149676 0.023139675458272224 0.024411702340887503
0 0.700190007686615 0.10192015281943388 0.023139675458272224 0.024411702340887503
0 0.21118296682834625 0.16541183826535247 0.020027856032053648 0.022220604179441453
0 0.2619684934616089 0.16286800985586777 0.020027856032053593 0.022220604179441453
0 0.28562402725219727 0.16168311284116177 0.020027856032053593 0.022220604179441453
0 0.3116087019443512 0.16038155001263285 0.020027856032053593 0.022220604179441453
0 0.3382920026779175 0.15904499326182794 0.020027856032053593 0.022220604179441453
0 0.3639588952064514 0.15705453517825105 0.021328111489613888 0.02308313236680142
0 0.41770026087760925 0.1540196568678868 0.021328111489613888 0.02308313236680142
0 0.44469302892684937 0.15249532332581422 0.021328111489613888 0.02308313236680142
0 0.47258689999580383 0.1509201027626215 0.021328111489613888 0.02308313236680142
0 0.49963121116161346 0.1488614634844633 0.022353013356526674 0.024353189985881495
0 0.5276765823364258 0.1471954168275345 0.02235301335652662 0.024353189985881495
0 0.55583256483078 0.14552279926027645 0.02235301335652662 0.024353189985881495
0 0.6122536659240723 0.14217108085117436 0.02235301335652662 0.024353189985881495
0 0.6420925259590149 0.1403984912606173 0.02235301335652662 0.024353189985881495
0 0.6710389852523804 0.13867891509829683 0.02235301335652662 0.024353189985881495
0 0.7010495066642761 0.13728070415482505 0.02297186851501465 0.024720731631729966
0 0.730750560760498 0.13571004089524305 0.02297186851501465 0.024720731631729966
0 0.7606605887413025 0.1341283265934434 0.02297186851501465 0.024720731631729966
0 0.15881332755088806 0.2013766931933026 0.020069519678751646 0.02257567413093505
0 0.18301911652088165 0.1999805539022871 0.020069519678751646 0.02257567413093505
0 0.23302757740020752 0.19707007740819177 0.020589709281921387 0.022707266400950832
0 0.2579090893268585 0.19568177949461574 0.020589709281921387 0.022707266400950832
0 0.28460603952407837 0.19419218672521715 0.020589709281921387 0.022707266400950832
0 0.336195707321167 0.19131367080641312 0.020589709281921387 0.022707266400950832
0 0.36356672644615173 0.18978646744129268 0.021622399489084843 0.023469278054643963
0 0.3898381292819977 0.1884781253811403 0.021622399489084843 0.023469278054643963
0 0.41663628816604614 0.18714355034448454 0.021622399489084843 0.023469278054643963
0 0.4721207022666931 0.18438037119092449 0.021622399489084843 0.023469278054643983
0 0.5279308557510376 0.1816009698912155 0.021622399489084954 0.023469278054643963
0 0.5837993025779724 0.1781108102133108 0.02278955777486158 0.024397192075271027
0 0.6124321222305298 0.17667415573535603 0.02278955777486158 0.02439719207527101
0 0.6415089964866638 0.17521522077498894 0.02278955777486158 0.024397192075271027
0 0.6711402535438538 0.17372846960429736 0.02278955777486158 0.024397192075271027
0 0.7020307779312134 0.1721785345742869 0.02278955777486158 0.024397192075271027
0 0.7322356104850769 0.17108210719395123 0.023637692133585686 0.024596702220828034
0 0.7625412940979004 0.16985294430754905 0.023637692133585686 0.024596702220828034
0 0.15691301226615906 0.23185052308577425 0.020641366640726744 0.022924837215926322
0 0.20646515488624573 0.22985449502634447 0.020641366640726744 0.022924837215926322
0 0.23265346884727478 0.22929635105765067 0.020693913102149963 0.02299727210702825
0 0.25758833438158035 0.22810359333836755 0.02091069519519806 0.02314433016518287
0 0.30986684560775757 0.22565560650395383 0.02091069519519806 0.02314433016518287
0 0.3359158933162689 0.22443583715047005 0.02091069519519806 0.02314433016518287
0 0.38924986124038696 0.22193842763663696 0.02091069519519806 0.02314433016518287
0 0.4161459505558014 0.22067899482194767 0.02091069519519806 0.02314433016518287
0 0.44361981749534607 0.21963045183403898 0.021803150574366215 0.023766569388929237
0 0.47175219655036926 0.21850498984078273 0.021803150574366215 0.023766569388929237
0 0.5002527385950089 0.21736479914465615 0.022715995709101378 0.02387796446334484
0 0.5286480784416199 0.21584711926587602 0.022715995709101433 0.02387796446334484
0 0.5550386905670166 0.21428094908248546 0.022359927495320564 0.023648284202398256
0 0.5834816098213196 0.21282463800894222 0.022359927495320564 0.023648284202398256
0 0.6127210855484009 0.21132754230279363 0.022359927495320564 0.023648284202398256
0 0.6417784094810486 0.2098397729837479 0.022359927495320564 0.023648284202398256
0 0.6709328293800354 0.20834703223649845 0.022359927495320564 0.023648284202398256
0 0.3872523009777069 0.2891803342242574 0.021766384442647335 0.024178748907044877
0 0.4148484170436859 0.28840267977401746 0.021766384442647335 0.024178748907044877
0 0.44139283895492554 0.2875646990399028 0.02244400978088379 0.02408066091611401
0 0.4697892367839813 0.2862848516034649 0.02244400978088379 0.02408066091611401
0 0.4981040358543396 0.28506230199059773 0.02273110548655194 0.024473367735396986
0 0.5254024863243103 0.28410986501547353 0.022731105486551995 0.024473367735396986
0 0.5820438861846924 0.2817504983293511 0.022995591163635254 0.024332016937492457
0 0.6120446920394897 0.2809057679287223 0.022995591163635254 0.024332016937492457
0 0.6409351825714111 0.2800923005918943 0.022995591163635254 0.024332016937492457
0 0.6703310608863831 0.27926460308983303 0.022995591163635254 0.024332016937492457
0 0.7005311846733093 0.27841426050940227 0.022995591163635254 0.024332016937492457
0 0.1520543396472931 0.32924887191417607 0.020160833994547545 0.023065345231876817
0 0.17661671340465546 0.3284545848721583 0.02025914192199707 0.023085113643675784
0 0.20178191363811493 0.3278506079385447 0.020395626624425234 0.023511783097141446
0 0.22740407288074493 0.3272558700206668 0.02035843332608539 0.023608141167219297
0 0.2531140446662903 0.3266392529406101 0.020358433326085418 0.023608141167219297
0 0.30592992901802063 0.3253725391277272 0.020358433326085446 0.023608141167219297
0 0.33191153407096863 0.3247494073103697 0.020358433326085446 0.023608141167219297
0 0.3866833448410034 0.32343578338623047 0.020358433326085446 0.023608141167219297
0 0.41383594274520874 0.32278182801104127 0.02055581410725915 0.02387441590774891
0 0.44122201204299927 0.32232256170064544 0.02191384633382165 0.02476791263550754
0 0.46908989548683167 0.3213726975197016 0.02191384633382165 0.02476791263550754
0 0.5251550078392029 0.3194617435668675 0.02191384633382154 0.02476791263550754
0 0.5819108486175537 0.31752724644858565 0.02191384633382154 0.02476791263550754
0 0.6115539073944092 0.3165168762207031 0.023032784461975098 0.02514308367588726
0 0.6704472899436951 0.3151566601394919 0.023032784461975098 0.02514308367588726
0 0.7008721232414246 0.3144539606895986 0.023032784461975098 0.02514308367588726
0 0.7307294011116028 0.31376436963976845 0.023032784461975098 0.02514308367588726
0 0.7616122961044312 0.31305109068404796 0.023032784461975098 0.02514308367588726
0 0.7917091846466064 0.3132993786834007 0.023191610972086663 0.025258958801742646
0 0.15057896077632904 0.3619498873865882 0.019732793172200502 0.023171469222667607
0 0.1754225641489029 0.3614971914956736 0.019839594761530577 0.023309219715207122
0 0.22642052173614502 0.36060503393375126 0.019839594761530577 0.02330921971520708
0 0.25264687091112137 0.3601462305454383 0.01983959476153055 0.023309219715207122
0 0.27869099378585815 0.35969061502149147 0.01983959476153052 0.023309219715207122
0 0.3051161468029022 0.3592283337615257 0.01983959476153052 0.023309219715207122
0 0.33173516392707825 0.358764326456283 0.02024739980697632 0.02361930433169813
0 0.35889384150505066 0.3582900734834893 0.02024739980697632 0.02361930433169813
0 0.3860275447368622 0.35781625662021815 0.02024739980697632 0.02361930433169813
0 0.4135834872722626 0.3571611944422377 0.020865102608998654 0.024047629777775255
0 0.4411833584308624 0.356937474982683 0.02131929000218713 0.024392623309941228
0 0.46762096881866455 0.35622613624092664 0.02131929000218713 0.024392623309941228
0 0.5239439606666565 0.35471069193391797 0.02131929000218702 0.024392623309941228
0 0.5822953581809998 0.3531406706998229 0.02131929000218702 0.024392623309941228
0 0.610629141330719 0.35237831293150434 0.02131929000218702 0.024392623309941228
0 0.6400926113128662 0.3518757861113992 0.022561470667521233 0.02556516957837482
0 0.7005399465560913 0.350844800718911 0.022561470667521233 0.02556516957837482
0 0.7612642049789429 0.34980909214463346 0.022561470667521233 0.02556516957837482
0 0.7915588617324829 0.3492923886628725 0.022561470667521233 0.02556516957837482
0 0.8215530514717102 0.3491617867894808 0.02298959096272779 0.02548849120620612
0 0.8514467477798462 0.35007343553298115 0.024021665255228752 0.025895584461300872
0 0.8805285692214966 0.35031349714412247 0.024021665255228752 0.025895584461300872
0 0.1491314023733139 0.3946339363275572 0.020047401388486208 0.02335762792779488
0 0.19967101514339447 0.3943140340405841 0.020065208276112856 0.023515331652737458
0 0.2255028337240219 0.39412996502431225 0.02020894984404248 0.02350320742111792
0 0.2512570396065712 0.3937585520189862 0.02020894984404245 0.02350320742111792
0 0.30460822582244873 0.3929891505278077 0.020208949844042423 0.02350320742111792
0 0.3313356339931488 0.3926037025338557 0.020208949844042423 0.02350320742111792
0 0.3582720160484314 0.39221524083337117 0.020208949844042423 0.02350320742111792
0 0.3855054974555969 0.39182249452928963 0.020208949844042423 0.02350320742111792
0 0.4131016731262207 0.3919025209298752 0.020468751589457157 0.023554306621699314
0 0.4407178461551666 0.3911412360928616 0.021389345328013065 0.023845081181489276
0 0.46829572319984436 0.39061473547228903 0.022513945897420284 0.024801949197931862
0 0.5234138369560242 0.389601374781409 0.022513945897420173 0.024801949197931862
0 0.5521318316459656 0.38907338706636446 0.022513945897420173 0.024801949197931862
0 0.610173225402832 0.38800628112117036 0.022513945897420173 0.024801949197931862
0 0.6394495964050293 0.38746802751408066 0.022513945897420173 0.024801949197931862
0 0.6701551079750061 0.38690349879025643 0.022513945897420173 0.024801949197931862
0 0.7008113265037537 0.3867270763737125 0.022658665974934822 0.024834359339041247
0 0.19891361892223358 0.4277284311693768 0.019762277603149414 0.023475469544876452
0 0.2244306057691574 0.42748389133187226 0.020014832417170225 0.02355986602546638
0 0.2511589229106903 0.4273185081167345 0.020014832417170197 0.02355986602546638
0 0.2773917019367218 0.4271561910761834 0.02001483241717017 0.02355986602546638
0 0.3038420081138611 0.4269925280721196 0.02001483241717017 0.02355986602546638
0 0.33052054047584534 0.4268274529035701 0.02001483241717017 0.02355986602546638
0 0.3575282096862793 0.4266805466370551 0.02013939619064331 0.023371733436288705
0 0.3850977122783661 0.4264361028578461 0.020865559577941895 0.02364893477092423
0 0.41195300221443176 0.42636015248853104 0.021258552869161007 0.024232879165531074
0 0.44056570529937744 0.4259978947424336 0.021258552869161007 0.024232879165531074
0 0.4671544134616852 0.4256612622522447 0.021258552869161007 0.024232879165531074
0 0.4954763799905777 0.42530268544356836 0.02125855286916095 0.024232879165531074
0 0.5236342549324036 0.42494618615438773 0.021258552869160896 0.024232879165531074
0 0.5814263224601746 0.4242980123546805 0.02275872230529785 0.025132378866506176
0 0.611146867275238 0.4239646780531711 0.02275872230529785 0.025132378866506176
0 0.639799177646637 0.42364332466198307 0.02275872230529785 0.025132378866506176
0 0.6698083281517029 0.42330675346906793 0.02275872230529785 0.025132378866506176
0 0.700499951839447 0.42261575528234796 0.023185571034749275 0.02528614960899654
0 0.7301878929138184 0.4234168474064317 0.02319876352945971 0.02527775136075273
0 0.14563481509685516 0.4945863235828488 0.019999047120412172 0.023091604543286702
0 0.1712951958179474 0.49463573721952214 0.020385811726252256 0.023384478665137532
0 0.1963578760623932 0.4947648266662757 0.020385811726252256 0.023384478665137532
0 0.22226516902446747 0.494898266429411 0.020385811726252256 0.023384478665137532
0 0.248160257935524 0.49531138129545343 0.02085558573404947 0.024222972781159157
0 0.30136916041374207 0.4953057045160338 0.020855585734049442 0.024222972781159157
0 0.3281550407409668 0.49530284676992187 0.020855585734049442 0.024222972781159157
0 0.3550841808319092 0.4952999737396368 0.020855585734049442 0.024222972781159157
0 0.4090512990951538 0.49529421606729196 0.020855585734049442 0.024222972781159157
0 0.4367780387401581 0.4952912579422854 0.020855585734049442 0.024222972781159157
0 0.4654204249382019 0.4954259118368459 0.021424810091654423 0.024440765380859375
0 0.49347950518131256 0.49549457442400496 0.021424810091654478 0.024440765380859375
0 0.5221279859542847 0.4957893394971233 0.021965056657791138 0.024645694466524346
0 0.550683319568634 0.49597234504167426 0.021965056657791138 0.024645694466524346
0 0.5797120928764343 0.4961583847685633 0.021965056657791138 0.024645694466524346
0 0.6099026203155518 0.49559318187624907 0.02236274878184008 0.02451188434926109
0 0.6390054821968079 0.49533998371354 0.02236274878184008 0.02451188434926109
0 0.6992903351783752 0.495541322411519 0.023551583290100098 0.026276492333227295
0 0.7301309704780579 0.49590740647426873 0.023551583290100098 0.026276492333227295
0 0.7608293890953064 0.49627180239861307 0.023551583290100098 0.026276492333227295
0 0.7913734316825867 0.49663436585084086 0.023551583290100098 0.026276492333227295
0 0.8215377330780029 0.49699242170466934 0.023551583290100098 0.026276492333227295
0 0.8518298268318176 0.49735199447750084 0.023551583290100098 0.026276492333227295
0 0.881133496761322 0.4979043661338803 0.02328701814015699 0.02607975449672965
0 0.9097337126731873 0.4977179682532022 0.023343006769816155 0.025461655254511814
0 0.14502225816249847 0.527607939964117 0.020002782344818115 0.023331486901571583
0 0.16975000500679016 0.5279825343642124 0.02054727077484131 0.02365106390428179
0 0.19584256410598755 0.5284921997719535 0.02054572105407715 0.023967003637506
0 0.24750655889511108 0.5289468987043514 0.02054572105407715 0.023967003637506
0 0.3006167709827423 0.5294143259103629 0.02054572105407715 0.023967003637506
0 0.32737553119659424 0.5296498318899371 0.02054572105407715 0.023967003637506
0 0.354585200548172 0.5301670637694715 0.021167000134786007 0.02455091846081632
0 0.38156816363334656 0.5302536543025527 0.021167000134786007 0.02455091846081632
0 0.40896403789520264 0.5303415699013351 0.021167000134786007 0.02455091846081632
0 0.43667906522750854 0.5304305096883959 0.021167000134786007 0.02455091846081632
0 0.46470940113067627 0.5301032703793062 0.022054016590118408 0.025090505910474202
0 0.4931619465351105 0.5305016983387082 0.022054016590118408 0.025090505910474202
0 0.5215498208999634 0.5308992206937095 0.022054016590118408 0.025090505910474202
0 0.5503336191177368 0.5313022872673583 0.022054016590118408 0.025090505910474202
0 0.579549252986908 0.5317114009413608 0.022054016590118408 0.025090505910474202
0 0.6095443964004517 0.5321314302783624 0.022054016590118408 0.025090505910474202
0 0.6385847330093384 0.5321896880560125 0.022919853528340584 0.025566278501998548
0 0.6990745067596436 0.5326797574065453 0.022919853528340584 0.025566278501998548
0 0.729926586151123 0.5329297113669018 0.022919853528340584 0.025566278501998548
0 0.7606701850891113 0.5337011707941136 0.023070931434631348 0.02568704767744676
0 0.791409969329834 0.5342109147892442 0.023070931434631348 0.02568704767744676
0 0.1441178172826767 0.5614150734834893 0.01969662308692932 0.023380190827125728
0 0.16893237829208374 0.5617687532369491 0.01969662308692932 0.023380190827125728
0 0.19456826150417328 0.5621341392234569 0.01969662308692932 0.023380190827125728
0 0.2202063351869583 0.5624995564305505 0.020947168270746885 0.02415200166924055
0 0.27327924966812134 0.5643921905299779 0.021180609862009647 0.02430973496547965
0 0.2994626760482788 0.5644812029461528 0.021180609862009647 0.02430973496547965
0 0.3538663387298584 0.5646661520583792 0.021180609862009647 0.02430973496547965
0 0.3810133934020996 0.5647584403973203 0.021180609862009647 0.02430973496547965
0 0.40834662318229675 0.5648513616517533 0.021180609862009647 0.02430973496547965
0 0.4358428120613098 0.5649448368972078 0.021180609862009647 0.02430973496547965
0 0.4643906354904175 0.5658125037058073 0.02129773298899329 0.025155858476032526
0 0.5209940671920776 0.5667832396751227 0.0212977329889934 0.025155858476032526
0 0.5498186945915222 0.5672775754738112 0.0212977329889934 0.025155858476032526
0 0.5801134705543518 0.5679044698933091 0.02278665701548266 0.02556051209915516
0 0.638796865940094 0.5687293119208757 0.02278665701548266 0.02556051209915516
0 0.6690092086791992 0.5691539705466873 0.02278665701548266 0.02556051209915516
0 0.6995692849159241 0.5695835168447498 0.02278665701548266 0.02556051209915516
0 0.7297747135162354 0.5700080782868141 0.02278665701548266 0.02556051209915516
0 0.7610704302787781 0.5704479646004619 0.02278665701548266 0.02556051209915516
0 0.7911089062690735 0.5710399538971657 0.023070573806762695 0.02567696386529488
0 0.1933441013097763 0.5962895681691724 0.020556931694348635 0.023897008378376276
0 0.21894431114196777 0.5967811927266364 0.020556931694348635 0.023897008378376276
0 0.24525431543588638 0.5972864481250358 0.020556931694348662 0.023897008378376276
0 0.2718975841999054 0.5977981035099473 0.02055693169434869 0.023897008378376276
0 0.2989848554134369 0.5983182854854291 0.02055693169434869 0.023897008378376276
0 0.3257673978805542 0.5990539913909849 0.020764708518981934 0.024120271667953663
0 0.3527587354183197 0.5996832509222622 0.020764708518981934 0.024120271667953663
0 0.3799864649772644 0.6003180215525072 0.02149050434430444 0.024847074996593388
0 0.40714412927627563 0.6008260094177851 0.02149050434430444 0.024847074996593388
0 0.43542781472206116 0.6013550596642865 0.02149050434430444 0.024847074996593388
0 0.46360722184181213 0.6018821593702828 0.02149050434430444 0.024847074996593388
0 0.4917566031217575 0.6024086974387945 0.021490504344304384 0.024847074996593388
0 0.5205352306365967 0.6029320889200498 0.0215168297290802 0.025088317634523433
0 0.5493972897529602 0.6030598573906477 0.022113680839538574 0.025045202684032878
0 0.6083745956420898 0.6047885597401894 0.023468176523844475 0.025870921999909157
0 0.6381044983863831 0.6052840476812318 0.023468176523844475 0.025870921999909157
0 0.6691895723342896 0.6058021213332069 0.023468176523844475 0.025870921999909157
0 0.6997921466827393 0.6063121534945942 0.023468176523844475 0.025870921999909157
0 0.7300291061401367 0.6068160922028297 0.023468176523844475 0.025870921999909157
0 0.7608080506324768 0.6073290638046925 0.023468176523844475 0.025870921999909157
0 0.13969944417476654 0.6633778061977652 0.021100103855133057 0.024436447971551048
0 0.16509532928466797 0.6642175731236942 0.021100103855133057 0.024436447971551048
0 0.19075043499469757 0.6650659117093849 0.021100103855133057 0.024436447971551048
0 0.2432277649641037 0.6668191067008085 0.02138407031695047 0.024638774783112282
0 0.296207457780838 0.6686883103154724 0.021384070316950443 0.024638774783112282
0 0.32340002059936523 0.6696477050195564 0.021384070316950443 0.024638774783112282
0 0.3504817485809326 0.6706031893031213 0.021384070316950443 0.024638774783112282
0 0.37849053740501404 0.6715913816939952 0.021384070316950443 0.024638774783112282
0 0.40617573261260986 0.6725191007592802 0.021652162075042725 0.02499020007229596
0 0.43363577127456665 0.6734718056612237 0.021652162075042725 0.02499020007229596
0 0.4906313866376877 0.6753794871047893 0.021854241689046205 0.024857868519864285
0 0.5493730306625366 0.6766653393066043 0.022661139567693 0.025090210197507817
0 0.6080245971679688 0.6783598522807277 0.022661139567693 0.025090210197507817
0 0.6382646560668945 0.6793472378752953 0.02372376124064135 0.026506675306216747
0 0.7002187371253967 0.680749069132533 0.02372376124064135 0.026506675306216747
0 0.7303054332733154 0.6814298389925094 0.02372376124064135 0.026506675306216747
0 0.7612537145614624 0.6821301038875136 0.02372376124064135 0.026506675306216747
0 0.7916449308395386 0.6828177641061173 0.02372376124064135 0.026506675306216747
0 0.1390724778175354 0.6974841273108194 0.020373319586118044 0.024084815683290885
0 0.16351592540740967 0.6983462488928507 0.02044739325841266 0.024651904438817224
0 0.18868528306484222 0.699422591945423 0.02044739325841266 0.024651904438817224
0 0.24188458174467087 0.7016976081105194 0.02044739325841269 0.024651904438817224
0 0.2956852316856384 0.7039763872013536 0.02110222975413001 0.02506708544354106
0 0.3223280906677246 0.7051237836831331 0.02110222975413001 0.02506708544354106
0 0.34952446818351746 0.7058364069739054 0.021850695212682125 0.025159495745518356
0 0.3772212564945221 0.7070919927378768 0.021850695212682125 0.025159495745518356
0 0.40498262643814087 0.7083505061979268 0.021850695212682125 0.025159495745518356
0 0.43272897601127625 0.7096189454544423 0.022956093152364132 0.02608288905417278
0 0.49017371237277985 0.711658294338085 0.022956093152364077 0.02608288905417278
0 0.5490419864654541 0.7137481803164516 0.02295609315236402 0.02608288905417278
0 0.6080485582351685 0.7158429760085908 0.02295609315236402 0.02608288905417278
0 0.6691107153892517 0.7180107471554779 0.02295609315236402 0.02608288905417278
0 0.6998105645179749 0.7184744592370098 0.023515065511067634 0.026304052781689128
0 0.7298918962478638 0.7192369061847066 0.023515065511067634 0.026304052781689128
0 0.7608267664909363 0.7200209870760053 0.023515065511067634 0.026304052781689128
0 0.7913137078285217 0.7203919928517858 0.02348868052164721 0.026383717854817763
0 0.8214617967605591 0.7210182367369186 0.02348868052164721 0.026383717854817763
0 0.1371781826019287 0.7317633961522302 0.020175129175186157 0.024235865866491093
0 0.16220135986804962 0.7330183844035395 0.020175129175186157 0.024235865866491093
0 0.18818017840385437 0.7343213009635988 0.020175129175186157 0.02423586586649101
0 0.24139012396335602 0.7369899411534434 0.020175129175186157 0.024235865866491093
0 0.2674519121646881 0.7382970188939294 0.020175129175186157 0.02423586586649101
0 0.294081449508667 0.7394042298868301 0.021647711594899532 0.02537813112717269
0 0.3210940361022949 0.7407444798669149 0.021647711594899532 0.02537813112717269
0 0.34787648916244507 0.7420733115971188 0.021647711594899532 0.02537813112717269
0 0.37621182203292847 0.7434864709543627 0.022594650586446163 0.026023968245631992
0 0.40348950028419495 0.7446811337504223 0.022594650586446163 0.026023968245631992
0 0.431884229183197 0.7459247192897546 0.022594650586446163 0.026023968245631992
0 0.48898282647132874 0.748425429550319 0.022594650586446108 0.026023968245631992
0 0.5480632185935974 0.7510129351948582 0.022594650586446052 0.026023968245631992
0 0.6082060933113098 0.7535656433018054 0.02373814582824707 0.02679891364518986
0 0.638190507888794 0.7544187279634698 0.02373814582824707 0.02679891364518986
0 0.668165385723114 0.7552715412958643 0.02373814582824707 0.02679891364518986
0 0.6986055374145508 0.7561375921050136 0.02373814582824707 0.02679891364518986
0 0.7293757200241089 0.7570130326027094 0.02373814582824707 0.02679891364518986
0 0.7596961259841919 0.7578756765337137 0.02373814582824707 0.02679891364518986
0 0.7906630635261536 0.7579666847406432 0.023480653762817383 0.026369405347247455
0 0.8211742043495178 0.7584442105509502 0.023480653762817383 0.026369405347247455
0 0.18689803779125214 0.7693366117255632 0.021105527877807617 0.024826227232467298
0 0.21263331174850464 0.770791575046545 0.021105527877807617 0.024826227232467298
0 0.23911194503307343 0.7722885647534653 0.021105527877807617 0.024826227232467298
0 0.26599228382110596 0.7738082651870848 0.021105527877807617 0.024826227232467298
0 0.2919645607471466 0.7752766276514808 0.021105527877807617 0.024826227232467298
0 0.31965184211730957 0.7765119475394257 0.021860281626383427 0.02523354227228671
0 0.3472152650356293 0.777909883279394 0.021860281626383427 0.02523354227228671
0 0.3752608299255371 0.7793322718420694 0.021860281626383427 0.02523354227228671
0 0.4040828347206116 0.7807354095408615 0.021958092848459843 0.025398017824158077
0 0.4316081404685974 0.7829145838766466 0.023476392030715942 0.025875949120336837
0 0.4886442571878433 0.7854016326194586 0.023476392030715942 0.025875949120336837
0 0.5182971954345703 0.7866946432069467 0.023476392030715942 0.025875949120336837
0 0.5477416515350342 0.7879785629711183 0.023476392030715942 0.025875949120336837
0 0.5773890614509583 0.7892713324968205 0.023476392030715942 0.025875949120336837
0 0.6069051623344421 0.790558376317779 0.023476392030715942 0.025875949120336837
0 0.6371776461601257 0.7923690441042878 0.02374354998270678 0.02622879383175872
0 0.13336771726608276 0.835361716705926 0.021992474794387817 0.02449680298797855
0 0.1588519811630249 0.8373030729072038 0.021992474794387817 0.02449680298797855
0 0.18495206534862518 0.839291341451765 0.021992474794387817 0.02449680298797855
0 0.23732507228851318 0.8432810451455222 0.021992474794387817 0.02449680298797855
0 0.2635684013366699 0.845280225886855 0.021992474794387817 0.02449680298797855
0 0.29080119729042053 0.8473547828572562 0.021992474794387817 0.02449680298797855
0 0.31796783208847046 0.8482516825292139 0.022942940394083622 0.025396894114886253
0 0.34578537940979004 0.8500901155693587 0.022942940394083622 0.025396894114886253
0 0.37329819798469543 0.8519084094006358 0.022942940394083622 0.025396894114886253
0 0.40198272466659546 0.8546470670741647 0.023910264174143436 0.026557330937348484
0 0.45930978655815125 0.8575928266658339 0.023910264174143436 0.026557330937348484
0 0.5175012946128845 0.860583005952018 0.023910264174143547 0.026557330937348484
0 0.5462589859962463 0.862060724195926 0.023910264174143547 0.026557330937348484
0 0.606926441192627 0.8651781303938045 0.023910264174143547 0.026557330937348484
0 0.6377899646759033 0.866764057133004 0.023910264174143547 0.026557330937348484
0 0.668377697467804 0.8683803469635719 0.024310588836669922 0.026898938556050144
0 0.6988665461540222 0.8699611962615624 0.024310588836669922 0.026898938556050144
0 0.7294522523880005 0.8705899025814285 0.02447255452473951 0.02700137352758611
0 0.7600510716438293 0.8717807503633721 0.02447255452473951 0.02700137352758611
0 0.1314009316265583 0.8707287810569586 0.021515247722466782 0.025464848954548317
0 0.18387530744075775 0.8755033096458548 0.02202153205871582 0.02523750482603561
0 0.2090054601430893 0.8772802131120548 0.022135754426320375 0.0256500244140625
0 0.23571361601352692 0.8791793226474988 0.022135754426320375 0.0256500244140625
0 0.26191219687461853 0.8810421983536969 0.02213575442632043 0.0256500244140625
0 0.31685400009155273 0.8849488889874464 0.02213575442632043 0.0256500244140625
0 0.34510308504104614 0.8869575677916061 0.02213575442632043 0.0256500244140625
0 0.3725666105747223 0.8885763468182444 0.022870779037475586 0.02559502180232558
0 0.40105873346328735 0.8904534230455995 0.022870779037475586 0.02559502180232558
0 0.4292374849319458 0.8923098541969476 0.022870779037475586 0.02559502180232558
0 0.458123117685318 0.8940026800433644 0.02328205108642578 0.02605698459832232
0 0.517299234867096 0.8974706622583013 0.02328205108642578 0.02605698459832232
0 0.546960711479187 0.8992089559865553 0.02328205108642578 0.02605698459832232
0 0.6066999435424805 0.9027099392243215 0.02328205108642578 0.02605698459832232
0 0.636490523815155 0.9057420884088656 0.0241279204686482 0.026818208916242734
0 0.6980571746826172 0.9107397137593684 0.0241279204686482 0.026818208916242734
0 0.7300284504890442 0.909220272219297 0.024744192759196038 0.027389940365340468
0 0.7602917551994324 0.9096195309661156 0.024744192759196038 0.027389940365340468
0 0.7909494638442993 0.9100239930184595 0.024744192759196038 0.027389940365340468
0 0.8215876817703247 0.9104281979329907 0.024744192759196038 0.027389940365340468
0 0.8512392640113831 0.9108193863269894 0.024744192759196038 0.027389940365340468
0 0.1289246380329132 0.9060819504005294 0.021886224548021957 0.025527894958969125
0 0.15469519793987274 0.9082514740699945 0.02188622454802197 0.025527894958969125
0 0.2074965387582779 0.9126966145364259 0.02188622454802197 0.025527894958969125
0 0.23465849459171295 0.9149832744422393 0.02188622454802197 0.025527894958969125
0 0.2607457861304283 0.9171794625215752 0.022544567783673614 0.026191533998001452
0 0.31594744324684143 0.9209374616246314 0.02254456778367364 0.026191533998001452
0 0.34430286288261414 0.9229190737702125 0.022929588953653934 0.026078512502271077
0 0.3723911941051483 0.9246688665345658 0.023293157418568966 0.026535921318586484
0 0.4001218378543854 0.9266874207373567 0.023293157418568966 0.026535921318586484
0 0.4291856288909912 0.9288030166851644 0.023293157418568966 0.026535921318586484
0 0.4572618305683136 0.931566766809626 0.023949066797892216 0.026586310808048692
0 0.5166997909545898 0.9351733008096385 0.023949066797892327 0.026586310808048692
0 0.5461097955703735 0.9369578200108026 0.023949066797892327 0.026586310808048692
0 0.6060919165611267 0.9405973721983295 0.023949066797892327 0.026586310808048692
0 0.6360566020011902 0.9424155479253724 0.023949066797892327 0.026586310808048692
0 0.6983873248100281 0.9461976068923105 0.023949066797892327 0.026586310808048692
0 0.7288435101509094 0.9460397764693859 0.02432795365651441 0.026472343030825955
0 0.7599865198135376 0.9469297890295415 0.02432795365651441 0.026472343030825955
0 0.7904064059257507 0.9477991359877085 0.02432795365651441 0.026472343030825955
0 0.8203939199447632 0.9486561265102652 0.02432795365651441 0.026472343030825955
0 0.17906883358955383 0.9465736566587936 0.02263490855693817 0.02554415917211736
0 0.20608265697956085 0.9486016150693878 0.02263490855693817 0.02554415917211736
0 0.2323533147573471 0.950573783193209 0.02263490855693817 0.02554415917211736
0 0.2599448785185814 0.9526451132298057 0.02263490855693817 0.02554415917211736
0 0.28727757930755615 0.9546970101289971 0.02263490855693817 0.02554415917211736
0 0.3143292963504791 0.9578255147503628 0.023488620917002323 0.026491564373637356
0 0.3426281213760376 0.9598299070846202 0.023488620917002323 0.026491564373637356
0 0.3709490895271301 0.9618358678059411 0.023488620917002323 0.026491564373637356
0 0.3993920087814331 0.963850466265974 0.023488620917002323 0.026491564373637356
0 0.42816752195358276 0.9658886221952216 0.023488620917002323 0.026491564373637356
0 0.4868256151676178 0.9700433470742295 0.023488620917002323 0.026491564373637356
0 0.516192615032196 0.9727736919476351 0.024172385533650642 0.027680330498273984
0 0.5454329252243042 0.9744510207065317 0.024172385533650642 0.027680330498273984
0 0.5753174424171448 0.976165303482739 0.024172385533650642 0.027680330498273984
0 0.60546875 0.9778948903097868 0.024172385533650642 0.027680330498273984
0 0.6357914209365845 0.979634307151617 0.024172385533650642 0.027680330498273984
