0 0.20735938847064972 0.15142553906108058 0.018551458915074648 0.020145209260689183
0 0.2301306277513504 0.15046080117976962 0.018551458915074648 0.020145209260689183
0 0.2531399130821228 0.14948597811867684 0.018551458915074676 0.020145209260689183
0 0.27626699209213257 0.14850616455078125 0.018551458915074703 0.020145209260689183
0 0.30000442266464233 0.14750049251879405 0.018551458915074703 0.020145209260689183
0 0.3230743706226349 0.14542248082715412 0.018595437208811405 0.01991003613139308
0 0.20552264153957367 0.18068378470664798 0.01813441514968872 0.020354252452998184
0 0.2282985895872116 0.17957078784637412 0.018310983975728334 0.020473058833632377
0 0.25226467847824097 0.17842783484348032 0.018310983975728362 0.020473058833632377
0 0.2757624685764313 0.17730721520978834 0.01831098397572839 0.020473058833632377
0 0.2992303967475891 0.17618801970413528 0.01831098397572839 0.02047305883363236
0 0.3231376111507416 0.17504787445068357 0.01831098397572839 0.02047305883363236
0 0.3480360507965088 0.17386045724256532 0.01831098397572839 0.02047305883363236
0 0.37209367752075195 0.17291073466456214 0.018573760986328125 0.02059190217838731
0 0.2035377323627472 0.209003456571991 0.01805776357650757 0.020785013834635446
0 0.22656193375587463 0.20828482162120732 0.01805776357650757 0.020785013834635446
0 0.25140174478292465 0.2075095175804674 0.01805776357650757 0.020785013834635446
0 0.2749974727630615 0.20677304405306104 0.01805776357650757 0.020785013834635446
0 0.2986082136631012 0.2060361019400663 0.01805776357650757 0.020785013834635446
0 0.3231593072414398 0.205269809393189 0.01805776357650757 0.020785013834635446
0 0.3473406732082367 0.20446984168028565 0.018318454424540165 0.020798956700997732
0 0.37217044830322266 0.20368054855701534 0.018318454424540165 0.020798956700997732
0 0.2026267945766449 0.23934852245242097 0.017979313929875673 0.020670232846755364
0 0.225777268409729 0.2385720841995919 0.017979313929875673 0.020670232846755364
0 0.2493293732404709 0.2377821757399605 0.0179793139298757 0.020670232846755364
0 0.27376413345336914 0.23696266411074765 0.01797931392987573 0.020670232846755364
0 0.29841434955596924 0.23613592635753544 0.01797931392987573 0.020670232846755364
0 0.3219173550605774 0.23557872062578816 0.01812809705734253 0.02077800543733348
0 0.3471459448337555 0.23483901800111281 0.01812809705734253 0.02077800543733348
0 0.3723122477531433 0.23410114162791035 0.01812809705734253 0.02077800543733348
0 0.20150116086006165 0.26946256445032024 0.01789402961730957 0.02111004674157431
0 0.2248583883047104 0.2686842541361964 0.017885843912760435 0.021053210709446133
0 0.24860158562660217 0.2679625414070576 0.017885843912760407 0.021053210709446133
0 0.27305710315704346 0.26740874800571174 0.018138130505879757 0.020902071812356194
0 0.297760009765625 0.2665713298963637 0.018138130505879757 0.020902071812356194
0 0.3215228021144867 0.2657657812636897 0.018138130505879757 0.020902071812356194
0 0.34612902998924255 0.26493164052261964 0.018138130505879757 0.020902071812356194
0 0.3707868754863739 0.2640957499659339 0.018138130505879757 0.020902071812356194
0 0.20122292637825012 0.3002439986827762 0.018035590648651123 0.020943885625794877
0 0.22421085834503174 0.2995638564122549 0.018035590648651123 0.020943885625794877
0 0.24883529543876648 0.298854761345442 0.018089453379313142 0.021111569663350923
0 0.2726699113845825 0.2981462933462796 0.018089453379313114 0.021111569663350923
0 0.29656240344047546 0.2974361050184995 0.018089453379313114 0.021111569663350923
0 0.3210691511631012 0.29670765835233565 0.018089453379313114 0.021111569663350923
0 0.34606537222862244 0.29596466241880903 0.018089453379313114 0.021111569663350923
0 0.3706463873386383 0.2951633098513581 0.018163303534189823 0.021235650824021898
0 0.15283216536045074 0.3308563676459718 0.01831623911857605 0.021133969920550232
0 0.2001086324453354 0.32995039917701896 0.01833823323249817 0.02109489145205005
0 0.22397509217262268 0.3294242106425481 0.01833823323249817 0.02109489145205005
0 0.24793529510498047 0.32889595533318655 0.01833823323249817 0.02109489145205005
0 0.27230972051620483 0.3283585675793154 0.01833823323249817 0.02109489145205005
0 0.2970081865787506 0.32781403563743416 0.01833823323249817 0.02109489145205005
0 0.3211168646812439 0.32754341031963097 0.01844821373621619 0.0213496629581895
0 0.3461035192012787 0.3270194918610329 0.01844821373621619 0.0213496629581895
0 0.37117093801498413 0.3264938799422633 0.01844821373621619 0.0213496629581895
0 0.395767480134964 0.32614949364246315 0.01881076892217004 0.021402418151382354
0 0.446075439453125 0.3243966483733336 0.0200655460357666 0.02212997554808621
0 0.470588356256485 0.3244872204093046 0.020389080047607422 0.022404899892880907
0 0.49654775857925415 0.323467569248019 0.020389080047607422 0.022404899892880907
0 0.5226644277572632 0.32244174085161903 0.020389080047607422 0.022404899892880907
0 0.548090398311615 0.3212398448628698 0.020628730456034416 0.022548616394516083
0 0.5741429328918457 0.3204197329144145 0.020628730456034416 0.022548616394516083
0 0.5999075174331665 0.3196086853917924 0.020628730456034416 0.022548616394516083
0 0.6269062757492065 0.31875878711336375 0.020628730456034416 0.022548616394516083
0 0.6533781290054321 0.3179254753645076 0.020628730456034416 0.022548616394516083
0 0.6807944774627686 0.31706243169850146 0.020628730456034416 0.022548616394516083
0 0.1498829424381256 0.39170594178484347 0.018259515364964785 0.021049410797828853
0 0.1732034981250763 0.3913595066514126 0.018259515364964785 0.021049410797828853
0 0.22201408445835114 0.39058911523153617 0.018718749284744263 0.02140920476395949
0 0.24625683575868607 0.39010778917053035 0.018732150395711272 0.02125963314559103
0 0.27064013481140137 0.3899120508238327 0.0187321503957113 0.02125963314559103
0 0.29553815722465515 0.3897121805055187 0.0187321503957113 0.02125963314559103
0 0.3205370604991913 0.3895115003602424 0.0187321503957113 0.02125963314559103
0 0.3454565405845642 0.3893114577892215 0.0187321503957113 0.02125963314559103
0 0.3949711322784424 0.38891397653393206 0.0187321503957113 0.02125963314559103
0 0.42050763964653015 0.3879290735998819 0.01896248261133826 0.02159736692443369
0 0.44526785612106323 0.3879821681813627 0.01989036798477173 0.022343805594037616
0 0.47071748971939087 0.3873225422998058 0.019918233156204224 0.02220514578412664
0 0.4962356835603714 0.3867701153422511 0.019918233156204224 0.02220514578412664
0 0.5220238566398621 0.3862248797749364 0.02031906445821119 0.022555181222368634
0 0.5478280186653137 0.38565628663803053 0.02031906445821119 0.022555181222368634
0 0.5738406181335449 0.38508310059478185 0.02031906445821119 0.022555181222368634
0 0.626724362373352 0.3839178105148723 0.02031906445821119 0.022555181222368634
0 0.6541046500205994 0.3833144875459893 0.02031906445821119 0.022555181222368593
0 0.6809751987457275 0.38206408320940083 0.021247506141662598 0.023390725601551143
0 0.7082865238189697 0.3815274238586426 0.021247506141662598 0.023390725601551143
0 0.7357208728790283 0.3809883471234215 0.021247506141662598 0.023390725601551143
0 0.7636592388153076 0.38043936660766847 0.021247506141662598 0.023390725601551143
0 0.7910072803497314 0.3799019857894543 0.021247506141662598 0.023390725601551143
0 0.14963829517364502 0.42203100337538607 0.018426239490509033 0.02150303448817532
0 0.1730624884366989 0.42188976539194356 0.018426239490509033 0.02150303448817532
0 0.19706834852695465 0.4217450202034167 0.018426239490509033 0.02150303448817532
0 0.22166645526885986 0.4215967040179363 0.018426239490509033 0.02150303448817532
0 0.24588416516780853 0.4214506814646166 0.018426239490509033 0.02150303448817532
0 0.29515981674194336 0.4211159639580305 0.01894279321034753 0.021438864774482196
0 0.3199556767940521 0.42085613952732076 0.01894279321034753 0.021438864774482196
0 0.36965569853782654 0.4203353558227547 0.01894279321034753 0.021438864774482196
0 0.39449426531791687 0.4200750838878543 0.01894279321034753 0.021438864774482196
0 0.4200633764266968 0.41980715691441467 0.01894279321034753 0.021438864774482196
0 0.44488489627838135 0.4194381013110981 0.019055306911468506 0.021686849668044506
0 0.4703975319862366 0.4191155988116597 0.019055306911468506 0.021686849668044506
0 0.4964918941259384 0.4187857427706112 0.019055306911468506 0.021686849668044506
0 0.5479488968849182 0.41804079724537097 0.019570986429850334 0.022244889606801058
0 0.5739099979400635 0.4176404642504315 0.019570986429850334 0.022244889606801058
0 0.5996590852737427 0.41727351937769575 0.019642889499664307 0.02238275099170295
0 0.6262149810791016 0.41657263992785215 0.02026752630869555 0.023063541382782164
0 0.6539901494979858 0.41600560025741423 0.02026752630869555 0.023063541382782164
0 0.6812187433242798 0.41544971909633904 0.02026752630869555 0.023063541382782164
0 0.14854082465171814 0.48305591317110286 0.01878255605697632 0.021655563236206946
0 0.1716369390487671 0.48320691529517307 0.01878255605697632 0.021655563236206946
0 0.19624723494052887 0.48336781712003274 0.01878255605697632 0.021655563236206946
0 0.22010675072669983 0.48352381035339914 0.01878255605697632 0.021655563236206946
0 0.24420219659805298 0.48368134609488556 0.01878255605697632 0.021655563236206946
0 0.26874852180480957 0.48366200646688773 0.018473605314890507 0.0213268191315407
0 0.29383203387260437 0.48349543289255553 0.018473605314890507 0.0213268191315407
0 0.31875234842300415 0.48307897878247635 0.018787841002146366 0.021296390267305596
0 0.3442489206790924 0.48298081459038655 0.018787841002146366 0.021296390267305596
0 0.39424294233322144 0.4830920466831002 0.01916513840357459 0.021525715672692586
0 0.4194260835647583 0.482887489851131 0.01916513840357459 0.021525715672692586
0 0.46978119015693665 0.4824784669662074 0.01916513840357459 0.021525715672692586
0 0.4954964816570282 0.4820421298870311 0.019696990648905455 0.022047087203624638
0 0.520691454410553 0.48206493466399436 0.01969699064890551 0.022047087203624638
0 0.5473261475563049 0.48246192932128906 0.020340045293172127 0.022255357845809055
0 0.5735027194023132 0.4821219082784562 0.020340045293172127 0.022255357845809055
0 0.6001302599906921 0.48177602936917063 0.020340045293172127 0.022255357845809055
0 0.6269309520721436 0.4814279013055042 0.020340045293172127 0.022255357845809055
0 0.6807297468185425 0.48072908090990646 0.020340045293172127 0.022255357845809055
0 0.7094841599464417 0.4806896919427916 0.020445744196573967 0.022711554238962574
0 0.7376775145530701 0.4804901300474655 0.021003524462382073 0.023301117179929692
0 0.765447735786438 0.48023035909710493 0.021003524462382073 0.023301117179929692
0 0.7927112579345703 0.4796905966555298 0.021270275115966797 0.02346068389656013
0 0.14705577492713928 0.5138854536899301 0.018535385529200255 0.021433808082757994
0 0.170827716588974 0.5142281998035519 0.018282165129979433 0.021481181299963664
0 0.1951225996017456 0.5142841866767387 0.018282165129979433 0.021481181299963664
0 0.2192758023738861 0.5143398470518039 0.018282165129979433 0.021481181299963664
0 0.24365613609552383 0.5144572192775323 0.018539150555928557 0.021715563397074856
0 0.2685893476009369 0.5144391211119188 0.018758495648702023 0.021834469580835205
0 0.29340821504592896 0.5144395162892896 0.018758495648702023 0.021834469580835205
0 0.31778019666671753 0.5144399043511397 0.018758495648702023 0.021834469580835205
0 0.3682000935077667 0.514440707159822 0.018758495648702023 0.021834469580835205
0 0.3936973810195923 0.5144411131393077 0.018758495648702023 0.021834469580835205
0 0.4191743731498718 0.5144415187956412 0.018758495648702023 0.021834469580835205
0 0.4442354738712311 0.5144858053599933 0.019154032071431515 0.02196600270825763
0 0.46963804960250854 0.5141827591401736 0.01972218354543054 0.02242929621260301
0 0.5215522646903992 0.5143426407215207 0.019722183545430427 0.02242929621260301
0 0.5474594831466675 0.5144224278674513 0.019722183545430427 0.02242929621260301
0 0.5736299157142639 0.5145030256408426 0.019722183545430427 0.02242929621260301
0 0.6002352237701416 0.5145849627117778 0.019722183545430427 0.02242929621260301
0 0.6267213821411133 0.5146665328342768 0.019722183545430427 0.02242929621260301
0 0.14637643098831177 0.544635861418968 0.01855492095152539 0.021532990211664244
0 0.1935579627752304 0.5452307910316553 0.01855492095152539 0.021532990211664244
0 0.2180854231119156 0.5455400669692024 0.01855492095152539 0.021532990211664244
0 0.24272700399160385 0.5458507818954358 0.01855492095152536 0.021532990211664244
0 0.2680562734603882 0.5461701681447584 0.018554920951525333 0.021532990211664244
0 0.29260343313217163 0.5457638585290243 0.018815259138743046 0.021821251211240365
0 0.31743818521499634 0.5459685658299646 0.019094109535217285 0.021930162296738734
0 0.3683151602745056 0.5460921611397266 0.019094109535217285 0.021930162296738734
0 0.3930181562900543 0.54615217206689 0.019094109535217285 0.021930162296738734
0 0.41894516348838806 0.5462151564813945 0.019094109535217285 0.021930162296738734
0 0.4437550902366638 0.5462754271751227 0.019094109535217285 0.021930162296738734
0 0.4692160487174988 0.5464698937185122 0.01964174707730615 0.022103095239447125
0 0.4954473227262497 0.5465796714605287 0.019641747077306093 0.022103095239447125
0 0.5209223031997681 0.54661948334452 0.020264198382695442 0.022078462349351933
0 0.5736217498779297 0.5467018411802697 0.020264198382695442 0.022078462349351933
0 0.599421501159668 0.5467421606107832 0.020264198382695442 0.022078462349351933
0 0.6266348958015442 0.5467846892600836 0.020264198382695442 0.022078462349351933
0 0.6546905636787415 0.5467633535695631 0.02083532015482592 0.02196144872857613
0 0.6817051768302917 0.5467799970807282 0.020785490671793694 0.021949649781219664
0 0.7080659866333008 0.5465077021463621 0.021147171656290764 0.02181646066118586
0 0.19307547807693481 0.5765626153280569 0.018223335345586122 0.021610555722732006
0 0.21746273338794708 0.5774455336079025 0.018443435430526733 0.021588584249333763
0 0.242364302277565 0.5775011195692905 0.018443435430526733 0.021588584249333763
0 0.2672119140625 0.5775565850861575 0.018443435430526733 0.021588584249333763
0 0.2919929027557373 0.5776119018851417 0.018443435430526733 0.021588584249333763
0 0.31713947653770447 0.5776680347531341 0.018443435430526733 0.021588584249333763
0 0.19199801981449127 0.6080733898074128 0.018191908796628298 0.0215154840040576
0 0.2162627875804901 0.6084543511452444 0.018191908796628298 0.0215154840040576
0 0.24097419530153275 0.6088423248129051 0.018191908796628325 0.0215154840040576
0 0.26629048585891724 0.6092397952528733 0.018191908796628353 0.0215154840040576
0 0.29092979431152344 0.6096266369486965 0.018191908796628353 0.0215154840040576
0 0.31563234329223633 0.6100029303045931 0.018205632766087887 0.021447529164395535
0 0.3410103917121887 0.6102901366600283 0.018556257088979122 0.02173907257789789
0 0.3670061528682709 0.6106526574423147 0.018556257088979122 0.02173907257789789
0 0.19104072451591492 0.6396419613860375 0.018827001253763853 0.022118501884992734
0 0.21548181772232056 0.6405602943838188 0.018563667933146177 0.022004888963329753
0 0.24048399925231934 0.640807218329851 0.018563667933146177 0.022004888963329753
0 0.2649567723274231 0.6410489137871377 0.018563667933146122 0.022004888963329753
0 0.29015862941741943 0.6412978097481775 0.018563667933146122 0.022004888963329753
0 0.3152783513069153 0.6415458945340888 0.018563667933146122 0.022004888963329753
0 0.3405550718307495 0.6417955298535913 0.018563667933146122 0.022004888963329753
0 0.3661765456199646 0.6422905145689498 0.018948336442311642 0.02191413465396384
0 0.1902923732995987 0.671730159693216 0.018753747145334898 0.022225963976956208
0 0.21483835577964783 0.6722372631693996 0.018764634927113832 0.022333987923555596
0 0.23954246938228607 0.6727070011633383 0.018764634927113832 0.022333987923555596
0 0.264653742313385 0.6735330182452535 0.019272108872731564 0.0222936822462451
0 0.28950902819633484 0.6737655516441557 0.019272108872731564 0.0222936822462451
0 0.3141847848892212 0.6739964054593685 0.019272108872731564 0.0222936822462451
0 0.3395799994468689 0.6742339901560301 0.019272108872731564 0.0222936822462451
0 0.3650122880935669 0.6744719216989916 0.019272108872731564 0.0222936822462451
0 0.18947574496269226 0.703326380530069 0.018908023834228516 0.0224501439767291
0 0.21339523792266846 0.704025692391275 0.018908023834228516 0.0224501439767291
0 0.23829220235347748 0.7047535816723571 0.018908023834228516 0.0224501439767291
0 0.26348063349723816 0.7054899922933296 0.018908023834228516 0.0224501439767291
0 0.28879162669181824 0.706229986146439 0.018908023834228516 0.0224501439767291
0 0.3134012818336487 0.7069569110231938 0.018972158432006836 0.022300927213920234
0 0.3386770188808441 0.7074447454408158 0.019227246443430546 0.022415900415228375
0 0.3643067479133606 0.708088143404191 0.019227246443430546 0.022415900415228375
0 0.1884736269712448 0.7358073744662973 0.018795321385065733 0.02226184874541997
0 0.21261784434318542 0.736443959104062 0.018795321385065733 0.02226184874541997
0 0.23731131851673126 0.7370950254057674 0.018795321385065733 0.02226184874541997
0 0.26238739490509033 0.737756179368985 0.018795321385065678 0.022261848745420053
0 0.2871675193309784 0.7384095302847928 0.018795321385065678 0.02226184874541997
0 0.3124171793460846 0.739064592874654 0.018711845080057743 0.02230184392411574
0 0.33811208605766296 0.7403219134308571 0.019528508186340332 0.02336329083110011
0 0.3635510504245758 0.7410410427251937 0.019528508186340332 0.02336329083110011
0 0.3896542489528656 0.7417789491299841 0.019528508186340332 0.02336329083110011
0 0.4150908589363098 0.7424980118686978 0.019528508186340332 0.02336329083110011
0 0.44092661142349243 0.7432283578917037 0.019528508186340332 0.02336329083110011
0 0.13835150003433228 0.7664204087368277 0.019191473722457886 0.022193612978440032
0 0.1624365597963333 0.7671359996563317 0.019191473722457886 0.022193612978440032
0 0.18687574565410614 0.7678825910701308 0.019425431887308775 0.02256786730862392
0 0.2114209532737732 0.7687162020571672 0.019425431887308775 0.02256786730862392
0 0.23662924766540527 0.7695723329766904 0.019425431887308775 0.02256786730862392
0 0.2615879476070404 0.7704199871019225 0.01942543188730872 0.02256786730862392
0 0.2864031493663788 0.7712627677030341 0.01942543188730872 0.02256786730862392
0 0.3117648959159851 0.7724203459571463 0.019351104895273807 0.02286949453427799
0 0.33694231510162354 0.7734206443609193 0.019351104895273807 0.02286949453427799
0 0.3626907169818878 0.7744436278967073 0.019351104895273807 0.02286949453427799
0 0.41471412777900696 0.7757919666378997 0.02036915222803748 0.023395863614341195
0 0.44044435024261475 0.7767947072015595 0.02036915222803748 0.023395863614341195
0 0.46595078706741333 0.7777887265449532 0.02036915222803748 0.023395863614341195
0 0.5198341012001038 0.7798886300674234 0.02036915222803759 0.023395863614341195
0 0.5464442372322083 0.780925662018532 0.02036915222803759 0.023395863614341195
0 0.5732672214508057 0.7821944480718568 0.02080281575520826 0.02310115607209919
0 0.6002510190010071 0.7833031181400594 0.02080281575520826 0.02310115607209919
0 0.6283244490623474 0.7844263121139171 0.021389007568359375 0.02357074826262718
0 0.6561535000801086 0.785482440387682 0.022615909576416016 0.024931560191073048
0 0.6841173768043518 0.7865436853734958 0.022615909576416016 0.024931560191073048
0 0.7122074961662292 0.7876097213390262 0.022615909576416016 0.024931560191073048
0 0.7403793931007385 0.788678860809831 0.022615909576416016 0.024931560191073048
0 0.7694458961486816 0.7901392057820354 0.0229987700780232 0.02548702742702288
0 0.13509869575500488 0.8309969828448724 0.019440531730651855 0.022894156995669705
0 0.15923407673835754 0.8321159717648529 0.019440531730651855 0.022894156995669705
0 0.1845918595790863 0.8332565662472747 0.019790391127268492 0.023100387218386628
0 0.20944157242774963 0.8344303678014153 0.019790391127268492 0.023100387218386628
0 0.23386868834495544 0.8359310846150735 0.02003300189971924 0.023643730222716923
0 0.2839204967021942 0.8380635283714117 0.02003300189971924 0.023643730222716923
0 0.3094177842140198 0.8391498334089857 0.02003300189971924 0.023643730222716923
0 0.3353272080421448 0.8402536974028352 0.02003300189971924 0.023643730222716923
0 0.3605682849884033 0.8413290866585665 0.02003300189971924 0.023643730222716923
0 0.38657328486442566 0.8424370226440839 0.02003300189971924 0.023643730222716923
0 0.4122988283634186 0.8435566791095332 0.02062542239824927 0.024207240851350644
0 0.4655323326587677 0.8461615983829942 0.02062542239824927 0.024207240851350644
0 0.4921780377626419 0.8474654747987743 0.020625422398249327 0.024207240851350644
0 0.5182691216468811 0.8487422114738289 0.020625422398249382 0.024207240851350644
0 0.5454447269439697 0.8500720179358194 0.020625422398249382 0.024207240851350644
0 0.5729053616523743 0.8514157719786967 0.020625422398249382 0.024207240851350644
0 0.6287195682525635 0.8552960172983227 0.022297024726867676 0.025366258251574503
0 0.6848157048225403 0.8575132503065952 0.022297024726867676 0.025366258251574503
0 0.7131015658378601 0.858631265709177 0.022297024726867676 0.025366258251574503
0 0.7409604787826538 0.8597324057365072 0.022297024726867676 0.025366258251574503
0 0.7705655694007874 0.8609025644701581 0.022297024726867676 0.025366258251574503
0 0.7999176979064941 0.862062724726555 0.022297024726867676 0.025366258251574503
0 0.13357849791646004 0.8636981165686319 0.019934631884098053 0.023267524186954942
0 0.15779879689216614 0.8652562873308048 0.02006634076436359 0.023387879364250352
0 0.18227416276931763 0.8664159661716889 0.02006634076436359 0.023387879364250352
0 0.2073541134595871 0.867604291130421 0.02006634076436359 0.023387879364250352
0 0.232433021068573 0.8687925666664275 0.02006634076436359 0.023387879364250352
0 0.25767090916633606 0.8699883749318678 0.020066340764363616 0.023387879364250352
0 0.2828250825405121 0.8715755551360375 0.020056426525115967 0.02387645632721657
0 0.3080546259880066 0.8728153122525918 0.020056426525115967 0.02387645632721657
0 0.33356836438179016 0.8740690344536861 0.020056426525115967 0.02387645632721657
0 0.35999050736427307 0.8753673948407983 0.020056426525115967 0.02387645632721657
0 0.3861026465892792 0.876650521921557 0.020056426525115967 0.02387645632721657
0 0.4118841886520386 0.8781603878037851 0.020915687084197998 0.024120537809623196
0 0.43808507919311523 0.8794638803188096 0.020915687084197998 0.024120537809623196
0 0.46475863456726074 0.8807908878769986 0.020915687084197998 0.024120537809623196
0 0.4915720671415329 0.8823921934252552 0.021551966667175293 0.024565822394319394
0 0.5177410840988159 0.8838268546170966 0.021551966667175293 0.024565822394319394
0 0.5452635884284973 0.8856093471550814 0.021751046180725098 0.024680913880813952
0 0.572887659072876 0.8868386911791425 0.021751046180725098 0.024680913880813952
0 0.6013740301132202 0.8881064098458249 0.021751046180725098 0.024680913880813952
0 0.6283467411994934 0.8893067666510729 0.021751046180725098 0.024680913880813952
0 0.6555840373039246 0.8905188981876817 0.021751046180725098 0.024680913880813952
0 0.712742269039154 0.8930625903000495 0.021751046180725098 0.024680913880813952
0 0.7412512302398682 0.8958653021600517 0.022870103518168206 0.025422384572583577
0 0.7704867124557495 0.8972528198215598 0.022870103518168206 0.025422384572583577
0 0.8001064658164978 0.8986585750136264 0.022870103518168206 0.025422384572583577
