0 0.16939474642276764 0.1517617660616606 0.01863346497217816 0.019839523374572267
0 0.19230205286927776 0.14975111381447592 0.018967668215433775 0.02027664628139762
0 0.21358072757720947 0.14768233410147732 0.018967668215433775 0.02027664628139762
0 0.23744572699069977 0.14543234913934175 0.018967668215433775 0.02027664628139762
0 0.260318785905838 0.1432758840288498 0.01896766821543372 0.02027664628139762
0 0.3064931333065033 0.13907128188867862 0.019921163717905643 0.021362045938654477
0 0.33015862107276917 0.1370508726253066 0.019967635472615597 0.021439263986986735
0 0.354254812002182 0.13501028245774627 0.019967635472615597 0.021439263986986735
0 0.3781145513057709 0.13298971623771244 0.019967635472615597 0.021439263986986735
0 0.4271872937679291 0.12883398241003644 0.019967635472615597 0.021439263986986735
0 0.45253005623817444 0.12668782611225926 0.019967635472615597 0.021439263986986735
0 0.47784292697906494 0.1245776829509512 0.020184139410654667 0.02183100973912913
0 0.503848671913147 0.12242686611480681 0.020184139410654722 0.02183100973912913
0 0.5290974974632263 0.12033865063689476 0.020184139410654778 0.02183100973912913
0 0.5561836361885071 0.11818982376842568 0.021192510922749763 0.022434234619140625
0 0.5822347402572632 0.11612310938938505 0.021192510922749763 0.022434234619140625
0 0.6360262036323547 0.11185566680677791 0.021192510922749763 0.022434234619140625
0 0.6627231240272522 0.10973771782808525 0.021192510922749763 0.022434234619140625
0 0.6905658841133118 0.10775883253230605 0.02181088924407959 0.02290845471759175
0 0.7174971103668213 0.10569197528082618 0.02181088924407959 0.02290845471759175
0 0.7458776831626892 0.10330217853125911 0.022172768910725837 0.023066890332125875
0 0.12464046850800514 0.18351261560306992 0.017717378834883377 0.019442414128503154
0 0.1702321171760559 0.17997614896801978 0.01771737883488339 0.019442414128503133
0 0.19102536141872406 0.1778412752373274 0.018291364113489805 0.020124428031980536
0 0.2133129984140396 0.17599608817916396 0.018291364113489805 0.020124428031980536
0 0.23545284569263458 0.17416313658915172 0.018291364113489805 0.020124428031980515
0 0.2824898660182953 0.17026895520160837 0.01829136411348975 0.020124428031980515
0 0.3052557408809662 0.16838417496792105 0.01829136411348975 0.020124428031980515
0 0.3295861482620239 0.16665858689111976 0.01873711744944251 0.021014538846274664
0 0.3535386323928833 0.16495980230528656 0.01873711744944251 0.021014538846274664
0 0.37825027108192444 0.1632071761197822 0.01873711744944251 0.021014538846274664
0 0.42671915888786316 0.16065397927927416 0.019667963186899784 0.021921276122100607
0 0.45257672667503357 0.15846697782209218 0.019667963186899784 0.021921276122100607
0 0.47843024134635925 0.156280319172491 0.019667963186899784 0.021921276122100607
0 0.5039258450269699 0.1541239321967254 0.01966796318689984 0.021921276122100607
0 0.5300487875938416 0.1519144856652548 0.019667963186899895 0.021921276122100607
0 0.5560181736946106 0.1502410536287776 0.02025267481803894 0.022276227788407658
0 0.5828100442886353 0.14811817134832148 0.02025267481803894 0.022276227788407658
0 0.6092742085456848 0.14602125522702236 0.02025267481803894 0.022276227788407658
0 0.6362636685371399 0.14425955262295034 0.020626703898112053 0.02259944206060365
0 0.6632113456726074 0.14224693603971142 0.020626703898112053 0.02259944206060365
0 0.12231181189417839 0.21120424048845157 0.017360371847947434 0.01984361160633176
0 0.14364749193191528 0.21023797767667463 0.017733429869015993 0.02028685577156005
0 0.18768410384655 0.20704256102096202 0.01780859629313153 0.02029235603273374
0 0.2109968215227127 0.20548225606027543 0.01780859629313153 0.02029235603273374
0 0.23482073843479156 0.2038877368687652 0.01780859629313153 0.02029235603273374
0 0.2570427134633064 0.2024004346007547 0.0178085962931315 0.02029235603273374
0 0.28074711561203003 0.20081391445426053 0.017808596293131473 0.02029235603273374
0 0.30574971437454224 0.19928626127021257 0.019286950429280636 0.021497870600500773
0 0.35289648175239563 0.19606144748627197 0.019286950429280636 0.021497870600500773
0 0.3777434229850769 0.1939360540966655 0.019269148508707645 0.02155537568321523
0 0.40262624621391296 0.19235025864918448 0.019269148508707645 0.02155537568321523
0 0.42764949798583984 0.19075551361659088 0.019269148508707645 0.02155537568321523
0 0.4535778760910034 0.18910308440541984 0.019269148508707645 0.02155537568321523
0 0.47869396209716797 0.18750242299811784 0.019269148508707645 0.02155537568321523
0 0.5042402744293213 0.1858357658715449 0.01970901091893512 0.02165679044501724
0 0.5302737355232239 0.18413732686017728 0.019709010918935066 0.02165679044501726
0 0.5566752552986145 0.18241487547408702 0.019709010918935066 0.02165679044501724
0 0.12036244198679924 0.24083547722186396 0.0178927481174469 0.020543889481891984
0 0.14234091341495514 0.2392852339640135 0.017771666248639406 0.020529961401177958
0 0.16428126394748688 0.23789390297823174 0.01775933305422467 0.020449852758599833
0 0.1867116540670395 0.2362989262877441 0.018338188529014587 0.021031875018925603
0 0.21027441322803497 0.2348592669464821 0.018338188529014587 0.021031875018925603
0 0.2561190202832222 0.23205821057008197 0.018338188529014587 0.021031875018925603
0 0.27910974621772766 0.23065350184612254 0.018338188529014587 0.021031875018925603
0 0.30382347106933594 0.2291435197342274 0.018338188529014587 0.021031875018925603
0 0.32830187678337097 0.22764791536953366 0.018338188529014587 0.021031875018925603
0 0.3527671694755554 0.2265784853585531 0.01853519181410468 0.02091323497683503
0 0.3777252733707428 0.22519717862626162 0.01899311939875281 0.021579195362652893
0 0.42795735597610474 0.2228505116655745 0.0195082426071167 0.021791280702103014
0 0.4788684546947479 0.2192820615546648 0.0195082426071167 0.021791280702103014
0 0.5042306333780289 0.2175043810171571 0.0195082426071167 0.021791280702103014
0 0.5298519134521484 0.21570853959901343 0.0195082426071167 0.021791280702103014
0 0.5563047528266907 0.21385441269985464 0.0195082426071167 0.021791280702103014
0 0.583210825920105 0.21196851783742104 0.0195082426071167 0.021791280702103014
0 0.6094433665275574 0.2100355264574704 0.019938498735427856 0.02182187220846957
0 0.11880053207278252 0.26959310575973155 0.017492257058620453 0.02047657042510747
0 0.1407114714384079 0.26845660808707916 0.017492257058620453 0.02047657042510747
0 0.16288337111473083 0.2673065746740912 0.017492257058620453 0.02047657042510747
0 0.18542112410068512 0.2661375648298334 0.017492257058620453 0.02047657042510747
0 0.2080981433391571 0.26496133138967115 0.017492257058620453 0.02047657042510747
0 0.23161162436008453 0.2633550998776458 0.01813219984372455 0.020707300467084574
0 0.2555473670363426 0.2623288074922706 0.018132199843724578 0.020707300467084574
0 0.27963629364967346 0.26129594704212694 0.018132199843724606 0.020707300467084574
0 0.3031313717365265 0.2602885490240053 0.01905699570973718 0.02152014148327734
0 0.32729077339172363 0.25905587865222907 0.01905699570973718 0.02152014148327734
0 0.37732577323913574 0.2565029734626064 0.01905699570973718 0.02152014148327734
0 0.40210461616516113 0.25523869771779567 0.01905699570973718 0.02152014148327734
0 0.42738455533981323 0.25394885484562363 0.01905699570973718 0.02152014148327734
0 0.4528154134750366 0.2525631488978846 0.019440650939941406 0.021919472273005995
0 0.47867655754089355 0.2507002122518387 0.020088990529378292 0.022251720576323308
0 0.530234158039093 0.24724532282629677 0.02008899052937818 0.022251720576323308
0 0.5561511516571045 0.24550861773669833 0.02008899052937818 0.022251720576323308
0 0.5827211737632751 0.24419283312420512 0.02126534779866529 0.022645270177560232
0 0.6097582578659058 0.24263807641890572 0.02126534779866529 0.022645270177560232
0 0.6358624696731567 0.24113696416176228 0.02126534779866529 0.022645270177560232
0 0.6648776531219482 0.23946845764488864 0.02126534779866529 0.022645270177560232
0 0.6921425461769104 0.23790060087691905 0.02126534779866529 0.022645270177560232
0 0.7178798317909241 0.2367630448452262 0.021438002586364746 0.02273432413736982
0 0.11720822751522064 0.2989694240481354 0.017271141211191818 0.020284844923389077
0 0.13926522433757782 0.29779221290765806 0.017328470945358276 0.02042671321898465
0 0.16176262497901917 0.29717226547675185 0.01741562783718109 0.020466708397680503
0 0.18417096138000488 0.2960486966510152 0.01741562783718109 0.020466708397680503
0 0.20731177926063538 0.29488840071884675 0.01741562783718109 0.020466708397680503
0 0.230955109000206 0.29370290850931247 0.01741562783718109 0.020466708397680503
0 0.25477489084005356 0.2925085688746253 0.01741562783718109 0.020466708397680503
0 0.2789716124534607 0.2912953292300859 0.01741562783718109 0.020466708397680503
0 0.30331671237945557 0.290240722830468 0.018413469195365906 0.021241269370382173
0 0.32805636525154114 0.2890849004463771 0.018413469195365906 0.021241269370382173
0 0.3519649803638458 0.2879679036694904 0.018413469195365906 0.021241269370382173
0 0.37712785601615906 0.28723240531349353 0.01895121733347571 0.021808432054149986
0 0.42758357524871826 0.2851733274238054 0.01985965172449744 0.02239718178445976
0 0.45239830017089844 0.2838878579559772 0.01985965172449744 0.02239718178445976
0 0.5038990825414658 0.28121997896419937 0.019859651724497496 0.02239718178445976
0 0.5301310420036316 0.27986109293682365 0.01985965172449755 0.02239718178445976
0 0.5566555857658386 0.2784870502560638 0.01985965172449755 0.02239718178445976
0 0.5829811692237854 0.27712621032321383 0.020279089609781975 0.022744127022203575
0 0.6095386743545532 0.2757509000613936 0.020279089609781975 0.022744127022203575
0 0.6374393701553345 0.2743060311605764 0.020279089609781975 0.022744127022203575
0 0.6654089093208313 0.27254623590513716 0.020772576332092285 0.02285630573597992
0 0.11556948721408844 0.32878984406937 0.01783164342244467 0.020694200382676234
0 0.1373264044523239 0.3279447432066825 0.017831643422444643 0.020694200382676234
0 0.18364828824996948 0.3261894847071448 0.01813804109891254 0.020971786144167878
0 0.20651166141033173 0.3252434963203616 0.01813804109891254 0.020971786144167878
0 0.23013736307621002 0.32366230722457834 0.01872826119263965 0.02154230517010356
0 0.2539978250861168 0.3229323542395303 0.018728261192639678 0.02154230517010356
0 0.2783137559890747 0.3221884672879925 0.018728261192639706 0.02154230517010356
0 0.3269640803337097 0.32070012856830743 0.018728261192639706 0.02154230517010356
0 0.35173583030700684 0.3199422969374546 0.018728261192639706 0.02154230517010356
0 0.37704452872276306 0.3191680386708464 0.018728261192639706 0.02154230517010356
0 0.42756715416908264 0.316774134867245 0.019551048676172855 0.022221676138944404
0 0.4527628421783447 0.3156828740343287 0.019551048676172855 0.022221676138944404
0 0.4784355163574219 0.3145709542567244 0.019551048676172855 0.022221676138944404
0 0.5039195865392685 0.31346720318461574 0.01955104867617291 0.022221676138944404
0 0.5300911068916321 0.31198754421500274 0.020219484965006584 0.022702668064324402
0 0.5566010475158691 0.31091434813083646 0.020219484965006584 0.022702668064324402
0 0.5829209089279175 0.3098488469815286 0.020219484965006584 0.022702668064324402
0 0.6100113987922668 0.30875214865041334 0.020219484965006584 0.022702668064324402
0 0.15900105237960815 0.35755017746326534 0.017850379149119078 0.021112264588821764
0 0.18217474222183228 0.35661671396412337 0.017850379149119078 0.021112264588821764
0 0.20557445287704468 0.35546465519572396 0.018250306447346987 0.021260535070138357
0 0.22920091450214386 0.3547224444012309 0.01835427681605023 0.021312817122585117
0 0.2526693046092987 0.35396888644196267 0.018341243267059326 0.021295517914054957
0 0.2774025499820709 0.3533048087902348 0.018341243267059326 0.021295517914054957
0 0.30183321237564087 0.3526488553693247 0.018341243267059326 0.021295517914054957
0 0.32688039541244507 0.35214596471097215 0.01880466938018799 0.021539791609889804
0 0.3513670563697815 0.3513188916583394 0.01880466938018799 0.021539791609889804
0 0.37653738260269165 0.35046872680370744 0.01880466938018799 0.021539791609889804
0 0.42725858092308044 0.3487555435975069 0.01880466938018799 0.021539791609889804
0 0.45257002115249634 0.34790061240972475 0.01880466938018799 0.021539791609889804
0 0.47824162244796753 0.347033516251273 0.01880466938018799 0.021539791609889804
0 0.5301626324653625 0.3447654326454491 0.0194473067919414 0.022199394166931598
0 0.5560310482978821 0.3437219220538472 0.0194473067919414 0.022199394166931598
0 0.5825708508491516 0.342475950580163 0.021109024683634514 0.022816428842470655
0 0.6105431318283081 0.3412983029387718 0.021109024683634514 0.022816428842470655
0 0.6378658413887024 0.3401480025934338 0.021109024683634514 0.022816428842470655
0 0.6653786301612854 0.33898969981396904 0.021109024683634514 0.022816428842470655
0 0.6931139826774597 0.33782202698463615 0.021109024683634514 0.022816428842470655
0 0.7219647169113159 0.33660739600233547 0.021109024683634514 0.022816428842470655
0 0.1580343246459961 0.38707968246105107 0.01765301823616028 0.020985093227652615
0 0.1806938797235489 0.38662815328830996 0.01765301823616028 0.020985093227652615
0 0.20517177879810333 0.3861403905991598 0.01765301823616028 0.020985093227652615
0 0.22872351109981537 0.38567108331724653 0.01765301823616028 0.020985093227652615
0 0.25261759012937546 0.38519495420964917 0.01765301823616028 0.020985093227652615
0 0.30146318674087524 0.38399002756250783 0.01868850489457452 0.02172186208325763
0 0.32621750235557556 0.3832954584166061 0.018970171610514286 0.022037794423657796
0 0.3512896001338959 0.3826735098924257 0.018970171610514286 0.022037794423657796
0 0.37606632709503174 0.3820588884553306 0.018970171610514286 0.022037794423657796
0 0.40122243762016296 0.3814348558772208 0.018970171610514286 0.022037794423657796
0 0.426040917634964 0.38081919869711234 0.018970171610514286 0.022037794423657796
0 0.4515294134616852 0.38039942674858623 0.019599080085754395 0.022582926491434275
0 0.5052071744892873 0.37843781372346913 0.019599080085754395 0.022582926491434275
0 0.5300206542015076 0.37734181546743817 0.019599080085754395 0.022582926491434275
0 0.5561835765838623 0.37632264382649994 0.019599080085754395 0.022582926491434275
0 0.5825737714767456 0.37529461882835213 0.019599080085754395 0.022582926491434275
0 0.609873354434967 0.3747289142113877 0.020141323407490974 0.022602133048597248
0 0.6375092267990112 0.37382720237554506 0.020141323407490974 0.022602133048597248
0 0.15716415643692017 0.41803732583689135 0.017801950375239073 0.021466957506283253
0 0.17942774295806885 0.41767688130223474 0.01805633306503296 0.02157598687696821
0 0.22791799902915955 0.4167415569967603 0.01805633306503296 0.02157598687696821
0 0.25205159187316895 0.41627604623657105 0.01805633306503296 0.02157598687696821
0 0.27642175555229187 0.415805972282248 0.01805633306503296 0.02157598687696821
0 0.300472229719162 0.4153420647909475 0.01805633306503296 0.02157598687696821
0 0.3254488706588745 0.414816174577093 0.018331905206044552 0.021838846132736744
0 0.37609750032424927 0.41382022236668786 0.018331905206044552 0.021838846132736744
0 0.40112340450286865 0.4135562541872956 0.019283543030420902 0.02223004481589153
0 0.42654556035995483 0.4128912190922479 0.019283543030420902 0.02223004481589153
0 0.4516928493976593 0.41223337442126895 0.019283543030420902 0.02223004481589153
0 0.47724658250808716 0.4115648973092784 0.019283543030420902 0.02223004481589153
0 0.5035695880651474 0.41073158680349287 0.0200655460357666 0.022791574167650798
0 0.5302196145057678 0.4100108922914017 0.0200655460357666 0.022791574167650798
0 0.5566205978393555 0.409296932631935 0.0200655460357666 0.022791574167650798
0 0.5831102132797241 0.40858057610156473 0.0200655460357666 0.022791574167650798
0 0.6101601123809814 0.4078490678654161 0.0200655460357666 0.022791574167650798
0 0.638375997543335 0.4070860279624122 0.0200655460357666 0.022791574167650798
0 0.6660638451576233 0.4062360858042411 0.02125692367553711 0.023489811623743282
0 0.6939988136291504 0.4054300823267257 0.02125692367553711 0.023489811623743282
0 0.7225696444511414 0.4046057324076808 0.02125692367553711 0.023489811623743282
0 0.7515060901641846 0.40376478759817114 0.02151223023732496 0.02378333631412009
0 0.15642505884170532 0.448761873467024 0.017540613810221373 0.021240944086119186
0 0.1795477718114853 0.4484844102727725 0.017540613810221373 0.021240944086119186
0 0.20341527462005615 0.44819800990198866 0.017540613810221373 0.021240944086119186
0 0.22701042890548706 0.4479148776032204 0.017540613810221373 0.021240944086119186
0 0.25148921459913254 0.44762114208529763 0.017540613810221345 0.021240944086119186
0 0.3010091185569763 0.44649425772733464 0.01852583885192871 0.021917624066966394
0 0.32535186409950256 0.44623418081952204 0.01852583885192871 0.021917624066966394
0 0.3504061698913574 0.44596650163081447 0.01852583885192871 0.021917624066966394
0 0.37567803263664246 0.4456964980724246 0.01852583885192871 0.021917624066966394
0 0.42671501636505127 0.44515122100460247 0.01852583885192871 0.021917624066966394
0 0.4522382616996765 0.44449065452398256 0.019631346066792843 0.022393219230710942
0 0.5039259791374207 0.4432808368134558 0.02017637093861896 0.022913319195887894
0 0.5298002362251282 0.44281515964241913 0.020176370938618904 0.022913319195887894
0 0.5559796690940857 0.44234399000858454 0.020176370938618904 0.022913319195887894
0 0.5829628109931946 0.44185835545905283 0.020176370938618904 0.022913319195887894
0 0.6110873222351074 0.441352178884107 0.020176370938618904 0.022913319195887894
0 0.11001951992511749 0.4799701779387718 0.01736194888750711 0.020992190338844478
0 0.1325879842042923 0.4798258586491462 0.017562250296274826 0.0210668282915456
0 0.15555527806282043 0.47959775702897894 0.01756225029627484 0.0210668282915456
0 0.17935408651828766 0.47936139715131193 0.01756225029627484 0.0210668282915456
0 0.20273016393184662 0.47912923566271715 0.01756225029627484 0.0210668282915456
0 0.2267071157693863 0.47889110653899436 0.01756225029627484 0.0210668282915456
0 0.2509193494915962 0.47865064069334773 0.01756225029627481 0.0210668282915456
0 0.2757019102573395 0.47867305491114465 0.018744220336278317 0.02169051650882686
0 0.3007238209247589 0.4785616947470709 0.018744220336278317 0.02169051650882686
0 0.32521817088127136 0.4784526824951172 0.018744220336278317 0.02169051650882686
0 0.3506823182106018 0.47778594049224565 0.018716613451639774 0.022010625794876452
0 0.40071216225624084 0.4772073169087255 0.018716613451639774 0.022010625794876452
0 0.42606714367866516 0.4766980991807095 0.018845458825429318 0.022104278091312324
0 0.45175158977508545 0.47612212953136573 0.019604305426279667 0.022845748783081946
0 0.47733381390571594 0.4759286836136219 0.019604305426279667 0.022845748783081946
0 0.5031633377075195 0.4761546378911928 0.01996481418609619 0.023119312848231644
0 0.5295462608337402 0.475745877802789 0.01996481418609619 0.023119312848231644
0 0.556442379951477 0.47532916658486646 0.01996481418609619 0.023119312848231644
0 0.5834754705429077 0.4749103332187866 0.01996481418609619 0.023119312848231644
0 0.6389136910438538 0.47405140898948495 0.01996481418609619 0.023119312848231644
0 0.6665409207344055 0.4734560944313227 0.02045142650604248 0.023278938707455128
0 0.6952657103538513 0.4729670643415584 0.02045142650604248 0.023278938707455128
0 0.7239412069320679 0.47300779075378313 0.021438956260681152 0.023803326510643718
0 0.7532511353492737 0.4726480439651844 0.021438956260681152 0.023803326510643718
0 0.7822686433792114 0.472275223842887 0.02172772089640307 0.024013874142668968
0 0.8108400106430054 0.47161962819653885 0.02216339111328125 0.02410637315853616
0 0.10950928181409836 0.5110969099887582 0.017943729956944793 0.021774705990340305
0 0.1318327933549881 0.5110333432871013 0.01794372995694478 0.021774705990340305
0 0.15485639870166779 0.5111895272898119 0.017975126703580202 0.021810782972232372
0 0.1783706247806549 0.5109647877084166 0.017975126703580202 0.021810782972232372
0 0.2020389288663864 0.5107385755109708 0.017975126703580202 0.021810782972232372
0 0.22647130489349365 0.5105050606190759 0.017975126703580202 0.021810782972232372
0 0.25086038559675217 0.5102719595265943 0.01797512670358023 0.021810782972232372
0 0.2754462659358978 0.5103173366812772 0.01840307315190637 0.022104810374651715
0 0.3252904415130615 0.5102614469306413 0.019082188606262207 0.022318285565043606
0 0.3502577245235443 0.5095524361729291 0.01924353837966919 0.02238106542779488
0 0.3753845989704132 0.5094724699508312 0.01924353837966919 0.02238106542779488
0 0.4261617362499237 0.5093108718242605 0.01924353837966919 0.02238106542779488
0 0.4518924355506897 0.5092289839309067 0.01924353837966919 0.02238106542779488
0 0.4777993857860565 0.509146535119345 0.01924353837966919 0.02238106542779488
0 0.5035204738378525 0.5090646778137696 0.01924353837966919 0.02238106542779488
0 0.5298924446105957 0.5072537773461719 0.02058343092600512 0.02326962374901581
0 0.5836467742919922 0.5078337469766306 0.02058343092600512 0.02326962374901581
0 0.6114722490310669 0.5081339633572908 0.02058343092600512 0.02326962374901581
0 0.638449490070343 0.5080402285553688 0.021419167518615723 0.02355194091796875
0 0.66695636510849 0.5078882422940643 0.021419167518615723 0.02355194091796875
0 0.6954411864280701 0.5077363736135968 0.021419167518615723 0.02355194091796875
0 0.7243083119392395 0.5075824666534273 0.021419167518615723 0.02355194091796875
0 0.7526454925537109 0.5074313851289971 0.021419167518615723 0.02355194091796875
0 0.10816825926303864 0.542096785124295 0.0175423820813497 0.021408406338950404
0 0.1309158205986023 0.5421736074048419 0.017903074622154236 0.021543606307155346
0 0.15413948893547058 0.5422128315461172 0.017903074622154236 0.021543606307155346
0 0.17758001387119293 0.5422524219522628 0.017903074622154236 0.021543606307155346
0 0.2011847048997879 0.5422922896304535 0.017903074622154236 0.021543606307155346
0 0.2500958517193794 0.5423748992210211 0.017903074622154236 0.021543606307155346
0 0.2751728594303131 0.5420331289601881 0.018076876799265507 0.021786800650663154
0 0.29953864216804504 0.5418062845627535 0.019238948822021484 0.022404722465101192
0 0.3496866524219513 0.5418305951495503 0.019126594066619873 0.022402061048404247
0 0.3747001588344574 0.5413850487451455 0.019194255272547367 0.022683047509008545
0 0.4253336191177368 0.5417030689328216 0.019194255272547367 0.022683047509008545
0 0.45189186930656433 0.5418698768037857 0.019194255272547367 0.022683047509008545
0 0.4774920642375946 0.5420306672919523 0.019194255272547367 0.022683047509008545
0 0.5037177950143814 0.5421953866648119 0.019194255272547422 0.022683047509008545
0 0.530065655708313 0.5423608731149947 0.019194255272547478 0.022683047509008545
0 0.5564842820167542 0.5418664799180142 0.020739595095316643 0.023492384326550333
0 0.6112936735153198 0.5419557658612362 0.020739595095316643 0.023492384326550333
0 0.638855516910553 0.5420006648305039 0.020739595095316643 0.023492384326550333
0 0.6670172810554504 0.5420465410864835 0.020739595095316643 0.023492384326550333
0 0.6955978274345398 0.5420930995497593 0.020739595095316643 0.023492384326550333
0 0.7245074510574341 0.5421341537857853 0.021246274312337166 0.02371919617172365
0 0.10652714222669601 0.5726465624432231 0.018213624755541474 0.021110150241112468
0 0.12938746809959412 0.5729904111645238 0.018213624755541488 0.021110150241112468
0 0.15316066145896912 0.5735364071158475 0.01817332704861957 0.021726268206455856
0 0.17701739072799683 0.573701018047041 0.01817332704861957 0.021726268206455856
0 0.20127977430820465 0.5738684279844668 0.01817332704861957 0.021726268206455856
0 0.24956727027893066 0.5742016106930898 0.018173327048619597 0.021726268206455856
0 0.2989218831062317 0.5745421564856241 0.018173327048619625 0.021726268206455856
0 0.32361534237861633 0.5744113922119141 0.019114355246225956 0.022618848224018894
0 0.3486083745956421 0.5745254326400016 0.019114355246225956 0.022618848224018894
0 0.37437132000923157 0.5746429860964308 0.019114355246225956 0.022618848224018894
0 0.399228036403656 0.5747630540714708 0.019483089447021484 0.022763895434002545
0 0.4252412021160126 0.5748756188643945 0.019483089447021484 0.022763895434002545
0 0.4513223469257355 0.5749884778180945 0.019483089447021484 0.022763895434002545
0 0.4774623513221741 0.5751015914704061 0.019483089447021484 0.022763895434002545
0 0.5307338833808899 0.5753321093182231 0.019483089447021484 0.022763895434002545
0 0.557030439376831 0.5754460298148225 0.0196493466695149 0.022726635600245276
0 0.6117860078811646 0.5758985766637021 0.020755251248677498 0.023367179456607372
0 0.639781653881073 0.5760942361775312 0.020755251248677498 0.023367179456607372
0 0.668286919593811 0.5762934573861056 0.020755251248677498 0.023367179456607372
0 0.6965681910514832 0.5768059575280478 0.0208700497945149 0.023701009824294506
0 0.1523219794034958 0.6049963041793468 0.018568381667137146 0.02204276979431631
0 0.17594999074935913 0.6052266252464106 0.018568381667137146 0.02204276979431631
0 0.20028334856033325 0.605463821887898 0.018568381667137146 0.02204276979431631
0 0.22450348734855652 0.6056999148932924 0.018568381667137146 0.02204276979431631
0 0.24891910701990128 0.6062108795491065 0.01929942766825357 0.022786901902782878
0 0.27347010374069214 0.6064062340314998 0.019299427668253544 0.022786901902782878
0 0.3232320547103882 0.6068021943375161 0.019299427668253544 0.022786901902782878
0 0.3484838604927063 0.6070031252204535 0.019299427668253544 0.022786901902782878
0 0.3996047377586365 0.6074098986248637 0.019843022028605106 0.023024862126786526
0 0.4251249134540558 0.6077653042334896 0.019843022028605106 0.023024862126786526
0 0.4773692786693573 0.6087037663970724 0.020430535078048706 0.023466154586437138
0 0.5035217255353928 0.6090354919433594 0.020430535078048706 0.023466154586437138
0 0.5308557152748108 0.6093822045368296 0.020430535078048706 0.023466154586437138
0 0.5574238300323486 0.6097192025403779 0.020430535078048706 0.023466154586437138
0 0.5848758220672607 0.6100674119106558 0.020430535078048706 0.023466154586437138
0 0.6127963066101074 0.6104215637816077 0.020430535078048706 0.023466154586437138
0 0.6406759023666382 0.6112494550579362 0.020592808723449707 0.023545021234556686
0 0.15128910541534424 0.6368979520575945 0.01850685477256775 0.022140295930611016
0 0.17514418065547943 0.6371566685825981 0.01859788099924725 0.02235208555709484
0 0.19922231137752533 0.6373995847480242 0.01859788099924725 0.02235208555709484
0 0.22329017519950867 0.6376423973341474 0.01859788099924725 0.02235208555709484
0 0.24826906621456146 0.6378944009673205 0.018597880999247224 0.02235208555709484
0 0.2726517915725708 0.6381403900856195 0.018597880999247196 0.02235208555709484
0 0.29735758900642395 0.6383896385694701 0.018597880999247196 0.02235208555709484
0 0.3223952054977417 0.6391758585216393 0.019437352816263798 0.023306942725366455
0 0.37289515137672424 0.6402270750717748 0.019437352816263798 0.023306942725366455
0 0.39901337027549744 0.6407707569211029 0.019437352816263798 0.023306942725366455
0 0.4248422682285309 0.6412825145244685 0.019680480162302616 0.02355300548464753
0 0.45094168186187744 0.6418169148375112 0.019680480162302616 0.02355300548464753
0 0.47661495208740234 0.6423425896223202 0.019680480162302616 0.02355300548464753
0 0.5034188479185104 0.6428389075950475 0.020189384619394957 0.023345681123955304
0 0.5304461717605591 0.6432763920273892 0.020189384619395012 0.023345681123955304
0 0.5577360391616821 0.6438108951056435 0.020248552163441902 0.023500812146090667
0 0.5849968194961548 0.6443043198696402 0.020248552163441902 0.023500812146090667
0 0.15053962171077728 0.6683308800985647 0.018693452080090822 0.022369296051735103
0 0.17421475052833557 0.6689497280089208 0.018693452080090822 0.022369296051735103
0 0.19842484593391418 0.6695825594949381 0.018693452080090822 0.022369296051735103
0 0.2224200814962387 0.6704349517822266 0.019023358821868896 0.022757301034853385
0 0.2470318153500557 0.670853104702262 0.01933947702248892 0.022912018058835942
0 0.2969708740711212 0.6721121394903661 0.01933947702248895 0.022912018058835942
0 0.3220428228378296 0.6728009512258131 0.019557257493337032 0.023231003635613548
0 0.347052663564682 0.6733699190068733 0.019557257493337032 0.023231003635613548
0 0.37247341871261597 0.6739482349908638 0.019557257493337032 0.023231003635613548
0 0.39818161725997925 0.6745330902421346 0.019557257493337032 0.023231003635613548
0 0.45040637254714966 0.6757211906965389 0.019557257493337032 0.023231003635613548
0 0.47692328691482544 0.6764666750907974 0.020532965660095215 0.023895027101501994
0 0.5297120809555054 0.6779507550860558 0.020532965660095215 0.023895027101501994
0 0.557686984539032 0.6787372287218356 0.020532965660095215 0.023895027101501994
0 0.5852575302124023 0.6795123344243958 0.020532965660095215 0.023895027101501994
0 0.6128806471824646 0.6802453121777936 0.021606127421061272 0.02447539336921638
0 0.6414197087287903 0.6810025944656316 0.021606127421061272 0.02447539336921638
0 0.6701719760894775 0.6817655341569767 0.021606127421061272 0.02447539336921638
0 0.15009567141532898 0.7012227378472176 0.018466557065645872 0.02266285031340843
0 0.17382541298866272 0.7017171549242597 0.018466557065645872 0.02266285031340843
0 0.19784677028656006 0.702217647912146 0.018466557065645872 0.02266285031340843
0 0.22186964750289917 0.7027181725680399 0.018466557065645872 0.02266285031340843
0 0.24633460491895676 0.703227908112282 0.018466557065645844 0.02266285031340843
0 0.29628992080688477 0.7042687437736269 0.018466557065645817 0.02266285031340843
0 0.32110756635665894 0.706221203471339 0.01977096001307166 0.023262437923934055
0 0.34689295291900635 0.7070011678200715 0.01977096001307166 0.023262437923934055
0 0.3724869191646576 0.707775342027854 0.01977096001307166 0.023262437923934055
0 0.3980383574962616 0.7085482298381376 0.01977096001307166 0.023262437923934055
0 0.42394810914993286 0.7091389482699111 0.020979245503743527 0.024084904397180782
0 0.450248658657074 0.7100311545438545 0.020979245503743527 0.024084904397180782
0 0.4768829047679901 0.710934680969242 0.020979245503743527 0.024084904397180782
0 0.5306811332702637 0.712759704320322 0.020979245503743416 0.024084904397180782
0 0.585571825504303 0.7146217878474745 0.020979245503743416 0.024084904397180782
0 0.6136446595191956 0.7155741161867991 0.020979245503743416 0.024084904397180782
0 0.6420021653175354 0.7164207382865241 0.021908442179362053 0.024814073429551234
0 0.6704668998718262 0.7174131589340143 0.021908442179362053 0.024814073429551234
0 0.6994198560714722 0.7184226013893305 0.021908442179362053 0.024814073429551234
0 0.1013336181640625 0.731003251186637 0.019035677115122468 0.022822875385136623
0 0.12507391348481178 0.7318295307527712 0.019035677115122482 0.022822875385136623
0 0.14955352246761322 0.7326815420869255 0.019035677115122496 0.022822875385136623
0 0.173720121383667 0.73352265912433 0.019035677115122496 0.02282287538513654
0 0.1967926025390625 0.734325695458173 0.019035677115122496 0.02282287538513654
0 0.24530566483736038 0.7366323840040814 0.01884590337673822 0.022765684497448854
0 0.26995956897735596 0.7369775839245687 0.01905560990174615 0.022911958916242734
0 0.3208045959472656 0.7392201534537381 0.02004649241765344 0.023628604504489188
0 0.3464229702949524 0.7401302153763376 0.02004649241765344 0.023628604504489188
0 0.37211576104164124 0.7410429208519677 0.02004649241765344 0.023628604504489188
0 0.398019015789032 0.7417482331741688 0.02019025882085168 0.023917309073514716
0 0.42360880970954895 0.7428675266521403 0.02019025882085168 0.023917309073514716
0 0.4767563045024872 0.7451921895422374 0.02019025882085168 0.023917309073514716
0 0.5039313584566116 0.7465341035709825 0.021111597617467226 0.02430099664732467
0 0.5313210487365723 0.747576281203837 0.02111159761746717 0.02430099664732467
0 0.55815190076828 0.7485971950430245 0.02111159761746717 0.02430099664732467
0 0.5853019952774048 0.7496302560575185 0.02111159761746717 0.02430099664732467
0 0.6130179762840271 0.7506848490515421 0.02111159761746717 0.02430099664732467
0 0.6708088517189026 0.7532607012016829 0.023018717765808105 0.025467081587443954
0 0.700249195098877 0.7541621673668927 0.023018717765808105 0.025467081587443954
0 0.7301766276359558 0.755078548249261 0.023018717765808105 0.025467081587443954
0 0.7589514851570129 0.7559596371730272 0.023018717765808105 0.025467081587443954
0 0.7883029580116272 0.7568583821141442 0.023018717765808105 0.025467081587443954
0 0.09925228357315063 0.7633559648380723 0.0191586414972941 0.022930233977561772
0 0.12356112524867058 0.7645350026884011 0.019113848606745407 0.023183482561924772
0 0.14751742780208588 0.7654799527900163 0.01911384860674542 0.023183482561924772
0 0.17188945412635803 0.7664413010072691 0.01911384860674542 0.023183482561924772
0 0.19624845683574677 0.76730004245857 0.01951943834622699 0.02330360116884701
0 0.22009259462356567 0.7683426613031432 0.01951943834622699 0.02330360116884701
0 0.26953431963920593 0.7705045710634472 0.019519438346227047 0.02330360116884701
0 0.2944779098033905 0.7715952650272178 0.019519438346227047 0.02330360116884701
0 0.3195807933807373 0.7726929243220839 0.019519438346227047 0.02330360116884701
0 0.3454766571521759 0.7738252578040017 0.019519438346227047 0.02330360116884701
0 0.39785683155059814 0.7759551114814226 0.02025171120961511 0.023811754330184218
0 0.4236440658569336 0.7773810575671045 0.02025171120961511 0.023811754330184218
0 0.4501879811286926 0.7788488455288067 0.02025171120961511 0.023811754330184218
0 0.47697117924690247 0.7798957824707031 0.020927508672078488 0.023827841115552327
0 0.503357470035553 0.7811341856719962 0.020927508672078432 0.023827841115552327
0 0.5307031869888306 0.7824176181820011 0.020927508672078377 0.023827841115552327
0 0.5582069754600525 0.7837084695549077 0.020927508672078377 0.023827841115552327
0 0.5853685140609741 0.7849832579146984 0.022448380788167244 0.02506599130556576
0 0.6425533890724182 0.7875291946766508 0.022448380788167244 0.02506599130556576
0 0.6707350015640259 0.7887838726529359 0.022448380788167244 0.02506599130556576
0 0.699831485748291 0.7900792817749015 0.022448380788167244 0.02506599130556576
0 0.7295487523078918 0.7914023288460665 0.022448380788167244 0.02506599130556576
0 0.7592645883560181 0.7922796205032704 0.022699594497680664 0.024951136389444042
0 0.7894600629806519 0.7930890974796695 0.023333986600239998 0.025794746339783077
0 0.8185291290283203 0.7939075203829034 0.023333986600239998 0.025794746339783077
0 0.09612496942281723 0.7962071618368459 0.01922468344370523 0.023103994916575932
0 0.14527706801891327 0.7984466662342918 0.01922468344370526 0.023103994916575932
0 0.17000572383403778 0.799668705083148 0.01952697833379108 0.023320752520893894
0 0.1941794604063034 0.8006747933321221 0.01952697833379108 0.023320752520893894
0 0.2186155915260315 0.8016918021961201 0.01952697833379108 0.023320752520893894
0 0.26850053668022156 0.8037679668374578 0.019526978333791134 0.023320752520893894
0 0.2941287159919739 0.8048345876294513 0.02031960090001428 0.02384132562681686
0 0.318958580493927 0.8061125028027267 0.020304838816324833 0.023883612581001804
0 0.3447350859642029 0.8074795922567678 0.020304838816324833 0.023883612581001804
0 0.37046539783477783 0.8088442317750304 0.020304838816324833 0.023883612581001804
0 0.3964194059371948 0.8102207353048755 0.020304838816324833 0.023883612581001804
0 0.4229489862918854 0.8116277650345204 0.020304838816324833 0.023883612581001804
0 0.44934847950935364 0.8130278954288923 0.020304838816324833 0.023883612581001804
0 0.4762166142463684 0.8142886494481286 0.02043946584065759 0.023996338363765635
0 0.09403516352176666 0.8288559137388717 0.02017708122730255 0.023424429486888432
0 0.11844024807214737 0.830206478854433 0.02017708122730255 0.023424429486888432
0 0.16757547855377197 0.8329255978190305 0.02017708122730255 0.023424429486888432
0 0.19230905175209045 0.8342943413313045 0.02017708122730255 0.023424429486888432
0 0.21748432517051697 0.8356875283118066 0.02017708122730255 0.023424429486888432
0 0.24235810339450836 0.8363287282544513 0.020311246315638215 0.02425709805747346
0 0.2674110233783722 0.8377208376931126 0.020311246315638187 0.02425709805747346
0 0.2929432988166809 0.8391395833583309 0.020311246315638187 0.02425709805747346
0 0.3442802131175995 0.841992209040131 0.020311246315638187 0.02425709805747346
0 0.37005162239074707 0.8434242425962936 0.020311246315638187 0.02425709805747346
0 0.39658334851264954 0.8448955624602562 0.020718296368916866 0.024333924286125352
0 0.4224383533000946 0.8463882529329894 0.020718296368916866 0.024333924286125352
0 0.4482870101928711 0.847880576921865 0.020718296368916866 0.024333924286125352
0 0.4757269620895386 0.8494647713594659 0.020718296368916866 0.024333924286125352
0 0.5308516621589661 0.8526472930910366 0.020718296368916755 0.024333924286125352
0 0.5589208602905273 0.8549220210436643 0.022849321365356445 0.02562618994897639
0 0.5865369439125061 0.8564449576444404 0.022849321365356445 0.02562618994897639
0 0.6144893169403076 0.8579864395049859 0.022849321365356445 0.02562618994897639
0 0.6441417932510376 0.8596216764956981 0.022849321365356445 0.02562618994897639
0 0.672765851020813 0.8612001995707668 0.022849321365356445 0.02562618994897639
0 0.14092330634593964 0.8647573604140171 0.019929851094881712 0.023618062337239475
0 0.1656757891178131 0.8662311582123314 0.019929851094881712 0.023618062337239475
0 0.19007359445095062 0.8676838380148011 0.019929851094881712 0.023618062337239475
0 0.21539729833602905 0.8691916471253038 0.019929851094881712 0.023618062337239475
0 0.2403135821223259 0.8706751978674601 0.019929851094881684 0.023618062337239475
0 0.2915743291378021 0.8729050214900527 0.020033682386080387 0.024122666942980753
0 0.31666162610054016 0.8740186495477336 0.020033682386080387 0.024122666942980753
0 0.3427848815917969 0.876560473979677 0.02078976233800256 0.024341671965843022
0 0.36909058690071106 0.8780844105280113 0.02078976233800256 0.024341671965843022
0 0.39544349908828735 0.8796110818552416 0.02078976233800256 0.024341671965843022
0 0.4217000901699066 0.8811321731285627 0.02078976233800256 0.024341671965843022
0 0.47528618574142456 0.8850456060365189 0.0209829409917196 0.02449284043422965
0 0.5300564765930176 0.8878439969794695 0.022301038106282478 0.025290733159974564
0 0.5574954748153687 0.8903647134470385 0.022319316864013672 0.025453434434047965
0 0.5862487554550171 0.8920514806028985 0.022319316864013672 0.025453434434047965
0 0.6146360039710999 0.8937167750450268 0.022319316864013672 0.025453434434047965
0 0.6432916522026062 0.8953978147452456 0.022319316864013672 0.025453434434047965
0 0.6727501749992371 0.8971259538517442 0.022319316864013672 0.025453434434047965
0 0.7022567391395569 0.8981169767157976 0.022870659828186035 0.025748733402222737
0 0.13966675102710724 0.8977773799452671 0.02001915375391644 0.023372324862221305
0 0.16361473500728607 0.899530768620795 0.02001915375391644 0.023372324862221305
0 0.18860980868339539 0.9013608215874226 0.02001915375391644 0.023372324862221305
0 0.21366673707962036 0.9031954033430233 0.02001915375391644 0.023372324862221305
0 0.23877647519111633 0.9050338516435821 0.02001915375391644 0.023372324862221305
0 0.2643113136291504 0.9063066227950545 0.02047894398371375 0.02397853644319294
0 0.2896709442138672 0.9079695413278979 0.02047894398371375 0.02397853644319294
0 0.3148044943809509 0.9098194033600563 0.021230995655059814 0.02428714249485212
0 0.34134072065353394 0.9116108170489156 0.021230995655059814 0.02428714249485212
0 0.36723148822784424 0.9133586569629734 0.021230995655059814 0.02428714249485212
0 0.39493098855018616 0.9152286012249151 0.021230995655059814 0.02428714249485212
0 0.44843074679374695 0.9188402752543605 0.021230995655059814 0.02428714249485212
0 0.47505107522010803 0.9200480600023286 0.022430141766866085 0.02558910754299892
0 0.5020166039466858 0.9219668188760447 0.02243014176686603 0.02558910754299892
0 0.5587292909622192 0.9260022662268722 0.022430141766865974 0.02558910754299892
0 0.5865716338157654 0.9279834156772307 0.022430141766865974 0.02558910754299892
0 0.6144025921821594 0.9299637550531432 0.022430141766865974 0.02558910754299892
0 0.6735135316848755 0.9341698524323033 0.022430141766865974 0.02558910754299892
0 0.7023732662200928 0.9360759646393532 0.023207147916157966 0.026220750439074503
0 0.7320370674133301 0.9377754566281341 0.023367802302042717 0.0259450868118641
0 0.7622758150100708 0.9396751758664154 0.023967623710632324 0.026169000669967298
0 0.7915736436843872 0.9402291588989936 0.02407916386922193 0.026531663051871365
0 0.8224430680274963 0.9416664478390716 0.02407916386922193 0.026531663051871365
