0 0.15736788511276245 0.12605367704879405 0.019748608271280943 0.02191895477531491
0 0.18174442648887634 0.12614726885822938 0.019748608271280943 0.02191895477531491
0 0.7967005968093872 0.12850834460788899 0.019748608271281 0.02191895477531491
0 0.8211605548858643 0.1286022566891711 0.019748608271281 0.02191895477531491
0 0.8461883664131165 0.12869834899902344 0.019748608271281 0.02191895477531491
0 0.18154728412628174 0.15638643496497168 0.020179028312365233 0.021756977998009037
0 0.2073192298412323 0.15612363815307617 0.020179028312365233 0.021756977998009037
0 0.2335984855890274 0.15585566829523573 0.020179028312365233 0.021756977998009037
0 0.25975049287080765 0.15503947148324784 0.020759741465250642 0.021885014319604695
0 0.285665899515152 0.15532473630683366 0.020759741465250614 0.021885014319604695
0 0.3380650579929352 0.1559015220352749 0.020759741465250614 0.021885014319604695
0 0.36412519216537476 0.1561883799526268 0.020759741465250614 0.021885014319604695
0 0.39076218008995056 0.1564815876095794 0.020759741465250614 0.021885014319604695
0 0.4168642461299896 0.15676890709355754 0.020759741465250614 0.021885014319604695
0 0.4682035446166992 0.15697056624646477 0.020587782065073612 0.02192943779997125
0 0.4934721887111664 0.1569042195818537 0.01992336908976239 0.021830824918525164
0 0.5458451509475708 0.15790959291679915 0.019923369089762444 0.021830824918525164
0 0.5709419846534729 0.15856440122737442 0.019730210304260254 0.021737542263297147
0 0.5960607528686523 0.15887652663041116 0.019730210304260254 0.021737542263297147
0 0.6210753917694092 0.15918735812428986 0.019730210304260254 0.021737542263297147
0 0.6462740898132324 0.15950047673407008 0.019730210304260254 0.021737542263297147
0 0.696035623550415 0.16011881273846293 0.019730210304260254 0.021737542263297147
0 0.721188485622406 0.16019592421218123 0.01960678895314527 0.021759062774421647
0 0.7464385032653809 0.16027333353706402 0.01960678895314527 0.021759062774421647
0 0.7712863087654114 0.16034950979467197 0.01960678895314527 0.021759062774421647
0 0.7966547012329102 0.1604272820228754 0.01960678895314527 0.021759062774421647
0 0.18149687349796295 0.18818015648435685 0.01996767520904541 0.021707032077996298
0 0.2072342485189438 0.18781302141588788 0.020078261693318666 0.021675952645235284
0 0.23309864103794098 0.18745313951364903 0.020078261693318666 0.021675952645235284
0 0.2595413625240326 0.18708521063606964 0.020078261693318694 0.021675952645235284
0 0.28538623452186584 0.1867256003459432 0.020078261693318722 0.021675952645235284
0 0.3118828535079956 0.18635692152866098 0.020078261693318722 0.021675952645235284
0 0.3647128641605377 0.18665731230447458 0.020018021265665653 0.021808417268501704
0 0.39085549116134644 0.18691550113654362 0.020018021265665653 0.021808417268501704
0 0.4165388345718384 0.18716915400924758 0.020018021265665653 0.021808417268501704
0 0.44267553091049194 0.18735614115136953 0.019631346066792843 0.021506997041924054
0 0.4685262143611908 0.1877127407088575 0.0194756189982096 0.02145295180091563
0 0.49417972564697266 0.18802339531654536 0.019475618998209654 0.02145295180091563
0 0.5200901031494141 0.18833716047985566 0.01947561899820971 0.02145295180091563
0 0.5458003282546997 0.18864850187108564 0.01947561899820971 0.02145295180091563
0 0.5711377859115601 0.1889553291853084 0.01947561899820971 0.02145295180091563
0 0.5969597101211548 0.18926802321170175 0.01947561899820971 0.02145295180091563
0 0.6217989921569824 0.19009539998759512 0.019444942474365234 0.021269665207973746
0 0.1311076283454895 0.22176908892254496 0.019751687844594315 0.022140931713488646
0 0.1557816118001938 0.22102659901633437 0.0197516878445943 0.022140931713488646
0 0.18186555802822113 0.22024168048771478 0.0197516878445943 0.022140931713488646
0 0.20720185339450836 0.21947926028082876 0.0197516878445943 0.022140931713488646
0 0.23333624005317688 0.21869282389796058 0.0197516878445943 0.022140931713488646
0 0.25925010442733765 0.21782924858178979 0.01988265911738077 0.021834410438241914
0 0.28576287627220154 0.21791790806969932 0.01988265911738074 0.021834410438241914
0 0.31177595257759094 0.21800489656104538 0.01988265911738074 0.021834410438241914
0 0.33846455812454224 0.21809414404202013 0.01988265911738074 0.021834410438241914
0 0.36469340324401855 0.2181818540706191 0.01988265911738074 0.021834410438241914
0 0.39132389426231384 0.2182709072149028 0.01988265911738074 0.021834410438241914
0 0.4428039491176605 0.21850299835205078 0.019813815752665165 0.022114568902540602
0 0.4689587652683258 0.21895705821902253 0.01963704824447632 0.021873119265534157
0 0.49488285183906555 0.21919505540714707 0.01901958386103314 0.02134101335392442
0 0.5202067494392395 0.21972125974115056 0.01945396264394117 0.021630412848420873
0 0.5457841753959656 0.220005146292753 0.01945396264394117 0.021630412848420873
0 0.5973793268203735 0.22057780632672444 0.01945396264394117 0.021630412848420873
0 0.6228066682815552 0.22086002707466232 0.01945396264394117 0.021630412848420873
0 0.6479892134666443 0.22113953080288198 0.01945396264394117 0.021630412848420873
0 0.6734887957572937 0.22142255335941455 0.01945396264394117 0.021630412848420873
0 0.6971603631973267 0.221593790276106 0.019245942433675056 0.021432359089223016
0 0.13182851672172546 0.2522794978158487 0.01956556737422943 0.021672596303067494
0 0.15629322826862335 0.25187825047692586 0.01956556737422943 0.021672596303067494
0 0.181658074259758 0.25146223997393585 0.01956556737422943 0.021672596303067494
0 0.23352688550949097 0.2506115361981259 0.01956556737422943 0.021672596303067494
0 0.25902967900037766 0.25019326320914337 0.01956556737422943 0.021672596303067494
0 0.285696417093277 0.24975590028839043 0.01956556737422943 0.021672596303067494
0 0.31320446729660034 0.24941734934962073 0.019872590899467468 0.021791502486827763
0 0.3380195200443268 0.24929513718537455 0.019529561201731327 0.021757406781810228
0 0.390937477350235 0.24983261906823448 0.019529561201731327 0.021757406781810228
0 0.4171498715877533 0.25009885547882765 0.019529561201731327 0.021757406781810228
0 0.443401038646698 0.2503654857007115 0.019529561201731327 0.021757406781810228
0 0.4689702093601227 0.2506251889605855 0.019529561201731327 0.021757406781810228
0 0.4949689656496048 0.2508892554739943 0.019529561201731382 0.021757406781810228
0 0.5469106435775757 0.25152068914369097 0.01937158902486158 0.02133969743122429
0 0.5721570253372192 0.25108255341995595 0.019049684206644768 0.021483251290727926
0 0.5979563593864441 0.25149676207915694 0.019049684206644768 0.021483251290727926
0 0.6235816478729248 0.25190817643447994 0.019049684206644768 0.021483251290727926
0 0.6487153172492981 0.25231169783830093 0.019049684206644768 0.021483251290727926
0 0.6736488342285156 0.2527120057926622 0.019049684206644768 0.021483251290727926
0 0.18158617615699768 0.2829320375309434 0.01969467600186664 0.02217310528422511
0 0.20701569318771362 0.28252940444138974 0.01969467600186664 0.02217310528422511
0 0.23302151262760162 0.281824917775201 0.019851326942443848 0.022082705830418787
0 0.2593725621700287 0.2817004225974859 0.019851326942443848 0.022082705830418787
0 0.2855975031852722 0.2815765232178045 0.019851326942443848 0.022082705830418787
0 0.33892351388931274 0.28132458520035486 0.019851326942443848 0.022082705830418787
0 0.3650662302970886 0.28120107428972113 0.019851326942443848 0.022082705830418787
0 0.39159470796585083 0.2810757408552192 0.019851326942443848 0.022082705830418787
0 0.41778090596199036 0.28179347415974726 0.01952217022577918 0.02180636206338572
0 0.4438345730304718 0.2818854148583593 0.01952217022577918 0.02180636206338572
0 0.4698837399482727 0.28194892927373677 0.01907293001810706 0.021632320197053686
0 0.4958661198616028 0.28206902881001317 0.019072930018107115 0.021632320197053686
0 0.5476242303848267 0.2823082726780929 0.01907293001810717 0.021632320197053686
0 0.598770260810852 0.28254468730050375 0.01907293001810717 0.021632320197053686
0 0.6242392659187317 0.2826624138410701 0.01907293001810717 0.021632320197053686
0 0.6491972208023071 0.2827777781309436 0.01907293001810717 0.021632320197053686
0 0.6743283867835999 0.28367261082025513 0.018771131833394294 0.021821265996888627
0 0.18150854110717773 0.3148160757020462 0.019696677724520384 0.022541327069896165
0 0.20659495890140533 0.31445977159152155 0.019696677724520384 0.022541327069896165
0 0.2596629038453102 0.3137060439339616 0.019696677724520356 0.022541327069896165
0 0.28587162494659424 0.3133337996726812 0.01969667772452033 0.022541327069896165
0 0.3124326169490814 0.3129565520836581 0.01969667772452033 0.022541327069896165
0 0.3391670286655426 0.31259616585664973 0.019762232899665833 0.022434042405712486
0 0.36546140909194946 0.3137759053429892 0.019652068614959717 0.022495905558268258
0 0.41818615794181824 0.31385443102282773 0.019652068614959717 0.022495905558268258
0 0.4441392421722412 0.31389308428581253 0.019652068614959717 0.022495905558268258
0 0.4705546200275421 0.3139324260664664 0.019652068614959717 0.022495905558268258
0 0.49622246623039246 0.31397065450978834 0.019652068614959717 0.022495905558268258
0 0.5223010182380676 0.3140444927623239 0.019266843795776367 0.02236443157343904
0 0.5737574696540833 0.31415421849801534 0.019266843795776367 0.02236443157343904
0 0.5992321968078613 0.3142085408055505 0.019266843795776367 0.02236443157343904
0 0.6248396635055542 0.31426767760129215 0.01905558506647753 0.022202676580857835
0 0.6502111554145813 0.31460747210683243 0.019104162851969475 0.022231419881184867
0 0.6748335957527161 0.3147386506546375 0.019104162851969475 0.022231419881184867
0 0.12915320694446564 0.3473945292972442 0.019928157329559326 0.022373835245768258
0 0.18182162940502167 0.3467624353808026 0.020081589619318663 0.02263168216675754
0 0.20756062865257263 0.34639446483863146 0.020081589619318663 0.02263168216675754
0 0.2335711419582367 0.34602261267020873 0.020081589619318663 0.02263168216675754
0 0.2599935829639435 0.3456448714904199 0.020081589619318635 0.02263168216675754
0 0.2855682671070099 0.3452792500340661 0.020081589619318607 0.02263168216675754
0 0.31226134300231934 0.345322941624841 0.01995571454366052 0.022401573122009723
0 0.33899781107902527 0.34559582555016805 0.019752562046051025 0.02230233185051026
0 0.36553841829299927 0.3456589064866682 0.019752562046051025 0.02230233185051026
0 0.4193788766860962 0.345786872908448 0.019752562046051025 0.02230233185051026
0 0.44500595331192017 0.3458477825922501 0.019752562046051025 0.02230233185051026
0 0.47112035751342773 0.3459098505419354 0.019752562046051025 0.02230233185051026
0 0.4971749484539032 0.34584599871968114 0.019735217094421387 0.02241875404535338
0 0.5226569771766663 0.34605480555233936 0.01947309573491407 0.0222470187401587
0 0.5484215021133423 0.34612413894298466 0.01947309573491407 0.0222470187401587
0 0.5741733312606812 0.34618249050406524 0.01909559965133667 0.02214891596357949
0 0.5997483730316162 0.34637706224308457 0.018972138563791985 0.022126767062401614
0 0.6250514388084412 0.3463733473881996 0.018860061963399177 0.021888023199037064
0 0.6503424048423767 0.346455596214117 0.018860061963399177 0.021888023199037064
0 0.13071828708052635 0.3801861014839398 0.019642988840738937 0.02217510134674782
0 0.1822168081998825 0.37923010005507357 0.01964298884073895 0.02217510134674782
0 0.20763461291790009 0.3784236131712448 0.019934386014938354 0.022139364434767127
0 0.23409633338451385 0.3782684048914154 0.019934386014938354 0.022139364434767127
0 0.26000115275382996 0.37811646305306534 0.019934386014938354 0.022139364434767127
0 0.2864503264427185 0.37796132836496593 0.019934386014938354 0.022139364434767127
0 0.31273242831230164 0.3778071736180505 0.019934386014938354 0.022139364434767127
0 0.33990734815597534 0.3779078659514918 0.019797901312510136 0.022264406662578718
0 0.39351215958595276 0.3781959622405296 0.019797901312510136 0.022264406662578718
0 0.41952329874038696 0.37833575776380696 0.019797901312510136 0.022264406662578718
0 0.47205787897109985 0.37711993018320356 0.01924825708071387 0.022268332252206716
0 0.4976472705602646 0.37738312122433687 0.019248257080713926 0.022268332252206716
0 0.5230516195297241 0.37764440907212665 0.019248257080713982 0.022268332252206716
0 0.5490783452987671 0.37791209816620214 0.019248257080713982 0.022268332252206716
0 0.5745569467544556 0.3781741497128509 0.019248257080713982 0.022268332252206716
0 0.6003842949867249 0.3784397881766368 0.019248257080713982 0.022268332252206716
0 0.6256077289581299 0.3779037386872048 0.01906728744506836 0.021911983342133765
0 0.13112831488251686 0.4124409431634947 0.019977884987990066 0.022475102151087032
0 0.15607872605323792 0.4120963938759134 0.01997788498799008 0.022475102151087032
0 0.18157079815864563 0.4117443645958029 0.01997788498799008 0.022475102151087032
0 0.23407091200351715 0.41101937146044265 0.01997788498799008 0.022475102151087032
0 0.2607073187828064 0.409625398804614 0.020287195841471317 0.022402475046557048
0 0.2871509790420532 0.4096631781999455 0.02005898952484131 0.0224400305932807
0 0.31396573781967163 0.4097253213519824 0.02005898952484131 0.0224400305932807
0 0.34059128165245056 0.4097870259987476 0.02005898952484131 0.0224400305932807
0 0.36685019731521606 0.409847880985432 0.02005898952484131 0.0224400305932807
0 0.4200592339038849 0.40997119282567224 0.019351919492085812 0.02222486983898074
0 0.44565096497535706 0.4099408891297933 0.019351919492085812 0.02222486983898074
0 0.4982728213071823 0.4098892081657849 0.019190669059753418 0.02206125185471167
0 0.5232521891593933 0.4098581269729969 0.019190669059753418 0.02206125185471167
0 0.5495203733444214 0.4098254421387899 0.019190669059753418 0.02206125185471167
0 0.5753702521324158 0.40979327779136093 0.019190669059753418 0.02206125185471167
0 0.600788414478302 0.40976165061773256 0.019190669059753418 0.02206125185471167
0 0.13077899813652039 0.44458129657470097 0.020160704851150513 0.02231831513634029
0 0.15597955882549286 0.44421200419581214 0.020160704851150513 0.02231831513634029
0 0.2075551450252533 0.4434562086738247 0.020160704851150513 0.02231831513634029
0 0.23405376076698303 0.44306789442299105 0.020160704851150513 0.02231831513634029
0 0.2606384754180908 0.4426783184672511 0.01982249816258752 0.02223909363266115
0 0.2872838079929352 0.44253768741669913 0.01982249816258752 0.02223909363266115
0 0.31390222907066345 0.44239719840198416 0.01982249816258752 0.02223909363266115
0 0.3676530718803406 0.4421135075352577 0.01982249816258752 0.02223909363266115
0 0.3937121629714966 0.4419759706009266 0.01982249816258752 0.02223909363266115
0 0.42003077268600464 0.4418454284764089 0.01977217197418213 0.02231704357058503
0 0.44625839591026306 0.44175164374443754 0.01933099826176965 0.022177407907885173
0 0.4725058078765869 0.44141452915741686 0.01933099826176965 0.022177407907885173
0 0.4979402720928192 0.44108785584915516 0.019330998261769594 0.022177407907885173
0 0.5241940021514893 0.4407506601142828 0.01933099826176954 0.022177407907885173
0 0.5498085618019104 0.4414338897365455 0.01921002070109057 0.02225089258001762
0 0.57515549659729 0.44143610222395074 0.01921002070109057 0.02225089258001762
0 0.18151617050170898 0.47605638725813043 0.019719024499257387 0.022708715394485827
0 0.20726723968982697 0.4757640018279845 0.019719024499257387 0.022708715394485827
0 0.23345839977264404 0.4754666194726775 0.019719024499257387 0.022708715394485827
0 0.2606671452522278 0.475157683144921 0.019719024499257443 0.022708715394485827
0 0.28726446628570557 0.4748556891153025 0.019719024499257443 0.022708715394485827
0 0.31396159529685974 0.4748288002095552 0.019795993963877323 0.022226170976032526
0 0.34104159474372864 0.4744585756408957 0.019795993963877323 0.022226170976032526
0 0.36776092648506165 0.4740932819455169 0.019795993963877323 0.022226170976032526
0 0.39407283067703247 0.4743577380513036 0.019968688488006592 0.022373643032340115
0 0.44712451100349426 0.4743671417236328 0.019912640253702762 0.022269847781159157
0 0.4987346976995468 0.474307321940711 0.019912640253702818 0.022269847781159157
0 0.5246410369873047 0.4734360774091645 0.01965200901031494 0.022309650746426785
0 0.5503788590431213 0.47329871599064316 0.01965200901031494 0.022309650746426785
0 0.5759314894676208 0.47316234293023246 0.01965200901031494 0.022309650746426785
0 0.6015341877937317 0.4730257026600332 0.01965200901031494 0.022309650746426785
0 0.652557909488678 0.4727533917094386 0.01965200901031494 0.022309650746426785
0 0.6775770783424377 0.4726198657057028 0.01965200901031494 0.022309650746426785
0 0.7029739022254944 0.47252042903456576 0.01963098843892408 0.022397211355756366
0 0.7279893159866333 0.47223399789825293 0.01990087827046705 0.02228682170542641
0 0.7538201808929443 0.4719382296947883 0.01990087827046705 0.02228682170542641
0 0.7786864042282104 0.47165350681657653 0.01990087827046705 0.02228682170542641
0 0.8039007782936096 0.47136479754780614 0.01990087827046705 0.02228682170542641
0 0.18133693933486938 0.5085701166197311 0.019851873318354307 0.022515999254330128
0 0.20714470744132996 0.5084284848945085 0.019929945468902588 0.02243751703306686
0 0.23359018564224243 0.5081517966712119 0.019929945468902588 0.02243751703306686
0 0.26079902052879333 0.5082112689350926 0.019930899143218994 0.022599212883054692
0 0.28730377554893494 0.5078215264008048 0.019930899143218994 0.022599212883054692
0 0.34131455421447754 0.5070273180506436 0.019930899143218994 0.022599212883054692
0 0.36737683415412903 0.5063584561321597 0.019842008749643925 0.022435890611752003
0 0.3943498432636261 0.50624745391136 0.019842008749643925 0.022435890611752003
0 0.4211219251155853 0.5061372785679662 0.019842008749643925 0.022435890611752003
0 0.44742351770401 0.5060290394324647 0.019842008749643925 0.022435890611752003
0 0.47317320108413696 0.5059230715729469 0.019842008749643925 0.022435890611752003
0 0.49897319078445435 0.5058168966874634 0.01984200874964398 0.022435890611752003
0 0.5245785117149353 0.5055607196896575 0.019477526346842522 0.02221836415372148
0 0.5504294633865356 0.5053789587422662 0.019477526346842522 0.02221836415372148
0 0.6017926335334778 0.5045863725812765 0.019247690836588616 0.021858304045921147
0 0.6276947855949402 0.50432471341865 0.019247690836588616 0.021858304045921147
0 0.653070867061615 0.5040683685322656 0.019247690836588616 0.021858304045921147
0 0.6780824661254883 0.5038157055855161 0.019247690836588616 0.021858304045921147
0 0.7039880752563477 0.503554011500159 0.019247690836588616 0.021858304045921147
0 0.7289686799049377 0.5033016616537547 0.019247690836588616 0.021858304045921147
0 0.18158121407032013 0.5411050486010175 0.019729584455490112 0.02266193360321276
0 0.20705920457839966 0.5409516390859367 0.019729584455490112 0.02266193360321276
0 0.23373454809188843 0.5407910200013305 0.019729584455490112 0.02266193360321276
0 0.26100102066993713 0.5406268415770222 0.019729584455490112 0.02266193360321276
0 0.28765469789505005 0.5404663529506949 0.019729584455490112 0.02266193360321276
0 0.3147159516811371 0.5402288658674373 0.020038584868113163 0.022664151450460215
0 0.34146445989608765 0.5395625015927206 0.019987662633260128 0.022389404533445317
0 0.3680935204029083 0.539295240890148 0.019987662633260128 0.022389404533445317
0 0.3950801491737366 0.5390243914787125 0.019987662633260128 0.022389404533445317
0 0.4220232665538788 0.538753978766305 0.019987662633260128 0.022389404533445317
0 0.44813236594200134 0.5384919366171194 0.019987662633260128 0.022389404533445317
0 0.47397053241729736 0.5382326136671562 0.019987662633260128 0.022389404533445317
0 0.5000038146972656 0.5377605385326742 0.019937614599863707 0.022362967794255638
0 0.5259851813316345 0.5375330020769894 0.019937614599863762 0.022362967794255638
0 0.551985502243042 0.5373052996258403 0.019937614599863762 0.022362967794255638
0 0.5774526000022888 0.5368559637735056 0.019270896911621094 0.021887993627740375
0 0.6032186150550842 0.5367594043038401 0.01929549376169848 0.022084376608678593
0 0.6287052035331726 0.5364068497058957 0.01929549376169848 0.022084376608678593
0 0.6541402339935303 0.536055008307218 0.01929549376169848 0.022084376608678593
0 0.6790924072265625 0.5357098462464122 0.01929549376169848 0.022084376608678593
0 0.7048719525337219 0.5353532391925191 0.01929549376169848 0.022084376608678593
0 0.7298703193664551 0.5350074381381507 0.01929549376169848 0.022084376608678593
0 0.7808661460876465 0.5342419310001212 0.019329984982808357 0.02234182431716333
0 0.805918276309967 0.534096071425273 0.01996084054311109 0.02231379072795548
0 0.8310743570327759 0.5340223528262964 0.01996084054311109 0.02231379072795548
0 0.8564581871032715 0.5339479668195858 0.01996084054311109 0.02231379072795548
0 0.8819571733474731 0.5338732433536388 0.01996084054311109 0.02231379072795548
0 0.181087926030159 0.5740171476852062 0.020308067401250185 0.023103285205456583
0 0.20698358118534088 0.5742010072220204 0.02041242520014447 0.023132679074309593
0 0.23378987610340118 0.5738865086222439 0.02041242520014447 0.023132679074309593
0 0.2878679633140564 0.5728983714344275 0.020376761754353878 0.022523066794225468
0 0.314980685710907 0.5726295293763627 0.020376761754353878 0.022523066794225468
0 0.34180566668510437 0.572363540480556 0.020376761754353878 0.022523066794225468
0 0.368608683347702 0.5720977693766276 0.020376761754353878 0.022523066794225468
0 0.39541685581207275 0.5718319471492324 0.020376761754353878 0.022523066794225468
0 0.4220837950706482 0.5715675253502103 0.020376761754353878 0.022523066794225468
0 0.47447770833969116 0.5707041737570937 0.020355582237243652 0.02267393954964571
0 0.5002487897872925 0.5701031364495325 0.019778192043304443 0.02249175079109138
0 0.5265088081359863 0.5700716484784925 0.019684473673502678 0.022430626920951484
0 0.578554093837738 0.5691005795501 0.019684473673502678 0.022430626920951484
0 0.6038215756416321 0.5686291349966184 0.019684473673502678 0.022430626920951484
0 0.629589319229126 0.5681483564819996 0.019684473673502678 0.022430626920951484
0 0.6550976037979126 0.5676724189935729 0.019684473673502678 0.022430626920951484
0 0.6804962754249573 0.5671985266802363 0.019684473673502678 0.022430626920951484
0 0.7058414220809937 0.5671587655710619 0.019375721613566155 0.02226961121078615
0 0.7310581207275391 0.5671420873597611 0.019495844841003418 0.02243148448855378
0 0.7560096979141235 0.566793353058571 0.019280751546223884 0.022248172020727295
0 0.13105907663702965 0.6069534213043922 0.020090721547603607 0.02258294866990679
0 0.1817394495010376 0.6071185178534929 0.020163655281066895 0.022965128107588474
0 0.2074722945690155 0.6077674599580987 0.02005277077356976 0.0231989187787669
0 0.23413985967636108 0.6073135588026985 0.02005277077356976 0.0231989187787669
0 0.2609144449234009 0.606891676437023 0.020222842693328857 0.023091308830320317
0 0.2877461314201355 0.6064044638643934 0.020222842693328857 0.023091308830320317
0 0.31444045901298523 0.6059467847957167 0.020012180010477665 0.023073388624560872
0 0.3684653341770172 0.6049564253893412 0.020012180010477665 0.023073388624560872
0 0.39537203311920166 0.6044631840387412 0.020012180010477665 0.023073388624560872
0 0.42260241508483887 0.6039640090783738 0.020012180010477665 0.023073388624560872
0 0.4490632116794586 0.6034789418065271 0.020012180010477665 0.023073388624560872
0 0.4751221239566803 0.6028717839440634 0.019811421632766724 0.022757596747819766
0 0.5014127045869827 0.6024584767440042 0.019811421632766724 0.022757596747819766
0 0.5275762677192688 0.6020471663521252 0.019811421632766724 0.022757596747819766
0 0.5531307458877563 0.6016454312223725 0.019811421632766724 0.022757596747819766
0 0.5794633030891418 0.6012314641198446 0.019811421632766724 0.022757596747819766
0 0.6050676107406616 0.6009191912274028 0.019299546877543206 0.02232452510863317
0 0.6561272740364075 0.6000980255010658 0.019299546877543206 0.02232452510863317
0 0.680889904499054 0.5996997811312961 0.019299546877543206 0.02232452510863317
0 0.7068446278572083 0.5992823649580867 0.019299546877543206 0.02232452510863317
0 0.7320722341537476 0.5988766426263854 0.019299546877543206 0.02232452510863317
0 0.757112979888916 0.5983271626794877 0.01924475034077955 0.022104632946871917
0 0.7819077372550964 0.5978817163511764 0.01924475034077955 0.022104632946871917
0 0.13129689171910286 0.6395841199298238 0.019652533034483596 0.02315065842266225
0 0.15607452392578125 0.6407356944344104 0.020197967688242613 0.023247149563575032
0 0.18064826726913452 0.6410622136875835 0.02035599946975708 0.023159500240355554
0 0.20721031725406647 0.6407343842262445 0.02035599946975708 0.023159500240355554
0 0.23406857252120972 0.6404028989921708 0.02035599946975708 0.023159500240355554
0 0.2605610191822052 0.6400759285767339 0.02035599946975708 0.023159500240355554
0 0.2874458432197571 0.6397441154302552 0.02035599946975708 0.023159500240355554
0 0.3142421543598175 0.6390800313968094 0.02023092905680335 0.023504035417423692
0 0.36888885498046875 0.6380950572878815 0.02023092905680335 0.023504035417423692
0 0.39522048830986023 0.637620445339115 0.02023092905680335 0.023504035417423692
0 0.42237287759780884 0.6369126785633176 0.019975344340006473 0.023132974787275974
0 0.4488767385482788 0.6364032620202876 0.019975344340006473 0.023132974787275974
0 0.4747987389564514 0.6359050291076932 0.019975344340006473 0.023132974787275974
0 0.5278912782669067 0.6348845657915465 0.019975344340006584 0.023132974787275974
0 0.553801953792572 0.6343865505484647 0.019975344340006584 0.023132974787275974
0 0.5797381401062012 0.6338799627897939 0.01957770188649488 0.022773032964662064
0 0.6055344939231873 0.6333813252086423 0.01957770188649488 0.022773032964662064
0 0.6311893463134766 0.6328854228174964 0.01957770188649488 0.022773032964662064
0 0.13063666224479675 0.6733859306158021 0.019441425800323486 0.023417480232179683
0 0.15566971898078918 0.673637055797688 0.019441425800323486 0.023417480232179683
0 0.18035712838172913 0.673884713534475 0.019441425800323486 0.023417480232179683
0 0.20674225687980652 0.6741494023522665 0.019441425800323486 0.023417480232179683
0 0.2330539971590042 0.6744133549583359 0.019441425800323486 0.023417480232179683
0 0.2879739999771118 0.6734200626821741 0.020350605249404907 0.02384191705274946
0 0.3148960769176483 0.6730839543537268 0.020350605249404907 0.02384191705274946
0 0.34195947647094727 0.672746081684911 0.020278235276540157 0.023138652476229465
0 0.3687569797039032 0.671974283713466 0.020278235276540157 0.023138652476229465
0 0.39532148838043213 0.6712091962450275 0.020278235276540157 0.023138652476229465
0 0.4228510856628418 0.6704163131486975 0.020278235276540157 0.023138652476229465
0 0.4493422508239746 0.6696533380552779 0.020278235276540157 0.023138652476229465
0 0.4758465886116028 0.6688958633136277 0.019534438848495483 0.022742426672647167
0 0.5021884888410568 0.6682586226352426 0.019534438848495483 0.022742426672647167
0 0.5282986760139465 0.6676269873605705 0.019534438848495483 0.022742426672647167
0 0.5541964769363403 0.66700048995208 0.019534438848495483 0.022742426672647167
0 0.5804686546325684 0.6663649359414744 0.019534438848495483 0.022742426672647167
0 0.6324611306190491 0.6651071785139558 0.019534438848495483 0.022742426672647167
0 0.6582599878311157 0.6647828207486014 0.019766171773274666 0.02248796566512228
0 0.6836602687835693 0.6642662314481513 0.019766171773274666 0.02248796566512228
0 0.7090083956718445 0.6637507028537454 0.019766171773274666 0.02248796566512228
0 0.7341318726539612 0.6632680227590162 0.019980231920878166 0.022483736969703853
0 0.7596619725227356 0.6628554654989609 0.020062486330668206 0.02279210645099019
0 0.7840401530265808 0.662503486455873 0.020062486330668206 0.02279210645099019
0 0.8095417022705078 0.662135287898203 0.020062486330668206 0.02279210645099019
0 0.13008657097816467 0.7062301192172739 0.0202186902364095 0.02336123562598419
0 0.1806141436100006 0.7068023501315424 0.020218690236409487 0.02336123562598419
0 0.20706601440906525 0.7071019207901559 0.020218690236409487 0.02336123562598419
0 0.23318913578987122 0.7073977683215663 0.020218690236409487 0.02336123562598419
0 0.260778546333313 0.7077102217563364 0.020218690236409542 0.02336123562598419
0 0.3149777352809906 0.7064805955179003 0.02071324984232581 0.022903678953185506
0 0.34212633967399597 0.705941266791765 0.02071324984232581 0.022903678953185506
0 0.369409441947937 0.7062115433480836 0.020542949438095093 0.023187888685122997
0 0.3959903419017792 0.705284784006518 0.020542949438095093 0.023187888685122997
0 0.4230150580406189 0.7043425507420943 0.020542949438095093 0.023187888685122997
0 0.4764249920845032 0.7024803807104727 0.020542949438095093 0.023187888685122997
0 0.5026652365922928 0.7015654985294786 0.020542949438095093 0.023187888685122997
0 0.5291037559509277 0.7006437033744866 0.020542949438095093 0.023187888685122997
0 0.5551100373268127 0.7000275463794745 0.019848346710205078 0.022952235022256542
0 0.58157879114151 0.6994840735512263 0.019848346710205078 0.022952235022256542
0 0.6076850891113281 0.698948042890619 0.019848346710205078 0.022952235022256542
0 0.6333454847335815 0.6984211677728698 0.019848346710205078 0.022952235022256542
0 0.6589494943618774 0.6978734550323245 0.01972707112630201 0.02278495019720512
0 0.18030759692192078 0.7420525218165197 0.020359347263971983 0.023250919903895707
0 0.20638951659202576 0.7410772456679233 0.020681927601496397 0.023348978323529886
0 0.2336384505033493 0.740902836149546 0.020681927601496397 0.023348978323529803
0 0.2609112560749054 0.741292864777321 0.020859460035959843 0.02360695831535401
0 0.28748178482055664 0.7407251573113462 0.020859460035959843 0.02360695831535401
0 0.3420847952365875 0.7395585062079899 0.020859460035959843 0.02360695831535401
0 0.3962852656841278 0.7384004557970643 0.020859460035959843 0.02360695831535393
0 0.42336609959602356 0.7378218451211619 0.020859460035959843 0.02360695831535401
0 0.45034003257751465 0.7366607133732285 0.020802021026611328 0.023307593293892266
0 0.47713008522987366 0.7357826853024543 0.020802021026611328 0.023307593293892266
0 0.5033654719591141 0.735159678052716 0.02041564385096234 0.023348446040190412
0 0.5557025671005249 0.7336781282664913 0.020415643850962395 0.023348446040190495
0 0.5820170640945435 0.7329332218613734 0.020415643850962395 0.023348446040190412
0 0.6083453297615051 0.7324157432930612 0.01994454860687256 0.02250201203102289
0 0.6345207691192627 0.7315676045972247 0.01994454860687256 0.02250201203102289
0 0.6856074333190918 0.7299122903861861 0.01994454860687256 0.02250201203102289
0 0.7110844850540161 0.7290867809023955 0.01994454860687256 0.02250201203102289
0 0.7365351915359497 0.7282621250596157 0.01994454860687256 0.02250201203102289
0 0.7614597678184509 0.7274545169299647 0.01994454860687256 0.02250201203102289
0 0.7861389517784119 0.7262462349825128 0.020055214564005608 0.0227716726850169
0 0.8111386895179749 0.7253007683207262 0.020055214564005608 0.0227716726850169
0 0.8368732929229736 0.7243820914059508 0.02037115891774488 0.022253997566164058
0 0.862064003944397 0.7242661853169285 0.020370761553446526 0.022249059159626276
0 0.18008193373680115 0.7753829518866715 0.020619362592697144 0.023224882377210404
0 0.20630143582820892 0.7751374355582303 0.020619362592697144 0.023224882377210404
0 0.23352158069610596 0.7748825493287245 0.020619362592697144 0.023224882377210404
0 0.26054227352142334 0.7746295307446462 0.020619362592697144 0.023224882377210404
0 0.2878066897392273 0.7743742299634356 0.021244366963704464 0.023291417794634096
0 0.3150469958782196 0.7739767016170891 0.02120232582092285 0.023639235385628635
0 0.3425203561782837 0.7732449021450308 0.02120232582092285 0.023639235385628635
0 0.3700333833694458 0.7725120460781605 0.02120232582092285 0.023639235385628635
0 0.3965432941913605 0.7718059097143557 0.02120232582092285 0.023639235385628635
0 0.45091527700424194 0.7703576198844022 0.02120232582092285 0.023639235385628635
0 0.47692373394966125 0.7696648405937064 0.02120232582092285 0.023639235385628635
0 0.5034395605325699 0.7689688907675275 0.02050896485646564 0.023133447928022154
0 0.5306214094161987 0.7679737002350563 0.020508964856465584 0.023133447928022154
0 0.5572035312652588 0.7670004671003112 0.020508964856465584 0.023133447928022154
0 0.5831600427627563 0.7660501390115606 0.020508964856465584 0.023133447928022154
0 0.6091770529747009 0.7650975959245548 0.020508964856465584 0.023133447928022154
0 0.6352577209472656 0.7641427221792868 0.020508964856465584 0.023133447928022154
0 0.6611378192901611 0.7634750188783158 0.020354032516479492 0.022941885068434968
0 0.6859011650085449 0.762652203923076 0.020354032516479492 0.022941885068434968
0 0.2603832706809044 0.8431182683900346 0.021233543753623962 0.024119828098504006
0 0.2875243127346039 0.8425104412051148 0.021233543753623962 0.024119828098504006
0 0.3149116635322571 0.8427909902655699 0.02163076400756836 0.02377597306125837
0 0.3702698051929474 0.8406573450842569 0.02163076400756836 0.02377597306125837
0 0.397278368473053 0.8396163655793812 0.02163076400756836 0.02377597306125837
0 0.4247113764286041 0.8384822068672062 0.02168176571528113 0.02388248887172965
0 0.4512946605682373 0.8375344387320585 0.02168176571528113 0.02388248887172965
0 0.47780802845954895 0.8365891633059357 0.02168176571528113 0.02388248887172965
0 0.5310547351837158 0.8346907698768304 0.021681765715281243 0.02388248887172965
0 0.5577131509780884 0.8329712249528305 0.020933707555135017 0.02369281857512718
0 0.5841052532196045 0.831916986509811 0.0208585262298584 0.02373782608860212
0 0.6104174852371216 0.8309060917344204 0.02074650923411059 0.023491911185804154
0 0.6366419792175293 0.8298459284279621 0.02074650923411059 0.023491911185804154
0 0.6624981760978699 0.8288006540673747 0.02074650923411059 0.023491911185804154
0 0.6877651810646057 0.8277791986467347 0.02074650923411059 0.023491911185804154
0 0.7135676741600037 0.8267360953397529 0.02074650923411059 0.023491911185804154
0 0.7392973303794861 0.8258029882624315 0.02078469594319654 0.02326297020727361
0 0.7645066976547241 0.8248239561568859 0.02078469594319654 0.02326297020727361
0 0.12822409346699715 0.8751844361770985 0.020392027993996933 0.0235403489696886
0 0.1531434804201126 0.8758290945462779 0.02039202799399692 0.0235403489696886
0 0.17963290214538574 0.8786646293458668 0.021042038997014345 0.024124382078185673
0 0.23365986347198486 0.8783916096412422 0.021085798740386963 0.023962035659671865
0 0.26084378361701965 0.8777768175992069 0.021233876546223995 0.024107467296511628
0 0.28788504004478455 0.8770587832428688 0.021233876546223995 0.024107467296511628
0 0.3155466318130493 0.8763242769415927 0.021233876546223995 0.024107467296511628
0 0.3427486717700958 0.8756019732533812 0.021233876546223995 0.024107467296511628
0 0.3704438805580139 0.874866574309593 0.02112225691477454 0.023909162181292503
0 0.3976137042045593 0.8736745279978513 0.02112225691477454 0.023909162181292503
0 0.452273428440094 0.8712763923484109 0.02112225691477454 0.023909162181292503
0 0.4789777100086212 0.870104771186434 0.02112225691477454 0.023909162181292503
0 0.5050254464149475 0.8689619552257449 0.021122256914774595 0.023909162181292503
0 0.5325790047645569 0.8678918882857921 0.020727594693501716 0.023301472035489452
0 0.5590018630027771 0.8664462634160579 0.020727594693501716 0.023301472035489452
0 0.5849502086639404 0.865026599673474 0.020727594693501716 0.023301472035489452
0 0.610555112361908 0.863625726034475 0.020727594693501716 0.023301472035489452
0 0.6372532844543457 0.8621650384281113 0.020727594693501716 0.023301472035489452
0 0.662756085395813 0.8618759163297779 0.020442088445027595 0.02287777449733538
0 0.6885673403739929 0.861010706701944 0.020442088445027595 0.02287777449733538
0 0.1280553974211216 0.9090333982955577 0.020239748060703278 0.023279293563014888
0 0.15314358472824097 0.9096929869936197 0.020239748060703278 0.023279293563014888
0 0.20649322867393494 0.9110955922022559 0.020239748060703278 0.023279293563014888
0 0.23337839543819427 0.911802424940952 0.020239748060703278 0.023279293563014888
0 0.26100966334342957 0.9125288732809738 0.020239748060703278 0.023279293563014888
0 0.2890687584877014 0.9118551209915516 0.02189193169275916 0.02360706181489209
0 0.31611067056655884 0.9107080584338124 0.02189193169275916 0.02360706181489209
0 0.3713657855987549 0.9083642495569781 0.02189193169275916 0.02360706181489209
0 0.39864006638526917 0.9072073303943003 0.02189193169275916 0.02360706181489209
0 0.42559686303138733 0.9060638782589935 0.02189193169275916 0.02360706181489209
0 0.45351943373680115 0.9049683525379006 0.021889448165893555 0.023688796878785237
0 0.480026513338089 0.9037289784694975 0.021889448165893555 0.023688796878785237
0 0.5064844489097595 0.9017201947490787 0.02110926310221356 0.023537155269652263
0 0.5330392122268677 0.9007522228152253 0.021109263102213616 0.023537155269652263
0 0.5592667460441589 0.8997961790227743 0.021109263102213616 0.023537155269652263
0 0.5861409902572632 0.8988165613989544 0.021109263102213616 0.023537155269652263
0 0.6122228503227234 0.8978658276934957 0.021109263102213616 0.023537155269652263
