0 0.07174129039049149 0.10266862636388735 0.021094366908073425 0.022094399430031
0 0.09925309457440874 0.10119171156646559 0.020477265119552612 0.021943208783171898
0 0.12761165051540332 0.10148997176070047 0.021712333297551567 0.023720854812510846
0 0.07155987620353699 0.13423643555752066 0.020551336308320366 0.02378985678502757
0 0.09819287061691284 0.13416998082771717 0.021189553042252868 0.02490019983099414
0 0.12498776242136955 0.1333928440892419 0.021189553042252854 0.02490019983099414
0 0.15108300745487213 0.13260111697884494 0.021827558676401793 0.025083630584007085
0 0.1776801347732544 0.13192451495608845 0.021827558676401793 0.025083630584007085
0 0.20581220090389252 0.13120886575756943 0.021827558676401793 0.025083630584007085
0 0.23321309685707092 0.13051181673399137 0.021827558676401793 0.025083630584007085
0 0.26115360856056213 0.1298010404719863 0.021827558676401737 0.025083630584007085
0 0.2890194356441498 0.129066689069881 0.022371351718902588 0.02593182408532431
0 0.31702882051467896 0.12839950755868912 0.022371351718902588 0.02593182408532431
0 0.345669686794281 0.12716454458627377 0.021968921025594113 0.024614718533301553
0 0.3730720281600952 0.12658446232125486 0.021968921025594113 0.024614718533301553
0 0.3985568583011627 0.1260449719983478 0.021968921025594113 0.024614718533301553
0 0.06978946924209595 0.20097091511923257 0.02164866030216217 0.024607606636461388
0 0.09653542190790176 0.20044229196947674 0.02164866030216217 0.024607606636461388
0 0.14960207045078278 0.1993934507017814 0.02164866030216217 0.024607606636461388
0 0.17701798677444458 0.1988515859859665 0.02164866030216217 0.024607606636461388
0 0.2053462117910385 0.19829168985056322 0.02164866030216217 0.024607606636461367
0 0.23525238037109375 0.1974866526005903 0.02119682232538861 0.025719258212303937
0 0.28980380296707153 0.19675822590672692 0.021196822325388553 0.025719258212303937
0 0.34523439407348633 0.1960180596507966 0.021196822325388553 0.025719258212303937
0 0.3735295236110687 0.1956402339831848 0.021196822325388553 0.025719258212303937
0 0.4012735188007355 0.19526976762815965 0.021196822325388553 0.025719258212303937
0 0.42844438552856445 0.19490695427374835 0.021196822325388553 0.025719258212303937
0 0.4566209316253662 0.19385300680648448 0.021775225798288944 0.024589043255000158
0 0.48496919870376587 0.19332813587276973 0.021775225798288944 0.024589043255000158
0 0.5140532851219177 0.19278964117211234 0.021775225798289055 0.024589043255000158
0 0.5425699949264526 0.19226165150487146 0.021775225798289055 0.024589043255000158
0 0.06829500012099743 0.2690309258394463 0.021972473710775375 0.02458103682643686
0 0.0953386053442955 0.2681747099390482 0.021852761507034302 0.025350008824074944
0 0.1233878880739212 0.2677973592004111 0.021852761507034302 0.025350008824074944
0 0.15037155151367188 0.2674343443800937 0.021852761507034302 0.025350008824074944
0 0.17807258665561676 0.26711685712947403 0.022330939769744873 0.025540640187817952
0 0.20619076490402222 0.2666733648214776 0.022330939769744873 0.025540640187817952
0 0.23427847027778625 0.2662303531450991 0.022330939769744873 0.025540640187817952
0 0.26249241828918457 0.26578535031416445 0.022330939769744873 0.025540640187817952
0 0.3186682462692261 0.26489932038063224 0.022330939769744873 0.025540640187817952
0 0.3475256860256195 0.2648112949883098 0.02198745807011926 0.025399688602417966
0 0.40330344438552856 0.2650933598363122 0.021686216195424435 0.024734319642532702
0 0.4302166700363159 0.2645590582559275 0.021511058012644413 0.024686251499856194
0 0.4576282799243927 0.26377237583790597 0.021511058012644413 0.024686251499856194
0 0.4866621196269989 0.2629725885572544 0.022175749142964718 0.024900569472202035
0 0.5151189565658569 0.26214131643605787 0.022175749142964607 0.024900569472202035
0 0.5443745851516724 0.26128671026588784 0.022175749142964607 0.024900569472202035
0 0.5731409192085266 0.26044639721275875 0.022175749142964607 0.024900569472202035
0 0.6016191244125366 0.2596145008885583 0.022175749142964607 0.024900569472202035
0 0.06728847324848175 0.33788472552632176 0.021717662612597145 0.024636305579843476
0 0.09575357288122177 0.33770962648613506 0.021261051297187805 0.02433577249216479
0 0.12378348037600517 0.3374845871393333 0.021261051297187805 0.02433577249216479
0 0.17723727226257324 0.33700430448267266 0.020854433377583803 0.0241752742796905
0 0.20621797442436218 0.33680441213208573 0.020854433377583803 0.0241752742796905
0 0.23416073620319366 0.3366116789021358 0.020854433377583803 0.0241752742796905
0 0.2633688747882843 0.336410217824849 0.02085443337758386 0.0241752742796905
0 0.29169800877571106 0.33621481961982197 0.02085443337758386 0.0241752742796905
0 0.3468198776245117 0.3358346204144536 0.02085443337758386 0.0241752742796905
0 0.3757183253765106 0.335132687590843 0.022183040777842167 0.025329619415046606
0 0.06652392446994781 0.4083364435685991 0.02143853406111399 0.024127043494882455
0 0.09462915360927582 0.40801101507142534 0.021438534061113984 0.024127043494882455
0 0.14773550629615784 0.40751936269360917 0.02143549919128418 0.024190059928006904
0 0.175893172621727 0.4070987681227206 0.02143549919128418 0.024190059928006904
0 0.20581907033920288 0.4066517612591757 0.02143549919128418 0.024190059928006904
0 0.23292511701583862 0.4062468748620351 0.02143549919128418 0.024190059928006904
0 0.29161152243614197 0.40537026871082393 0.02143549919128418 0.024190059928006904
0 0.3206169605255127 0.4051618291777836 0.020941932996114132 0.024119384529054683
0 0.3492366373538971 0.40486637381620183 0.020941932996114132 0.024119384529054683
0 0.06384987384080887 0.4789819495622502 0.022336194912592568 0.025830764179081936
0 0.09307211637496948 0.47877286379480904 0.02233619491259256 0.025830764179081936
0 0.12076117098331451 0.47857474801961697 0.022336194912592575 0.025830764179081936
0 0.14819291234016418 0.4783784733262173 0.02233619491259259 0.025830764179081936
0 0.176978200674057 0.4787148603828787 0.02233619491259259 0.025830764179081936
0 0.2071678856415535 0.478867529167644 0.021581063667933165 0.024495708850003083
0 0.2647503614425659 0.4764509981379884 0.02158106366793311 0.024495708850003083
0 0.29317814111709595 0.4763305103330948 0.02158106366793311 0.024495708850003083
0 0.32170388102531433 0.4762096073352575 0.02158106366793311 0.024495708850003083
0 0.35038208961486816 0.47608805811682414 0.02158106366793311 0.024495708850003083
0 0.3785015940666199 0.47614706774807747 0.022146403789520264 0.02457336307496058
0 0.43471550941467285 0.47515966725903885 0.022146403789520264 0.02457336307496058
0 0.46295663714408875 0.4749623232109602 0.022071043650309208 0.02413065119307176
0 0.49138036370277405 0.47413417904876 0.02221018075942993 0.023993676947068852
0 0.5198381543159485 0.47365148227387127 0.02221018075942993 0.023993676947068852
0 0.5480630397796631 0.4731727360011852 0.02221018075942993 0.023993676947068852
0 0.5778207778930664 0.47266798971182733 0.02221018075942993 0.023993676947068852
0 0.6057857871055603 0.47219365142112557 0.02221018075942993 0.023993676947068852
0 0.06449923850595951 0.5514462493186774 0.022737556447585426 0.02506723330002417
0 0.12143252789974213 0.550555147129246 0.02273755644758542 0.02506723330002417
0 0.1485154926776886 0.5501312529635147 0.022737556447585405 0.02506723330002417
0 0.1767512857913971 0.5496893150861873 0.022737556447585405 0.02506723330002417
0 0.20565630495548248 0.5492369026902599 0.022737556447585405 0.02506723330002417
0 0.2639189660549164 0.5498232046599706 0.021690388520558712 0.02484598085861792
0 0.2934988737106323 0.5483840549422048 0.021426359812418583 0.025150358214858837
0 0.3222811818122864 0.5482494403158885 0.021586795647939083 0.024806030036867183
0 0.3505834639072418 0.547829827596975 0.02161860466003418 0.024409804233284885
0 0.3796808123588562 0.5474084118946968 0.02161860466003418 0.024409804233284885
0 0.4362565279006958 0.5465890281306883 0.02161860466003418 0.024409804233284885
0 0.46411678194999695 0.5461855292158179 0.02161860466003418 0.024409804233284885
0 0.4930969774723053 0.5457658102346021 0.02161860466003418 0.024409804233284885
0 0.5220075249671936 0.545440924323148 0.022507846355438232 0.024755729261294872
0 0.5802122950553894 0.5447314506353333 0.022507846355438232 0.024755729261294872
0 0.6090990304946899 0.5443793424027952 0.022507846355438232 0.024755729261294872
0 0.6658828258514404 0.5433589580447175 0.022771596908569336 0.024318517640579577
0 0.6948997378349304 0.5437112852584484 0.023373683293660408 0.02513997868974074
0 0.7254468202590942 0.543303483330782 0.023373683293660408 0.02513997868974074
0 0.7558181285858154 0.5428980279779793 0.023373683293660408 0.02513997868974074
0 0.785763144493103 0.5424982636063307 0.023373683293660408 0.02513997868974074
0 0.8162156343460083 0.5420917244844659 0.023373683293660408 0.02513997868974074
0 0.8458099961280823 0.5425666099370912 0.02308432261149096 0.02573501232058503
0 0.8745960593223572 0.542328297612641 0.023450732231140137 0.02581429296685738
0 0.06363428570330143 0.624310338219931 0.02280989413460096 0.025509028471717484
0 0.12141450121998787 0.6235432635392922 0.022809894134600953 0.025509028471717484
0 0.14818793535232544 0.6231878265916622 0.02280989413460094 0.025509028471717484
0 0.1776498407125473 0.6227966982193792 0.02280989413460094 0.025509028471717484
0 0.20632044970989227 0.6224160748858785 0.02280989413460094 0.025509028471717484
0 0.23500412702560425 0.6223697218784067 0.022146830956141172 0.025144798811091933
0 0.2946270704269409 0.6220064828562182 0.02245783805847168 0.025097898734632442
0 0.35270047187805176 0.6205345432950714 0.02245783805847168 0.025097898734632442
0 0.37965622544288635 0.6198513175999827 0.02245783805847168 0.025097898734632442
0 0.407753050327301 0.6191391700925769 0.02245783805847168 0.025097898734632442
0 0.4363788664340973 0.6184136146722838 0.02245783805847168 0.025097898734632442
0 0.4656583070755005 0.6185268973826069 0.022669126590093014 0.024909293004708753
0 0.494583323597908 0.6182403564453125 0.02266912659009296 0.024909293004708753
0 0.496042400598526 0.6927806942961937 0.022553900877634703 0.02659719304520949
0 0.5261417031288147 0.6921849023527029 0.022722840309143066 0.02719938292983885
0 0.5554109215736389 0.6924596918280245 0.02279984951019287 0.027512306390806686
0 0.6135784983634949 0.6926873229270758 0.02279984951019287 0.027512306390806686
0 0.6413944959640503 0.69279617714543 0.02279984951019287 0.027512306390806686
0 0.6712846755981445 0.6929131484001468 0.02279984951019287 0.027512306390806686
0 0.7012299299240112 0.6930303351823673 0.02279984951019287 0.027512306390806686
0 0.7311127185821533 0.6931472775134798 0.02279984951019287 0.027512306390806686
0 0.7619345188140869 0.692350404736815 0.02380824089050293 0.027457008066103385
0 0.7918851375579834 0.6944727941302332 0.024077137311299568 0.02762402674948528
0 0.8224633932113647 0.6938483659611192 0.024077137311299568 0.02762402674948528
0 0.8532726764678955 0.6932192200558175 0.024077137311299568 0.02762402674948528
0 0.8834706544876099 0.6926025574070536 0.024077137311299568 0.02762402674948528
0 0.9139265418052673 0.6919806280801463 0.024077137311299568 0.02762402674948528
0 0.06120189651846886 0.772204554358194 0.02197458098332087 0.025881331096323776
0 0.09153448045253754 0.7717970125016151 0.02175133426984152 0.026265048241430587
0 0.14624612033367157 0.7713576028513354 0.021751334269841494 0.026265048241430587
0 0.1748686283826828 0.7711277247800645 0.021751334269841494 0.026265048241430587
0 0.20433832705020905 0.7705878906915766 0.022346039613087954 0.02670382714086736
0 0.23313330113887787 0.7706597793933957 0.022346039613087954 0.02670382714086736
0 0.2636095881462097 0.7707358656125561 0.02234603961308801 0.02670382714086736
0 0.29268282651901245 0.7708084490209615 0.02234603961308801 0.02670382714086736
0 0.32271525263786316 0.7708834271098293 0.02234603961308801 0.02670382714086736
0 0.35209938883781433 0.7709567866967832 0.02234603961308801 0.02670382714086736
0 0.38223138451576233 0.7706956198049146 0.022196372350057003 0.027172709620276164
0 0.43895551562309265 0.7701437443758437 0.022196372350057003 0.027172709620276164
0 0.4683641791343689 0.7698576241924782 0.022196372350057003 0.027172709620276164
0 0.4976546913385391 0.7695726535164215 0.022196372350056948 0.027172709620276164
0 0.5276880264282227 0.7692804558332577 0.022196372350056892 0.027172709620276164
0 0.5571789741516113 0.7689502627350563 0.022540688514709473 0.0273944943450218
0 0.586485743522644 0.7689587461610206 0.022540688514709473 0.0273944943450218
0 0.6165152192115784 0.7689674387886701 0.022540688514709473 0.0273944943450218
0 0.6452155709266663 0.7689757466750102 0.022540688514709473 0.0273944943450218
0 0.7045911550521851 0.7689929341160974 0.022540688514709473 0.0273944943450218
0 0.7334452271461487 0.7690966539547021 0.022636453310648674 0.02637008548707012
0 0.764771580696106 0.7693801702455033 0.023310065269470215 0.02695411859556686
0 0.795875608921051 0.7694867745787428 0.023310065269470215 0.02695411859556686
0 0.8267319798469543 0.7695925301041995 0.023310065269470215 0.02695411859556686
0 0.8577540516853333 0.7696988535443702 0.023310065269470215 0.02695411859556686
0 0.8872811198234558 0.7698000530863918 0.023310065269470215 0.02695411859556686
0 0.9185677170753479 0.7699840668033104 0.02310224374135328 0.02658530538396329
0 0.06093534082174301 0.8467577227201522 0.021571790178616844 0.025655406390049772
0 0.09045924246311188 0.8467733693677325 0.02157179017861685 0.025655406390049772
0 0.11816410720348358 0.8468447558153577 0.021726200977961227 0.025616963704426975
0 0.14622503519058228 0.8468538328658702 0.02172620097796124 0.025616963704426975
0 0.17583100497722626 0.8468186134515807 0.022086997826894106 0.02610607295073291
0 0.2054588496685028 0.8466873416112015 0.022086997826894106 0.02610607295073291
0 0.23453399538993835 0.8465585186094642 0.022086997826894106 0.02610607295073291
0 0.2647629380226135 0.8464245834895304 0.02208699782689416 0.02610607295073291
0 0.29400429129600525 0.8462950240734012 0.02209959427515662 0.026952876601108285
0 0.35236993432044983 0.8461625224840016 0.02209959427515662 0.026952876601108285
0 0.4097881615161896 0.8460321717165005 0.02209959427515662 0.026952876601108285
0 0.4392696022987366 0.8459652429968112 0.02209959427515662 0.026952876601108285
0 0.46864205598831177 0.8458985616994459 0.02209959427515662 0.026952876601108285
0 0.49895375967025757 0.8467489650389227 0.02276762326558429 0.028115679127301247
0 0.5297073125839233 0.8467464840547011 0.022985537846883064 0.02780334709226634
0 0.5599300861358643 0.8466073856797329 0.022985537846883064 0.02780334709226634
0 0.5894567370414734 0.8464714911645532 0.022985537846883064 0.02780334709226634
0 0.647212564945221 0.8457685262565244 0.024002591768900627 0.028223377789637728
0 0.6769511699676514 0.8460688036541606 0.024002591768900627 0.028223377789637728
0 0.7079576253890991 0.8467789627121891 0.02381312847137451 0.028051982554354298
0 0.7386282086372375 0.8468877215718114 0.02381312847137451 0.028051982554354298
0 0.7685360908508301 0.8469937758694083 0.02381312847137451 0.028051982554354298
0 0.800062894821167 0.8471055709148302 0.02381312847137451 0.028051982554354298
0 0.8303684592247009 0.8472130354060683 0.02381312847137451 0.028051982554354298
0 0.8611783385276794 0.8473222882139129 0.02381312847137451 0.028051982554354298
0 0.8912718296051025 0.847011657064339 0.02382481098175049 0.027734623398891715
0 0.062251266092061996 0.9207908188285618 0.022224699457486473 0.02649842491445604
0 0.12038850039243698 0.9213460877884266 0.022224699457486466 0.02649842491445604
0 0.1755417138338089 0.9216067291969476 0.022115121285120665 0.026182840036791423
0 0.20450441539287567 0.9219357690145803 0.022261341412862123 0.026664911314498548
0 0.23336374759674072 0.9223268985286368 0.022261341412862123 0.026664911314498548
0 0.26314443349838257 0.922730515116945 0.02226134141286218 0.026664911314498548
0 0.29338738322257996 0.9231403967505774 0.02226134141286218 0.026664911314498548
0 0.32482126355171204 0.9235664190248002 0.02226134141286218 0.026664911314498548
0 0.38281339406967163 0.9242901065321791 0.022568990786870358 0.02690544424130924
0 0.41191187500953674 0.9230311826194831 0.022902190685272217 0.026960091997486568
0 0.44091707468032837 0.9234285593620282 0.022902190685272217 0.026960091997486568
0 0.4711310565471649 0.9238424966501635 0.022902190685272217 0.026960091997486568
0 0.5019034743309021 0.9249859984077743 0.023139198621114077 0.02709038313045058
0 0.5621422529220581 0.9243262534917787 0.02313919862111402 0.02709038313045058
0 0.5931053161621094 0.9239871409793069 0.02313919862111402 0.02709038313045058
0 0.6219918727874756 0.9236707707055412 0.02313919862111402 0.02709038313045058
0 0.6503769159317017 0.923359893089117 0.02313919862111402 0.02709038313045058
0 0.6798405647277832 0.9230372024078893 0.02313919862111402 0.02709038313045058
0 0.710616409778595 0.9245491261298131 0.023558497428894043 0.027832326962966218
0 0.7408881187438965 0.9245446670887082 0.024115363756815666 0.027591794036155522
0 0.7712624669075012 0.9246993819136519 0.024115363756815666 0.027591794036155522
0 0.8010259866714478 0.9248509854221514 0.024115363756815666 0.027591794036155522
0 0.8342733979225159 0.9250203344855068 0.024115363756815666 0.027591794036155522
0 0.864947497844696 0.9251765761264535 0.024115363756815666 0.027591794036155522
0 0.8946685791015625 0.9246463332065317 0.024399201075236077 0.028286482936652244
