0 0.23432914912700653 0.1448400473671052 0.018764634927113832 0.019785807114238874
0 0.25663405656814575 0.14352957037992256 0.018732388814290374 0.01969422480856727
0 0.2810879349708557 0.14157103383263878 0.01931740840276086 0.02052520781524423
0 0.304481565952301 0.1403214772618086 0.01931740840276086 0.02052520781524423
0 0.3284459710121155 0.13904143314072806 0.01931740840276086 0.02052520781524423
0 0.3529592454433441 0.13794459729776543 0.01997431119283044 0.021254886952481514
0 0.3773670196533203 0.13642834508141807 0.01997431119283044 0.021254886952481514
0 0.4022964835166931 0.13487968462143474 0.01997431119283044 0.021254886952481514
0 0.42691901326179504 0.13335009142801565 0.01997431119283044 0.021254886952481514
0 0.45180872082710266 0.1318039006965105 0.01997431119283044 0.021254886952481514
0 0.23223744332790375 0.17361010730474855 0.018672247727711977 0.02078718732493791
0 0.25531718134880066 0.17353295385323483 0.018588860829671233 0.02082732296729274
0 0.3025810122489929 0.17049118419230475 0.0190579891204834 0.021032636479813908
0 0.3271038234233856 0.16916400332783543 0.0190579891204834 0.021032636479813908
0 0.3519025146961212 0.16782189176130247 0.0190579891204834 0.021032636479813908
0 0.37621256709098816 0.16650622545684535 0.0190579891204834 0.021032636479813908
0 0.40114399790763855 0.16515692999196607 0.0190579891204834 0.021032636479813908
0 0.426212340593338 0.16380022482142834 0.0190579891204834 0.021032636479813908
0 0.4516855478286743 0.16243821057130858 0.01932803789774573 0.02103730135185774
0 0.23114685714244843 0.20209374538687772 0.018758962551752745 0.020822879879973655
0 0.27757060527801514 0.20080377889233966 0.01888285080591834 0.020877069281053148
0 0.30214041471481323 0.19990157104635342 0.01888285080591834 0.020877069281053148
0 0.3259719908237457 0.19902647126167644 0.01888285080591834 0.020877069281053148
0 0.35069969296455383 0.19811846556704393 0.01888285080591834 0.020877069281053148
0 0.3750273585319519 0.1972251492877339 0.01888285080591834 0.020877069281053148
0 0.13486768305301666 0.23695755015969544 0.01839125156402588 0.0209072763605635
0 0.18127429485321045 0.23508914681368095 0.01845898230870563 0.021170475686243365
0 0.20416603982448578 0.23421283449087343 0.01845898230870563 0.021170475686243365
0 0.22808101773262024 0.23332010313521984 0.018447895844777407 0.021083890929702667
0 0.25173693895339966 0.23240780593304314 0.018447895844777434 0.021083890929702667
0 0.30018067359924316 0.23053955979001947 0.018447895844777462 0.021083890929702667
0 0.3247830867767334 0.22959076086144917 0.018447895844777462 0.021083890929702667
0 0.34898602962493896 0.22865736761758493 0.018447895844777462 0.021083890929702667
0 0.3739843964576721 0.22792940553451352 0.01853092511494958 0.02112214140189708
0 0.39871057868003845 0.22722548107768215 0.01936870813369751 0.02150443912476535
0 0.4502057135105133 0.2251454024713453 0.01936870813369751 0.02150443912476535
0 0.47638005018234253 0.2240881243823498 0.01936870813369751 0.02150443912476535
0 0.5265008211135864 0.2220635614078007 0.01936870813369751 0.02150443912476535
0 0.5528624057769775 0.220998719681141 0.01936870813369751 0.02150443912476535
0 0.5801495313644409 0.22033617920248896 0.021299362182617188 0.02238007478935774
0 0.6066203713417053 0.21916061223939406 0.021299362182617188 0.02238007478935774
0 0.6329842805862427 0.21798979405785804 0.021299362182617188 0.02238007478935774
0 0.6881172060966492 0.2155413471682061 0.021299362182617188 0.02238007478935774
0 0.7159658670425415 0.21430459133414334 0.021299362182617188 0.02238007478935774
0 0.7441233396530151 0.21305412120952494 0.021299362182617188 0.02238007478935774
0 0.7720819115638733 0.21189909203107968 0.021977821985880608 0.02282425045042996
0 0.8003070950508118 0.21065731864339604 0.021907170613606697 0.022747246793998276
0 0.13338369503617287 0.26629607622013535 0.017916418612003326 0.020822791166083758
0 0.1798609346151352 0.26497885238292607 0.0179736812909444 0.020893289137256264
0 0.20380662381649017 0.2637015276176985 0.017733256022135435 0.02066016382025191
0 0.22667892277240753 0.2632091433502907 0.01804529627164203 0.020984161731808684
0 0.25072044134140015 0.2624150574278032 0.01804529627164206 0.020984161731808684
0 0.2744118571281433 0.2616325353210543 0.018045296271642086 0.020984161731808684
0 0.2987539768218994 0.2608285206113825 0.018045296271642086 0.020984161731808684
0 0.34830614924430847 0.2591918235601381 0.018045296271642086 0.020984161731808684
0 0.373573362827301 0.25833833529279215 0.01804860432942712 0.02100391535795939
0 0.39876362681388855 0.25849799222724384 0.019210060437520382 0.021683892538381176
0 0.42370256781578064 0.2576727885852084 0.019210060437520382 0.021683892538381176
0 0.44901835918426514 0.2568351153561528 0.019210060437520382 0.021683892538381176
0 0.5009483247995377 0.2551168067578348 0.019210060437520327 0.021683892538381176
0 0.5264275670051575 0.25427372511043106 0.01921006043752027 0.021683892538381176
0 0.5522889494895935 0.2530983326046966 0.020485877990722656 0.02252654142157976
0 0.5791548490524292 0.2520955432699894 0.020485877990722656 0.02252654142157976
0 0.6059556007385254 0.25109518562739136 0.020485877990722656 0.02252654142157976
0 0.6330894827842712 0.25008239365066864 0.020485877990722656 0.02252654142157976
0 0.6605635285377502 0.24905690481496412 0.020485877990722656 0.02252654142157976
0 0.6883513331413269 0.24813126097852775 0.02095417181650805 0.022824546163396346
0 0.7148557305335999 0.24723223752753679 0.02095417181650805 0.022824546163396346
0 0.13110851868987083 0.29576762886934505 0.018391790489355728 0.021031017451323308
0 0.17717325687408447 0.29464698053973293 0.01839179048935574 0.021031017451323308
0 0.22529709339141846 0.29347623911942977 0.01839179048935574 0.021031017451323308
0 0.24920237064361572 0.2928946791219658 0.018391790489355714 0.021031017451323308
0 0.27330949902534485 0.29230820855429007 0.018391790489355686 0.021031017451323308
0 0.29725757241249084 0.2918401375529197 0.018583913644154904 0.02112959336864853
0 0.3213385045528412 0.2913917497146961 0.01904706160227454 0.021847569665243458
0 0.3468702435493469 0.29071525610848 0.01904706160227454 0.021847569665243458
0 0.372282475233078 0.2900419289897874 0.01904706160227454 0.021847569665243458
0 0.39766591787338257 0.2893693646708325 0.01904706160227454 0.021847569665243458
0 0.42291882634162903 0.2887002590090729 0.01904706160227454 0.021847569665243458
0 0.4484645128250122 0.2881183182759457 0.019231388966242435 0.021897781726925872
0 0.500150665640831 0.2869900104611419 0.01923138896624249 0.021897781726925872
0 0.5257030725479126 0.28641280027874216 0.01926911870638537 0.021980758785277346
0 0.552016019821167 0.2852055742595168 0.01997801661491394 0.022403894468795423
0 0.5787885189056396 0.2842844619422617 0.01997801661491394 0.022403894468795423
0 0.6053820252418518 0.2833695079005042 0.01997801661491394 0.022403894468795423
0 0.12955431267619133 0.3259064486139586 0.01838484903176625 0.02123702588931532
0 0.15233466029167175 0.32541079853856286 0.018384849031766237 0.02123702588931532
0 0.1758088916540146 0.32490005108461717 0.018384849031766237 0.02123702588931532
0 0.22334638237953186 0.3238657402277356 0.018384849031766237 0.02123702588931532
0 0.24815110117197037 0.32332604430442635 0.018384849031766265 0.02123702588931532
0 0.27186882495880127 0.323743907430095 0.019053061803182003 0.021624927372895442
0 0.2970214784145355 0.32323777398397757 0.019053061803182003 0.021624927372895442
0 0.32150998711586 0.3227450047689485 0.019053061803182003 0.021624927372895442
0 0.34627565741539 0.3222466583787289 0.019053061803182003 0.021624927372895442
0 0.3966580629348755 0.321232840072277 0.019053061803182003 0.021624927372895442
0 0.42200198769569397 0.32072285777558174 0.019053061803182003 0.021624927372895442
0 0.472553014755249 0.31938665152603907 0.019544601440429688 0.02199535222016561
0 0.49821436405181885 0.31876242438028024 0.019544601440429688 0.02199535222016561
0 0.5256444215774536 0.3180951723850971 0.019544601440429688 0.02199535222016561
0 0.5518434047698975 0.31747086596651963 0.020758509635925293 0.02251162270242851
0 0.5781391263008118 0.3165957206903502 0.020758509635925293 0.02251162270242851
0 0.6049755215644836 0.31570258130580026 0.020758509635925293 0.02251162270242851
0 0.6319355964660645 0.3148053257516009 0.020758509635925293 0.02251162270242851
0 0.6594215631484985 0.31389056804568266 0.020758509635925293 0.02251162270242851
0 0.47193443775177 0.3515918864760288 0.01945960521697998 0.022297526514807414
0 0.4978572726249695 0.35176374745923417 0.01911187171936035 0.022012932356013808
0 0.12441690266132355 0.38592531236552086 0.018660515546798706 0.021815691807473298
0 0.14775310456752777 0.38584181319835575 0.018660515546798706 0.021815691807473298
0 0.17160174250602722 0.38575648048595074 0.018660515546798706 0.021815691807473298
0 0.19593141973018646 0.38566942656887465 0.018660515546798706 0.021815691807473298
0 0.21977852284908295 0.3855840993482013 0.018660515546798706 0.021815691807473298
0 0.24429453164339066 0.38549637871890763 0.018660515546798706 0.021815691807473298
0 0.2690729796886444 0.3851633238080694 0.018904879689216614 0.021537603333938952
0 0.2939091622829437 0.3856249125434848 0.01918915907541907 0.021777071694071035
0 0.3189949691295624 0.3853458138399346 0.01919764280319214 0.021959053453548878
0 0.3694605827331543 0.38473700368613184 0.019149740537007687 0.02187113798865971
0 0.39488425850868225 0.3844723368799964 0.019149740537007687 0.02187113798865971
0 0.44621992111206055 0.3839379198278734 0.019149740537007687 0.02187113798865971
0 0.47172829508781433 0.38367237129234766 0.019149740537007687 0.02187113798865971
0 0.4976271390914917 0.38340275786643807 0.01914974053700763 0.02187113798865971
0 0.5235012173652649 0.38313340225795395 0.019149740537007576 0.02187113798865971
0 0.5499748587608337 0.38208935857315685 0.019808371861775642 0.022558204887449265
0 0.5763405561447144 0.38142784574070515 0.019808371861775642 0.022558204887449265
0 0.6034994721412659 0.38074643112892326 0.019808371861775642 0.022558204887449265
0 0.12309692054986954 0.41685818516930867 0.018126731117566422 0.021088030911231282
0 0.14655788242816925 0.4167633056640625 0.018060415983200073 0.02094360469847692
0 0.1701563149690628 0.4167147489310492 0.018060415983200073 0.02094360469847692
0 0.21835745871067047 0.4166155690357938 0.018060415983200073 0.02094360469847692
0 0.2434089332818985 0.4165640224866644 0.018060415983200073 0.02094360469847692
0 0.2679041922092438 0.41651362042094386 0.018060415983200073 0.02094360469847692
0 0.29314520955085754 0.41663125503894893 0.018752117951711056 0.021750723668771253
0 0.318349689245224 0.4165431202302064 0.018752117951711056 0.021750723668771253
0 0.3433494567871094 0.41645570125716536 0.018752117951711056 0.021750723668771253
0 0.3687439560890198 0.4163669019894864 0.018752117951711056 0.021750723668771253
0 0.3941308259963989 0.4162781294002089 0.018752117951711056 0.021750723668771253
0 0.4452826678752899 0.41611366519649345 0.018844584623972538 0.021715977395227657
0 0.47116631269454956 0.41575023739836936 0.019105911254882812 0.02160641574120331
0 0.49704280495643616 0.41559312144659377 0.019104639689127623 0.02167481415031487
0 0.5234408378601074 0.41504021578056866 0.020158886909484863 0.022595457328382442
0 0.5492972731590271 0.4148701966967075 0.020158886909484863 0.022595457328382442
0 0.5765824913978577 0.41469078264545534 0.020158886909484863 0.022595457328382442
0 0.6034555435180664 0.41451407879400753 0.020158886909484863 0.022595457328382442
0 0.6299770474433899 0.4143396865489871 0.020158886909484863 0.022595457328382442
0 0.16822193562984467 0.44737128324286884 0.01834040880203247 0.021708466285882994
0 0.19218386709690094 0.4475564986374566 0.01834040880203247 0.021708466285882994
0 0.21682125329971313 0.44774693500580365 0.01834040880203247 0.021708466285882994
0 0.2416473925113678 0.4479388303534929 0.018670499324798584 0.021761428478152253
0 0.2668265402317047 0.44787918574533586 0.018670499324798584 0.021761428478152253
0 0.29159170389175415 0.4478205217866167 0.018670499324798584 0.021761428478152253
0 0.3164663016796112 0.4477615985992793 0.018670499324798584 0.021761428478152253
0 0.34179091453552246 0.44770160941190495 0.018670499324798584 0.021761428478152253
0 0.3674962520599365 0.4476651981959387 0.018900692462921143 0.022091000579124272
0 0.4183726906776428 0.4475514611532522 0.018900692462921143 0.022091000579124272
0 0.4439638555049896 0.44790418757948763 0.01961497465769446 0.02232458425122638
0 0.4697273373603821 0.44782189594715494 0.01961497465769446 0.02232458425122638
0 0.5222285389900208 0.4476542008504371 0.019614974657694573 0.02232458425122638
0 0.5482568144798279 0.4475710634356699 0.019614974657694573 0.02232458425122638
0 0.575321614742279 0.44748461523721383 0.019614974657694573 0.02232458425122638
0 0.6023310422897339 0.44743489110192586 0.020398934682210212 0.022764427717341933
0 0.6296165585517883 0.4470952469259092 0.020398934682210212 0.022764427717341933
0 0.6572129726409912 0.4467517327613127 0.020398934682210212 0.022764427717341933
0 0.6852238178253174 0.44640305984851925 0.020398934682210212 0.022764427717341933
0 0.7133728265762329 0.4460526671056783 0.020398934682210212 0.022764427717341933
0 0.16668057441711426 0.4788405396217524 0.018412997325261415 0.021502443062242558
0 0.1912606954574585 0.4793527736220249 0.018197725216547667 0.02139016084892805
0 0.2155841588973999 0.4793224002898485 0.018197725216547667 0.02139016084892805
0 0.24074795842170715 0.47929097760846684 0.018197725216547667 0.02139016084892805
0 0.265562504529953 0.47898911916264897 0.018694400787353516 0.02147704131843513
0 0.29068613052368164 0.47922861853311227 0.018641014893849728 0.021767549736555234
0 0.31566810607910156 0.47948588920887397 0.018641014893849728 0.021767549736555234
0 0.34099310636520386 0.47974669243970003 0.018641014893849728 0.021767549736555234
0 0.36620545387268066 0.48000633554384114 0.018641014893849728 0.021767549736555234
0 0.391768217086792 0.4802695873171784 0.018641014893849728 0.021767549736555234
0 0.41778409481048584 0.48005871440089026 0.019421418507893917 0.022568991017896077
0 0.4432275891304016 0.4801298986053943 0.019421418507893917 0.022568991017896077
0 0.4954318404197693 0.4802759523688058 0.01942141850789386 0.022568991017896077
0 0.5214096307754517 0.48034863139307776 0.019946813583374023 0.022990825564362282
0 0.5480258464813232 0.48032706116340523 0.019946813583374023 0.022990825564362282
0 0.5743620991706848 0.4803057178204784 0.019946813583374023 0.022990825564362282
0 0.6015564799308777 0.4802836790361042 0.019946813583374023 0.022990825564362282
0 0.6292346119880676 0.480261248211528 0.019946813583374023 0.022990825564362282
0 0.6569857001304626 0.4802225198040119 0.019915183385213142 0.02276877469794695
0 0.11806809902191162 0.5095622040504633 0.018564581871032715 0.021492388821387532
0 0.14155319333076477 0.5098281698917357 0.018564581871032715 0.021492388821387532
0 0.16565988957881927 0.5101011752994888 0.018564581871032715 0.021492388821387532
0 0.18999174237251282 0.5101756162421648 0.01859220862388611 0.021845558817072487
0 0.2393469661474228 0.5106436441296804 0.01859220862388611 0.021845558817072487
0 0.26439473032951355 0.5108811681699035 0.01859220862388611 0.021845558817072487
0 0.3149355351924896 0.5113604387379236 0.01859220862388611 0.021845558817072487
0 0.339885413646698 0.5115970345430596 0.01859220862388611 0.021845558817072487
0 0.36513593792915344 0.5117262906806413 0.018916110197703007 0.021905913833499824
0 0.39098039269447327 0.5122372383295104 0.019551515579223633 0.022201892941497093
0 0.4424944818019867 0.5126232459701077 0.019551515579223633 0.022201892941497093
0 0.4687180519104004 0.5128197455802329 0.019551515579223633 0.022201892941497093
0 0.4940330386161804 0.5130094369532019 0.019551515579223633 0.022201892941497093
0 0.5207141637802124 0.5132093651350155 0.019551515579223633 0.022201892941497093
0 0.5474560856819153 0.5134465839031248 0.01982206106185913 0.02236524478409647
0 0.5741458535194397 0.5137064290601153 0.01982206106185913 0.02236524478409647
0 0.6011138558387756 0.5137017308614751 0.020172953605651855 0.022610509118368458
0 0.6287104487419128 0.5136969231536693 0.020172953605651855 0.022610509118368458
0 0.6566401720046997 0.5136920574099518 0.020172953605651855 0.022610509118368458
0 0.6842547655105591 0.5136872465661925 0.020172953605651855 0.022610509118368458
0 0.11701804399490356 0.5411984269010307 0.01851985851923625 0.02169693348019622
0 0.13996118307113647 0.5413195834827872 0.018875042597452818 0.021645094997198952
0 0.16369548439979553 0.5412437070021632 0.01891803741455078 0.021574005600093926
0 0.18850421905517578 0.5416868786479152 0.01891803741455078 0.021574005600093926
0 0.2125491052865982 0.5421164052622758 0.01891803741455078 0.021574005600093926
0 0.23754411935806274 0.5425629045164908 0.01891803741455078 0.021574005600093926
0 0.2628830075263977 0.5430155465769213 0.01891803741455078 0.021574005600093926
0 0.3135416507720947 0.5439204889131838 0.01891803741455078 0.021574005600093926
0 0.3390200734138489 0.543799955461341 0.01920008659362793 0.021785647370094478
0 0.36424094438552856 0.5442780339440634 0.019344160954157474 0.022126515706380263
0 0.3896239101886749 0.5448465125505314 0.01928623517354333 0.022208990052688952
0 0.41553035378456116 0.5453190347125667 0.01928623517354333 0.022208990052688952
0 0.46736299991607666 0.5457557871689164 0.02038176854451501 0.02274384609488554
0 0.519440770149231 0.546147812244504 0.02038021882375074 0.022863994273104465
0 0.5464154481887817 0.5462891249899752 0.02035013834635424 0.02294129364250237
0 0.5735458731651306 0.5465278181918832 0.02035013834635424 0.02294129364250237
0 0.6004745364189148 0.5467647362962162 0.02035013834635424 0.02294129364250237
0 0.6282109022140503 0.5470087605592606 0.02035013834635424 0.02294129364250237
0 0.6561089754104614 0.5472542075223701 0.02035013834635424 0.02294129364250237
0 0.6841853260993958 0.5475012229690385 0.02035013834635424 0.02294129364250237
0 0.46612927317619324 0.577817207158998 0.019163012504577637 0.022900426110555958
0 0.49229058623313904 0.5791551456894986 0.019655168056488037 0.023055852845657702
0 0.11204449087381363 0.6038533587788426 0.019324223200480134 0.022193642549736554
0 0.13567018508911133 0.6043479909826293 0.01932422320048016 0.022193642549736554
0 0.15972793102264404 0.6048516687065852 0.01932422320048016 0.022193642549736554
0 0.1849268227815628 0.6053792376850926 0.01932422320048016 0.022193642549736554
0 0.20934025943279266 0.6058903622202177 0.01932422320048016 0.022193642549736554
0 0.23398339748382568 0.6069717850796011 0.019211888313293457 0.022405580032703487
0 0.28430911898612976 0.6084150193068324 0.019211888313293457 0.022405580032703487
0 0.3098437786102295 0.6081542184057326 0.01943654815355933 0.022558493207591394
0 0.3613736033439636 0.6091175522915152 0.01943654815355933 0.022558493207591394
0 0.38666242361068726 0.6097862182635437 0.019754767417907715 0.022784743198128635
0 0.4127432703971863 0.6104758263426824 0.019754767417907715 0.022784743198128635
0 0.4387113153934479 0.611162451810615 0.019754767417907715 0.022784743198128635
0 0.46521592140197754 0.6118632645789847 0.019754767417907715 0.022784743198128635
0 0.4916602373123169 0.6122568086128783 0.020181655883789062 0.023138149764186596
0 0.5187169313430786 0.6127663545830305 0.020181655883789062 0.023138149764186596
0 0.11040885001420975 0.6355793531550917 0.018838877479235322 0.022565649461376628
0 0.13402463495731354 0.6363769826100468 0.018838877479235336 0.022565649461376628
0 0.18294131755828857 0.6380291566527572 0.01883887747923535 0.022565649461376628
0 0.20773988962173462 0.6388667350591615 0.01883887747923535 0.022565649461376628
0 0.23377417027950287 0.6395331538722525 0.019320011138916016 0.02260027744973347
0 0.2582295835018158 0.6400780345118323 0.019367456436157227 0.022662199744882455
0 0.2833210825920105 0.640631865797607 0.019367456436157227 0.022662199744882455
0 0.30863603949546814 0.641190629348592 0.019367456436157227 0.022662199744882455
0 0.334239661693573 0.6417557644547683 0.019367456436157227 0.022662199744882455
0 0.38590583205223083 0.6428961642952853 0.019367456436157227 0.022662199744882455
0 0.41163721680641174 0.6443482312008455 0.01999121904373169 0.023430876029554317
0 0.43787476420402527 0.6448339417923329 0.01999121904373169 0.023430876029554317
0 0.46414196491241455 0.6453202013271685 0.01999121904373169 0.023430876029554317
0 0.49087584018707275 0.6458150999613901 0.01999121904373169 0.023430876029554317
0 0.5179169178009033 0.6463156855383585 0.01999121904373169 0.023430876029554317
0 0.5449683666229248 0.6468164631075732 0.01999121904373169 0.023430876029554317
0 0.1079733669757843 0.6679242156272711 0.019148285190264375 0.02257286485775491
0 0.13193723186850548 0.6687247413157661 0.01914828519026439 0.02257286485775491
0 0.15681160986423492 0.669555683180113 0.019148285190264402 0.02257286485775491
0 0.18171760439872742 0.6703876812118008 0.019148285190264402 0.02257286485775491
0 0.20636308193206787 0.6712109765341115 0.019148285190264402 0.02257286485775491
0 0.25660955160856247 0.6728028423206879 0.01912979284922281 0.022833594980165885
0 0.28201088309288025 0.6736173407976017 0.019129792849222782 0.022833594980165885
0 0.3074392080307007 0.6744327048246848 0.019129792849222782 0.022833594980165885
0 0.33287501335144043 0.674717971124808 0.019642869631449345 0.023069366928218926
0 0.3587636351585388 0.6755035755246185 0.01979982852935791 0.023197676784308327
0 0.3848695158958435 0.6762701522472293 0.019863585631052616 0.023086932278418782
0 0.41096803545951843 0.6772363415752797 0.019863585631052616 0.023086932278418782
0 0.437389999628067 0.6782145050969115 0.019863585631052616 0.023086932278418782
0 0.48991239070892334 0.6801589285582577 0.019863585631052616 0.023086932278418782
0 0.5167487263679504 0.6811524324638899 0.019863585631052727 0.023086932278418782
0 0.5438928604125977 0.68194450557254 0.020350952943166023 0.02414996124977289
0 0.5715123414993286 0.6829960845237555 0.020350952943166023 0.02414996124977289
0 0.5989100337028503 0.6838721341865007 0.020799676577250237 0.024084667826807776
0 0.626863956451416 0.6847974643001407 0.020799676577250237 0.024084667826807776
0 0.10573343932628632 0.700601695901264 0.019161850214004517 0.02253726101660919
0 0.15452149510383606 0.7021007094272348 0.019161850214004517 0.02253726101660919
0 0.17970269918441772 0.7028533137121866 0.019302229086558043 0.02278841003891115
0 0.20501679182052612 0.7037306133140376 0.019302229086558043 0.02278841003891115
0 0.23000118136405945 0.7045964865378628 0.019302229086558043 0.02278841003891115
0 0.2550358772277832 0.705464103206152 0.019302229086558015 0.02278841003891115
0 0.3059034049510956 0.7072269971980605 0.019302229086557987 0.02278841003891115
0 0.3315238058567047 0.7081511870564449 0.0197699864705404 0.023073122482891176
0 0.38364532589912415 0.7100668618845385 0.0197699864705404 0.023073122482891176
0 0.4096313416957855 0.7107295213816335 0.020116647084554073 0.023266134336013256
0 0.4362125098705292 0.7116270730661791 0.020404477914174435 0.02365987615067824
0 0.46287718415260315 0.7129747572926467 0.020454466342926025 0.023622084033581583
0 0.48960456252098083 0.7140273160712663 0.020454466342926025 0.023622084033581583
0 0.5162401795387268 0.7150762611690448 0.020454466342926025 0.023622084033581583
0 0.5433882474899292 0.7161453872483317 0.020454466342926025 0.023622084033581583
0 0.5708906650543213 0.717228468074355 0.020454466342926025 0.023622084033581583
0 0.10382825881242752 0.7323365765948628 0.019844358166058867 0.022759164026541247
0 0.15326502919197083 0.7344860032547352 0.019783854484558105 0.022826630939808953
0 0.1781085729598999 0.735497250863358 0.019783854484558105 0.022826630939808953
0 0.20360322296619415 0.7366882812145145 0.01982712745666504 0.022885167321493458
0 0.22838997840881348 0.7376516329292825 0.01982712745666504 0.022885167321493458
0 0.25345179438591003 0.7386256750322365 0.01982712745666504 0.022885167321493375
0 0.2787202000617981 0.7396077463643912 0.01982712745666504 0.022885167321493458
0 0.33028995990753174 0.7416120351747025 0.01982712745666504 0.022885167321493458
0 0.3565369248390198 0.742658607383443 0.019771327575047848 0.022918538529743546
0 0.3825643062591553 0.7441191340601722 0.020287156105041504 0.02355331598326217
0 0.4085084795951843 0.745074182899861 0.020287156105041504 0.02355331598326217
0 0.4352664649486542 0.7460591895344242 0.020287156105041504 0.02355331598326217
0 0.46166449785232544 0.7470309457113576 0.020287156105041504 0.02355331598326217
0 0.4886397123336792 0.7480239489170138 0.020287156105041504 0.02355331598326217
0 0.5159419775009155 0.7495331209759379 0.020288606484730964 0.0234835720801538
0 0.10132523626089096 0.7651941156058224 0.01994205266237259 0.023412541825642067
0 0.1259705014526844 0.7662142376567043 0.01994205266237259 0.023412541825642067
0 0.15062493085861206 0.7672347390346839 0.01994205266237259 0.023412541825642067
0 0.17551711201667786 0.7681098162495623 0.01988114913304645 0.023314719976380814
0 0.2013464868068695 0.769334216450536 0.02018040418624878 0.023599136707394622
0 0.22712372243404388 0.770523991696369 0.02018040418624878 0.023599136707394622
0 0.2774161994457245 0.7728452935250661 0.02018040418624878 0.023599136707394622
0 0.3030962646007538 0.7740305837662206 0.02018040418624878 0.023599136707394622
0 0.3285895586013794 0.7752072533895803 0.02018040418624878 0.023599136707394622
0 0.3546149432659149 0.7765053319913751 0.020556092262268066 0.02394541659096404
0 0.38100239634513855 0.7778214696254397 0.020556092262268066 0.02394541659096404
0 0.4073050022125244 0.7791333753009175 0.020556092262268066 0.02394541659096404
0 0.43414583802223206 0.78047212648819 0.020556092262268066 0.02394541659096404
0 0.4606531262397766 0.7809806646302689 0.021559496720631954 0.024290513622668253
0 0.515009343624115 0.7838363290891219 0.021559496720631843 0.024290513622668253
0 0.5426766276359558 0.7852898606891404 0.021559496720631843 0.024290513622668253
0 0.5700728893280029 0.7867291538295412 0.021559496720631843 0.024290513622668253
0 0.5974065661430359 0.7881651590036791 0.021559496720631843 0.024290513622668253
0 0.6254959106445312 0.789549006972202 0.02210323015848803 0.024458182874575955
0 0.6531686782836914 0.7909209738840001 0.02210323015848803 0.024458182874575955
0 0.14810773730278015 0.800523979719295 0.02025783061981201 0.023592098738796138
0 0.17328889667987823 0.8016404476263492 0.02025783061981201 0.023592098738796138
0 0.1984640657901764 0.8027566499403648 0.02025783061981201 0.023592098738796138
0 0.2241136133670807 0.8038938849767356 0.02025783061981201 0.023592098738796138
0 0.24990051984786987 0.8050372101539789 0.02025783061981201 0.023592098738796138
0 0.27570995688438416 0.806525498164139 0.020419597625732422 0.02382003429324128
0 0.32708990573883057 0.8090560380802598 0.020419597625732422 0.02382003429324128
0 0.3536105155944824 0.8101240646007449 0.02075117826461792 0.024067368618277615
0 0.40601611137390137 0.8129218421264117 0.02075117826461792 0.024067368618277615
0 0.43247517943382263 0.8143344123847429 0.02075117826461792 0.024067368618277615
0 0.4595378637313843 0.8157792079029664 0.02075117826461792 0.024067368618277615
0 0.48685500025749207 0.8172375878622365 0.02075117826461792 0.024067368618277615
0 0.5140742063522339 0.8185515502573321 0.0214574933052063 0.024244441542514535
0 0.5410808324813843 0.819873898528343 0.0214574933052063 0.024244441542514535
0 0.1452540010213852 0.8348114854280381 0.020518874128659548 0.02414993167847637
0 0.17069736123085022 0.8359698805698129 0.020518874128659548 0.02414993167847637
0 0.1958790123462677 0.8371163605187592 0.020518874128659548 0.02414993167847637
0 0.22150397300720215 0.838283023636108 0.020518874128659548 0.02414993167847637
0 0.24711910635232925 0.8394492393316224 0.020518874128659575 0.02414993167847637
0 0.2732643783092499 0.840639591382843 0.020518874128659603 0.02414993167847637
0 0.29965704679489136 0.841832064014055 0.020399287343025208 0.024325526037881542
0 0.3253519535064697 0.8429974400719931 0.020399287343025208 0.024325526037881542
0 0.3520135283470154 0.8442066587445832 0.020399287343025208 0.024325526037881542
0 0.4047130346298218 0.8471979893246416 0.02074366807937622 0.024358705032703487
0 0.45859190821647644 0.8504446042082442 0.02074366807937622 0.024358705032703487
0 0.48496586084365845 0.8520338368970294 0.022216876347859738 0.025043812833091195
0 0.5134701728820801 0.8536772523051055 0.022216876347859627 0.025043812833091195
0 0.5406938791275024 0.8552468344177471 0.022216876347859627 0.025043812833091195
0 0.56867915391922 0.8568603247461564 0.022216876347859627 0.025043812833091195
0 0.5965526103973389 0.858467368192451 0.022216876347859627 0.025043812833091195
0 0.6246377825737 0.8597578891488009 0.022609512011210198 0.024881998697916775
0 0.14303621649742126 0.8685122645178507 0.020293503999710083 0.024134968602380086
0 0.19334594905376434 0.8716167479340153 0.020585368076960264 0.02443866581879834
0 0.21941830217838287 0.8728837220762112 0.02057116230328876 0.024343741956607205
0 0.24520154297351837 0.874013856399891 0.020571162303288787 0.024343741956607205
0 0.27113646268844604 0.8751506391334737 0.020571162303288815 0.024343741956607205
0 0.29734066128730774 0.8763126107149346 0.020751655101776123 0.024545891340388808
0 0.3237043619155884 0.8778795700194252 0.020751655101776123 0.024545891340388808
0 0.37661102414131165 0.8810241432268455 0.020751655101776123 0.024545891340388808
0 0.403707891702652 0.8826346792189833 0.020751655101776123 0.024545891340388808
0 0.43066170811653137 0.8842367127884266 0.02119159698486328 0.024616034456001804
0 0.4575384855270386 0.8857845479216614 0.02119159698486328 0.024616034456001804
0 0.48504966497421265 0.8873689183041173 0.02119159698486328 0.024616034456001804
0 0.5121545195579529 0.8889298884146757 0.02119159698486328 0.024616034456001804
0 0.5390099287033081 0.8904764929483103 0.02119159698486328 0.024616034456001804
0 0.5663734674453735 0.8918025881745094 0.023141662279764885 0.02557307990022419
0 0.6239310503005981 0.8957700807138769 0.023141662279764885 0.02557307990022419
0 0.6520071029663086 0.8977053866103435 0.023141662279764885 0.02557307990022419
0 0.6816572546958923 0.8997491964776572 0.023141662279764885 0.02557307990022419
0 0.7105275988578796 0.9017392535542332 0.023141662279764885 0.02557307990022419
0 0.7395128011703491 0.9030253388160883 0.02391163508097338 0.025880917098171138
0 0.14161737263202667 0.9018625399024812 0.020930434266726194 0.024349301360374272
0 0.19123445451259613 0.9049940774607104 0.020930434266726194 0.024349301360374272
0 0.21706274151802063 0.9069737279137899 0.021385629971822084 0.024570967799933494
0 0.24338481575250626 0.9085132873282752 0.021385629971822112 0.024570967799933494
0 0.2952370345592499 0.911546086754138 0.02138562997182214 0.024570967799933494
0 0.3215361535549164 0.9130843035330192 0.02138562997182214 0.024570967799933494
0 0.34802842140197754 0.9146338174509447 0.02138562997182214 0.024570967799933494
0 0.37498757243156433 0.9162478803440488 0.021694839000701904 0.024824748667635548
0 0.4015812873840332 0.917840064328161 0.021694839000701904 0.024824748667635548
0 0.42865991592407227 0.9194612804218971 0.021694839000701904 0.024824748667635548
0 0.45607972145080566 0.9211029230162154 0.021694839000701904 0.024824748667635548
0 0.4836852252483368 0.922398162721299 0.0215206344922384 0.02461910987085139
0 0.510622501373291 0.9238440047862918 0.021520634492238344 0.02461910987085139
0 0.5368335247039795 0.9252395270600022 0.02165432771046949 0.024609469628149337
