0 0.1484699696302414 0.09393042187358058 0.021850675344467163 0.02567898949911428
0 0.17465022206306458 0.0939314088156057 0.021816551685333252 0.02544199034225109
0 0.1211363859474659 0.1362265986065532 0.021774835884571075 0.026241930880287836
0 0.17439748346805573 0.13562601865657878 0.021774835884571075 0.026241930880287836
0 0.20094186067581177 0.1353242452754531 0.021522805094718933 0.026388013085653615
0 0.22751928865909576 0.13503845064996933 0.021522805094718933 0.026388013085653615
0 0.2540985867381096 0.13475263591481548 0.021522805094718933 0.026388013085653615
0 0.28143244981765747 0.1344587071280737 0.021522805094718933 0.026388013085653615
0 0.33444643020629883 0.13388863275217455 0.021522805094718933 0.026388013085653615
0 0.3615710437297821 0.1335998564337724 0.0217066456874212 0.026304607243500953
0 0.3887535035610199 0.13328057666157567 0.021876260638237 0.026508767475453443
0 0.4157416820526123 0.13336037524475944 0.021836241086324093 0.026136420493902163
0 0.46935200691223145 0.1325366774270701 0.021836241086324093 0.026136420493902163
0 0.49582572281360626 0.13212992104066149 0.021836241086324037 0.026136420493902163
0 0.5227498412132263 0.13171624442842217 0.021836241086323982 0.026136420493902163
0 0.5498385429382324 0.1313000390695971 0.021836241086323982 0.026136420493902163
0 0.5765008926391602 0.13089038441220355 0.021836241086323982 0.026136420493902163
0 0.6038841605186462 0.13081239445757878 0.02208642164866137 0.025778844375018938
0 0.6301790475845337 0.1305166954217955 0.02208642164866137 0.025778844375018938
0 0.12142233178019524 0.17755433570506962 0.02169710646073024 0.02561461648275686
0 0.1482011377811432 0.17746751092982385 0.021697106460730253 0.02561461648275686
0 0.1749260276556015 0.1773808609665381 0.021697106460730253 0.02561461648275686
0 0.20152811706066132 0.17729460915853812 0.021310627460479736 0.02567698604376742
0 0.22835254669189453 0.17716449162704062 0.021310627460479736 0.02567698604376742
0 0.2551574409008026 0.17703446885621332 0.021310627460479736 0.02567698604376742
0 0.2817680537700653 0.17690538848784074 0.021310627460479736 0.02567698604376742
0 0.3086927533149719 0.17677478457606116 0.021310627460479736 0.02567698604376742
0 0.33514076471328735 0.1766732734696286 0.02113240957260132 0.025641966235730083
0 0.3622335195541382 0.17655182647375242 0.02113240957260132 0.025641966235730083
0 0.38885846734046936 0.17643247648727062 0.02113240957260132 0.025641966235730083
0 0.41581493616104126 0.17601311411756937 0.021914442380269405 0.025652844776478834
0 0.4426520764827728 0.17603823750518088 0.021914442380269405 0.025652844776478854
0 0.4696281850337982 0.17599181943896386 0.021853983402252197 0.02551676875861115
0 0.12153352797031403 0.262505242990893 0.021684179703394577 0.02687656787014744
0 0.14838466048240662 0.26168876863926865 0.021311968564987183 0.026469607685887537
0 0.17547863721847534 0.2619211729182753 0.021368076403935732 0.026460425798283067
0 0.20223067700862885 0.26190771480806296 0.021368076403935732 0.026460425798283067
0 0.22802525758743286 0.26189473836548016 0.021368076403935732 0.026460425798283067
0 0.254401296377182 0.2617702503616834 0.02146633466084799 0.026276181834612732
0 0.28168272972106934 0.2618677449780841 0.02146633466084802 0.026276181834612732
0 0.3091166019439697 0.26196578435948487 0.02146633466084802 0.026276181834612732
0 0.3354831337928772 0.2620600094273552 0.02146633466084802 0.026276181834612732
0 0.36191508173942566 0.2621544682702353 0.02146633466084802 0.026276181834612732
0 0.4156900942325592 0.2623466419785914 0.02146633466084802 0.026276181834612732
0 0.44199463725090027 0.2619525071276178 0.021391650040944454 0.026214510895485103
0 0.46893784403800964 0.2617030629173103 0.02085401614507043 0.02625499400057531
0 0.495795339345932 0.2615897821825604 0.020854016145070375 0.02625499400057531
0 0.5220034122467041 0.26134726058605107 0.022033294041951423 0.02626490038494731
0 0.5492866635322571 0.26118309553279434 0.0220379034678142 0.026071504104969112
0 0.5761353969573975 0.2611665925473646 0.0220379034678142 0.026071504104969112
0 0.6033071279525757 0.2611498910265288 0.0220379034678142 0.026071504104969112
0 0.6302820444107056 0.2611333104807642 0.0220379034678142 0.026071504104969112
0 0.6577136516571045 0.26111644922300825 0.0220379034678142 0.026071504104969112
0 0.12175459414720535 0.3050144106842751 0.02157374719778697 0.026271893996600928
0 0.1485314518213272 0.3050850934760515 0.02161364257335663 0.02604854199313381
0 0.1753750741481781 0.3052075113465361 0.02161364257335663 0.02604854199313381
0 0.20169121026992798 0.3053275236647018 0.02161364257335663 0.02604854199313381
0 0.22838212549686432 0.30571963078924286 0.02164570987224579 0.02612999612970867
0 0.25478892773389816 0.30556967092114823 0.02164570987224579 0.02612999612970867
0 0.2818959951400757 0.30541573436282615 0.02164570987224579 0.02612999612970867
0 0.3089674115180969 0.3052620002608042 0.02164570987224579 0.02612999612970867
0 0.3354874849319458 0.3051113971444063 0.02164570987224579 0.02612999612970867
0 0.3615867495536804 0.3049631837316307 0.02164570987224579 0.02612999612970867
0 0.3888794183731079 0.3048851545466933 0.02120160063107812 0.02597930080206822
0 0.4152962565422058 0.3048900865535167 0.02120160063107812 0.02597930080206822
0 0.44187965989112854 0.3048950496579528 0.02120160063107812 0.02597930080206822
0 0.469457745552063 0.3049001984689417 0.02120160063107812 0.02597930080206822
0 0.4955550283193588 0.3049050708149755 0.021201600631078066 0.02597930080206822
0 0.5213439464569092 0.30500003903411155 0.021740992863972908 0.026539159375567768
0 0.5486201047897339 0.3043019716129747 0.02205769220987963 0.0260110899459484
0 0.5761159062385559 0.30412738977979814 0.02205769220987963 0.0260110899459484
0 0.6023871898651123 0.30396058289970185 0.02205769220987963 0.0260110899459484
0 0.6294131278991699 0.303788984417145 0.02205769220987963 0.0260110899459484
0 0.6568228602409363 0.30361494907113007 0.02205769220987963 0.0260110899459484
0 0.6841699481010437 0.30334929604225463 0.02220396200815844 0.025645352149194497
0 0.7115108966827393 0.30313794790698845 0.02220396200815844 0.025645352149194497
0 0.7389671206474304 0.30292570868203805 0.02220396200815844 0.025645352149194497
0 0.12159978598356247 0.3477497606613205 0.021338363488515213 0.02605935030205305
0 0.14867383241653442 0.34792387762735055 0.02140564719835919 0.026056851527487556
0 0.17519107460975647 0.3477741218861555 0.02139673630396527 0.025919359783793606
0 0.2024693787097931 0.3481176287628884 0.02139673630396527 0.025919359783793606
0 0.22894705832004547 0.348440125931141 0.021524161100387573 0.025900301083113822
0 0.2547961473464966 0.34836817977968765 0.021524161100387573 0.025900301083113822
0 0.281599223613739 0.3482935783814501 0.021524161100387573 0.025900301083113822
0 0.30858391523361206 0.34821847149051793 0.021524161100387573 0.025900301083113822
0 0.3361215889453888 0.3481418254763581 0.021524161100387573 0.025900301083113822
0 0.3630184233188629 0.34817597956622115 0.022024710973103878 0.026625877202943314
0 0.3890613615512848 0.34820904936322167 0.022024710973103878 0.026625877202943314
0 0.4423648416996002 0.3482767350925427 0.022024710973103878 0.026625877202943314
0 0.46873989701271057 0.3483102266178575 0.022024710973103878 0.026625877202943314
0 0.4953867197036743 0.348426153493482 0.021714131037394224 0.026718006577602652
0 0.5213583111763 0.3484989204184949 0.02171413103739428 0.026718006577602652
0 0.5487903356552124 0.3478648828905682 0.022503256797790527 0.02645791223806931
0 0.5750081539154053 0.3476916521075744 0.022503256797790527 0.02645791223806931
0 0.6026198863983154 0.34750921121984074 0.022503256797790527 0.02645791223806931
0 0.6294708847999573 0.34733179678241044 0.022503256797790527 0.02645791223806931
0 0.6565380692481995 0.3471529539241347 0.022503256797790527 0.02645791223806931
0 0.12184853851795197 0.3906507713850154 0.02125849326451619 0.024734083072159695
0 0.14865927398204803 0.3906469231082067 0.021258493264516176 0.024734083072159695
0 0.17509585618972778 0.3906073902928552 0.02150078614552814 0.024970446446145173
0 0.2020195573568344 0.39074765376066534 0.02150078614552814 0.024970446446145173
0 0.22877375781536102 0.39088703418654025 0.02150078614552814 0.024970446446145173
0 0.2554686665534973 0.39102610572240554 0.021500786145528167 0.024970446446145173
0 0.28218942880630493 0.39116531194642534 0.02140710751215613 0.025730162627937314
0 0.3092208802700043 0.39112978998417314 0.02140710751215613 0.025730162627937314
0 0.33584997057914734 0.3910947967637003 0.02140710751215613 0.025730162627937314
0 0.36258670687675476 0.39105966208590515 0.02140710751215613 0.025730162627937314
0 0.38919177651405334 0.39102470043093657 0.02140710751215613 0.025730162627937314
0 0.4159374535083771 0.39160156186783535 0.021627267201741573 0.02530965878981958
0 0.44230952858924866 0.3914916459904161 0.021627267201741573 0.02530965878981958
0 0.469087690114975 0.3918848472940761 0.021382838487625122 0.025385686593462384
0 0.49523158371448517 0.3916342535684275 0.021382838487625122 0.025385686593462384
0 0.5215007066726685 0.39138245949779477 0.021382838487625122 0.025385686593462384
0 0.5482358336448669 0.3910396638818151 0.02170165379842115 0.025688289671905336
0 0.5751374363899231 0.3908683421999909 0.02170165379842115 0.025688289671905336
0 0.6019704937934875 0.39069745704617953 0.02170165379842115 0.025688289671905336
0 0.6287763118743896 0.3905267453648044 0.02170165379842115 0.025688289671905336
0 0.6569007635116577 0.3903476360232331 0.02170165379842115 0.025688289671905336
0 0.12123894691467285 0.4753174892691679 0.022149960199991867 0.026498306629269622
0 0.14832580089569092 0.4753310389134924 0.02214996019999188 0.026498306629269622
0 0.17524637281894684 0.4753445053786207 0.02214996019999188 0.026498306629269622
0 0.22906553745269775 0.475371427314226 0.02214996019999188 0.026498306629269622
0 0.2824724018573761 0.4753981430050802 0.022149960199991825 0.026498306629269622
0 0.30902567505836487 0.4758286143458167 0.021609624226888058 0.02613632438718805
0 0.33547133207321167 0.47579991199479166 0.021609624226888058 0.02613632438718805
0 0.36228147149086 0.4757708140588938 0.021609624226888058 0.02613632438718805
0 0.41583818197250366 0.47571268717994636 0.021609624226888058 0.02613632438718805
0 0.4422599971294403 0.47568401070528255 0.021609624226888058 0.02613632438718805
0 0.4686254858970642 0.475729076362267 0.02199012041091919 0.02592474175978071
0 0.4949450045824051 0.4757710744872898 0.02199012041091919 0.02592474175978071
0 0.5208858847618103 0.4758124684178552 0.02199012041091919 0.02592474175978071
0 0.5478869676589966 0.47558797791946766 0.02202816804250074 0.025758018789365365
0 0.5745410919189453 0.47570590723539785 0.02202816804250074 0.025758018789365365
0 0.601341962814331 0.47582448582159337 0.02202816804250074 0.025758018789365365
0 0.6279680728912354 0.4759422911907223 0.02202816804250074 0.025758018789365365
0 0.6553899645805359 0.4760636174401572 0.02202816804250074 0.025758018789365365
0 0.12080124765634537 0.517380204311637 0.02214478453000386 0.027052058730014535
0 0.17517337203025818 0.5173515497251998 0.02174168825149536 0.026583797247834853
0 0.20161911845207214 0.5175775086936875 0.021366313099861145 0.02647166289100346
0 0.2287139892578125 0.5175849116125772 0.021366313099861145 0.02647166289100346
0 0.25495385378599167 0.5175713383874228 0.021230424443880708 0.02641544785610465
0 0.2817726135253906 0.5175978173878696 0.02123042444388068 0.02641544785610465
0 0.30826428532600403 0.5176239734441622 0.02123042444388068 0.02641544785610465
0 0.3352833390235901 0.5176506502010996 0.02123042444388068 0.02641544785610465
0 0.3616982698440552 0.517676730488622 0.02123042444388068 0.02641544785610465
0 0.3886822462081909 0.5177406488462936 0.02120131254196167 0.026371002197265625
0 0.442007452249527 0.5178295058853897 0.02120131254196167 0.026371002197265625
0 0.4947562962770462 0.5178187319823288 0.021640578905741392 0.025889877201050696
0 0.5208386778831482 0.5179194073344386 0.021739602088928223 0.02584090713382686
0 0.5472151041030884 0.5180207824671679 0.021739602088928223 0.02584090713382686
0 0.5749656558036804 0.5181274389125292 0.021739602088928223 0.02584090713382686
0 0.6010854840278625 0.518227827836753 0.021739602088928223 0.02584090713382686
0 0.6275705099105835 0.5183296203613281 0.021739602088928223 0.02584090713382686
0 0.6553418636322021 0.5184385710283933 0.02193971474965406 0.025444858758024522
0 0.12068456411361694 0.5608478812284248 0.022412906090418502 0.026389750399330846
0 0.17457862198352814 0.5606791046661959 0.022412906090418516 0.026389750399330846
0 0.20109626650810242 0.5605960610606824 0.022412906090418516 0.026389750399330846
0 0.2277088463306427 0.5605127201523892 0.022412906090418516 0.026389750399330846
0 0.2537061348557472 0.5604313061123639 0.02241290609041849 0.026389750399330846
0 0.2813025414943695 0.5605677733213589 0.02203303575515747 0.02621610774550327
0 0.30793920159339905 0.5605951353561046 0.02203303575515747 0.02621610774550327
0 0.3347965180873871 0.5606227240562027 0.02203303575515747 0.02621610774550327
0 0.3886718153953552 0.5599971423210746 0.022076701124509213 0.026371800622274708
0 0.41500192880630493 0.5604770128117051 0.02128545443216956 0.02656759217728016
0 0.44147157669067383 0.5606752729498569 0.02128545443216956 0.02656759217728016
0 0.4675998091697693 0.5608709758546931 0.02128545443216956 0.02656759217728016
0 0.49430787563323975 0.5610710217702998 0.021285454432169615 0.02656759217728016
0 0.5210545659065247 0.5612713569818542 0.02128545443216967 0.02656759217728016
0 0.5474444627761841 0.5609746533770894 0.021578192710876465 0.026407108750454215
0 0.12014880776405334 0.6027001225671103 0.022492731610933944 0.02571212413699128
0 0.17442868649959564 0.6028412220089935 0.021931553880373655 0.025744031566057965
0 0.20085935294628143 0.6032159248807911 0.021985217928886414 0.025736845740976205
0 0.22759442031383514 0.6032079652298329 0.021985217928886414 0.025736845740976205
0 0.2540429010987282 0.6032000909023613 0.021985217928886414 0.025736845740976205
0 0.2809240520000458 0.6031920877589395 0.021985217928886414 0.025736845740976205
0 0.3074515461921692 0.6031841899073401 0.021985217928886414 0.025736845740976205
0 0.3341246545314789 0.6031762487030246 0.021985217928886414 0.025736845740976205
0 0.3615829050540924 0.6028787923413653 0.02152870098749793 0.025888309922329215
0 0.38860175013542175 0.602804139603016 0.0217152635256449 0.025779457979424054
0 0.41520997881889343 0.6029439150709084 0.0217152635256449 0.025779457979424054
0 0.4677632451057434 0.6032199822030692 0.0217152635256449 0.025779457979424054
0 0.49400317668914795 0.6033578229724856 0.021715263525644957 0.025779457979424054
0 0.5207245349884033 0.603498192720635 0.021715263525645012 0.025779457979424054
0 0.5475409626960754 0.6032414103663245 0.022269248962402344 0.025864298029463474
0 0.11899300292134285 0.6885980561722157 0.02355218678712845 0.026951752891836295
0 0.17285887897014618 0.688683564482342 0.02355218678712845 0.026951752891836295
0 0.19934849441051483 0.6889580127804779 0.022124787171681704 0.026317773863326673
0 0.253023236989975 0.6889685990571124 0.02212478717168173 0.026317773863326673
0 0.28016600012779236 0.6889739524279045 0.02212478717168176 0.026317773863326673
0 0.30750128626823425 0.6890350950930502 0.021575987339019775 0.026338385057079753
0 0.33361345529556274 0.6889844938766124 0.021575987339019775 0.026338385057079753
0 0.36024209856987 0.6889328918155062 0.021575987339019775 0.026338385057079753
0 0.38754260540008545 0.6888799877900487 0.021575987339019775 0.026338385057079753
0 0.41418585181236267 0.6888283574303915 0.021575987339019775 0.026338385057079753
0 0.4674464464187622 0.6887251468976909 0.021575987339019775 0.026338385057079753
0 0.49334293603897095 0.6898154027022853 0.021814068158467592 0.02691121064415279
0 0.5198717713356018 0.6901252279308827 0.021814068158467537 0.02691121064415279
0 0.5472057461738586 0.6904444562312603 0.021814068158467537 0.02691121064415279
0 0.5738797783851624 0.6907559771870457 0.021814068158467537 0.02691121064415279
0 0.6014896035194397 0.690931896830714 0.022087812423706055 0.027076543763626452
0 0.6292690634727478 0.6909629466921784 0.022546768188476562 0.027037361795588112
0 0.1185927502810955 0.7313719904699991 0.022815488278865814 0.026768514352251364
0 0.17206278443336487 0.731148692097141 0.02229167024294537 0.026966346326724476
0 0.19935615360736847 0.7314577989800032 0.02229167024294537 0.026966346326724476
0 0.22561447322368622 0.732129489974516 0.022032042344411196 0.026961097421572218
0 0.2520027160644531 0.7320828105128089 0.022032042344411223 0.026961097421572218
0 0.279190331697464 0.7320347170012208 0.02203204234441125 0.026961097421572218
0 0.3058527112007141 0.7319875526056772 0.02203204234441125 0.026961097421572218
0 0.33243176341056824 0.7316621431863338 0.021612226963043213 0.02691737625950064
0 0.3596666753292084 0.732018226800963 0.021612226963043213 0.02691737625950064
0 0.38656559586524963 0.7323699174869 0.021612226963043213 0.026917376259500723
0 0.413095086812973 0.7327167780553923 0.021612226963043213 0.026917376259500723
0 0.43950188159942627 0.7330620344295058 0.021612226963043213 0.02691737625950064
0 0.4666479527950287 0.7334169564936267 0.021612226963043213 0.02691737625950064
0 0.5202561020851135 0.7334879719933798 0.022164980570475334 0.02676484751146893
0 0.5473966002464294 0.7335413555766261 0.022587617238362556 0.02705296065456186
0 0.6016240119934082 0.7345145330191319 0.022587617238362556 0.027052960654561777
0 0.6281722187995911 0.7349909731657372 0.022587617238362556 0.02705296065456186
0 0.6554906368255615 0.7354812356977546 0.022587617238362556 0.027052960654561777
0 0.6833711862564087 0.7359815863675849 0.022587617238362556 0.02705296065456186
0 0.7106719017028809 0.736471674689845 0.02241738637288404 0.02670898733212972
0 0.738795280456543 0.7357692053151685 0.02291393280029297 0.026540460512619636
0 0.11706766858696938 0.7750042373415045 0.022620369990666703 0.027409871419270725
0 0.17127306759357452 0.7755136711652889 0.02226683497428894 0.027509290118550144
0 0.1982256919145584 0.7755718640596254 0.02226683497428894 0.027509290118550144
0 0.2235635668039322 0.7756265705794277 0.02226683497428894 0.027509290118550144
0 0.2789676785469055 0.7757461925346804 0.02226683497428894 0.027509290118550144
0 0.3053455948829651 0.7755240399860782 0.022102614243825314 0.027540872263353923
0 0.35929813981056213 0.7761102720748546 0.022102614243825314 0.027540872263353923
0 0.3857581913471222 0.7763977790182662 0.022102614243825314 0.027540872263353923
0 0.4132078289985657 0.7766960385060839 0.022102614243825314 0.027540872263353923
0 0.44020915031433105 0.7769894267237464 0.022102614243825314 0.027540872263353923
0 0.46665772795677185 0.7772768089952833 0.022102614243825314 0.027540872263353923
0 0.49323268234729767 0.7778772312947916 0.022254188855489077 0.02767506680747346
0 0.5199052691459656 0.7779668688410268 0.021883736054102654 0.027485692223837208
0 0.5746362805366516 0.778435463129088 0.021883736054102654 0.027485692223837208
0 0.601754903793335 0.7786676465226571 0.021883736054102654 0.027485692223837208
0 0.6287591457366943 0.7789933847826581 0.022418737411499023 0.02767276024633611
0 0.656912624835968 0.7792975838008409 0.022418737411499023 0.02767276024633611
0 0.11727435514330864 0.8179555493731832 0.022652613619963333 0.02607384023740299
0 0.1451805680990219 0.8180506506631541 0.02260485291481018 0.026621382365855026
0 0.19759753346443176 0.8186263889101072 0.02260485291481018 0.026621382365855026
0 0.22430124878883362 0.8189196975772693 0.02260485291481018 0.026621382365855026
0 0.251364566385746 0.8192169560492423 0.02260485291481018 0.026621382365855026
0 0.27824556827545166 0.8195122119992279 0.02260485291481018 0.026621382365855026
0 0.30514147877693176 0.819540137698192 0.0219687819480896 0.026228557261385548
0 0.33206117153167725 0.8195680880899825 0.0219687819480896 0.026228557261385548
0 0.35880783200263977 0.8192887186674992 0.022236208120981815 0.026589918506237997
0 0.3855613172054291 0.8196236366449401 0.022236208120981815 0.026589918506237997
0 0.4121851325035095 0.8199569313279991 0.022236208120981815 0.026589918506237997
0 0.43937912583351135 0.8202973638800791 0.022236208120981815 0.026589918506237997
0 0.493453711271286 0.820974305618641 0.02223620812098187 0.026589918506237997
0 0.5201875567436218 0.8213089777328324 0.022236208120981926 0.026589918506237997
0 0.5468213558197021 0.8218912523846293 0.021586060523986816 0.026317803434623196
0 0.5743833780288696 0.8222377685583463 0.021852076053619385 0.026758060898891715
0 0.6018126606941223 0.8226659907851108 0.021852076053619385 0.026758060898891715
0 0.6291906237602234 0.8230078531068762 0.02164192994435621 0.026363579801810696
0 0.6573439836502075 0.8238620091963412 0.021884799003601074 0.026812412942102824
