0 0.14612463116645813 0.08276580655297568 0.02152380347251892 0.025133543236311093
0 0.17203868925571442 0.08237910825152729 0.021148681640625 0.024662261785462845
0 0.11818154901266098 0.12279520965213998 0.021616940697034195 0.02466096804123515
0 0.1697450876235962 0.12248368629180631 0.02097165584564209 0.024816986202269575
0 0.19545455276966095 0.122215049211369 0.02097165584564209 0.024816986202269575
0 0.22116993367671967 0.12194635031740297 0.02097165584564209 0.024816986202269575
0 0.2463381364941597 0.12168336886343967 0.02097165584564209 0.024816986202269575
0 0.2978868782520294 0.12114473830821902 0.02097165584564209 0.024816986202269575
0 0.3232690095901489 0.12087952152446993 0.02097165584564209 0.024816986202269575
0 0.37654849886894226 0.12078665496638127 0.020983397960662842 0.025076533472815226
0 0.4023360013961792 0.12066926512607308 0.020983397960662842 0.025076533472815226
0 0.4285781979560852 0.12054980542809535 0.020983397960662842 0.025076533472815226
0 0.48018723726272583 0.12006098583461787 0.021173914273579952 0.025047073068544833
0 0.5059732645750046 0.11952504446340162 0.021474053462346376 0.025270713392154205
0 0.53233802318573 0.11950449283115461 0.02147405346234632 0.025270713392154205
0 0.5587681531906128 0.11948389024115479 0.02147405346234632 0.025270713392154205
0 0.5853704810142517 0.11946315342097683 0.02147405346234632 0.025270713392154205
0 0.6116999983787537 0.11944262925968614 0.02147405346234632 0.025270713392154205
0 0.194289892911911 0.16199208414831825 0.021464804808298765 0.025470718856929822
0 0.2456933706998825 0.16198631980749273 0.021464804808298737 0.025470718856929822
0 0.2712753117084503 0.16198345107110956 0.02146480480829871 0.025470718856929822
0 0.2971336245536804 0.1619805513426315 0.02146480480829871 0.025470718856929822
0 0.32328927516937256 0.16197761827095716 0.02146480480829871 0.025470718856929822
0 0.37561777234077454 0.16114932555470426 0.021501998106638553 0.025117437968882494
0 0.40216830372810364 0.1608559962372164 0.02121800184249878 0.025354740231536155
0 0.4280018210411072 0.16065100736396257 0.02121800184249878 0.025354740231536155
0 0.47947415709495544 0.16004274129391802 0.021345893541971805 0.02520465850830078
0 0.5054788589477539 0.15993394408115122 0.02122342586517334 0.02512554050415984
0 0.5317836999893188 0.15982526082658968 0.02122342586517334 0.02512554050415984
0 0.5582146644592285 0.15971605647005124 0.02122342586517334 0.02512554050415984
0 0.5853531360626221 0.15960392891858563 0.02122342586517334 0.02512554050415984
0 0.6374917030334473 0.15938850890758427 0.02122342586517334 0.02512554050415984
0 0.664627730846405 0.15927581702509244 0.021287838617960686 0.02500851949055991
0 0.691150963306427 0.15899054149887337 0.02121214071909594 0.02435841671256132
0 0.7182276248931885 0.15878972566963145 0.02121214071909594 0.02435841671256132
0 0.7449157238006592 0.1585917916408805 0.02121214071909594 0.02435841671256132
0 0.7715679407119751 0.15830356021260106 0.02130512396494555 0.024906173232913928
0 0.7982842326164246 0.15807289205514855 0.021359562873840332 0.024623375530390762
0 0.11477059498429298 0.20386948696402615 0.021085001528263092 0.025282896766366914
0 0.16722095012664795 0.20350136080311615 0.021085001528263092 0.025282896766366914
0 0.19280023872852325 0.20332183093556305 0.021085001528263092 0.025282896766366914
0 0.21869578957557678 0.2031400813612827 0.021085001528263092 0.025282896766366914
0 0.24491146206855774 0.2029560849928249 0.021085001528263092 0.025282896766366914
0 0.2962460219860077 0.20245787154796513 0.021328747272491455 0.02623957256938136
0 0.3220711052417755 0.20240906912238532 0.02125086386998498 0.02628662050232404
0 0.3485319912433624 0.2023269298464753 0.02125086386998498 0.02628662050232404
0 0.3749423027038574 0.20224494756289663 0.02125086386998498 0.02628662050232404
0 0.40109390020370483 0.20214570954788563 0.02101854483286536 0.025461551754973655
0 0.45308780670166016 0.20188036897529268 0.02101854483286536 0.025461551754973655
0 0.478674054145813 0.2017497946444795 0.02101854483286536 0.025461551754973655
0 0.5047856569290161 0.20161653926706163 0.021018544832865416 0.025461551754973655
0 0.5314493775367737 0.20148046626601107 0.02101854483286547 0.025461551754973655
0 0.5577566027641296 0.20130525485762896 0.021196524302164788 0.025524331617725014
0 0.193011075258255 0.24482852214513062 0.021114617586135864 0.025744223779486104
0 0.21780230104923248 0.24470471226891807 0.021114617586135864 0.025744223779486104
0 0.24381282180547714 0.2445748131109577 0.021114617586135864 0.025744223779486104
0 0.2957010567188263 0.24431567804455664 0.021114617586135864 0.025744223779486104
0 0.32195553183555603 0.2441845605539721 0.021114617586135864 0.025744223779486104
0 0.3479807376861572 0.24405458805717284 0.021114617586135864 0.025744223779486104
0 0.3741576075553894 0.24376534807941014 0.021566112836202023 0.025882632233375728
0 0.40002691745758057 0.2436245744194949 0.021566112836202023 0.025882632233375728
0 0.4260428547859192 0.24348300285350868 0.021566112836202023 0.025882632233375728
0 0.4529690444469452 0.24333647794501725 0.02188982566197717 0.025985303775284616
0 0.5051150321960449 0.24311074877191438 0.021889825661977114 0.025985303775284616
0 0.5313820242881775 0.24299704440728745 0.021889825661977058 0.025985303775284616
0 0.558359682559967 0.24289137818092524 0.021452466646830315 0.025702868321145256
0 0.5846577882766724 0.24276715810193064 0.021452466646830315 0.025702868321145256
0 0.6373745799064636 0.2425181483789059 0.021452466646830315 0.025702868321145256
0 0.6640251278877258 0.2423922635257859 0.021452466646830315 0.025702868321145256
0 0.6907345652580261 0.24226610050644987 0.021452466646830315 0.025702868321145256
0 0.7175920605659485 0.24204626748728197 0.021135290463765388 0.025254256965578037
0 0.7443990111351013 0.24177661245290122 0.021135290463765388 0.025254256965578037
0 0.7715198993682861 0.2411120658697084 0.021514932314554924 0.024809268093848386
0 0.11463534459471703 0.28674701705867006 0.021564851204554245 0.025558072467182957
0 0.13992150127887726 0.28664429076971965 0.021740843852361025 0.02567924085513563
0 0.16603019833564758 0.28678796457689865 0.021740843852361025 0.02567924085513563
0 0.1918230950832367 0.28692990056343376 0.021740843852361025 0.02567924085513563
0 0.24343734979629517 0.28721392915602134 0.021740843852361053 0.02567924085513563
0 0.26937559247016907 0.28735666496809137 0.02174084385236108 0.02567924085513563
0 0.2953546643257141 0.2874996254594689 0.02174084385236108 0.02567924085513563
0 0.3211025893688202 0.2863679021204089 0.0211946964263916 0.026136856670527522
0 0.34838607907295227 0.28717868166633287 0.02087910970052087 0.026429612507191766
0 0.3738166391849518 0.28696625731712166 0.02087910970052087 0.026429612507191766
0 0.3999578058719635 0.286637638890466 0.021341820557912228 0.0260114743728046
0 0.42618992924690247 0.28642257039746666 0.021341820557912228 0.0260114743728046
0 0.4527452290058136 0.2862048522883123 0.021341820557912228 0.0260114743728046
0 0.47860386967658997 0.28599284585632867 0.021341820557912228 0.0260114743728046
0 0.5311782956123352 0.28556180554766986 0.02127218246459961 0.025948664938756635
0 0.5577470660209656 0.28548584556695994 0.02127218246459961 0.025948664938756635
0 0.5838240385055542 0.2854112916340365 0.02127218246459961 0.025948664938756635
0 0.6101060509681702 0.2853361514928492 0.02127218246459961 0.025948664938756635
0 0.6375482678413391 0.28525769433309867 0.02127218246459961 0.025948664938756635
0 0.19124488532543182 0.32833117108012355 0.02088332176208496 0.024756054545557776
0 0.21693217754364014 0.32801996275436046 0.020936926205952944 0.024887188460475742
0 0.2433164417743683 0.32814833175304325 0.02152260144551596 0.024884881899338386
0 0.26954901218414307 0.3281285447772667 0.021522601445515988 0.024884881899338386
0 0.2949972450733185 0.3281093494197448 0.021522601445515988 0.024884881899338386
0 0.3210093080997467 0.3284254517666129 0.021406133969624874 0.025700916615567494
0 0.3476092219352722 0.3282615158715243 0.021558354298273685 0.025498338447984825
0 0.4000374972820282 0.3280799111654592 0.021558354298273685 0.025498338447984825
0 0.4260326027870178 0.32798986751128323 0.021558354298273685 0.025498338447984825
0 0.4783006012439728 0.32780881798345485 0.021558354298273685 0.025498338447984825
0 0.5045504420995712 0.3277178919592569 0.02155835429827374 0.025498338447984825
0 0.5310363173484802 0.3276261483427133 0.021558354298273796 0.025498338447984825
0 0.5575412511825562 0.32746628745317 0.020968397458394294 0.025473661200944766
0 0.584013044834137 0.327365986136503 0.020968397458394294 0.025473661200944766
0 0.11067689210176468 0.41084449235783066 0.021380955974260957 0.025330536125242192
0 0.1371030956506729 0.41044226736424216 0.021265000104904175 0.025695238926613923
0 0.16352428495883942 0.41075644382210663 0.021265000104904175 0.025695238926613923
0 0.18995234370231628 0.41107070196497125 0.021265000104904175 0.025695238926613923
0 0.24248771369457245 0.41169540421679857 0.021265000104904175 0.025695238926613923
0 0.2689156234264374 0.41200966058775434 0.021265000104904175 0.025695238926613923
0 0.294143944978714 0.41230965256051205 0.021265000104904175 0.025695238926613923
0 0.320482075214386 0.4120429416825172 0.02127726872762048 0.02563627376112827
0 0.3468655049800873 0.41202973521421954 0.020627697308858273 0.025493444398392077
0 0.39937976002693176 0.41196778763172237 0.020947694778442383 0.025461980538774884
0 0.4249913692474365 0.4124941271404887 0.020793020725250244 0.02552478997282285
0 0.4772421717643738 0.4122829694418672 0.020793020725250244 0.02552478997282285
0 0.5032793879508972 0.41217774696903203 0.020793020725250244 0.02552478997282285
0 0.5302243828773499 0.41206885595025405 0.020793020725250244 0.02552478997282285
0 0.5561227202415466 0.4119641947191815 0.020793020725250244 0.02552478997282285
0 0.5828331708908081 0.411953369172564 0.021611293156941658 0.025322522303854827
0 0.6097375154495239 0.4119424650421897 0.021611293156941658 0.025322522303854827
0 0.6365642547607422 0.4119315923646439 0.021611293156941658 0.025322522303854827
0 0.6631326675415039 0.41192082438491606 0.021611293156941658 0.025322522303854827
0 0.18977810442447662 0.4531374752298946 0.021574685970942198 0.026032972705456583
0 0.21569910645484924 0.4538215724754798 0.021681596835454287 0.026032765706380263
0 0.24239961802959442 0.45372798830963845 0.021681596835454314 0.026032765706380263
0 0.2685439884662628 0.45363635339500724 0.021681596835454342 0.026032765706380263
0 0.2942156493663788 0.453546375307345 0.021681596835454342 0.026032765706380263
0 0.3208256661891937 0.4534531083217887 0.021681596835454342 0.026032765706380263
0 0.3468852639198303 0.45336177053191323 0.021681596835454342 0.026032765706380263
0 0.3727521002292633 0.4537796641505042 0.021265407403310177 0.025916727938393346
0 0.39963728189468384 0.45446857962203724 0.02103634675343835 0.025893928468689494
0 0.45146363973617554 0.45437972490177597 0.02103634675343835 0.025893928468689494
0 0.4773930013179779 0.4543352697969633 0.02103634675343835 0.025893928468689494
0 0.5032225251197815 0.45429098586099953 0.021036346753438295 0.025893928468689494
0 0.529571533203125 0.45424581128497454 0.02103634675343824 0.025893928468689494
0 0.5561412572860718 0.45420025829805566 0.02103634675343824 0.025893928468689494
0 0.582511842250824 0.45377783424512985 0.02086295684178663 0.02586252375166551
0 0.6094282269477844 0.45304360500601837 0.02160823345184326 0.02578333181928289
0 0.11005358397960663 0.4947594158073015 0.021329566836357117 0.025183951207833753
0 0.16257032752037048 0.4952103814413381 0.021329566836357117 0.025183951207833753
0 0.18912078440189362 0.4954383724174398 0.021329566836357117 0.025183951207833753
0 0.21566130220890045 0.49560085562772527 0.021549026171366392 0.025628348653630638
0 0.24251743406057358 0.4957143825894656 0.021549026171366364 0.025628348653630638
0 0.2683429419994354 0.49582355287012597 0.021549026171366337 0.025628348653630638
0 0.29416894912719727 0.4959327252609711 0.021549026171366337 0.025628348653630638
0 0.32037249207496643 0.4957136672446956 0.021055658658345577 0.025902445002119724
0 0.3463570177555084 0.49584974244583485 0.021088461081186893 0.026475004447523067
0 0.3995445966720581 0.4959471290030029 0.021088461081186893 0.026475004447523067
0 0.4254571199417114 0.4959945748819125 0.021088461081186893 0.026475004447523067
0 0.45155781507492065 0.49604236530385865 0.021088461081186893 0.026475004447523067
0 0.477077841758728 0.4960890925207803 0.021088461081186893 0.026475004447523067
0 0.5030846148729324 0.4962818912103877 0.021473079919815063 0.02539795868156487
0 0.5293119549751282 0.4962883882744368 0.021473079919815063 0.02539795868156487
0 0.18789221346378326 0.5371034311693769 0.02154568831125897 0.0260564523149831
0 0.2408565655350685 0.5371942823746124 0.021545688311258943 0.0260564523149831
0 0.26746201515197754 0.5372665316559547 0.02129262685775757 0.026017625202504183
0 0.29285284876823425 0.5374308953835126 0.02129262685775757 0.026017625202504183
0 0.3196446895599365 0.5376043283194774 0.02129262685775757 0.026017625202504183
0 0.34637847542762756 0.5377773854456575 0.02129262685775757 0.026017625202504183
0 0.37199294567108154 0.5371290795437564 0.02116847038269043 0.025773780290470567
0 0.3989230990409851 0.5372812581616778 0.02116847038269043 0.025773780290470567
0 0.4511012136936188 0.5375761095598307 0.02116847038269043 0.025773780290470567
0 0.4772146940231323 0.537723673269962 0.02116847038269043 0.025773780290470567
0 0.502812385559082 0.5378683223280796 0.02116847038269043 0.025773780290470567
0 0.5293115973472595 0.5380180657539912 0.02116847038269043 0.025773780290470567
0 0.5561184287071228 0.5379656858222429 0.021094997723897224 0.02600446597550272
0 0.5822042226791382 0.5379399587941724 0.021343469619750977 0.025590231252271077
0 0.6092685461044312 0.5379643793461802 0.021343469619750977 0.025590231252271077
0 0.10758943110704422 0.5782707125641579 0.02164815366268158 0.025531946226607923
0 0.1348058320581913 0.5783983159748415 0.02164815366268158 0.025531946226607923
0 0.1874600350856781 0.5786451838801607 0.02164815366268158 0.025531946226607923
0 0.21369431912899017 0.578768182660447 0.02164815366268158 0.025531946226607923
0 0.24015482515096664 0.578892242076785 0.02164815366268158 0.025531946226607923
0 0.26666945219039917 0.5786170359796865 0.02104606231053674 0.02594703851744186
0 0.31877338886260986 0.5788646077000817 0.02104606231053674 0.02594703851744186
0 0.344675749540329 0.5789876826998774 0.02104606231053674 0.02594703851744186
0 0.3980220854282379 0.5792411576769341 0.02104606231053674 0.02594703851744186
0 0.42460837960243225 0.57936748238497 0.02104606231053674 0.02594703851744186
0 0.45078063011169434 0.5792875068132267 0.021262268225351932 0.02625993240711301
0 0.4766915440559387 0.5794810449084314 0.021262268225351932 0.02625993240711301
0 0.5026790648698807 0.579675155208371 0.021262268225351988 0.02625993240711301
0 0.5288041830062866 0.579870293273049 0.021262268225352043 0.02625993240711301
0 0.555684506893158 0.580071072245753 0.021262268225352043 0.02625993240711301
0 0.5826892256736755 0.5801606761374245 0.02106615900993347 0.02608238634212991
0 0.1864650696516037 0.6208300923192224 0.022134174903233828 0.027059303697689503
0 0.23938414454460144 0.6214663039806277 0.021489401658376067 0.026701934577882808
0 0.2659314274787903 0.6217827464258948 0.021574735641479492 0.026549731114113923
0 0.2919578552246094 0.6215681249922786 0.021574735641479492 0.026549731114113923
0 0.317526251077652 0.6213572806218242 0.021574735641479492 0.026549731114113923
0 0.34447020292282104 0.6211350930197156 0.021574735641479492 0.026549731114113923
0 0.37122035026550293 0.621144133477913 0.021162917216618893 0.026830214862675686
0 0.39734870195388794 0.6213595368141351 0.021162917216618893 0.026830214862675686
0 0.42431947588920593 0.6215818851182092 0.021162917216618893 0.026830214862675686
0 0.4504430294036865 0.6217972488980644 0.021162917216618893 0.026830214862675686
0 0.5024618059396744 0.6222260940906613 0.021162917216618837 0.026830214862675686
0 0.528639018535614 0.6224419002384586 0.021162917216618782 0.026830214862675686
0 0.5554389357566833 0.6227027981780296 0.021855155626932854 0.026670056720112644
0 0.5822280049324036 0.6229879244770709 0.021855155626932854 0.026670056720112644
0 0.6088910102844238 0.623271709030669 0.021855155626932854 0.026670056720112644
0 0.6359978914260864 0.6235602179238963 0.021855155626932854 0.026670056720112644
0 0.6637279391288757 0.6238553594169385 0.021855155626932854 0.026670056720112644
0 0.6907991170883179 0.6243808423526246 0.021809816360473633 0.026756937189619724
0 0.10514181107282639 0.6638266097667606 0.022135943174362183 0.02626445681549782
0 0.1579098403453827 0.6639506780722666 0.022135943174362183 0.02626445681549782
0 0.18425944447517395 0.6634614543254693 0.02152747909228009 0.027068234229272705
0 0.21095886826515198 0.6638976252356241 0.02152747909228009 0.027068234229272705
0 0.2377861589193344 0.6643358850225642 0.02152747909228009 0.027068234229272705
0 0.2639002799987793 0.6647624942276433 0.021527479092280033 0.027068234229272705
0 0.28997209668159485 0.6651884123336437 0.021527479092280033 0.027068234229272705
0 0.31682416796684265 0.6656270769454404 0.021527479092280033 0.027068234229272705
0 0.3703400194644928 0.6645207959552144 0.021915634473164913 0.027541995972625914
0 0.39716678857803345 0.6648044142934167 0.021915634473164913 0.027541995972625914
0 0.44957154989242554 0.665448388095725 0.021638015906015995 0.027284045552098474
0 0.4761030972003937 0.665638945823492 0.021638015906015995 0.027284045552098474
0 0.5027425140142441 0.6658302783032062 0.02163801590601605 0.027284045552098474
0 0.5291252136230469 0.6660197669610464 0.021638015906016106 0.027284045552098474
0 0.5558087825775146 0.6662114165550055 0.021638015906016106 0.027284045552098474
0 0.5823915004730225 0.6664023418056605 0.021638015906016106 0.027284045552098474
0 0.6091892123222351 0.6671647207823456 0.021651794513066536 0.02695420730945676
0 0.6369693875312805 0.6664715700371321 0.022237539291381836 0.026964143265125362
0 0.1833866834640503 0.7070405206014944 0.022366811831792177 0.026649741239325946
0 0.23642034828662872 0.7074602470536273 0.022366811831792177 0.026649741239325946
0 0.26300451159477234 0.7076706431593006 0.022366811831792233 0.026649741239325946
0 0.2893926501274109 0.7078794878582622 0.022366811831792233 0.026649741239325946
0 0.3160378634929657 0.7080903671348436 0.022366811831792233 0.026649741239325946
0 0.3429400324821472 0.7080032200852084 0.02166163921356201 0.026168616243111016
0 0.36966532468795776 0.7078537788311606 0.02182414134343469 0.026537429454714753
0 0.3963735103607178 0.7081266891124637 0.02182414134343469 0.026537429454714753
0 0.449409544467926 0.7086686233031548 0.02182414134343469 0.026537429454714753
0 0.47598758339881897 0.7089402037156167 0.02182414134343469 0.026537429454714753
0 0.5020238757133484 0.7092062484386356 0.021824141343434633 0.026537429454714753
0 0.5290461182594299 0.7094823678240947 0.021824141343434578 0.026537429454714753
0 0.5559186935424805 0.7099248921036151 0.022238214810689216 0.026293702827867558
0 0.582619845867157 0.7102809303042936 0.022238214810689216 0.026293702827867558
0 0.6097710728645325 0.7106429698855378 0.022238214810689216 0.026293702827867558
0 0.6379290223121643 0.7110644052194994 0.022705396016438728 0.0266571044921875
0 0.10125377029180527 0.7929269657578579 0.021950259804725647 0.026620317799176247
0 0.12795892730355263 0.793591344079306 0.021363762517770127 0.026119439176810696
0 0.18107646703720093 0.7939203984345564 0.021363762517770113 0.026119439176810696
0 0.2075357884168625 0.7940843095452857 0.021363762517770113 0.026119439176810696
0 0.23372827470302582 0.7942465676568345 0.021363762517770113 0.026119439176810696
0 0.2609545588493347 0.7944152299747911 0.02136376251777017 0.026119439176810696
0 0.2868281602859497 0.7944916983106012 0.02165759603182471 0.02653952901677579
0 0.31447023153305054 0.794589641482331 0.02204662561416626 0.027292355086452388
0 0.3408139944076538 0.7947828603345294 0.02172098557154334 0.02714012205138698
0 0.3945029377937317 0.7956128235929074 0.02172098557154334 0.02714012205138698
0 0.4215785264968872 0.796031377999184 0.02172098557154334 0.02714012205138698
0 0.448775976896286 0.7964518162333794 0.02172098557154334 0.02714012205138698
0 0.47507214546203613 0.7968583217886991 0.02172098557154334 0.02714012205138698
0 0.5016299039125443 0.7972756190126562 0.021623690923054995 0.02772244002467913
0 0.5292292237281799 0.7977232479744181 0.02162369092305494 0.02772244002467913
0 0.5564600229263306 0.7981648999591207 0.02162369092305494 0.02772244002467913
0 0.5838634967803955 0.7980835493220839 0.02158874273300171 0.0274608523346657
0 0.610698938369751 0.7988896924395894 0.02169453104337049 0.027869586796723484
0 0.6387194991111755 0.7995694427643493 0.023074984550476074 0.02756346473398146
0 0.6664682030677795 0.8000432391499364 0.023074984550476074 0.02756346473398146
0 0.09999533742666245 0.8370689280616156 0.021593960622946412 0.02552186241445604
0 0.12663191184401512 0.8377316117439477 0.02146972219149272 0.025850695233012356
0 0.15297719836235046 0.8376876476199128 0.021469722191492735 0.025850695233012356
0 0.1796688735485077 0.8376431054541724 0.021469722191492735 0.025850695233012356
0 0.20657779276371002 0.837598200758936 0.021469722191492735 0.025850695233012356
0 0.2339419573545456 0.8375525363655978 0.021469722191492735 0.025850695233012356
0 0.2603538855910301 0.8375084610321153 0.021469722191492707 0.025850695233012356
0 0.2863590717315674 0.8386477980502817 0.021852076053619385 0.026140493940013432
0 0.3133893311023712 0.8388462566474308 0.021852076053619385 0.026140493940013432
0 0.3403873145580292 0.839044478271906 0.021852076053619385 0.026140493940013432
0 0.3939453959465027 0.8394377065259356 0.021852076053619385 0.026140493940013432
0 0.42095404863357544 0.8396360064848682 0.021852076053619385 0.026140493940013432
0 0.4486837089061737 0.8406731003185914 0.021417488654454586 0.026357428972111192
0 0.4756039083003998 0.8409706320058926 0.021644900242487553 0.02704803703367259
0 0.5018676668405533 0.8413735323174055 0.021644900242487608 0.02704803703367259
0 0.5291029214859009 0.8417913359064831 0.021644900242487664 0.02704803703367259
0 0.5563293099403381 0.8422090034833798 0.021644900242487664 0.02704803703367259
0 0.5833439230918884 0.842623422312182 0.021644900242487664 0.02704803703367259
0 0.6104456782341003 0.8430391779464204 0.021644900242487664 0.02704803703367259
