0 0.8185185194015503 0.05365088789962059 0.021282315254211426 0.023589114810145178
0 0.8451228141784668 0.05277849352637003 0.02256155014038086 0.024426205213679823
0 0.39828014373779297 0.1462494606195494 0.021014918883641598 0.023674366086028343
0 0.42400237917900085 0.14600059597991233 0.021164854367574093 0.023990194926890307
0 0.4508678615093231 0.1450904200965468 0.02112053831418359 0.024201688840407746
0 0.47695696353912354 0.14458316980406297 0.02112053831418359 0.024201688840407746
0 0.5030234903097153 0.14407635844224156 0.021120538314183535 0.024201688840407746
0 0.5295378565788269 0.14356083973908082 0.02112053831418348 0.024201688840407746
0 0.5556806921958923 0.1430525447047034 0.02112053831418348 0.024201688840407746
0 0.5815683603286743 0.14254921089056605 0.02112053831418348 0.024201688840407746
0 0.11550326645374298 0.23374042954555777 0.02122112115224202 0.02448745845824246
0 0.1408127099275589 0.2332794814717399 0.021221121152242006 0.02448745845824246
0 0.16694846749305725 0.23280348415792887 0.021221121152242006 0.02448745845824246
0 0.19196772575378418 0.23234782108040744 0.021221121152242006 0.02448745845824246
0 0.2175014764070511 0.2318827878135501 0.021221121152242006 0.02448745845824246
0 0.2429724633693695 0.2316098324088163 0.021383812030156463 0.02454355520795485
0 0.11529301106929779 0.274326901103175 0.02113975087801616 0.025463961815649253
0 0.14102023839950562 0.2744257727334666 0.020901416738828005 0.025364750115446314
0 0.16703927516937256 0.2741458509828318 0.020901416738828005 0.025364750115446314
0 0.1923624873161316 0.2737586221029592 0.021296684940656008 0.025637545326883452
0 0.2171516716480255 0.27353920310887014 0.021296684940656008 0.025637545326883452
0 0.24235393851995468 0.2733161277558547 0.021296684940656035 0.025637545326883452
0 0.2698717713356018 0.2730725564017076 0.021296684940656063 0.025637545326883452
0 0.29548734426498413 0.27284582271132357 0.021296684940656063 0.025637545326883452
0 0.11503337696194649 0.3153522846310638 0.0212698553999265 0.0258785218231438
0 0.14072920382022858 0.31528927559076353 0.02098924914995831 0.02602414567341179
0 0.16641922295093536 0.31493439785269806 0.021194636821746826 0.02562023133270503
0 0.19200631976127625 0.3150250190912291 0.021405031283696474 0.02549277904421784
0 0.2180817574262619 0.3146284014679665 0.021237005790074648 0.02563583019167878
0 0.24365496635437012 0.31437101751212887 0.021237005790074676 0.02563583019167878
0 0.26914072036743164 0.3141145137544727 0.021237005790074703 0.02563583019167878
0 0.3217941224575043 0.31358457865886735 0.021237005790074703 0.02563583019167878
0 0.34764981269836426 0.31318536001689223 0.02115728457768762 0.024443101513293333
0 0.37348833680152893 0.3128617530645326 0.02115728457768762 0.024443101513293333
0 0.3990999758243561 0.3125409876672514 0.02115728457768762 0.024443101513293333
0 0.4253515601158142 0.31221220746474254 0.02115728457768762 0.024443101513293333
0 0.45165714621543884 0.3118827509325604 0.02115728457768762 0.024443101513293333
0 0.4785934090614319 0.31154539567601613 0.02115728457768762 0.024443101513293333
0 0.5041602849960327 0.31112657591354015 0.021283884843190493 0.024678489034490096
0 0.530274510383606 0.3107669768351213 0.021283884843190437 0.024678489034490096
0 0.1150411069393158 0.3566032232240189 0.02193642159303029 0.0263846789219583
0 0.16633346676826477 0.35599855736504615 0.021936421593030275 0.0263846789219583
0 0.19192902743816376 0.3556968211663225 0.021936421593030275 0.0263846789219583
0 0.2178342640399933 0.35539143431740433 0.021936421593030275 0.0263846789219583
0 0.24362363666296005 0.35508741334427235 0.021936421593030303 0.0263846789219583
0 0.2694859206676483 0.354753652211038 0.021618003646532657 0.026506956233534704
0 0.2960837483406067 0.354911677897229 0.02127937475840247 0.026165141615756723
0 0.32165947556495667 0.35466293562242973 0.02127937475840247 0.026165141615756723
0 0.34802499413490295 0.35440651206083074 0.02127937475840247 0.026165141615756723
0 0.11448224633932114 0.39809315703635995 0.021357451876004532 0.025730192199233837
0 0.14081260561943054 0.39790413971921046 0.02135745187600452 0.025730192199233837
0 0.1660396158695221 0.39772304299559774 0.02135745187600452 0.025730192199233837
0 0.21828293800354004 0.3973480047181595 0.02135745187600452 0.025730192199233837
0 0.2438250333070755 0.39595599141186205 0.021354536215464265 0.025777772415515987
0 0.2700926959514618 0.3973254641847363 0.021752576033274296 0.025239722673283067
0 0.2964003086090088 0.39713934964911884 0.021752576033274296 0.025239722673283067
0 0.3223450183868408 0.3969558024882689 0.021752576033274296 0.025239722673283067
0 0.34852245450019836 0.3967706088931938 0.021752576033274296 0.025239722673283067
0 0.3744358718395233 0.396587283112282 0.021752576033274296 0.025239722673283067
0 0.40107718110084534 0.3963988078231724 0.021752576033274296 0.025239722673283067
0 0.11452759057283401 0.4391719906829124 0.02157832682132721 0.024699809939362282
0 0.14061743021011353 0.4389744910938291 0.02157832682132721 0.024699809939362282
0 0.16630901396274567 0.43878000629420644 0.02157832682132721 0.024699809939362282
0 0.19224326312541962 0.43858368452205215 0.02157832682132721 0.024699809939362282
0 0.21801906824111938 0.4383885621683153 0.02157832682132721 0.024699809939362282
0 0.24419161677360535 0.43866831757301505 0.02144320805867514 0.02505386707394622
0 0.26977434754371643 0.43840330759724805 0.021443208058675167 0.02505386707394622
0 0.2963176965713501 0.43812834663448763 0.021443208058675167 0.02505386707394622
0 0.34873872995376587 0.4375853202894429 0.021443208058675167 0.02505386707394622
0 0.37476253509521484 0.43731574125068134 0.021443208058675167 0.02505386707394622
0 0.42671024799346924 0.43689451473911556 0.0215245087941488 0.024831254352894808
0 0.45256832242012024 0.43670849467432776 0.0215245087941488 0.024831254352894808
0 0.478995680809021 0.4363828769924379 0.021429965893427494 0.024736448775890263
0 0.5047736316919327 0.4361521698707758 0.02142996589342755 0.024736448775890263
0 0.5306486487388611 0.4359386877464833 0.021331856648127312 0.02456271740817279
0 0.11362362653017044 0.522102533384811 0.022053306301434844 0.02576946288116224
0 0.16565153002738953 0.5215757503065952 0.02139526605606079 0.025419220443843926
0 0.19104836881160736 0.5214269877105956 0.02139526605606079 0.025419220443843926
0 0.2439931258559227 0.5210667835330647 0.021189530690511077 0.025410053341887718
0 0.27022767066955566 0.5209421557049418 0.02118017276128137 0.025488949561303955
0 0.296279639005661 0.5208100703907824 0.02118017276128137 0.025488949561303955
0 0.3225991725921631 0.5206766285019602 0.02118017276128137 0.025488949561303955
0 0.3483152985572815 0.5205462459322732 0.02118017276128137 0.025488949561303955
0 0.3741632103919983 0.5204151951989462 0.02118017276128137 0.025488949561303955
0 0.40043938159942627 0.5201608968335528 0.02105836073557532 0.02568447497463971
0 0.11313598603010178 0.5634682233943495 0.021910821398099273 0.02679396045300382
0 0.1391589194536209 0.5639228228059386 0.021169895927111326 0.026566054469855202
0 0.16540469229221344 0.5635819546011991 0.021169895927111326 0.026566054469855202
0 0.19087333977222443 0.5632511793484739 0.021169895927111326 0.026566054469855202
0 0.2166793942451477 0.5629160220066156 0.021169895927111326 0.026566054469855202
0 0.24240704625844955 0.5625818829203761 0.02133437494436899 0.026449247848155888
0 0.26966336369514465 0.5624343171034627 0.02133437494436896 0.026449247848155888
0 0.32238253951072693 0.5621488952644962 0.02133437494436896 0.026449247848155888
0 0.3747986853122711 0.5618651140312967 0.02133437494436896 0.026449247848155888
0 0.400900661945343 0.5616630351202611 0.02196132143338525 0.026056334029796513
0 0.4263215959072113 0.5614038955333621 0.02196132143338525 0.026056334029796513
0 0.4526935815811157 0.5611350609782081 0.02196132143338525 0.026056334029796513
0 0.4790685176849365 0.5608661963465356 0.02196132143338525 0.026056334029796513
0 0.5056241005659103 0.5605954902116642 0.021961321433385195 0.026056334029796513
0 0.11277665942907333 0.6058165772451226 0.021352380514144897 0.02601670849230868
0 0.16432976722717285 0.6054939447447311 0.021520406007766724 0.026020109191421337
0 0.19014929234981537 0.6053304423245929 0.021520406007766724 0.026020109191421337
0 0.24213486909866333 0.605001243101511 0.021520406007766724 0.026020109191421337
0 0.26870396733283997 0.6048329940015937 0.021520406007766724 0.026020109191421337
0 0.2954495847225189 0.6046636270922284 0.021520406007766724 0.026020109191421337
0 0.3218373656272888 0.604578550471816 0.02164282401402795 0.026185176169225468
0 0.34793972969055176 0.6045043040676042 0.02164282401402795 0.026185176169225468
0 0.3742486536502838 0.6042089470608438 0.02197962999343872 0.026332086370896977
0 0.4010891914367676 0.6040540739547374 0.02197962999343872 0.026332086370896977
0 0.11227983236312866 0.6472684372929713 0.021426404515902192 0.026448981706486192
0 0.13777631521224976 0.6473474724348202 0.02142640451590222 0.026448981706486192
0 0.16422039270401 0.6474294449730713 0.02142640451590222 0.026448981706486192
0 0.2162913978099823 0.6475908570117086 0.02142640451590222 0.026448981706486192
0 0.24224930256605148 0.6476713224898937 0.021426404515902192 0.026448981706486192
0 0.26860880851745605 0.6477530328694884 0.021426404515902164 0.026448981706486192
0 0.2948310375213623 0.6472988572231558 0.021583616733551025 0.02646932675856958
0 0.3213195204734802 0.6469967278024192 0.021820689241091373 0.02644250559252362
0 0.34743833541870117 0.646773892779683 0.021820689241091373 0.02644250559252362
0 0.3734229505062103 0.6466036951819132 0.021585206190745 0.026391288106755638
0 0.11202114820480347 0.689613608426826 0.022074272235234588 0.026927563571190593
0 0.1638924479484558 0.6895315309778103 0.02207427223523456 0.026927563571190593
0 0.1896834671497345 0.6894907211065711 0.02207427223523456 0.026927563571190593
0 0.21557393670082092 0.6894497538721839 0.021641304095586122 0.026896395424539785
0 0.24162252247333527 0.6894649410795022 0.02164130409558615 0.026896395424539785
0 0.26797768473625183 0.6894803070312927 0.021641304095586178 0.026896395424539785
0 0.29472362995147705 0.6896385813868323 0.02187015612920129 0.02678588748902308
0 0.3212484121322632 0.6894780535292963 0.02187015612920129 0.02678588748902308
0 0.3475913405418396 0.6893186262499319 0.02187015612920129 0.02678588748902308
0 0.3738611042499542 0.6891596417629982 0.02187015612920129 0.02678588748902308
0 0.40033164620399475 0.6889994421670603 0.02187015612920129 0.02678588748902308
0 0.11120130866765976 0.7323029557876951 0.021727646390597016 0.02603941924812263
0 0.13755472004413605 0.7322056099167377 0.021721884608268738 0.02567898949911428
0 0.16386887431144714 0.7322420297667037 0.021721884608268738 0.02567898949911428
0 0.21494249999523163 0.7323127177229168 0.021721884608268738 0.02567898949911428
0 0.24051982909440994 0.7323481177771561 0.021721884608268738 0.025678989499114197
0 0.2675950825214386 0.7323855910190317 0.021721884608268738 0.02567898949911428
0 0.2940397560596466 0.7324221915129286 0.021721884608268738 0.02567898949911428
0 0.3211924135684967 0.7320528816275019 0.021851619084676144 0.025693671647892442
0 0.34713515639305115 0.7320150050545455 0.021851619084676144 0.025693671647892442
0 0.3734135329723358 0.7319766384541281 0.021851619084676144 0.025693671647892442
0 0.39970603585243225 0.7319382512292196 0.021851619084676144 0.025693671647892442
