0 0.18492776155471802 0.14737745772960575 0.018975545962651552 0.020550365595854516
0 0.20768558979034424 0.14638933020255057 0.018975545962651552 0.020550365595854516
0 0.25404907017946243 0.14437626328121525 0.01897554596265158 0.020550365595854516
0 0.2771644592285156 0.1433726107366283 0.018975545962651608 0.020550365595854516
0 0.30081793665885925 0.14234559480534043 0.018975545962651608 0.020550365595854516
0 0.3245472013950348 0.14115546157490622 0.01897110541661584 0.020585466724957622
0 0.3478090763092041 0.1400529642898855 0.01897110541661584 0.020585466724957622
0 0.37239986658096313 0.13888748302016146 0.01897110541661584 0.020585466724957622
0 0.3964902460575104 0.13787183248325133 0.019215981165567997 0.02124387903731
0 0.4192303419113159 0.13696737067643985 0.019215981165567997 0.02124387903731
0 0.1839621216058731 0.17803434992945472 0.018558492263158144 0.02036577416944874
0 0.20617525279521942 0.17585753754432393 0.01820501685142517 0.02010738757229592
0 0.22952070832252502 0.1738910314414279 0.018313844998677553 0.020615769911182004
0 0.27672186493873596 0.1723996317663858 0.01831384499867761 0.020615769911182004
0 0.29993346333503723 0.17166622240129492 0.01831384499867761 0.020615769911182004
0 0.32360103726387024 0.17091840572482023 0.01831384499867761 0.020615769911182004
0 0.3472827970981598 0.17017014082088028 0.01831384499867761 0.020615769911182004
0 0.37193813920021057 0.16939111395300005 0.01831384499867761 0.020615769911182004
0 0.3959256112575531 0.16854257361833438 0.018432239691416386 0.020735215771105875
0 0.18256787955760956 0.20520853441815043 0.018500457207361876 0.02064480153165125
0 0.20493078231811523 0.20443049107975575 0.018500457207361876 0.02064480153165125
0 0.25223346799612045 0.20254294816837753 0.01811063786347708 0.02064718202103016
0 0.2751246392726898 0.2018976621462875 0.018110637863477108 0.02064718202103016
0 0.2987731993198395 0.20123102586732158 0.018110637863477108 0.02064718202103016
0 0.32254746556282043 0.200560846019087 0.018110637863477108 0.02064718202103016
0 0.3467693030834198 0.19987804945125137 0.018110637863477108 0.02064718202103016
0 0.3705616295337677 0.19912822027994392 0.01824297507603967 0.02072681752286219
0 0.1805545687675476 0.23325846916021303 0.01825132966041565 0.020723076753838117
0 0.227090984582901 0.23239308513828513 0.01825132966041565 0.020723076753838117
0 0.274603009223938 0.23150955884487778 0.01825132966041565 0.020723076753838117
0 0.2983625531196594 0.23106773002554554 0.01825132966041565 0.020723076753838117
0 0.3224891424179077 0.23061907568643258 0.01825132966041565 0.020723076753838117
0 0.34590989351272583 0.2305353741313136 0.01822940508524573 0.02071410186531005
0 0.3699835538864136 0.23001304892606514 0.01809980471928918 0.02091514232546784
0 0.1790200024843216 0.2632769872975904 0.018275211254755674 0.02076026265935383
0 0.20173493027687073 0.26297285973379586 0.018275211254755674 0.02076026265935383
0 0.22553060948848724 0.2626542621131668 0.018275211254755674 0.02076026265935383
0 0.2729393243789673 0.26201951226522757 0.01827521125475562 0.02076026265935383
0 0.2972088158130646 0.26169457082707753 0.01827521125475562 0.02076026265935383
0 0.3217068314552307 0.2606637500003784 0.018288691838582394 0.02101033232932867
0 0.34573161602020264 0.26037464585415154 0.01813734571139014 0.020932352820108104
0 0.36999717354774475 0.25982632405217 0.01794896523157752 0.020828099213829308
0 0.17719559371471405 0.2929247299637648 0.01824797193209332 0.020834930183351474
0 0.20054946839809418 0.2926920291989349 0.01825140913327533 0.020833510761113103
0 0.22420065104961395 0.2925577829050463 0.018366108338038145 0.02092042080191679
0 0.27252528071403503 0.291993707400168 0.018310825030008915 0.021150263704994825
0 0.2970349192619324 0.2917306367741075 0.018310825030008915 0.021150263704994825
0 0.3212830722332001 0.2914703727652973 0.018310825030008915 0.021150263704994825
0 0.34531068801879883 0.29121247586016313 0.018310825030008915 0.021150263704994825
0 0.36946746706962585 0.2909531925999841 0.018310825030008915 0.021150263704994825
0 0.4189263582229614 0.2904223328145759 0.018310825030008915 0.021150263704994825
0 0.4434618055820465 0.28957202822663064 0.01855613787968957 0.021381954814112463
0 0.4681130051612854 0.28959358570187593 0.01856442292531335 0.021396740462428867
0 0.4928900897502899 0.2893285973127498 0.019004146258036314 0.02159522300542787
0 0.13021336123347282 0.32408672155335894 0.018119248251120254 0.020716600639875547
0 0.15334220230579376 0.3239179929085521 0.01815552512804669 0.02080448653346811
0 0.176852747797966 0.3234395093696062 0.01815552512804669 0.02080448653346811
0 0.19991955161094666 0.32297005680312785 0.01815552512804669 0.02080448653346811
0 0.22345033288002014 0.3224911614283039 0.01815552512804669 0.02080448653346811
0 0.24782279133796692 0.32199513634970023 0.018155525128046662 0.02080448653346811
0 0.2718742787837982 0.3215056436310465 0.018155525128046635 0.02080448653346811
0 0.3207692801952362 0.32183451713972006 0.018648286660512325 0.021137533261794426
0 0.344742089509964 0.321669112625908 0.018648286660512325 0.021137533261794426
0 0.36904147267341614 0.32150145485975656 0.018648286660512325 0.021137533261794426
0 0.39381667971611023 0.321330514065055 0.018648286660512325 0.021137533261794426
0 0.4183325171470642 0.3213689493578534 0.01917445659637451 0.021659037863561322
0 0.4427710473537445 0.32105272109970645 0.01917445659637451 0.021659037863561322
0 0.4930141866207123 0.3204025878764784 0.01917445659637451 0.021659037863561322
0 0.5174593329429626 0.3200862740075077 0.01917445659637451 0.021659037863561322
0 0.5425807237625122 0.3197612097096998 0.01917445659637451 0.021659037863561322
0 0.5675315856933594 0.3189438664635947 0.01901356379191088 0.02162643550902371
0 0.5930123925209045 0.3189561976942905 0.020603617032368904 0.02241385999576063
0 0.645291805267334 0.3177118765553681 0.020603617032368904 0.02241385999576063
0 0.6718064546585083 0.3173065422171678 0.020758390426635742 0.022746847581493736
0 0.6983762979507446 0.31622951994562615 0.021129926045735603 0.02294805068378298
0 0.7243517637252808 0.3158301419990007 0.021129926045735603 0.02294805068378298
0 0.7506769299507141 0.31542538733847053 0.021129926045735603 0.02294805068378298
0 0.7776815891265869 0.3150101853388378 0.021129926045735603 0.02294805068378298
0 0.8045697212219238 0.31459677496621774 0.021129926045735603 0.02294805068378298
0 0.1294109709560871 0.35252524531164836 0.01829121758540471 0.020491799642873364
0 0.17561623454093933 0.35241962546546757 0.018291217585404695 0.020491799642873364
0 0.19899573922157288 0.35243505151831733 0.018551290035247803 0.02083114505738254
0 0.2227153182029724 0.3523377485053484 0.018551290035247803 0.02083114505738254
0 0.24659612029790878 0.3522397841191435 0.018551290035247803 0.02083114505738254
0 0.27073562145233154 0.35215703831162565 0.018855611483255985 0.02138976163642351
0 0.3196043372154236 0.35214877723795757 0.018855611483255985 0.02138976163642351
0 0.34402433037757874 0.3521446491294256 0.018855611483255985 0.02138976163642351
0 0.39333033561706543 0.35213631413360674 0.018855611483255985 0.02138976163642351
0 0.41807058453559875 0.3521321318870367 0.018855611483255985 0.02138976163642351
0 0.44272467494010925 0.35190536226064 0.018907666206359863 0.021524621534717202
0 0.4924342781305313 0.3514481307035693 0.018907666206359863 0.021524621534717202
0 0.5171723365783691 0.35122058873467277 0.018907666206359863 0.021524621534717202
0 0.5424795746803284 0.3509878114212391 0.018907666206359863 0.021524621534717202
0 0.5676320791244507 0.3505313373708874 0.019479076067606682 0.02187955102255178
0 0.5932120680809021 0.3500671052228385 0.019479076067606682 0.02187955102255178
0 0.6188196539878845 0.3496023722383098 0.019479076067606682 0.02187955102255178
0 0.6447010040283203 0.3491326709126317 0.019479076067606682 0.02187955102255178
0 0.6712641716003418 0.3486547477180611 0.019627372423807854 0.021995189578034157
0 0.6975961923599243 0.3483059854307732 0.01973768075307203 0.02218725514966388
0 0.12829310074448586 0.38279956720248287 0.018016641338666275 0.021014790202296057
0 0.17447304725646973 0.382761933082758 0.018111497163772583 0.02114380976950481
0 0.19806645810604095 0.38262133516006563 0.018158907691637693 0.021103799805160653
0 0.22153405845165253 0.3826382872461866 0.01841677725315094 0.021147794501726016
0 0.24566666036844254 0.38270391419876454 0.018469129999478667 0.021155157754587574
0 0.2699410617351532 0.3827667735669488 0.018469129999478695 0.021155157754587574
0 0.29423412680625916 0.3828296812654153 0.018469129999478695 0.021155157754587574
0 0.318724125623703 0.38289309893035545 0.018469129999478695 0.021155157754587574
0 0.3434236943721771 0.3829570592835892 0.018469129999478695 0.021155157754587574
0 0.3927355110645294 0.38280938392461733 0.018600791692733765 0.021739974502445178
0 0.4173157811164856 0.3826749110488435 0.018600791692733765 0.021739974502445178
0 0.4421025216579437 0.38253930862158675 0.018600791692733765 0.021739974502445178
0 0.4668383002281189 0.38240398499528794 0.018600791692733765 0.021739974502445178
0 0.4913530796766281 0.3822698704032011 0.018600791692733765 0.021739974502445178
0 0.5414615273475647 0.3820156607516976 0.019083648920059204 0.021803375362425825
0 0.5927430987358093 0.3815447674241177 0.01931156714757276 0.021546933078026572
0 0.6186832785606384 0.3810367924817638 0.019491642713546753 0.021916197251903934
0 0.6446198225021362 0.3807856204897858 0.019491642713546753 0.021916197251903934
0 0.12651852890849113 0.4127247832542242 0.01845022290945053 0.0210717962693799
0 0.17330724000930786 0.41316424771281607 0.018550982077916445 0.02111860763194949
0 0.19680628180503845 0.41309121597644893 0.018322298924128233 0.02136789366256359
0 0.22058536112308502 0.4131789118507672 0.018322298924128233 0.02136789366256359
0 0.26934775710105896 0.4133587447573294 0.018322298924128178 0.02136789366256359
0 0.29371657967567444 0.4134486155707955 0.018322298924128178 0.02136789366256359
0 0.31814029812812805 0.4133360506242895 0.018674790859222412 0.021297957546027077
0 0.34321871399879456 0.4133267069971839 0.018674790859222412 0.021297957546027077
0 0.36783137917518616 0.41331753689781753 0.018674790859222412 0.021297957546027077
0 0.3914760947227478 0.41330872743368574 0.018674790859222412 0.021297957546027077
0 0.4415578246116638 0.4135753408415015 0.01909896731376648 0.021658047225124096
0 0.466340035200119 0.4134075697078261 0.01909896731376648 0.021658047225124096
0 0.490686759352684 0.4132427467394401 0.01909896731376648 0.021658047225124096
0 0.516108512878418 0.41307064601445415 0.01909896731376648 0.021658047225124096
0 0.5668042898178101 0.41272744467092115 0.01909896731376648 0.021658047225124096
0 0.5927222371101379 0.4125519848028738 0.01909896731376648 0.021658047225124096
0 0.6178185343742371 0.41278112267019074 0.019600391387939453 0.021569510763005638
0 0.6441136598587036 0.4125973901083303 0.019600391387939453 0.021569510763005638
0 0.6699855923652649 0.412639738362212 0.019737044970194573 0.02162886035534757
0 0.6963303089141846 0.4125256649283476 0.019737044970194573 0.02162886035534757
0 0.1723899245262146 0.4433516006347423 0.01847176750500995 0.02095797634864044
0 0.19567306339740753 0.4433065458785656 0.01847176750500995 0.02095797634864044
0 0.22010499238967896 0.44325926812062394 0.01847176750500995 0.02095797634864044
0 0.24431250989437103 0.4432124246170547 0.01847176750500998 0.02095797634864044
0 0.2685437798500061 0.44316553515057233 0.018471767505010006 0.02095797634864044
0 0.31755369901657104 0.44307069699449264 0.018471767505010006 0.02095797634864044
0 0.3419559597969055 0.44397854086180816 0.018550068140029907 0.021102698274361016
0 0.367017537355423 0.44399461080861646 0.01876733700434363 0.02092944004738972
0 0.3916996121406555 0.44420241548585077 0.01876733700434363 0.02092944004738972
0 0.415971040725708 0.4440163013546966 0.01870695749918616 0.021254635596460205
0 0.4660484194755554 0.4441600609665367 0.018878827492396 0.021122984183851192
0 0.4907141476869583 0.44420126981513447 0.018878827492396055 0.021122984183851192
0 0.5164242386817932 0.44402659628758745 0.019424398740132576 0.0217533850854682
0 0.5410704612731934 0.4440898895263672 0.019424398740132576 0.0217533850854682
0 0.5660997033119202 0.44390864704930505 0.019749720891316658 0.021728012912957298
0 0.5919159650802612 0.4444152205124454 0.019836386044820076 0.021674222724382266
0 0.6180366277694702 0.4442875440730605 0.019836386044820076 0.021674222724382266
0 0.6699250936508179 0.4440350643424101 0.02012411753336596 0.021497090657552138
0 0.6965625286102295 0.4440512830972758 0.02012411753336596 0.021497090657552138
0 0.7226685881614685 0.4440671783132009 0.02012411753336596 0.021497090657552138
0 0.749576210975647 0.4440835615775471 0.02012411753336596 0.021497090657552138
0 0.776870608329773 0.4441001803375954 0.02012411753336596 0.021497090657552138
0 0.8044018149375916 0.44411727237923615 0.02021114031473803 0.021549372709998734
0 0.1711558997631073 0.47308930685353834 0.018228073914845766 0.021110298097595744
0 0.19498774409294128 0.4733326934104742 0.018460065126419067 0.021096754443737833
0 0.2192375361919403 0.47362884442408953 0.01852263013521832 0.02098098281742061
0 0.2435891181230545 0.4737752870071766 0.018522630135218293 0.02098098281742061
0 0.26781323552131653 0.4739209630595514 0.018522630135218265 0.02098098281742061
0 0.292459636926651 0.47406917859215236 0.018522630135218265 0.02098098281742061
0 0.3168550133705139 0.47421588454135627 0.018522630135218265 0.02098098281742061
0 0.3659247159957886 0.47451097395378483 0.018522630135218265 0.02098098281742061
0 0.3908160626888275 0.47482113505518714 0.018420279026031494 0.021061121031295423
0 0.4155271649360657 0.47492218017578125 0.018666644891103146 0.0210063845612282
0 0.4396057426929474 0.47514651506390343 0.01900160312652588 0.021465685940528157
0 0.4652557075023651 0.4752958430800327 0.01900160312652588 0.021465685940528157
0 0.4899173974990845 0.4754531128007175 0.018636643886566162 0.021351777305898795
0 0.5403650999069214 0.4751302586045376 0.019854823748270745 0.022124090860056324
0 0.5914044976234436 0.475540073044756 0.01975071430206299 0.022047649058260715
0 0.6172836422920227 0.4756769579510356 0.01975071430206299 0.022047649058260715
0 0.6431892514228821 0.475781285485556 0.020238041877746582 0.022099369256071397
0 0.6690532565116882 0.4758378522374695 0.020238041877746582 0.022099369256071397
0 0.6958522796630859 0.4758964639524349 0.020238041877746582 0.022099369256071397
0 0.7223443984985352 0.4759544044418789 0.020238041877746582 0.022099369256071397
0 0.7493416666984558 0.4760134497354197 0.020238041877746582 0.022099369256071397
0 0.776864230632782 0.4756815710733103 0.02059086163838697 0.02267674882282577
0 0.17061875760555267 0.5033479577735894 0.018247991800308228 0.021047370378361192
0 0.19404911994934082 0.5035585359085438 0.018247991800308228 0.021047370378361192
0 0.24236388504505157 0.504005609556686 0.01832994818687439 0.02102862217629597
0 0.2675546407699585 0.5042281161155859 0.01832994818687439 0.02102862217629597
0 0.2915293276309967 0.5044398813016885 0.01832994818687439 0.02102862217629597
0 0.3162834942340851 0.5046183563942133 0.018398364384969113 0.020979977393335205
0 0.34080636501312256 0.5048790898956479 0.018398364384969113 0.020979977393335205
0 0.365438848733902 0.5051409888302146 0.018398364384969113 0.020979977393335205
0 0.4150017201900482 0.5056679540918414 0.018398364384969113 0.020979977393335205
0 0.43941357731819153 0.5059275072674418 0.018398364384969113 0.020979977393335205
0 0.4896325170993805 0.5062313559429988 0.01878003279368079 0.021225064299827397
0 0.5147464871406555 0.5063863798629405 0.0187800327936809 0.021225064299827397
0 0.5397452116012573 0.5068974682859502 0.019326170285542732 0.02174936338912609
0 0.5653189420700073 0.5070698760276617 0.019528786341349358 0.021802857864734737
0 0.5909879803657532 0.5072784456531692 0.019528786341349358 0.021802857864734737
0 0.6166057586669922 0.507486598773869 0.019528786341349358 0.021802857864734737
0 0.6426507234573364 0.5076982229294019 0.019528786341349358 0.021802857864734737
0 0.668735921382904 0.5079101739927779 0.019528786341349358 0.021802857864734737
0 0.1691218912601471 0.5343003827472066 0.018897175788879395 0.021901300711225116
0 0.19355317950248718 0.5337358075518941 0.018573890129725157 0.021462817524754724
0 0.21707449853420258 0.5335608707026275 0.01887513200441998 0.021787924359935144
0 0.2411395162343979 0.5339850492255632 0.018937478462855012 0.021739190863084477
0 0.2903244197368622 0.5350558423471022 0.018807212511698368 0.021775829699612458
0 0.3147766888141632 0.5353912974512854 0.018807212511698368 0.021775829699612458
0 0.33937159180641174 0.5357287093176262 0.018807212511698368 0.021775829699612458
0 0.36435526609420776 0.5360714546487281 0.018807212511698368 0.021775829699612458
0 0.414385050535202 0.5367578018543332 0.018807212511698368 0.021775829699612458
0 0.4392123818397522 0.5370984023516953 0.018807212511698368 0.021775829699612458
0 0.464198499917984 0.5370310307119571 0.0190641085306803 0.02205317889073093
0 0.48897233605384827 0.5373976951421693 0.0190641085306803 0.02205317889073093
0 0.5140799880027771 0.537769300203466 0.019064108530680413 0.02205317889073093
0 0.5655320882797241 0.5385308154943481 0.019064108530680413 0.02205317889073093
0 0.5903187394142151 0.538897669592569 0.019064108530680413 0.02205317889073093
0 0.6161313056945801 0.5392797077176136 0.019064108530680413 0.02205317889073093
0 0.6421528458595276 0.5391927399356717 0.019683122634887695 0.022270113922828853
0 0.6686677932739258 0.5393436786740325 0.019683122634887695 0.022270113922828853
0 0.6943119764328003 0.5394896605080449 0.019683122634887695 0.022270113922828853
0 0.11986759305000305 0.564101806104025 0.018638094266255692 0.021283733752346833
0 0.16807253658771515 0.5647628251896348 0.01853837569554645 0.021332999532536888
0 0.19188715517520905 0.5651002762793744 0.01853837569554645 0.021332999532536888
0 0.2160668671131134 0.5654429007103751 0.01853837569554645 0.021332999532536888
0 0.26522791385650635 0.566139508499215 0.018538375695546505 0.021332999532536888
0 0.28912046551704407 0.5664780638938727 0.018538375695546505 0.021332999532536888
0 0.3141838014125824 0.5662120109380677 0.01884980996449792 0.021846919096717484
0 0.3390648663043976 0.5661316126610173 0.019068757692972782 0.021910319956698215
0 0.36382171511650085 0.5665759153144304 0.019068757692972782 0.021910319956698215
0 0.41349267959594727 0.5674673430354341 0.019068757692972782 0.021910319956698215
0 0.4381166398525238 0.5679092607836326 0.019068757692972782 0.021910319956698215
0 0.4881308078765869 0.5688068478606468 0.019068757692972782 0.021910319956698215
0 0.5133479237556458 0.5692594107688557 0.019068757692972893 0.021910319956698215
0 0.5388150215148926 0.5696788267053873 0.019285599390665764 0.02202354845150491
0 0.564224123954773 0.5700437412705532 0.019550681114196777 0.02212521456932831
0 0.5899238586425781 0.5704614892950844 0.019550681114196777 0.02212521456932831
0 0.6158045530319214 0.5707580956297806 0.019700249036153084 0.022113622621048327
0 0.6416133642196655 0.571499188440967 0.01969389120737719 0.021981143212133545
0 0.11879638954997063 0.5944723528484965 0.018795721232891083 0.021410919899164244
0 0.14269903302192688 0.5948930920850776 0.018795721232891083 0.021410919899164244
0 0.1667383909225464 0.5953162377970935 0.018795721232891083 0.021410919899164244
0 0.2153242528438568 0.5963152000587063 0.018811474243799864 0.021463290665500904
0 0.239757239818573 0.5966015305629996 0.018811474243799864 0.021463290665500904
0 0.26463985443115234 0.5966060993283294 0.01903136571248376 0.021599022917045234
0 0.2887677848339081 0.5970205576847119 0.01903136571248376 0.021599022917045234
0 0.31319838762283325 0.5974402152064434 0.01903136571248376 0.021599022917045234
0 0.33794450759887695 0.5978652925355352 0.01903136571248376 0.021599022917045234
0 0.38724321126937866 0.598712122717569 0.01903136571248376 0.021599022917045234
0 0.4124770760536194 0.5990662026902557 0.018956343332926395 0.021760837052219654
0 0.4378680884838104 0.5994764372359874 0.018956343332926395 0.021760837052219654
0 0.4622088372707367 0.5996169600375864 0.019418199857076046 0.021936727124591205
0 0.48747098445892334 0.6001447499907189 0.019418199857076046 0.021936727124591205
0 0.51298588514328 0.600677820601703 0.019418199857075935 0.021936727124591205
0 0.5382078886032104 0.6012047718511302 0.019418199857075935 0.021936727124591205
0 0.563998818397522 0.6017436094062273 0.019418199857075935 0.021936727124591205
0 0.6169041991233826 0.6030451104990441 0.019441207249959236 0.022077072498410247
0 0.6420286297798157 0.6036282029262808 0.019441207249959236 0.022077072498410247
0 0.6684860587120056 0.6041123589804006 0.019831697146097893 0.022105579228364276
0 0.694813072681427 0.6044706743816997 0.019971847534179688 0.022322898687318314
0 0.7209784984588623 0.6049162027462053 0.019971847534179688 0.022322898687318314
0 0.746009349822998 0.6043928649168727 0.020332932472229004 0.02230116378429324
0 0.11787450313568115 0.624846569327421 0.018749376138051346 0.021597721779993282
0 0.1418229192495346 0.6253661182550817 0.018749376138051332 0.021597721779993282
0 0.1661384105682373 0.6258936306959928 0.018749376138051332 0.021597721779993282
0 0.21443971991539001 0.6269415034804233 0.018933316071828188 0.02203372097754669
0 0.23909032344818115 0.6274051899558132 0.018933316071828188 0.02203372097754669
0 0.2874554991722107 0.6283149558296285 0.018933316071828243 0.02203372097754669
0 0.31261083483695984 0.6287881364929789 0.018933316071828243 0.02203372097754669
0 0.33708521723747253 0.6292485081872274 0.018933316071828243 0.02203372097754669
0 0.3618232011795044 0.6298162770825763 0.01914932330449426 0.02218938428302144
0 0.3865283131599426 0.6303950717408451 0.01914932330449426 0.02218938428302144
0 0.4369620680809021 0.6310228303421376 0.019221246242523193 0.022222178850987106
0 0.4617100656032562 0.6315103131671285 0.019368410110473633 0.022283332292423692
0 0.5129899382591248 0.6329039201941007 0.019729773203531975 0.022175190060637718
0 0.5382683277130127 0.633227586147865 0.020017623901367188 0.022298502367596295
0 0.563609778881073 0.6339280328085256 0.020017623901367188 0.022298502367596295
0 0.5894775986671448 0.6346430284836967 0.020017623901367188 0.022298502367596295
0 0.6155176162719727 0.6353627837673971 0.020017623901367188 0.022298502367596295
0 0.6418015360832214 0.636089280594227 0.020017623901367188 0.022298502367596295
0 0.11683297529816628 0.6560236021529796 0.01876893391211827 0.021531984787578676
0 0.1403692662715912 0.656549447047116 0.018768933912118257 0.021531984787578676
0 0.16417619585990906 0.6570813385156239 0.018768933912118257 0.021531984787578676
0 0.2132783979177475 0.6581783738247183 0.018768933912118257 0.021531984787578676
0 0.23722364008426666 0.6587133554556959 0.018768933912118257 0.021531984787578676
0 0.2617003321647644 0.6593125365501227 0.019139190514882443 0.022298354511113186
0 0.28596073389053345 0.6597271598300901 0.019139190514882443 0.022298354511113186
0 0.3108404576778412 0.6601523676563241 0.019139190514882443 0.022298354511113186
0 0.3353760242462158 0.6605716936510637 0.019139190514882443 0.022298354511113186
0 0.3601182699203491 0.6609945519025936 0.019139190514882443 0.022298354511113186
0 0.38563019037246704 0.6617206652248735 0.01935335000356042 0.022369266480438414
0 0.4105413556098938 0.6624072762422784 0.01984659830729163 0.022259142971778157
0 0.435737669467926 0.6630694444295229 0.01984659830729163 0.022259142971778157
0 0.4608025550842285 0.6637281586353211 0.01984659830729163 0.022259142971778157
0 0.4865816533565521 0.6644056426065069 0.01984659830729163 0.022259142971778157
0 0.5118452906608582 0.665069580078125 0.01984659830729174 0.022259142971778157
0 0.5370134115219116 0.665761858917946 0.02017354965209961 0.02231098145477526
0 0.563093364238739 0.6664579206423089 0.02017354965209961 0.02231098145477526
0 0.16292159259319305 0.6883547677305284 0.01899811625480652 0.021948378215464567
0 0.21164114773273468 0.6894962843074355 0.01899811625480652 0.021948378215464567
0 0.23529291152954102 0.690056602360431 0.01911252737045288 0.02197930979174237
0 0.26048973202705383 0.6906463268191315 0.01911252737045288 0.02197930979174237
0 0.2850514352321625 0.6912211865371991 0.01911252737045288 0.02197930979174237
0 0.30957236886024475 0.6917950920548449 0.01911252737045288 0.02197930979174237
0 0.3343992829322815 0.6924398344757746 0.01968040068944299 0.022668587144955128
0 0.35965868830680847 0.6931437115336574 0.01968040068944299 0.022668587144955128
0 0.38477689027786255 0.6938436538260645 0.01968040068944299 0.022668587144955128
0 0.40963417291641235 0.6945363253561802 0.01968040068944299 0.022668587144955128
0 0.45989102125167847 0.695936779643214 0.01968040068944299 0.022668587144955128
0 0.4855506718158722 0.6966518099092723 0.01968040068944299 0.022668587144955128
0 0.5111103653907776 0.6973491934842841 0.019965310891469246 0.022661016893017253
0 0.5626626014709473 0.6987785020235211 0.019965310891469246 0.022661016893017253
0 0.5886214375495911 0.6996455853662127 0.020487944285074944 0.022340493608814856
0 0.6151816844940186 0.7004324759841135 0.020487944285074944 0.022340493608814856
0 0.6417888402938843 0.7012207563533339 0.020487944285074944 0.022340493608814856
0 0.666783332824707 0.7020432189007019 0.020473162333170647 0.0223794981490734
0 0.16144196689128876 0.7195969958638035 0.019339765111605345 0.02199099045391225
0 0.1857568621635437 0.7200772539872928 0.019339765111605345 0.02199099045391225
0 0.21036727726459503 0.7205633491006946 0.019339765111605345 0.02199099045391225
0 0.25947854667901993 0.7215333753264731 0.019339765111605317 0.02199099045391225
0 0.3087826669216156 0.7225072106649709 0.01933976511160529 0.02199099045391225
0 0.3333573043346405 0.7240865396898847 0.019154608249664307 0.0221918387006419
0 0.3590105175971985 0.7248159497386555 0.019154608249664307 0.0221918387006419
0 0.38355401158332825 0.7255138066099256 0.019154608249664307 0.0221918387006419
0 0.40870359539985657 0.7262288967224362 0.019154608249664307 0.0221918387006419
0 0.433709055185318 0.7269398888876272 0.019154608249664307 0.0221918387006419
0 0.4589858651161194 0.7281052854529941 0.020407438278198242 0.02276206201361137
0 0.4847947657108307 0.7289678440537564 0.020407438278198242 0.02276206201361137
0 0.5107821226119995 0.7298363668381316 0.020407438278198242 0.02276206201361137
0 0.536312997341156 0.7306896335436157 0.020407438278198242 0.02276206201361137
0 0.5624662637710571 0.7315637011860692 0.02100825309753418 0.0228144179942996
0 0.614834189414978 0.7334022308728235 0.02100825309753418 0.022814417994299518
0 0.6405522227287292 0.7343051378936931 0.02100825309753418 0.022814417994299684
0 0.6674801707267761 0.7352505225196647 0.02100825309753418 0.0228144179942996
0 0.6941153407096863 0.736185628314351 0.02100825309753418 0.0228144179942996
0 0.7216784954071045 0.7361962424629291 0.020919203758239746 0.023246011068654614
0 0.7495108842849731 0.7366931826569313 0.020919203758239746 0.023246011068654614
0 0.7766717672348022 0.7388295905534611 0.021075844764709473 0.0227333630702292
0 0.8030534386634827 0.7394353733506314 0.021244843800862556 0.022783722988394803
0 0.8306039571762085 0.7404061038911997 0.0212360223134358 0.02279951406079661
0 0.11139128357172012 0.7493198342949069 0.019479066133499146 0.022140636000522348
0 0.13517160713672638 0.7500006209972293 0.019479066133499146 0.022140636000522348
0 0.1600380688905716 0.7507125018280159 0.019479066133499146 0.022140636000522348
0 0.18442462384700775 0.7514106438143691 0.019479066133499146 0.022140636000522348
0 0.20897886157035828 0.7521135862483534 0.019479066133499146 0.022140636000522348
0 0.23364238440990448 0.7528196573131853 0.019479066133499146 0.022140636000522348
0 0.258596807718277 0.7535417246264081 0.01971056063969931 0.02244699463363763
0 0.28269293904304504 0.7541268778998125 0.01967260241508484 0.022270069565883902
0 0.3326227366924286 0.7554905691812205 0.0196285446484884 0.02262956781904824
0 0.3576588034629822 0.7563956228884975 0.0196285446484884 0.02262956781904816
0 0.3828572928905487 0.7573065481741346 0.0196285446484884 0.02262956781904816
0 0.4080648720264435 0.7582178020526891 0.0196285446484884 0.02262956781904816
0 0.4332271218299866 0.7591274172760719 0.0196285446484884 0.02262956781904816
0 0.45813223719596863 0.7599766297454688 0.019842922687530518 0.022602702296057414
0 0.48405709862709045 0.7608859555132481 0.019842922687530518 0.022602702296057414
0 0.5359933972358704 0.7627076437306959 0.019842922687530518 0.022602702296057414
0 0.5616678595542908 0.7637576613315317 0.01976245641708374 0.022609917692435696
0 0.5879610776901245 0.7647987188294877 0.020477096239725823 0.022859676863796138
0 0.1100274994969368 0.7809891811636991 0.019593810041745513 0.022429177927416423
0 0.13388611376285553 0.7817028844079306 0.019275913635889694 0.022410548010537792
0 0.1581292748451233 0.7825074003135928 0.019275913635889708 0.022410548010537792
0 0.20725515484809875 0.7841376560260357 0.019275913635889708 0.022410548010537792
0 0.2318911999464035 0.7849552098948129 0.019275913635889708 0.022410548010537792
0 0.2568708658218384 0.7857841669126998 0.01927591363588968 0.022410548010537792
0 0.2817533314228058 0.7863431531329488 0.01951560378074646 0.022475959718689327
0 0.33114802837371826 0.7885869935501454 0.019988735516866085 0.023052304290061772
0 0.3562595844268799 0.7893602480425808 0.019988735516866085 0.023052304290061772
0 0.4071166217327118 0.790926277343411 0.019988735516866085 0.023052304290061772
0 0.4320208430290222 0.7916931474233538 0.019988735516866085 0.023052304290061772
0 0.48349514603614807 0.7932781840479651 0.019988735516866085 0.023052304290061772
0 0.5098657011985779 0.7944614608446041 0.020015954971313477 0.022971515507660984
0 0.5349874496459961 0.7957166627395985 0.020425915718078613 0.02282992813938337
0 0.5617243647575378 0.7966776351138289 0.020425915718078613 0.02282992813938337
0 0.5876315832138062 0.7976087867117512 0.020425915718078613 0.02282992813938337
0 0.6146485209465027 0.7985798235979855 0.020425915718078613 0.02282992813938337
0 0.6407057642936707 0.7995163673578307 0.020425915718078613 0.02282992813938337
0 0.10787983983755112 0.8124182057935138 0.01999574402968088 0.02255095252695021
0 0.13189562782645226 0.812915003576944 0.01976550867160161 0.022473475729772176
0 0.1564655601978302 0.8148730739207136 0.019847124814987183 0.022442071012748196
0 0.20586282014846802 0.8162749534429505 0.019847124814987183 0.022442071012748196
0 0.2303924411535263 0.8169710967798398 0.019847124814987183 0.022442071012748196
0 0.2552816867828369 0.8176774461564351 0.019847124814987183 0.022442071012748196
0 0.28022322058677673 0.8183852794558503 0.019949336846669552 0.02294484219809846
0 0.330530047416687 0.8203760835525613 0.019949336846669552 0.02294484219809846
0 0.3556097745895386 0.8213685695976246 0.019949336846669552 0.02294484219809846
0 0.3800932466983795 0.8223374598983544 0.019949336846669552 0.02294484219809846
0 0.43148180842399597 0.8243710717489553 0.019949336846669552 0.02294484219809846
0 0.4566234350204468 0.8252586542173873 0.020068973302841187 0.02324020030886628
0 0.48280954360961914 0.8264329118823875 0.02031084895133972 0.023300644039183513
0 0.5085569471120834 0.8275052447651707 0.02031084895133972 0.023300644039183513
0 0.5343918204307556 0.8285812206079195 0.02031084895133972 0.023300644039183513
0 0.5606811046600342 0.8296761218449005 0.02031084895133972 0.023300644039183513
0 0.5868628621101379 0.8307665447856105 0.02031084895133972 0.023300644039183513
0 0.6134142875671387 0.831872363731571 0.02031084895133972 0.023300644039183513
0 0.10649959743022919 0.8451173613307608 0.019874989986419678 0.022511267846868833
0 0.1551482081413269 0.8464972030284793 0.019874989986419678 0.022511267846868833
0 0.1793247014284134 0.8471829314193731 0.019874989986419678 0.022511267846868833
0 0.20442712306976318 0.8478949223187666 0.019874989986419678 0.022511267846868833
0 0.2540415823459625 0.8493021587992824 0.020301024119059236 0.02273807969204215
0 0.3039696514606476 0.8516559219675426 0.020301024119059208 0.02273807969204215
0 0.32904505729675293 0.8532024649686591 0.020281334718068478 0.02329360607058503
0 0.35426512360572815 0.8542118670230178 0.020281334718068478 0.02329360607058503
0 0.37953510880470276 0.855223267019392 0.020281334718068478 0.02329360607058503
0 0.404345840215683 0.8562436658282613 0.020499805609385136 0.023294493209484013
0 0.43060868978500366 0.8572676028464543 0.020499805609385136 0.023294493209484013
0 0.4559241235256195 0.8582546019788299 0.020499805609385136 0.023294493209484013
0 0.48106083273887634 0.8592346329922609 0.020499805609385136 0.023294493209484013
0 0.5344357490539551 0.8613156163415243 0.020499805609385247 0.023294493209484013
0 0.5604797005653381 0.8624640176462572 0.020658572514851814 0.023308924002240904
0 0.5854681730270386 0.8639671857966933 0.02195485432942701 0.023821512858073025
0 0.6128946542739868 0.8653204597450903 0.02195485432942701 0.023821512858073025
0 0.6395926475524902 0.8666377887328292 0.02195485432942701 0.023821512858073025
0 0.6670706868171692 0.8679936066503776 0.02195485432942701 0.023821512858073025
0 0.6934760212898254 0.8692964953045512 0.02195485432942701 0.023821512858073025
0 0.7210345268249512 0.8707150931398229 0.02220694224039721 0.02411586554475544
0 0.7468945384025574 0.8722110615438076 0.02185678482055664 0.024114860120669705
0 0.7726104259490967 0.8731639465216969 0.02153182029724121 0.02401668341584919
0 0.8020414113998413 0.8746022956315861 0.02153182029724121 0.02401668341584919
