0 0.45782962441444397 0.11206354096878407 0.02376788854598999 0.025699504586153252
0 0.48590368032455444 0.1141716058506311 0.02376788854598999 0.025699504586153252
0 0.5148271322250366 0.11634345139401908 0.02376788854598999 0.025699504586153252
0 0.5429198145866394 0.11845291492550872 0.02376788854598999 0.025699504586153252
0 0.5718708038330078 0.1206268282325283 0.02376788854598999 0.025699504586153252
0 0.6002694964408875 0.12209362637785648 0.02363057931264234 0.025509945181913154
0 0.15695755183696747 0.14395524386097996 0.024377415577570616 0.026089816130408932
0 0.18713743873496552 0.14393749377742748 0.025322566429773985 0.026322911876116597
0 0.2169181464323357 0.14398048520708862 0.02494563659032184 0.02649723466976667
0 0.24672093876262208 0.1442528415940461 0.024945636590321868 0.02649723466976667
0 0.276528610667186 0.14397639404925663 0.024945636590321896 0.02649723466976667
0 0.3059115409851074 0.1431668133012362 0.024945636590321896 0.02649723466976667
0 0.3363661766052246 0.1456078690234591 0.024945636590321896 0.02649723466976667
0 0.3976576030254364 0.14697978133338765 0.024539649486541748 0.02616119384765625
0 0.4271382689476013 0.14826121847767615 0.024539649486541748 0.02616119384765625
0 0.45569297671318054 0.1495024069661494 0.024539649486541748 0.02616119384765625
0 0.48507222533226013 0.15077943580095157 0.024539649486541748 0.02616119384765625
0 0.5431603789329529 0.15512862328583238 0.023838500181833977 0.02576155255931291
0 0.5710362195968628 0.15576889709908864 0.023838500181833977 0.02576155255931291
0 0.5991499423980713 0.15750858395598655 0.02286605040232348 0.02568783131680746
0 0.6283268332481384 0.15859817350111927 0.02286605040232348 0.02568783131680746
0 0.6572280526161194 0.1596774682973592 0.02286605040232348 0.02568783131680746
0 0.6834834218025208 0.1606579557631454 0.02286605040232348 0.02568783131680746
0 0.7097442746162415 0.16218099441846104 0.02286605040232348 0.02568783131680746
0 0.24540797621011734 0.17932599048488715 0.025277867913246155 0.026341227597968524
0 0.27560973167419434 0.1797830296654772 0.025277867913246155 0.026341227597968524
0 0.3056093156337738 0.18023700941136436 0.025277867913246155 0.026341227597968503
0 0.3346761167049408 0.18067687347687345 0.025277867913246155 0.026341227597968503
0 0.36596464310119403 0.18113933011749808 0.025277867913246155 0.026341227597968482
0 0.3956683278083801 0.18279139105354927 0.02360965808232629 0.025551167569419216
0 0.4255848824977875 0.18391505507535713 0.02360965808232629 0.025551167569419216
0 0.4839472472667694 0.18664948844605528 0.02360965808232629 0.025551167569419216
0 0.5131920576095581 0.18774792178999983 0.02360965808232618 0.025551167569419216
0 0.5423949360847473 0.18884478017548145 0.02360965808232618 0.025551167569419216
0 0.5704761743545532 0.18989950982129752 0.02360965808232618 0.025551167569419216
0 0.10248298197984695 0.18301386611406192 0.023962654173374176 0.025833185328993688
0 0.13036328070421718 0.18240283477275535 0.023962654173374176 0.025833185328993626
0 0.15777780805061112 0.18301328700421865 0.023962654173374176 0.025833185328993667
0 0.1861353425392464 0.18244019757952387 0.023962654173374176 0.025833185328993646
0 0.1562749594449997 0.21716259205271 0.02490350604057312 0.02600656553756359
0 0.18503762781620026 0.21550792646418063 0.024996042251586914 0.026500066121419242
0 0.21457074582576752 0.21563915277843218 0.024996042251586914 0.026500066121419242
0 0.24433737993240356 0.21577141668907723 0.024996042251586914 0.026500066121419242
0 0.2739749550819397 0.2159655977147853 0.025109151999155643 0.026401800702708665
0 0.30360186100006104 0.21668008022204763 0.025109151999155643 0.026401800702708665
0 0.3639872968196869 0.21759398907474417 0.025109151999155643 0.026401800702708665
0 0.39569151401519775 0.21835856802386702 0.025109151999155643 0.026401800702708665
0 0.4250747561454773 0.21906717433485873 0.025109151999155643 0.026401800702708665
0 0.45466160774230957 0.2204503975798343 0.02395917971928918 0.025285232898800872
0 0.4830417037010193 0.22182944994098314 0.023377815882364872 0.025004231652548146
0 0.512112557888031 0.2231734076211619 0.023377815882364983 0.025004231652548146
0 0.5699287056922913 0.22584627218097242 0.023377815882364983 0.025004231652548146
0 0.5983675718307495 0.22716101279081083 0.023377815882364983 0.025004231652548146
0 0.6263323426246643 0.22845383577568587 0.023377815882364983 0.025004231652548146
0 0.6542080640792847 0.22974254197256802 0.023377815882364983 0.025004231652548146
0 0.6822377443313599 0.23099239309944958 0.02333434422810865 0.025021471718485015
0 0.7087589502334595 0.23226795640102652 0.022689421971638923 0.02476652278456577
0 0.10106978565454483 0.2889874567110487 0.023358337581157684 0.026294619538063228
0 0.12738747522234917 0.288841025773869 0.023481659591197968 0.026069552399391353
0 0.1830548793077469 0.2884949983747314 0.023481659591197968 0.026069552399391353
0 0.2122841477394104 0.2883133098641879 0.023481659591197968 0.026069552399391353
0 0.24277666211128235 0.28812376904376313 0.023481659591197968 0.026069552399391353
0 0.27292171120643616 0.287936388060104 0.024764180183410645 0.026700899582500635
0 0.30378901958465576 0.2882137614527048 0.024531205495198605 0.02628345637358439
0 0.333663672208786 0.28917929183605107 0.024531205495198605 0.02628345637358439
0 0.3635919392108917 0.29014655500309094 0.024531205495198605 0.02628345637358439
0 0.39380303025245667 0.29112295886899264 0.024531205495198605 0.02628345637358439
0 0.4243885278701782 0.2921114633249682 0.024531205495198605 0.02628345637358439
0 0.45349329710006714 0.2930521115509175 0.024531205495198605 0.02628345637358439
0 0.5111214071512222 0.29536220480845987 0.02370243271191913 0.02607648686845176
0 0.5692263841629028 0.29746281823446585 0.023702432711919075 0.02607648686845176
0 0.5970157980918884 0.2984895595883312 0.02384304006894422 0.025995298873546513
0 0.6247623562812805 0.2988287388329225 0.02292843659718824 0.025309096935183503
0 0.652510941028595 0.2995112219522166 0.02292843659718824 0.025309096935183503
0 0.15434567630290985 0.3253831419833871 0.023515100280443846 0.02588337151579152
0 0.1821901649236679 0.32468605041503906 0.023970499634742737 0.026463722997857646
0 0.21195682883262634 0.3250446825655338 0.023970499634742737 0.026463722997857646
0 0.24221322685480118 0.32538292019866233 0.02467764914035797 0.02660097817117851
0 0.2719862163066864 0.32574355298457736 0.02467764914035797 0.02660097817117851
0 0.30322811007499695 0.32559854450183845 0.023480574289957645 0.026176570921905253
0 0.3340199887752533 0.326365870098735 0.023480574289957645 0.026176570921905253
0 0.3939630389213562 0.32785963529510076 0.023480574289957645 0.026176570921905253
0 0.4230623245239258 0.32858478191287016 0.023480574289957645 0.026176570921905253
0 0.45263177156448364 0.3296930845393691 0.022872964541117313 0.025844470475071133
0 0.48151886463165283 0.3305132467602614 0.022872964541117313 0.025844470475071133
0 0.5108001083135605 0.3313445997036954 0.02287296454111737 0.025844470475071133
0 0.540399432182312 0.33218498357841264 0.022872964541117424 0.025844470475071133
0 0.5675837993621826 0.3329568020133085 0.022872964541117424 0.025844470475071133
0 0.5962475538253784 0.3338345236588426 0.02189767360687256 0.025226740874061317
0 0.6247829794883728 0.33470831570869763 0.02189767360687256 0.025226740874061317
0 0.6520400047302246 0.33554296146588064 0.02189767360687256 0.025226740874061317
0 0.6802234649658203 0.3364059758740802 0.02189767360687256 0.025226740874061317
0 0.7072334885597229 0.3371833048116921 0.022044102350870842 0.025066094805103835
0 0.10024885833263397 0.36249078905781956 0.02290060619513193 0.025895636211069953
0 0.12609776854515076 0.3613384362506131 0.023306215802828475 0.02623205406721244
0 0.18246906995773315 0.36167980903802915 0.02330621580282849 0.026232054067212483
0 0.21239978075027466 0.36172332320102424 0.023467903335889162 0.026160114495329168
0 0.24149709194898605 0.3620611239140821 0.02346790333588919 0.026160114495329168
0 0.2717994749546051 0.3622207752493925 0.02350592613220215 0.025785771451255133
0 0.30219051241874695 0.36280486060898315 0.02350592613220215 0.025785771451255133
0 0.33281409740448 0.3633934152994721 0.02350592613220215 0.025785771451255175
0 0.36305350065231323 0.3639745864010069 0.02350592613220215 0.025785771451255175
0 0.4225788116455078 0.3651186033736828 0.02350592613220215 0.025785771451255133
0 0.45189234614372253 0.36551803766294966 0.02247297763824463 0.025703341461891353
0 0.5110910534858704 0.3672636954662203 0.02247297763824463 0.025703341461891353
0 0.5391576290130615 0.36809132564228064 0.02247297763824463 0.025703341461891394
0 0.5671360492706299 0.36891635628633723 0.02247297763824463 0.025703341461891353
0 0.5952727198600769 0.36974605343307804 0.02247297763824463 0.025703341461891353
0 0.6233679056167603 0.3696641700212346 0.02213398615519213 0.02516999355582304
0 0.6513397693634033 0.3706626892089844 0.022007783253987556 0.02529669177624605
0 0.15349800884723663 0.39788372770759 0.02337515354156494 0.025685362113538692
0 0.18172819912433624 0.39823487747547237 0.02327898144721985 0.025485933289047413
0 0.21018289029598236 0.39842339449150616 0.023352394501368223 0.025941479113674958
0 0.2717629075050354 0.39920637875138304 0.023352394501368168 0.025941479113674958
0 0.3019171357154846 0.39958978699203623 0.023352394501368168 0.025941479113674958
0 0.3322676718235016 0.3999756912695673 0.023352394501368168 0.025941479113674958
0 0.3623267412185669 0.40035788957462753 0.023352394501368168 0.025941479113674958
0 0.39187824726104736 0.40094304033547495 0.022892306248346928 0.025651207265927865
0 0.45172318816185 0.4021280328245425 0.022892306248346928 0.025651207265927865
0 0.48113206028938293 0.40265464559896846 0.022369474172592163 0.025411384050236192
0 0.5099939554929733 0.4032818550287291 0.022369474172592163 0.025411384050236192
0 0.5381441116333008 0.40389359737121566 0.022369474172592163 0.025411384050236192
0 0.5663525462150574 0.4045066061859058 0.022369474172592163 0.025411384050236192
0 0.5949668288230896 0.4051284346469613 0.022369474172592163 0.025411384050236192
0 0.3919781446456909 0.43734807746354926 0.022548586130142212 0.02537844162578725
0 0.42106249928474426 0.4377290335275919 0.022548586130142212 0.02537844162578725
0 0.4510120451450348 0.4381213221395414 0.022548586130142212 0.02537844162578725
0 0.4803202450275421 0.4385052101992897 0.022548586130142212 0.02537844162578725
0 0.5099489241838455 0.4388932959977971 0.022548586130142212 0.02537844162578725
0 0.538277268409729 0.4398256372168136 0.021760066350301033 0.02496246219605433
0 0.5665004253387451 0.4402751853329948 0.021760066350301033 0.02496246219605433
0 0.5947079062461853 0.4407244837561319 0.021760066350301033 0.02496246219605433
0 0.6228950619697571 0.4422489643287064 0.021557609240214104 0.024711490601532164
0 0.6505703679353132 0.4420035335232516 0.021557609240214104 0.024711490601532164
0 0.09748705476522446 0.47194999872251997 0.023126855492591858 0.02604409151299055
0 0.15230529010295868 0.47220456322958304 0.022809535264968872 0.026072036388308503
0 0.18064869940280914 0.47226485964003506 0.022809535264968872 0.026072036388308503
0 0.20987461507320404 0.4723270334522416 0.022809535264968872 0.026072036388308503
0 0.23996329307556152 0.472391042663681 0.022809535264968872 0.026072036388308503
0 0.26959091424942017 0.4724540710449219 0.022809535264968872 0.026072036388308503
0 0.331656813621521 0.47259038930993214 0.02331756552060449 0.02634196318397221
0 0.36131343245506287 0.4733315401299055 0.023722738027572632 0.02618100661640025
0 0.39138180017471313 0.4738724028339246 0.02252330382665002 0.025248682776162792
0 0.42089322209358215 0.4741562688073447 0.02252330382665002 0.025248682776162792
0 0.4793711304664612 0.4749425382309665 0.022118528683980343 0.02505537521007449
0 0.5378623604774475 0.4753505795500999 0.022118528683980232 0.02505537521007449
0 0.566237211227417 0.4755543109982513 0.022258083025614495 0.02512457204419513
0 0.594630241394043 0.47579549925134185 0.022258083025614495 0.02512457204419513
0 0.6223782896995544 0.4760312086229097 0.022258083025614495 0.02512457204419513
0 0.6504413485527039 0.4762695938921624 0.022258083025614495 0.02512457204419513
0 0.6782283782958984 0.47650563439657523 0.022258083025614495 0.02512457204419513
0 0.7336946725845337 0.47708963071657723 0.0221635103225708 0.02479709950528398
0 0.7607882618904114 0.4773571582593338 0.0221635103225708 0.02479709950528398
0 0.7876288294792175 0.47762218741483464 0.0221635103225708 0.02479709950528398
0 0.1511647254228592 0.508966978206191 0.022699683904647827 0.026119675747183865
0 0.17943575978279114 0.5090705491186378 0.022699683904647827 0.026119675747183865
0 0.20885486900806427 0.5091783260024633 0.022699683904647827 0.026119675747183865
0 0.2385898232460022 0.5092872599842476 0.022699683904647827 0.026119675747183865
0 0.26934903860092163 0.5093999463458394 0.022699683904647827 0.026119675747183865
0 0.30005767941474915 0.5099616383397302 0.02310911814371741 0.025726702786231282
0 0.3609229326248169 0.5101855011285528 0.02310911814371741 0.025726702786231282
0 0.3907565772533417 0.5102952294634409 0.02310911814371741 0.025726702786231282
0 0.42045119404792786 0.5104044464530706 0.02310911814371741 0.025726702786231282
0 0.47963184118270874 0.5106221132500227 0.02310911814371741 0.025726702786231282
0 0.5088744163513184 0.5107260273419271 0.023156662782033266 0.025567313497380638
0 0.5373542308807373 0.5111809220424918 0.021994829177856445 0.025101950002271077
0 0.5661176443099976 0.5111687813797544 0.021837155024210686 0.024988544079684417
0 0.5944160223007202 0.5112724304199219 0.021837155024210686 0.024988544079684417
0 0.6225400567054749 0.5113754408883184 0.021837155024210686 0.024988544079684417
0 0.6509351134300232 0.5114794440356355 0.021837155024210686 0.024988544079684417
0 0.678401529788971 0.5115800458331441 0.021837155024210686 0.024988544079684417
0 0.09703092277050018 0.5451040046159611 0.021798548599084228 0.026055032892744724
0 0.12281173840165138 0.5454175956054375 0.021798548599084214 0.026055032892744724
0 0.15046115219593048 0.5457539157263461 0.0217985485990842 0.026055032892744724
0 0.17901502549648285 0.5461012374523074 0.0217985485990842 0.026055032892744724
0 0.20841063559055328 0.5467697853265807 0.02272060513496399 0.025791168212890625
0 0.23860099911689758 0.5468274866275497 0.02272060513496399 0.025791168212890625
0 0.26891380548477173 0.5468854219472725 0.02272060513496399 0.025791168212890625
0 0.3299679160118103 0.5470021115526773 0.02272060513496399 0.025791168212890625
0 0.35982194542884827 0.5470591700354288 0.02272060513496399 0.025791168212890625
0 0.4198593497276306 0.5471593280171239 0.02276577552159631 0.025752548099488196
0 0.4792901873588562 0.5472673976025778 0.02276577552159631 0.025752548099488196
0 0.5080280303955078 0.5464743726770137 0.022255778312683105 0.02573687531227289
0 0.5369159579277039 0.546608104262241 0.022460858027140373 0.02483867674834974
0 0.5945591926574707 0.5467176395583924 0.022460858027140373 0.02483867674834974
0 0.6223744750022888 0.5467704949403545 0.022460858027140373 0.02483867674834974
0 0.678882360458374 0.5468778728138783 0.022460858027140373 0.02483867674834974
0 0.7061757445335388 0.5469297364700673 0.022460858027140373 0.02483867674834974
0 0.7332048416137695 0.5469255395417256 0.0226557652155559 0.024840007456698215
0 0.7605161070823669 0.546949164811955 0.0226557652155559 0.024840007456698215
0 0.1494244486093521 0.5824229661808458 0.022674471139907837 0.026134520538093564
0 0.17786917090415955 0.5835560627498733 0.023213297128677368 0.025929295739462208
0 0.20754852890968323 0.5838793954175632 0.023411413033803286 0.026030104289683317
0 0.26864194869995117 0.5837277257165243 0.02341141303380334 0.026030104289683317
0 0.29910755157470703 0.5836069417554278 0.023496409257253048 0.025928645170936234
0 0.3602067232131958 0.5835837460793052 0.023341695467630985 0.025636096333348474
0 0.38951376080513 0.5834276509839434 0.023341695467630985 0.025636096333348474
0 0.42016077041625977 0.5832644189318197 0.023341695467630985 0.025636096333348474
0 0.4497639238834381 0.5831067466645709 0.023341695467630985 0.025636096333348474
0 0.508105456829071 0.5827960080878679 0.02334169546763104 0.025636096333348474
0 0.5367166996002197 0.5826436189337348 0.023341695467631096 0.025636096333348474
0 0.5660572648048401 0.5829208682728834 0.02253035704294848 0.025297800699869737
0 0.594131350517273 0.582904650903631 0.02253035704294848 0.025297800699869737
0 0.6221804618835449 0.5828884479611419 0.02253035704294848 0.025297800699869737
0 0.6499006748199463 0.5828724350112082 0.02253035704294848 0.025297800699869737
0 0.09367536008358002 0.6547359643980514 0.02291606863339743 0.026515132697053603
0 0.1201007217168808 0.6556487134619994 0.022916068633397416 0.026515132697053603
0 0.1479255110025406 0.6566097996612146 0.022916068633397402 0.026515132697053603
0 0.17699147760868073 0.65761375692699 0.022916068633397402 0.026515132697053603
0 0.2063455432653427 0.6586276653201081 0.022916068633397402 0.026515132697053603
0 0.23686350882053375 0.6587090603140897 0.02383496363957721 0.02641914426818369
0 0.2665911614894867 0.6585562061419664 0.023834963639577267 0.02641914426818369
0 0.2967359125614166 0.6584012073258718 0.023834963639577267 0.02641914426818369
0 0.3582671284675598 0.6580848250278207 0.023834963639577267 0.02641914426818369
0 0.38917702436447144 0.6579258919764845 0.023834963639577267 0.02641914426818369
0 0.4479847848415375 0.6569724230203277 0.023300280173619625 0.02575654022453362
0 0.47816067934036255 0.6565247025600699 0.023300280173619625 0.02575654022453362
0 0.506990060210228 0.6563418172803307 0.022762219111124693 0.025457160417423692
0 0.535915732383728 0.6557893531267033 0.02291504542032885 0.0251814672189166
0 0.5646950006484985 0.6552411860505543 0.02291504542032885 0.0251814672189166
0 0.5932660698890686 0.6546969846016513 0.02291504542032885 0.0251814672189166
0 0.6221774220466614 0.6541463016852569 0.02291504542032885 0.0251814672189166
0 0.6497069001197815 0.6536219397256541 0.02291504542032885 0.0251814672189166
0 0.6766272783279419 0.6531093046340257 0.022690137227376228 0.02489938662033667
0 0.14614348113536835 0.6944163566411927 0.023384799559911074 0.026604704154554317
0 0.17548269033432007 0.6951098088549117 0.023384799559911074 0.026604704154554317
0 0.20558056235313416 0.6958211925816558 0.023384799559911074 0.026604704154554317
0 0.23602399230003357 0.6965407438056413 0.02405389149983722 0.026763176733209125
0 0.2659633755683899 0.6961958838922992 0.024053891499837277 0.026763176733209125
0 0.2961288094520569 0.6958484201913337 0.024053891499837277 0.026763176733209125
0 0.3275229334831238 0.6954868036945688 0.024053891499837277 0.026763176733209125
0 0.35792794823646545 0.6951365803563317 0.024053891499837277 0.026763176733209125
0 0.418200820684433 0.6945856671000636 0.023007750511169434 0.026312244030856292
0 0.4479265511035919 0.6938870526653124 0.023007750511169434 0.026312244030856292
0 0.507153332233429 0.6924951042207255 0.023007750511169434 0.026312244030856292
0 0.5360346436500549 0.6918163353304176 0.023007750511169434 0.026312244030856292
0 0.564579427242279 0.6911454755206441 0.023007750511169434 0.026312244030856292
0 0.5928583145141602 0.6907975840014081 0.022896965344746834 0.026227403980817035
0 0.09168728440999985 0.7307561717902286 0.023513436317443848 0.026625433633493824
0 0.14680515229701996 0.7319607180218364 0.023513436317443848 0.026625433633493824
0 0.17463840544223785 0.7325689861112006 0.023513436317443848 0.026625433633493904
0 0.20447476208209991 0.7332210300369403 0.023513436317443848 0.026625433633493904
0 0.23475077748298645 0.7338826822680097 0.023513436317443848 0.026625433633493824
0 0.2650664746761322 0.7345452017052168 0.023513436317443848 0.02662543363349374
0 0.32724809646606445 0.7330195404044147 0.023846586545308468 0.026667691016381997
0 0.3887695372104645 0.7319064814517913 0.023846586545308468 0.026667691016381997
0 0.418117880821228 0.7314209383587504 0.022989938656489017 0.02582891597304233
0 0.4477792978286743 0.7308388643486555 0.023008733987808228 0.025870567144349564
0 0.5072261840105057 0.7296770013549048 0.022658705711364746 0.025419220443843926
0 0.5358762145042419 0.7291327645130139 0.02266152699788404 0.02535655886627907
0 0.5937220454216003 0.7271006384561228 0.02266152699788404 0.02535655886627907
0 0.6219565868377686 0.7261087580317905 0.02266152699788404 0.02535655886627907
0 0.6499643325805664 0.7251248449473708 0.02266152699788404 0.02535655886627907
0 0.6769963502883911 0.724175209222838 0.02266152699788404 0.02535655886627907
0 0.7050567865371704 0.7231894451191061 0.02266152699788404 0.02535655886627907
0 0.7308350205421448 0.7234355571658112 0.023024876912434822 0.025423537853152253
0 0.1451682597398758 0.770472272199067 0.02475853761037189 0.026721096778100663
0 0.17328394949436188 0.7705949295398801 0.024695992469787598 0.02672588732815517
0 0.20294970273971558 0.7707069504369407 0.024695992469787598 0.02672588732815517
0 0.2648877501487732 0.7709408347942859 0.024695992469787598 0.02672588732815517
0 0.2955590486526489 0.7710566527323642 0.024695992469787598 0.02672588732815517
0 0.32643815875053406 0.7711732553881269 0.024695992469787598 0.02672588732815517
0 0.3575716018676758 0.7705044643353643 0.024910151958465576 0.026480800421663144
0 0.3877425193786621 0.76994110817133 0.024910151958465576 0.026480800421663144
0 0.4479794204235077 0.7683728590539552 0.023659855127334595 0.025764110476471657
0 0.4771399199962616 0.7673338069472202 0.023659855127334595 0.025764110476471657
0 0.5068459361791611 0.7662753168956166 0.023659855127334595 0.025764110476471657
0 0.5358154773712158 0.7652430690518629 0.023659855127334595 0.025764110476471657
0 0.5639462471008301 0.7642407084620276 0.023659855127334595 0.025764110476471657
0 0.5933544039726257 0.7631928317863692 0.023659855127334595 0.025764110476471657
0 0.6213188171386719 0.7632396609284157 0.022805174191792732 0.02510543941527363
0 0.08951200544834137 0.8405625099359557 0.023398588101069123 0.026961038278978923
0 0.11634017527103424 0.8445572541542217 0.024295171101888016 0.027072699495064304
0 0.1440291553735733 0.8458851167218447 0.024554520845413208 0.02668513808139535
0 0.17272309958934784 0.8462399327477743 0.024554520845413208 0.02668513808139535
0 0.2027946561574936 0.8466117836900773 0.024554520845413208 0.02668513808139535
0 0.2639847993850708 0.8473684326639097 0.024554520845413208 0.02668513808139535
0 0.29525989294052124 0.8481522829369282 0.024826327959696415 0.026731742444888455
0 0.32469040155410767 0.846861905829851 0.02472168207168579 0.02668697150178669
0 0.3563033640384674 0.8455021887688362 0.02472168207168579 0.02668697150178669
0 0.3857741057872772 0.8442346115724108 0.02472168207168579 0.02668697150178669
0 0.4465026259422302 0.841622594271415 0.02472168207168579 0.02668697150178669
0 0.47633039951324463 0.8403396606445312 0.02472168207168579 0.02668697150178669
0 0.5044378489255905 0.8399023011673329 0.02333042025566101 0.025820059369700932
0 0.5639657378196716 0.8369135837580047 0.02333042025566101 0.025820059369700932
0 0.5930759310722351 0.8354520479471574 0.02333042025566101 0.025820059369700932
0 0.6212581992149353 0.8340371004830821 0.02333042025566101 0.025820059369700932
0 0.6486555337905884 0.8326615621877271 0.02333042025566101 0.025820059369700932
0 0.6768868565559387 0.8313123644551875 0.02342335383097338 0.025815150534459676
0 0.1422792375087738 0.8826126276060592 0.023622373739878355 0.026642259701277968
0 0.17162716388702393 0.8853073210433308 0.02423893411954242 0.026974463647650083
0 0.20171792805194855 0.8866967282181079 0.024044692516326904 0.026761195456334676
0 0.23194199800491333 0.8862118388331214 0.024044692516326904 0.026761195456334676
0 0.26363635063171387 0.8868729784898518 0.024265388647715214 0.026768055997153695
0 0.2940596640110016 0.8856920641522075 0.024265388647715214 0.026768055997153695
0 0.32440418004989624 0.8845142084199124 0.024265388647715214 0.026768055997153695
0 0.35531455278396606 0.8833143883382363 0.024265388647715214 0.026768055997153695
0 0.3864963948726654 0.8821040308752726 0.024265388647715214 0.026768055997153695
0 0.445934534072876 0.8797968741921938 0.024265388647715214 0.026768055997153695
0 0.47585517168045044 0.8771107695823492 0.023090968529383304 0.025752222815225292
0 0.5044364482164383 0.8757517901837901 0.02309096852938336 0.025752222815225292
0 0.5339319109916687 0.8743493431583036 0.023090968529383415 0.025752222815225292
0 0.5629626512527466 0.8728612293363278 0.022979378700256348 0.025283458621002907
0 0.5922145247459412 0.8715781278388445 0.022979378700256348 0.025283458621002907
0 0.6207987666130066 0.87032431127381 0.022979378700256348 0.025283458621002907
0 0.6494187116622925 0.8690689286276636 0.022979378700256348 0.025283458621002907
0 0.6769139766693115 0.8678628788437954 0.022979378700256348 0.025283458621002907
0 0.08807982504367828 0.9156369941179142 0.023606186111768096 0.02615066646605488
0 0.11385918408632278 0.9171068948217154 0.023606186111768082 0.02615066646605488
0 0.14220814406871796 0.9187233103486186 0.023606186111768068 0.02615066646605488
0 0.17078910768032074 0.9203529543773361 0.023606186111768068 0.02615066646605488
0 0.23116309940814972 0.9237953895746276 0.023606186111768068 0.02615066646605488
0 0.2625245451927185 0.9233448967358822 0.02418334285418189 0.026831161144167878
0 0.29364943504333496 0.9242331236289926 0.024286607901255253 0.026382505431655875
0 0.32489463686943054 0.9224489788676418 0.024270753065745 0.02634193361267552
0 0.3557731509208679 0.9211563501867274 0.02394983172416687 0.025830113610555958
0 0.41637489199638367 0.9171765000190171 0.02388066053390503 0.02588641735934483
0 0.4457818269729614 0.9155461510946584 0.02388066053390503 0.02588641735934483
0 0.47542744874954224 0.9139025691431941 0.02388066053390503 0.02588641735934483
0 0.5043999403715134 0.9122963061787103 0.02388066053390503 0.02588641735934483
0 0.5338717103004456 0.9106623627418695 0.02388066053390503 0.02588641735934483
0 0.5625908374786377 0.909070146547262 0.02388066053390503 0.02588641735934483
0 0.14151638746261597 0.9580857939756405 0.024964720010757446 0.026647996532824503
0 0.17003114521503448 0.9590446117312409 0.024964720010757446 0.026647996532824503
0 0.1998651623725891 0.9600477900019428 0.024964720010757446 0.026647996532824503
0 0.23040175437927246 0.9610745925743426 0.024964720010757446 0.026647996532824503
0 0.2615751028060913 0.9621228062829306 0.024964720010757446 0.026647996532824503
0 0.29369497299194336 0.963202847085282 0.024964720010757446 0.026647996532824503
0 0.3239504098892212 0.9598091480343841 0.02457992235819495 0.02618159804233285
0 0.35475945472717285 0.957943317502044 0.02416997154553735 0.02569828477016715
0 0.3866932690143585 0.9559560064225402 0.02416997154553735 0.02569828477016715
0 0.415923148393631 0.9541369671239277 0.02416997154553735 0.02569828477016715
0 0.4752930700778961 0.9504422470979598 0.02416997154553735 0.02569828477016715
0 0.5050631314516068 0.9485895910928416 0.024169971545537294 0.02569828477016715
0 0.5346353054046631 0.9466102067814317 0.02385299404462171 0.025398076966751452
0 0.563347339630127 0.944677312722603 0.02385299404462171 0.025398076966751452
0 0.5911074876785278 0.943406184419985 0.023867279291152954 0.025510625321735817
0 0.6210611750479458 0.9416146247668237 0.021879076957702637 0.024145614269167878
0 0.13035566608111065 0.07460020554033239 0.02376788854598999 0.025699504586153263
0 0.15930950802725719 0.07343464796251044 0.02376788854598999 0.025699504586153242
0 0.8476723156758209 0.10127760713803953 0.02286605040232348 0.02568783131680746
0 0.8753852408323715 0.10171574819632832 0.02286605040232348 0.02568783131680746
0 0.9016460936460922 0.10323878685164393 0.02286605040232348 0.02568783131680746
0 0.927386532078928 0.1050393769245353 0.02286605040232348 0.02568783131680746
0 0.10294717817164178 0.11036749392572023 0.021863339552238792 0.024405588337382857
0 0.13060357749684537 0.10969678412206979 0.024852779707801823 0.024662315129688958
0 0.15935814958899766 0.10936318087960456 0.0252778679132461 0.026341227597968503
0 0.1862239133177409 0.10878564215747416 0.02485277970780181 0.024662315129688958
0 0.24475936107893492 0.10787450019287853 0.024852779707801836 0.024662315129688958
0 0.2770588013774424 0.10750570463578028 0.024852779707801864 0.024662315129688958
0 0.30862946369087524 0.10822160189367684 0.024852779707801864 0.024662315129688958
0 0.33850936107893487 0.10822160189367684 0.024852779707801864 0.024662315129688958
0 0.3664361334669946 0.1100221919665682 0.024852779707801864 0.024662315129688958
0 0.39582046182520353 0.11128043563196216 0.024852779707801864 0.024662315129688958
