0 0.8256677985191345 0.11422391270482263 0.021302342414855957 0.02222135085468146
0 0.8498597145080566 0.11495717719979605 0.021302342414855957 0.02222135085468146
0 0.8767346143722534 0.11577176377017787 0.021302342414855957 0.02222135085468146
0 0.9009988307952881 0.1165072197137877 0.021302342414855957 0.02222135085468146
0 0.14025384187698364 0.09671418888624324 0.022014141082763672 0.024292718532473542
0 0.16704195737838745 0.09596470899360124 0.021782219409942627 0.024573814037234284
0 0.11412274837493896 0.13238622975903888 0.02179015676180522 0.024267314940459982
0 0.14155173301696777 0.13161237113377677 0.021790156761805235 0.024267314940459982
0 0.16884049773216248 0.1308424685572431 0.021790156761805235 0.024267314940459982
0 0.19604691863059998 0.13007488916086596 0.021790156761805235 0.024267314940459982
0 0.22414004802703857 0.12928229290629203 0.021790156761805235 0.024267314940459982
0 0.2523030564188957 0.12989210244297372 0.021837949752807617 0.0238979842311652
0 0.2803409695625305 0.13085073648497117 0.0220010677973429 0.024061136467512265
0 0.3090134859085083 0.1317721470885927 0.0220010677973429 0.024061136467512265
0 0.3375609219074249 0.13268953815110748 0.0220010677973429 0.024061136467512265
0 0.3652753531932831 0.13358016004672332 0.0220010677973429 0.024061136467512265
0 0.39347124099731445 0.13448625387147414 0.0220010677973429 0.024061136467512265
0 0.4491504728794098 0.13624122530915017 0.022060076395670536 0.024086272069650118
0 0.476292222738266 0.13715599603513665 0.02186518907546997 0.0239055692687515
0 0.5033716112375259 0.1380686649678899 0.02186518907546997 0.0239055692687515
0 0.5311704277992249 0.1390055811114676 0.02186518907546997 0.0239055692687515
0 0.5579211115837097 0.13990717155988827 0.02186518907546997 0.0239055692687515
0 0.5847785472869873 0.14013834546717047 0.021830866734186882 0.024168724237486373
0 0.6117841005325317 0.1407136695329533 0.021830866734186882 0.024168724237486373
0 0.11452888697385788 0.16682654757832371 0.021182725826899215 0.02400347983190257
0 0.1410362720489502 0.1643684942740208 0.021444266041119875 0.0242679285448651
0 0.19619928300380707 0.164853339971498 0.02128937840461731 0.02413143483243246
0 0.22432474792003632 0.16510578756989694 0.02128937840461731 0.02413143483243246
0 0.2529795840382576 0.16536298668045765 0.02128937840461731 0.02413143483243246
0 0.28086748719215393 0.165613301980011 0.02128937840461731 0.02413143483243246
0 0.30859068036079407 0.16586213888123977 0.02128937840461731 0.02413143483243246
0 0.1139439046382904 0.20043799551159708 0.02118121584256491 0.024019463117732558
0 0.14137159287929535 0.20004292356917078 0.020959402124087034 0.02398632847985556
0 0.16845852136611938 0.20003839980724247 0.020959402124087034 0.02398632847985556
0 0.1969347447156906 0.20003364402051257 0.020959402124087034 0.02398632847985556
0 0.2243451476097107 0.200029066235434 0.020959402124087034 0.02398632847985556
0 0.2529180720448494 0.20002429429874863 0.020959402124087007 0.02398632847985556
0 0.30872127413749695 0.20001497465952758 0.02095940212408698 0.02398632847985556
0 0.3656003177165985 0.2020417688790017 0.02184659242630005 0.024261607680209848
0 0.39349037408828735 0.20281372513881948 0.02184659242630005 0.024261607680209848
0 0.4213489294052124 0.20358480949518573 0.02184659242630005 0.024261607680209848
0 0.44865649938583374 0.20434064337755656 0.02184659242630005 0.024261607680209848
0 0.4762401282787323 0.2051041181697402 0.02184659242630005 0.024261607680209848
0 0.5034815669059753 0.20585812163228215 0.02184659242630005 0.024261607680209848
0 0.5309639573097229 0.20712058499333072 0.021450817584991455 0.024004529612933045
0 0.5583170056343079 0.20795127957366233 0.021450817584991455 0.024004529612933045
0 0.5847429633140564 0.208311549129005 0.02103344599405932 0.024113470269728102
0 0.6107004284858704 0.20872703818387764 0.02103344599405932 0.024113470269728102
0 0.11398335546255112 0.2350019188814385 0.02150055766105652 0.023984361988629455
0 0.14108772575855255 0.23488374789555033 0.02150055766105652 0.023984361988629455
0 0.16825272142887115 0.23476531259213057 0.02150055766105652 0.023984361988629455
0 0.22459521889686584 0.23451966776067038 0.02150055766105652 0.023984361988629455
0 0.25281214714050293 0.23439664618913517 0.02150055766105652 0.023984361988629455
0 0.28128015995025635 0.2352425784943077 0.02110438545544946 0.023969975552817675
0 0.30921363830566406 0.23533129137615824 0.02110438545544946 0.023969975552817675
0 0.33736398816108704 0.23575339206429416 0.02121429642041528 0.023561048877331667
0 0.16852834820747375 0.2683612953215142 0.02166785796483356 0.023917752642964207
0 0.19613654911518097 0.2686015949692837 0.02166785796483356 0.023917752642964207
0 0.2243162840604782 0.26876292117806366 0.021367033322652162 0.023617323054823766
0 0.2529776617884636 0.26948982061341753 0.021273915966351836 0.023708668790122362
0 0.2811768651008606 0.2697564178748325 0.021273915966351864 0.023708668790122362
0 0.30940014123916626 0.27002324272244516 0.021273915966351864 0.023708668790122362
0 0.3375530242919922 0.27028940206885194 0.021273915966351864 0.023708668790122362
0 0.3654644191265106 0.27055327836857285 0.021452655394872067 0.023947708366453213
0 0.393833726644516 0.2712291610321525 0.021417488654454586 0.023917723071667604
0 0.42135384678840637 0.27187079052592433 0.021417488654454586 0.023917723071667604
0 0.47642242908477783 0.2731547103052279 0.021417488654454586 0.023917723071667604
0 0.5034758895635605 0.27378545966464274 0.02141748865445453 0.023917723071667604
0 0.5310441851615906 0.2744282123654388 0.021417488654454475 0.023917723071667604
0 0.5581985712051392 0.2750613147966676 0.021417488654454475 0.023917723071667604
0 0.5847924947738647 0.275419834048249 0.021157483259836907 0.023626090944275348
0 0.6106568574905396 0.2758223289667174 0.020690202713012695 0.02315448790557622
0 0.1690862625837326 0.3033124341226452 0.021500863134860992 0.023475794829139442
0 0.22512535750865936 0.30373161993558834 0.021500863134860992 0.023475794829139442
0 0.25342535972595215 0.3039433107106025 0.021500863134860992 0.023475794829139442
0 0.2814635634422302 0.30415304317030795 0.021500863134860992 0.023475794829139442
0 0.309370219707489 0.30429040753236003 0.021778782208760616 0.024102750674698678
0 0.3378441631793976 0.30447157039198763 0.021778782208760616 0.024102750674698678
0 0.16956114768981934 0.3379393357099317 0.021495232979456602 0.02390191721361737
0 0.19689559936523438 0.3381033830864485 0.021495232979456602 0.02390191721361737
0 0.2249850034713745 0.3377906000891397 0.021762808163960756 0.024109359859496096
0 0.28193527460098267 0.3385173442751862 0.021387875080108643 0.024079167565634083
0 0.31011080741882324 0.33878284276917925 0.02142033974329627 0.024242282837860372
0 0.33855122327804565 0.33922786587864606 0.02142033974329627 0.024242282837860372
0 0.36615824699401855 0.3396598484346685 0.02142033974329627 0.024242282837860372
0 0.4218476712703705 0.34053125203434004 0.02142033974329627 0.024242282837860372
0 0.4492177367210388 0.34095952677172287 0.02142033974329627 0.024242282837860372
0 0.4765843152999878 0.3414483624835347 0.020891408125559452 0.023799999739772617
0 0.5037834048271179 0.34185016134545076 0.020891408125559507 0.023799999739772617
0 0.5310960412025452 0.3422301314597906 0.02108422915140795 0.023495504098345114
0 0.5582779049873352 0.34264186404522196 0.02108422915140795 0.023495504098345114
0 0.5845077037811279 0.3430391753906918 0.02108422915140795 0.023495504098345114
0 0.6114152669906616 0.3434467530555507 0.02108422915140795 0.023495504098345114
0 0.637624204158783 0.34384374840314996 0.02108422915140795 0.023495504098345114
0 0.664050817489624 0.3441685965693688 0.021189451217651367 0.023619200832159973
0 0.6898871660232544 0.3445012735766034 0.021189451217651367 0.023619200832159973
0 0.16937191784381866 0.3725498110749001 0.021576260526974977 0.024273266163907296
0 0.19707390666007996 0.37204979345831335 0.021636759241422 0.02403078892434293
0 0.22491635382175446 0.37238326183585235 0.02141940097014111 0.023950732031533885
0 0.2537926658987999 0.3727190849971217 0.021419400970141084 0.023950732031533885
0 0.2819729745388031 0.3730468138396339 0.021419400970141056 0.023950732031533885
0 0.3102879822254181 0.3733761091931165 0.021419400970141056 0.023950732031533885
0 0.3385452330112457 0.3737047328505405 0.021419400970141056 0.023950732031533885
0 0.11670952662825584 0.40749100405598254 0.021313905715942383 0.024462559426477657
0 0.1425493061542511 0.40742687846339026 0.02130522827307385 0.024321652198022705
0 0.17016810178756714 0.40737635700154623 0.02130522827307385 0.024321652198022705
0 0.19734857976436615 0.407326637328783 0.02130522827307385 0.024321652198022705
0 0.22551989555358887 0.40682217718099 0.0212610314289729 0.023864184239113923
0 0.2537543550133705 0.4073177517848592 0.021194815635681152 0.023940389470536526
0 0.2824860215187073 0.407641566076944 0.021194815635681152 0.023940389470536526
0 0.310809850692749 0.4079607839229196 0.021194815635681152 0.023940389470536526
0 0.3667905926704407 0.40859170327215133 0.021194815635681152 0.023940389470536526
0 0.3944893181324005 0.40890387601630634 0.021194815635681152 0.023940389470536526
0 0.42235907912254333 0.4092179763809308 0.021194815635681152 0.023940389470536526
0 0.449867844581604 0.4092346312360414 0.020981629689534542 0.02329810090767315
0 0.4765024483203888 0.40939370975937955 0.020981629689534542 0.02329810090767315
0 0.5037069320678711 0.4095561919628006 0.020981629689534487 0.02329810090767315
0 0.5306499004364014 0.4096233013064362 0.021034598350524902 0.023371053296466205
0 0.11645712330937386 0.44183535908543786 0.020922191441059113 0.023925130681474026
0 0.14275223016738892 0.4418060418726007 0.020922191441059113 0.023925130681474026
0 0.170198455452919 0.441775441242886 0.020922191441059113 0.023925130681474026
0 0.19833362102508545 0.44174407249273256 0.02114325761795044 0.023908422898876628
0 0.22625571489334106 0.44187866545183885 0.02114325761795044 0.023908422898876628
0 0.28256869316101074 0.44215011108256025 0.02114325761795044 0.023908422898876628
0 0.3110782206058502 0.44228753564962986 0.02114325761795044 0.023908422898876628
0 0.3389418125152588 0.44242184661155526 0.02114325761795044 0.023908422898876628
0 0.3665285110473633 0.44241776577261993 0.02126564582188928 0.023806017498637356
0 0.1170404776930809 0.4755933451098065 0.020985181132952377 0.024303820706153157
0 0.14307859539985657 0.47586793697097646 0.02098518113295239 0.024303820706153157
0 0.1701095849275589 0.4761529994246939 0.02098518113295239 0.024303820706153157
0 0.19802792370319366 0.4764474196547392 0.02098518113295239 0.024303820706153157
0 0.22605937719345093 0.47520857102497227 0.02074307699998218 0.024034869763278167
0 0.254485122859478 0.4754684359528298 0.020743076999982207 0.024034869763278167
0 0.2827768623828888 0.47619758030667786 0.020914077758789062 0.02362368088359975
0 0.3110513389110565 0.4762131890585256 0.020914077758789062 0.02362368088359975
0 0.33880415558815 0.47622850983124293 0.020914077758789062 0.02362368088359975
0 0.3950159549713135 0.4762595412113151 0.020914077758789062 0.02362368088359975
0 0.4223366379737854 0.47627462342728016 0.020914077758789062 0.02362368088359975
0 0.4501881003379822 0.47628999865674576 0.020914077758789062 0.02362368088359975
0 0.4767768979072571 0.47657669422238375 0.020510653654734257 0.02329248236131304
0 0.5034865736961365 0.4764838589298365 0.020510653654734312 0.02329248236131304
0 0.530516505241394 0.4763899105186925 0.020510653654734368 0.02329248236131304
0 0.5575474500656128 0.4762959585856769 0.020510653654734368 0.02329248236131304
0 0.5838241577148438 0.47620462816815046 0.020510653654734368 0.02329248236131304
0 0.11633183062076569 0.5099178580350654 0.02118982871373494 0.023924894111101016
0 0.1433180421590805 0.5103729602902435 0.0211383004983266 0.02402558437613554
0 0.17051562666893005 0.5103139584605877 0.0211383004983266 0.02402558437613554
0 0.19816726446151733 0.5102539716179272 0.0211383004983266 0.02402558437613554
0 0.2259000986814499 0.5101938086295588 0.0211383004983266 0.02402558437613554
0 0.2826429009437561 0.5100707120673601 0.021138300498326656 0.02402558437613554
0 0.3114071786403656 0.5102938669329558 0.0212153593699137 0.023764913396317776
0 0.33905214071273804 0.5102270512197318 0.0212153593699137 0.023764913396317776
0 0.3666466474533081 0.5101603574531023 0.0212153593699137 0.023764913396317776
0 0.17088238894939423 0.5442185956378316 0.021039927999178587 0.02385448485381849
0 0.22650611400604248 0.544113801398339 0.021234408020973206 0.023861493251120452
0 0.25444547086954117 0.5441207885742188 0.021234408020973206 0.023861493251120452
0 0.28231170773506165 0.5441277574639838 0.021234408020973206 0.023861493251120452
0 0.3114061951637268 0.5441350335191123 0.021234408020973206 0.023861493251120452
0 0.33958232402801514 0.5441420799077943 0.021234408020973206 0.023861493251120452
0 0.36716991662979126 0.5441489791131894 0.021234408020973206 0.023861493251120452
0 0.4229033589363098 0.5433626396711483 0.020906855662663815 0.023433655731437686
0 0.44936448335647583 0.543199337445582 0.020906855662663815 0.023433655731437686
0 0.4769291579723358 0.5430292247685731 0.020906855662663815 0.023433655731437686
0 0.504193976521492 0.5428609626237736 0.021043052275975527 0.023331457330274898
0 0.5311781764030457 0.542722419522734 0.02104305227597547 0.023331457330274898
0 0.5579233169555664 0.5425851038073839 0.02104305227597547 0.023331457330274898
0 0.5843998789787292 0.5424491670361008 0.02104305227597547 0.023331457330274898
0 0.610260546207428 0.5423163924106332 0.02104305227597547 0.023331457330274898
0 0.6359761953353882 0.5420521137326263 0.02109154065450025 0.023374069568722747
0 0.17022567987442017 0.5791016955708348 0.021046449740727724 0.023915313010992006
0 0.22617655992507935 0.5786590132602426 0.020996024211247744 0.02397158718848419
0 0.2546488344669342 0.5785518687100007 0.02099602421124777 0.02397158718848419
0 0.28295737504959106 0.578445340310091 0.0209960242112478 0.02397158718848419
0 0.31115829944610596 0.5783392168826694 0.0209960242112478 0.02397158718848419
0 0.33891013264656067 0.5782347834387491 0.0209960242112478 0.02397158718848419
0 0.17129240930080414 0.6132395544717478 0.02119167149066925 0.02352245833522584
0 0.226789191365242 0.6132146258686864 0.020958398779233278 0.02352195562318314
0 0.25459519773721695 0.6131640688546869 0.021235028902689607 0.023931784223216394
0 0.2830698490142822 0.6127696813539018 0.02123502890268958 0.023931784223216394
0 0.31099238991737366 0.6123829408451176 0.02123502890268958 0.023931784223216394
0 0.3394227921962738 0.611989166214061 0.02123502890268958 0.023931784223216394
0 0.36699286103248596 0.6116073076115098 0.02123502890268958 0.023931784223216394
0 0.42261311411857605 0.6108369405789439 0.02123502890268958 0.023931784223216394
0 0.4772031307220459 0.6096711930934571 0.020977626244227054 0.023625839588253997
0 0.5038754791021347 0.6092652609181959 0.02097762624422711 0.023625839588253997
0 0.530964732170105 0.6088891896329147 0.02094396948814392 0.023293724355771615
0 0.5577483177185059 0.6084827156954034 0.02094396948814392 0.023293724355771615
0 0.584173858165741 0.6088668468386628 0.020722637573878044 0.023198623065800686
0 0.6101666688919067 0.6075617768043695 0.020701179901758904 0.022947828899058317
0 0.6355270743370056 0.6076374053955078 0.020580728848775154 0.022932126540546324
0 0.1710047423839569 0.6468298712442088 0.0212935209274292 0.024160606916560683
0 0.19858697056770325 0.6467171731199718 0.0212935209274292 0.024160606916560683
0 0.2546224370598793 0.6464882180144472 0.0212935209274292 0.024160606916560683
0 0.282463401556015 0.6463744627204674 0.0212935209274292 0.024160606916560683
0 0.31099429726600647 0.6462578884390897 0.0212935209274292 0.024160606916560683
0 0.3394686281681061 0.6460122869720091 0.02128346761067712 0.024005712464798327
0 0.3671162724494934 0.6456242494804915 0.02101542055606842 0.02386572194653888
0 0.11764799058437347 0.6804386848627135 0.02065301934878032 0.023654168890428227
0 0.144118070602417 0.6805520168570585 0.020882328351338686 0.02387139963549237
0 0.1718081533908844 0.6807079315185547 0.021118024984995543 0.023953252984571773
0 0.19932541251182556 0.6819351404976568 0.02117130160331726 0.023863651955774532
0 0.22729834914207458 0.6815260953681413 0.02117130160331726 0.023863651955774532
0 0.2830808460712433 0.6814668411274027 0.021418174107869503 0.023860339970551776
0 0.31153273582458496 0.6807727370151254 0.021418174107869503 0.023860339970551776
0 0.36714982986450195 0.6794159183988332 0.021418174107869503 0.023860339970551776
0 0.39494526386260986 0.6787378289921935 0.021418174107869503 0.023860339970551776
0 0.422590047121048 0.6780634148176327 0.021418174107869503 0.023860339970551776
0 0.44988584518432617 0.677397514385434 0.021418174107869503 0.023860339970551776
0 0.47687193751335144 0.6768904841223429 0.02120904127756751 0.023259894792423692
0 0.5042253732681274 0.6761321024141582 0.021209041277567564 0.023259894792423692
0 0.5310220122337341 0.6753891580537301 0.02120904127756762 0.023259894792423692
0 0.5571855902671814 0.6746637654858966 0.02120904127756762 0.023259894792423692
0 0.584053635597229 0.6739188413639086 0.02120904127756762 0.023259894792423692
0 0.11840595304965973 0.7140538858812909 0.020685166120529175 0.023745573768319955
0 0.14432717859745026 0.7144718931490105 0.020685166120529175 0.023745573768319955
0 0.17180944979190826 0.7165971801603409 0.021452714999516787 0.023820063864537968
0 0.22700661420822144 0.7158051867817723 0.021452714999516787 0.023820063864537968
0 0.2552647292613983 0.7153997268229211 0.021452714999516814 0.023820063864537968
0 0.2835807204246521 0.7149934364319915 0.021452714999516842 0.023820063864537968
0 0.3112228512763977 0.7145968148874682 0.021452714999516842 0.023820063864537968
0 0.3391769230365753 0.7141957174765377 0.021452714999516842 0.023820063864537968
0 0.36681678891181946 0.7135342442712118 0.02134672800699866 0.023655913596929506
0 0.11879366636276245 0.748224516016753 0.02059835195541382 0.023669812106346926
0 0.1440879851579666 0.7497659209789906 0.020929396152496338 0.02345855476320249
0 0.17217987775802612 0.7497063570244368 0.021151175101598085 0.023602507835210756
0 0.19925421476364136 0.7496453161877901 0.021151175101598085 0.023602507835210756
0 0.22717106342315674 0.7495823758543533 0.021151175101598085 0.023602507835210756
0 0.25503304600715637 0.7495195592200177 0.021151175101598113 0.023602507835210756
0 0.283447802066803 0.7494554963222769 0.02115117510159814 0.023602507835210756
0 0.3396354019641876 0.7479177962901981 0.02171103159586585 0.023595277653184046
0 0.3670251965522766 0.7470578957465146 0.02171103159586585 0.023595277653184046
0 0.39519593119621277 0.7461734776484386 0.02171103159586585 0.023595277653184046
0 0.45031115412712097 0.7444431393645531 0.02171103159586585 0.023595277653184046
0 0.4770795702934265 0.743602746949746 0.02171103159586585 0.023595277653184046
0 0.5040309280157089 0.7432819854381473 0.021239926417668642 0.023674188658248465
0 0.5310559868812561 0.7423622338660597 0.021239926417668586 0.023674188658248548
0 0.5584734082221985 0.7414291289094199 0.021239926417668586 0.023674188658248465
0 0.5842684507369995 0.7405512388362441 0.021239926417668586 0.023674188658248465
0 0.610668957233429 0.7396527428338929 0.021239926417668586 0.023674188658248548
0 0.11918995156884193 0.7825293444566078 0.020097948610782623 0.022410843723504006
0 0.14455372095108032 0.7829212462847951 0.020097948610782623 0.022410843723504006
0 0.19998475909233093 0.7841886573341388 0.021275957425435366 0.023480200952337583
0 0.22671577334403992 0.7837107458779978 0.02113147576649982 0.02329662234284157
0 0.25521018356084824 0.7831921886424368 0.021131475766499846 0.02329662234284157
0 0.28363505005836487 0.7826748970024276 0.021131475766499874 0.02329662234284157
0 0.3115863800048828 0.78216622304578 0.021131475766499874 0.02329662234284157
0 0.3392012119293213 0.7816636728685956 0.021131475766499874 0.02329662234284157
0 0.17182375490665436 0.8190148038201579 0.021479085087776184 0.023589910462845202
0 0.2279389649629593 0.8178967320641806 0.021306624015172304 0.023453882498334654
0 0.25549887865781784 0.8171922550644986 0.02163521945476532 0.023592098738796138
0 0.28402388095855713 0.8165387934849909 0.02163521945476532 0.023592098738796138
0 0.3119751811027527 0.8158984744922368 0.02163521945476532 0.023592098738796138
0 0.33947432041168213 0.815268513771517 0.02163521945476532 0.023592098738796138
0 0.36713680624961853 0.8146348110465116 0.02163521945476532 0.023592098738796138
0 0.4226749539375305 0.812468496978595 0.021542489528656006 0.023308155148528343
0 0.44992774724960327 0.8113770595816678 0.021638313929239872 0.023130017657612644
0 0.47684869170188904 0.8103926278527319 0.021638313929239872 0.023130017657612644
0 0.5314006805419922 0.8083977978130226 0.021638313929239983 0.023130017657612644
0 0.558283269405365 0.8074147686522163 0.021638313929239983 0.023130017657612644
0 0.5844778418540955 0.8064568985340207 0.021638313929239983 0.023130017657612644
0 0.6113489270210266 0.8057322834813317 0.021358251571655273 0.022992156272710756
0 0.6370643377304077 0.8049555171923974 0.021358251571655273 0.022992156272710756
0 0.6631935238838196 0.804166252296315 0.021358251571655273 0.022992156272710756
0 0.6888840794563293 0.8033902367880178 0.021358251571655273 0.022992156272710756
0 0.172484889626503 0.8518425237466197 0.02118442952632904 0.023339678150738747
0 0.19965101778507233 0.8516683356706486 0.02118442952632904 0.023339678150738747
0 0.22793611884117126 0.8514869727873238 0.02118442952632904 0.023339678150738747
0 0.2557779476046562 0.8513084521473739 0.02118442952632904 0.023339678150738747
0 0.2839103937149048 0.8511280680811683 0.02118442952632904 0.023339678150738747
0 0.31178605556488037 0.8509493305048849 0.02118442952632904 0.023339678150738747
0 0.34023863077163696 0.8490432739642775 0.02152659495671594 0.02349853515625
0 0.368234246969223 0.8480071134345476 0.02152659495671594 0.02349853515625
0 0.3959411382675171 0.8469816390544808 0.02152659495671594 0.02349853515625
0 0.42278727889060974 0.8462326582088027 0.02141539255777991 0.02339432590691607
0 0.17258884012699127 0.8851774348769077 0.02087623874346417 0.023822045141412417
0 0.19962476193904877 0.885002362792653 0.02087623874346417 0.023822045141412417
0 0.22771359980106354 0.8848204725126403 0.02087623874346417 0.023822045141412417
0 0.2559382915496826 0.8853930983432504 0.02136296033859253 0.0234273866165516
0 0.28403714299201965 0.8844557473825854 0.021174689133962032 0.023229258929112272
0 0.31184911727905273 0.8836653066235919 0.0216124256451925 0.023338081300720577
0 0.36795637011528015 0.8810530930104326 0.0216124256451925 0.023338081300720577
0 0.39555782079696655 0.8797680383772267 0.0216124256451925 0.023338081300720577
0 0.4230095446109772 0.8786430358886719 0.02118772268295288 0.023089623266412417
0 0.4774305820465088 0.8763609795027232 0.02118772268295288 0.023089623266412417
0 0.5044339299201965 0.8752286386771714 0.02118772268295288 0.023089623266412417
0 0.5314730405807495 0.8740947981981769 0.02118772268295288 0.023089623266412417
0 0.5578680038452148 0.8729879689771075 0.02118772268295288 0.023089623266412417
0 0.5840137600898743 0.8726105983403286 0.0214498837788899 0.02340591785519622
0 0.610823929309845 0.8716157425281613 0.0214498837788899 0.02340591785519622
0 0.6370400786399841 0.8707935811384506 0.021375695864359612 0.023325129072795433
0 0.17317381501197815 0.9187494322311046 0.021087974309921265 0.0232036501862282
0 0.199657142162323 0.918559154608398 0.021087974309921265 0.0232036501862282
0 0.256715327501297 0.9192256936241225 0.021598597367604583 0.023334828458091195
0 0.2844611704349518 0.9179498539414517 0.02159859736760461 0.023334828458091195
0 0.31341636180877686 0.9166528444511327 0.021531661351521847 0.02316189551538264
0 0.3408394157886505 0.9153814094011173 0.021531661351521847 0.02316189551538264
0 0.3684983253479004 0.9140990392068769 0.021531661351521847 0.02316189551538264
0 0.39583247900009155 0.9128317259075848 0.021531661351521847 0.02316189551538264
0 0.4229409992694855 0.911574873813363 0.021531661351521847 0.02316189551538264
