0 0.20734037458896637 0.06239726670498907 0.02432654301325482 0.0265420167021049
0 0.2390139399275268 0.06228791268704176 0.024326543013254792 0.0265420167021049
0 0.2693772315979004 0.06145163419415518 0.023749470710754395 0.026011807049891738
0 0.30127307772636414 0.06114722195616041 0.024279624223709106 0.02629534033841865
0 0.3666545745343138 0.06098585312978274 0.024071455001831055 0.026110756304837005
0 0.43017375469207764 0.06037773928334317 0.024071455001831055 0.026110756304837005
0 0.4611068367958069 0.060676266252314016 0.024071455001831055 0.026110756304837005
0 0.4924410730600357 0.06072846608488136 0.024016340573628725 0.026295122250105992
0 0.5243276953697205 0.061269985516891445 0.024193167686462402 0.0265661542729814
0 0.5554424524307251 0.061820179917091544 0.024193167686462402 0.0265661542729814
0 0.5878313183784485 0.06239290406333283 0.024193167686462402 0.0265661542729814
0 0.6489136815071106 0.06347300808209433 0.024193167686462402 0.0265661542729814
0 0.6799929141998291 0.06402257431385129 0.024193167686462402 0.0265661542729814
0 0.711256206035614 0.06457539521700492 0.024193167686462402 0.0265661542729814
0 0.7425171732902527 0.06491969033273796 0.02422098318735766 0.027048617370368892
0 0.7740218043327332 0.06546440051253416 0.02422098318735766 0.027048617370368892
0 0.8043925166130066 0.0659895054129667 0.02422098318735766 0.027048617370368892
0 0.20664118230342865 0.13807848959303673 0.02423936128616333 0.02777784184892047
0 0.2383073940873146 0.1381827806912563 0.02423936128616333 0.02777784184892047
0 0.27067697048187256 0.1382893882859421 0.02423936128616333 0.02777784184892047
0 0.3015507459640503 0.13839106953449798 0.02423936128616333 0.02777784184892047
0 0.33275094628334045 0.13849382584706788 0.02423936128616333 0.02777784184892047
0 0.3967862129211426 0.13740233703442187 0.023765265941619873 0.027134917503179506
0 0.4301501214504242 0.1374908824299657 0.023765265941619873 0.027134917503179506
0 0.4606435000896454 0.13757180964719232 0.023765265941619873 0.027134917503179506
0 0.4923553466796875 0.13853920249716936 0.024480740229288755 0.026342539824256588
0 0.52399080991745 0.13878316350322628 0.02448074022928881 0.026342539824256588
0 0.5561949610710144 0.13903151002041128 0.02448074022928881 0.026342539824256588
0 0.5882788300514221 0.13927892896591026 0.02448074022928881 0.026342539824256588
0 0.20542706549167633 0.21537760801093522 0.02423627177874249 0.027272808459378
0 0.2369636744260788 0.2158707019894622 0.02437062064806622 0.027245972507683777
0 0.26833435893058777 0.21596273777186342 0.024370620648066166 0.027245972507683777
0 0.3000260889530182 0.21605571544239663 0.024370620648066166 0.027245972507683777
0 0.3322394788265228 0.21611313487208167 0.024400025606155396 0.02723383349041606
0 0.36423712968826294 0.21626319502754712 0.024400025606155396 0.02723383349041606
0 0.4282630980014801 0.21656345915632402 0.024400025606155396 0.02723383349041606
0 0.45988893508911133 0.2167117756077598 0.024400025606155396 0.02723383349041606
0 0.49169741570949554 0.21710140256696242 0.02468585968017578 0.027536007785057864
0 0.5238716006278992 0.2171758163807004 0.02468585968017578 0.027536007785057864
0 0.5558976531028748 0.2172498875874669 0.02468585968017578 0.027536007785057864
0 0.5867377519607544 0.2173212158706197 0.02468585968017578 0.027536007785057864
0 0.6181341409683228 0.21739383076512536 0.02468585968017578 0.027536007785057864
0 0.6496375799179077 0.21746669324925808 0.02468585968017578 0.027536007785057864
0 0.20595204830169678 0.29547289914863056 0.023612678050994873 0.027691020522006723
0 0.2372804433107376 0.29449633664863056 0.02422282099723816 0.027990577756896527
0 0.2682148814201355 0.2945941576605239 0.02422282099723816 0.027990577756896527
0 0.29976001381874084 0.2946939098124986 0.02422282099723816 0.027990577756896527
0 0.3324422538280487 0.2947972577310011 0.02422282099723816 0.027990577756896527
0 0.36447930335998535 0.29489856542542925 0.02422282099723816 0.027990577756896527
0 0.4286508858203888 0.29535306836300596 0.02455708384513855 0.027376322783241005
0 0.45961877703666687 0.29557240217072434 0.02455708384513855 0.027376322783241005
0 0.4915105551481247 0.2957982795183049 0.02455708384513855 0.027376322783241005
0 0.5235227346420288 0.29602500962313266 0.02455708384513855 0.027376322783241005
0 0.5547290444374084 0.29629268202670783 0.024158964554468865 0.026900638905606556
0 0.5859706401824951 0.29657165159392246 0.02419264117876696 0.026934542397195952
0 0.20528829097747803 0.3723723278489224 0.02448685963948566 0.026005020437314542
0 0.2693936824798584 0.37238628051858974 0.024486859639485714 0.026005020437314542
0 0.2997859716415405 0.3719148965947769 0.02389991283416748 0.026995200519413926
0 0.3329674303531647 0.372400117474933 0.02389991283416748 0.026995200519413926
0 0.39706528186798096 0.37333743660241425 0.02389991283416748 0.026995200519413926
0 0.4282878637313843 0.37379401232996656 0.02389991283416748 0.026995200519413926
0 0.459408164024353 0.37408240396982806 0.024647394816080692 0.027777886205865417
0 0.49092209339141846 0.3741372130637945 0.024647394816080748 0.027777886205865417
0 0.5222007632255554 0.3741916129938735 0.024647394816080803 0.027777886205865417
0 0.5535464882850647 0.3742461295465453 0.024647394816080803 0.027777886205865417
0 0.5856382846832275 0.3743019436680993 0.024647394816080803 0.027777886205865417
0 0.6467422246932983 0.3744082157724352 0.024647394816080803 0.027777886205865417
0 0.6781637072563171 0.3743469770564589 0.02463754018147779 0.02779436481091402
0 0.7092777490615845 0.37497250978336777 0.024448633193969727 0.027606668398361785
0 0.7413590550422668 0.3751465046872795 0.024448633193969727 0.027606668398361785
0 0.7729565501213074 0.37415181695765026 0.024693846702575684 0.027504196462705167
0 0.20492646098136902 0.4511511038921194 0.02488568425178528 0.027709606081940407
0 0.23609182238578796 0.4511583461317905 0.02488568425178528 0.027709606081940407
0 0.26828768849372864 0.45116582784123543 0.02488568425178528 0.027709606081940407
0 0.3006642758846283 0.4511733515468834 0.02488568425178528 0.027709606081940407
0 0.3322954475879669 0.45118070203204486 0.02488568425178528 0.027709606081940407
0 0.3641550838947296 0.4511881056080528 0.02488568425178528 0.027709606081940407
0 0.39529895782470703 0.4513496932014745 0.02389758825302124 0.026942112649133907
0 0.42806145548820496 0.45143757041296306 0.02389758825302124 0.026942112649133907
0 0.4595823884010315 0.4515221174373183 0.023663302262624142 0.026960476424342846
0 0.5211473107337952 0.45178986644143077 0.02366330226262403 0.026960476424342846
0 0.5527251362800598 0.45192720002395925 0.02366330226262403 0.026960476424342846
0 0.5839988589286804 0.4520632110473924 0.02366330226262403 0.026960476424342846
0 0.6144779920578003 0.4521957663602607 0.02366330226262403 0.026960476424342846
0 0.6461124420166016 0.4522262283273188 0.02386697133382154 0.02706554324127907
0 0.6777375340461731 0.452300208799513 0.02386697133382154 0.02706554324127907
0 0.709088921546936 0.4523735489956168 0.02386697133382154 0.02706554324127907
0 0.2049846649169922 0.5291106645451036 0.024011035760243715 0.02704008235487827
0 0.23644495010375977 0.5293419860130133 0.023856918017069517 0.027073704919149708
0 0.2680153250694275 0.5291469485260719 0.023689965407053593 0.026818090631056148
0 0.29943543672561646 0.5290109612555666 0.023689965407053593 0.026818090631056148
0 0.33090874552726746 0.5288747437460765 0.023689965407053593 0.026818090631056148
0 0.3630404472351074 0.5287356766905625 0.023689965407053593 0.026818090631056148
0 0.3960530161857605 0.5285927972128225 0.023689965407053593 0.026818090631056148
0 0.45890501141548157 0.5288115243891277 0.0243929227193197 0.026966863824415523
0 0.4898785352706909 0.5289729362310365 0.024392922719319643 0.026966863824415523
0 0.5214266180992126 0.529137342263164 0.024392922719319587 0.026966863824415523
0 0.5528380274772644 0.5292857857637627 0.0247157017389934 0.02730921072553289
0 0.5838478207588196 0.5294441399074941 0.0247157017389934 0.02730921072553289
0 0.6136898994445801 0.5295965310174424 0.0247157017389934 0.02730921072553289
0 0.6453601717948914 0.5297582579536474 0.0247157017389934 0.02730921072553289
0 0.6774245500564575 0.5299219974251681 0.0247157017389934 0.02730921072553289
0 0.20397351682186127 0.6073834963971871 0.025669872760772705 0.028370465419089202
0 0.267764151096344 0.607107073761696 0.02558024724324548 0.027810325918271615
0 0.3308865427970886 0.6068583685898776 0.02558024724324548 0.027810325918271615
0 0.3621823787689209 0.6067350615342851 0.02558024724324548 0.027810325918271615
0 0.3953397274017334 0.6066044200318551 0.02558024724324548 0.027810325918271615
0 0.4268505871295929 0.6064802657726199 0.024624884128570557 0.02737692899482195
0 0.45798566937446594 0.606624173267185 0.02462824185689294 0.027495332466539433
0 0.489812433719635 0.606644963109216 0.024628241856892885 0.027495332466539433
0 0.5207553505897522 0.6066651756054263 0.02462824185689283 0.027495332466539433
0 0.5523209571838379 0.6066857948542946 0.02462824185689283 0.027495332466539433
0 0.5838611125946045 0.6067063974779706 0.02462824185689283 0.027495332466539433
0 0.6146969199180603 0.6067265400082072 0.02462824185689283 0.027495332466539433
0 0.6455148458480835 0.6074521264364553 0.023469209671020508 0.027165375938711295
0 0.6767734885215759 0.6073002039000045 0.024544397989908928 0.02751304567322256
0 0.7080976366996765 0.6069533769474473 0.02381420135498047 0.02726633234541551
0 0.20137576758861542 0.6873449054642786 0.02432792385419208 0.02752280420111137
0 0.23339687287807465 0.6869667851647665 0.02432792385419208 0.02752280420111137
0 0.26533862948417664 0.6865896018518965 0.024327923854192135 0.02752280420111137
0 0.3304937183856964 0.6854025065702338 0.024633189042409298 0.027726698291394083
0 0.362454354763031 0.6854428136071493 0.024633189042409298 0.027726698291394083
0 0.3946041762828827 0.685483359234199 0.024633189042409298 0.027726698291394083
0 0.4265736937522888 0.6855236774714706 0.024633189042409298 0.027726698291394083
0 0.45843854546546936 0.6855638637099155 0.02392047643661499 0.027989646261052513
0 0.52147376537323 0.6850503877151845 0.02454686164855957 0.02797344119049782
0 0.5524611473083496 0.6851607369072226 0.02454686164855957 0.02797344119049782
0 0.5831657648086548 0.6852700791465924 0.02454686164855957 0.02797344119049782
0 0.614896297454834 0.6853830747732568 0.02454686164855957 0.02797344119049782
0 0.6455227136611938 0.6854921385299327 0.02454686164855957 0.02797344119049782
0 0.6768136024475098 0.6855045584745185 0.024518807729085212 0.0283254579056141
0 0.7085205316543579 0.6860616817030796 0.024554848670959473 0.028287872787593926
0 0.2006049007177353 0.7652299570482831 0.02529601256052655 0.02795132186061663
0 0.23262079060077667 0.7651510624485733 0.02529601256052655 0.02795132186061663
0 0.26491808891296387 0.7654080058253089 0.025766054789225223 0.02846633556277253
0 0.2967270314693451 0.7650512872740279 0.025395969549814823 0.028335512146469125
0 0.3287670910358429 0.7649145928048335 0.025395969549814823 0.028335512146469125
0 0.3606015741825104 0.7647787753989144 0.025395969549814823 0.028335512146469125
0 0.3933355212211609 0.7646391205550837 0.025395969549814823 0.028335512146469125
0 0.4258773624897003 0.7645002853038699 0.025395969549814823 0.028335512146469125
0 0.4896775782108307 0.7649878568427507 0.02551978826522827 0.028416123501090115
0 0.5206623077392578 0.764259139902786 0.02417469024658203 0.0280569505321886
0 0.5517765283584595 0.7643975546193678 0.02417469024658203 0.0280569505321886
0 0.5839065909385681 0.7645404884103247 0.02417469024658203 0.0280569505321886
0 0.6147686839103699 0.7646777815118968 0.02417469024658203 0.0280569505321886
0 0.6451448798179626 0.7648129130518714 0.02417469024658203 0.0280569505321886
0 0.6769804358482361 0.7649545367010405 0.02417469024658203 0.0280569505321886
0 0.20000328123569489 0.8449204023494277 0.02483948071797687 0.028026255526283805
0 0.2325519174337387 0.8449037043300036 0.02483948071797687 0.028026255526283805
0 0.29635411500930786 0.8444102757835479 0.024652083714803097 0.027425721634265987
0 0.3280152976512909 0.8444469363190407 0.024652083714803097 0.027425721634265987
0 0.3606512248516083 0.8444847255128619 0.024652083714803097 0.027425721634265987
0 0.3931794762611389 0.8445223900287077 0.024652083714803097 0.027425721634265987
0 0.4247814118862152 0.8445589819619822 0.024652083714803097 0.027425721634265987
0 0.45585373044013977 0.8445949606507782 0.024652083714803097 0.027425721634265987
0 0.48783285915851593 0.8440234162086664 0.024988720814387022 0.027296731638353923
0 0.5190644860267639 0.8438579089383687 0.024988720814387078 0.027296731638353923
0 0.5506623983383179 0.8436904605939116 0.024988720814387078 0.027296731638353923
0 0.5831685662269592 0.8435181990867611 0.024988720814387078 0.027296731638353923
0 0.6142405867576599 0.8433535376260447 0.024988720814387078 0.027296731638353923
0 0.200325146317482 0.9246599364343535 0.024605770905812563 0.028057423672934945
0 0.2314460128545761 0.9243722960006359 0.024605770905812563 0.028057423672934945
0 0.2631048262119293 0.924079683492747 0.02460577090581262 0.028057423672934945
0 0.2958381772041321 0.9237693076909974 0.02479209502538049 0.028298725453458202
0 0.3282446563243866 0.9237080675495033 0.02479209502538049 0.028298725453458202
0 0.3924543261528015 0.9235867273307462 0.02479209502538049 0.028298725453458202
0 0.4246119558811188 0.9235259574523719 0.02479209502538049 0.028298725453458202
0 0.45563820004463196 0.9234673256097838 0.02479209502538049 0.028298725453458202
0 0.48691630363464355 0.9228791525197584 0.025060991446177128 0.028312860533248548
0 0.5195238590240479 0.9226371361110387 0.02506099144617724 0.028312860533248548
0 0.5500940680503845 0.9233985723451127 0.02460261185963941 0.028188720229984365
