0 0.06307907402515411 0.06939800949983818 0.02077406644821167 0.022775601971057026
0 0.08836416900157928 0.06941269350497647 0.021278664469718933 0.02324731220570646
0 0.11266899853944778 0.06731147544328557 0.021278664469718933 0.02324731220570646
0 0.13705775141716003 0.06520300198253076 0.021278664469718933 0.02324731220570646
0 0.1617598533630371 0.06306743864975624 0.021278664469718933 0.02324731220570646
0 0.18805979192256927 0.060793738032496256 0.021278664469718933 0.02324731220570646
0 0.21382485330104828 0.05856627899005844 0.021278664469718933 0.02324731220570646
0 0.2395453304052353 0.05708580593369783 0.021624575058619172 0.022506846938022348
0 0.2663000226020813 0.05520004449888717 0.022051195303599003 0.02277419178984886
0 0.291753888130188 0.05314995481522295 0.022051195303599003 0.02277419178984886
0 0.3454858958721161 0.048822304280860825 0.022051195303599003 0.02277419178984886
0 0.3724203109741211 0.04665296907811225 0.022051195303599003 0.02277419178984886
0 0.39984580874443054 0.04444408139517141 0.022051195303599003 0.02277419178984886
0 0.42615559697151184 0.042207512744637424 0.021601776281992557 0.02250191592430884
0 0.4536212384700775 0.040203712019683854 0.021601776281992557 0.02250191592430884
0 0.48197526424567894 0.03877236988157114 0.021601776281992557 0.022501915924308842
0 0.5094338174192062 0.03626457203266233 0.021601776281992613 0.02250191592430885
0 0.5391067862510681 0.03396697428954389 0.02160177628199267 0.02250191592430883
0 0.06377697922289371 0.10348466967718165 0.02088122069835663 0.022594073022058764
0 0.08834449201822281 0.10143352386563323 0.0209769606590271 0.022557352864465047
0 0.11220591515302658 0.09948109772328484 0.0209769606590271 0.022557352864465047
0 0.16191987693309784 0.09445073620821762 0.021123677492141724 0.02296307290247244
0 0.21317528188228607 0.09101138004036836 0.02123695115248364 0.02310271965440853
0 0.23985987156629562 0.08906646970227207 0.021236951152483613 0.02310271965440853
0 0.26572075486183167 0.08718159532835841 0.021236951152483585 0.023102719654408542
0 0.2927539646625519 0.08521127576054983 0.021236951152483585 0.02310271965440853
0 0.31845206022262573 0.08333826619525288 0.021236951152483585 0.02310271965440853
0 0.3451298475265503 0.08255055472759706 0.02155935764312744 0.023281219393707996
0 0.3737697899341583 0.08078584560128145 0.02155935764312744 0.023281219393707985
0 0.42686930298805237 0.076322172963342 0.02210368712743127 0.023603479991587552
0 0.45456424355506897 0.07411348319168615 0.02210368712743127 0.023603479991587552
0 0.4805697202682495 0.07203952927636911 0.02210368712743127 0.023603479991587552
0 0.5395339253526297 0.07085149906713319 0.02210368712743116 0.023603479991587552
0 0.5671297900424981 0.06803248194829932 0.021061499913533455 0.023234145585880724
0 0.11260464787483215 0.12867950957580412 0.020803054173787444 0.02298089700151785
0 0.16159014403820038 0.12638083169626635 0.020803054173787416 0.02298089700151785
0 0.1871524304151535 0.1251813039411703 0.020803054173787416 0.02298089700151785
0 0.21245485544204712 0.12524703731946754 0.02132864793141681 0.0239256777504618
0 0.2656098008155823 0.121499638224757 0.021328647931416866 0.0239256777504618
0 0.29242369532585144 0.11960927104805635 0.021328647931416866 0.0239256777504618
0 0.31810659170150757 0.11779863871739843 0.021328647931416866 0.0239256777504618
0 0.34597158432006836 0.1158341696096021 0.021328647931416866 0.0239256777504618
0 0.372123122215271 0.11399049826829803 0.021328647931416866 0.0239256777504618
0 0.42785587906837463 0.11006417270539971 0.022057652473449707 0.02424427150755891
0 0.45445945858955383 0.10818876222122548 0.022057652473449707 0.02424427150755891
0 0.48290830850601196 0.10618390178122988 0.022211651007334354 0.024402611015378953
0 0.5132501721382141 0.10572159567544627 0.02301267782847094 0.024982319321743277
0 0.542591392993927 0.10421228814587156 0.02301267782847094 0.024982319321743277
0 0.10966156423091888 0.16171691584032635 0.021143461267153413 0.023547401723935636
0 0.13516929373145103 0.16114072340986435 0.021022021770477295 0.023736443630484647
0 0.1859763115644455 0.1583047578501147 0.021022021770477295 0.023736443630484647
0 0.21195071935653687 0.15697458178498025 0.02110357085863751 0.02385075147761855
0 0.23775994777679443 0.1554907255504866 0.02110357085863751 0.02385075147761855
0 0.2647809088230133 0.1534180606632149 0.02170916398366296 0.02433427914168482
0 0.2917386293411255 0.15201727179593819 0.02170916398366296 0.02433427914168482
0 0.31814736127853394 0.15064500971346861 0.02170916398366296 0.02433427914168482
0 0.3446963131427765 0.14927297414735305 0.02199588219324744 0.02437304711157036
0 0.3718479871749878 0.14785431352015754 0.02199588219324744 0.02437304711157036
0 0.4271198809146881 0.1449663862658003 0.02199588219324744 0.02437304711157036
0 0.4833866059780121 0.14202647960023435 0.02199588219324744 0.02437304711157036
0 0.511375904083252 0.1405640535576399 0.02199588219324755 0.02437304711157036
0 0.5403342369180288 0.14013434510242725 0.022447605927785164 0.02454289724660474
0 0.5705393186267118 0.13737049368649362 0.02213130394617724 0.024038477461467433
0 0.10888925194740295 0.19480900986250058 0.020955190062522888 0.023066768350527275
0 0.16035619378089905 0.19261274226876193 0.02097963293393451 0.023290756136872048
0 0.18527545034885406 0.1914220056343904 0.02097963293393451 0.023290756136872048
0 0.23861806094646454 0.18887309329270896 0.02097963293393451 0.023290756136872048
0 0.2646304666996002 0.18763012184233974 0.020979632933934567 0.023290756136872048
0 0.31880712509155273 0.18504135553226914 0.020979632933934567 0.023290756136872048
0 0.3455386161804199 0.183424110899276 0.022629280885060665 0.02454456432845242
0 0.3721017837524414 0.18206899665122808 0.022629280885060665 0.02454456432845242
0 0.3998282849788666 0.18063834656116573 0.02254466215769446 0.024556766184725496
0 0.42766356468200684 0.17931841315683547 0.02254466215769446 0.024556766184725517
0 0.483926385641098 0.17665046163639933 0.02254466215769446 0.024556766184725517
0 0.5119280219078064 0.1753226396968136 0.022544662157694573 0.024556766184725517
0 0.540785551071167 0.17395423179449038 0.022544662157694573 0.024556766184725496
0 0.5680490732192993 0.17343492286149848 0.02250029643376661 0.02473497760388277
0 0.1076071485877037 0.22777240025141438 0.02061954140663147 0.023621758749318676
0 0.1328260451555252 0.22674356504928234 0.020795067151387528 0.02369873283445376
0 0.15840600430965424 0.22565713809401658 0.020795067151387514 0.02369873283445376
0 0.21145713329315186 0.22340396105852287 0.020795067151387514 0.02369873283445376
0 0.23768779635429382 0.22228989753588752 0.020795067151387514 0.02369873283445376
0 0.26463013887405396 0.22114560770434002 0.021503408749898312 0.024300272150557144
0 0.292938768863678 0.21991137438382713 0.021503408749898312 0.024300272150557144
0 0.3178790807723999 0.21882399700127586 0.021503408749898312 0.024300272150557144
0 0.37225422263145447 0.21645328489282484 0.021503408749898312 0.024300272150557144
0 0.3997270166873932 0.21525549334149027 0.022280176480611202 0.024266767871472292
0 0.4278968274593353 0.2140616803251849 0.022280176480611202 0.024266767871472292
0 0.45509180426597595 0.21269281520399935 0.023317893346150753 0.02535426709079006
0 0.483207106590271 0.2116274794150059 0.023317893346150753 0.02535426709079006
0 0.5123025178909302 0.21052500565902238 0.023317893346150642 0.02535426709079006
0 0.5413293838500977 0.20942512920057518 0.023317893346150642 0.02535426709079006
0 0.5703299045562744 0.2083262510077898 0.023317893346150642 0.02535426709079006
0 0.5978454947471619 0.20742984700427927 0.023048698902130127 0.02518401035042696
0 0.05871234089136124 0.2639927309612895 0.02020659546057383 0.02357346882191742
0 0.08284321427345276 0.262760228888933 0.020275205373764038 0.023302388745684955
0 0.10787563025951385 0.2615767092315757 0.020275205373764038 0.023302388745684955
0 0.13252173364162445 0.26041145423396656 0.020275205373764038 0.023302388745684955
0 0.15906654298305511 0.259156429402409 0.020275205373764038 0.023302388745684955
0 0.18464295566082 0.25794718986333803 0.020275205373764038 0.023302388745684955
0 0.21115529537200928 0.2570589437621942 0.02106049656867981 0.023618579834930684
0 0.23755446076393127 0.2565560701226557 0.021403988202412905 0.023939945901087115
0 0.2640669047832489 0.25533390045166016 0.02140398820241296 0.023939945901087115
0 0.2917569875717163 0.2540574440319215 0.02140398820241296 0.023939945901087115
0 0.31799542903900146 0.25284790532050955 0.02140398820241296 0.023939945901087115
0 0.34458601474761963 0.25162213347678963 0.02140398820241296 0.023939945901087115
0 0.3993417024612427 0.24909800779492744 0.02140398820241296 0.023939945901087115
0 0.4270918369293213 0.24829820145008175 0.022300700346628788 0.02469800609026771
0 0.45506951212882996 0.2473027935999944 0.022300700346628788 0.02469800609026771
0 0.4837542772293091 0.24628222844741052 0.022300700346628788 0.02469800609026771
0 0.5124924778938293 0.24525976212971767 0.0223007003466289 0.02469800609026771
0 0.5404613018035889 0.24426466919655024 0.0223007003466289 0.02469800609026771
0 0.05960557982325554 0.29662388327446215 0.020936409632364907 0.02318549341009566
0 0.10791118443012238 0.2947848120401072 0.0209364096323649 0.02318549341009566
0 0.13305142894387245 0.2938276829267017 0.020936409632364913 0.02318549341009566
0 0.1587735116481781 0.2928484023075235 0.020936409632364927 0.02318549341009566
0 0.18450672924518585 0.2922178517035772 0.021278460820515932 0.024018088052439136
0 0.23745442926883698 0.29016359462294466 0.021278460820515932 0.024018088052439136
0 0.2629812955856323 0.28917320701679344 0.021278460820515988 0.024018088052439136
0 0.31825360655784607 0.2870287600223654 0.021278460820515988 0.024018088052439136
0 0.34496423602104187 0.2859924449477085 0.021278460820515988 0.024018088052439136
0 0.37203139066696167 0.284942297461432 0.021278460820515988 0.024018088052439136
0 0.39938291907310486 0.28430459665697677 0.021770715713500977 0.024300567863523526
0 0.45587432384490967 0.2824687292409498 0.022387027740478516 0.024973965430444497
0 0.4839240312576294 0.28164651868959545 0.022387027740478516 0.024973965430444497
0 0.512063205242157 0.2808216856381826 0.022387027740478516 0.024973965430444497
0 0.540952742099762 0.27997485748134804 0.022387027740478516 0.024973965430444497
0 0.5702735185623169 0.27911538855974066 0.022387027740478516 0.024973965430444497
0 0.5996682643890381 0.2783204012138899 0.022986888885498047 0.024857572806897987
0 0.10702670365571976 0.32787264866488713 0.021020544071992248 0.024257733840350928
0 0.13158537074923515 0.327065157335858 0.021020544071992234 0.024257733840350928
0 0.15817946195602417 0.3261907410668023 0.02102054407199222 0.024257733840350928
0 0.18418052792549133 0.3253358235244165 0.02102054407199222 0.024257733840350928
0 0.21067216992378235 0.32446477579516037 0.02102054407199222 0.024257733840350928
0 0.23703543841838837 0.3235979489990154 0.02102054407199222 0.024257733840350928
0 0.26327359676361084 0.322814054267351 0.02087826530138648 0.023932523505632266
0 0.29075583815574646 0.32211900311847064 0.022097190221150753 0.024426866871441955
0 0.3170066475868225 0.3217218957801714 0.02175537745157874 0.024504033170005175
0 0.3445216417312622 0.3208325186441111 0.02175537745157874 0.024504033170005175
0 0.3721214830875397 0.3199403989608465 0.02175537745157874 0.024504033170005175
0 0.4003651440143585 0.3190274688640748 0.02175537745157874 0.024504033170005175
0 0.42767196893692017 0.3185349084428355 0.022282759348551395 0.02488198391226835
0 0.45555436611175537 0.3177070839460506 0.022282759348551395 0.02488198391226835
0 0.5124099254608154 0.3160190502912528 0.022282759348551506 0.02488198391226835
0 0.5413174033164978 0.3151607912915282 0.022282759348551506 0.02488198391226835
0 0.5706364512443542 0.31429031283356423 0.022282759348551506 0.02488198391226835
0 0.6293380260467529 0.31254747123653204 0.022282759348551506 0.02488198391226835
0 0.6581435799598694 0.31252137957514287 0.02369324366251635 0.02567650551019713
0 0.6878125667572021 0.3117544706477675 0.02369324366251635 0.02567650551019713
0 0.10736916959285736 0.36132052254224895 0.020639032125473022 0.02345732755439226
0 0.13206106424331665 0.360995407834326 0.021064023176829025 0.023568441701489827
0 0.15731288492679596 0.36021705006444177 0.02106402317682904 0.023568441701489827
0 0.18411993980407715 0.3591714052225249 0.021035313606262207 0.02393111886904224
0 0.21011583507061005 0.3585714295853016 0.021035313606262207 0.02393111886904224
0 0.23639141023159027 0.3579649990396718 0.021035313606262207 0.02393111886904224
0 0.2898463308811188 0.35673127926389203 0.021035313606262207 0.02393111886904224
0 0.31675583124160767 0.3561102179593818 0.021035313606262207 0.02393111886904224
0 0.3726666271686554 0.35481981749153646 0.021035313606262207 0.02393111886904224
0 0.40029457211494446 0.35409281626789474 0.021518011887868282 0.02423033603402071
0 0.4560268223285675 0.3527554800344068 0.021518011887868282 0.02423033603402071
0 0.48399150371551514 0.3522804393324741 0.022603770097096798 0.02469507853190107
0 0.5127782225608826 0.3517125301813954 0.022603770097096687 0.02469507853190107
0 0.5417425632476807 0.351141116877248 0.022603770097096687 0.02469507853190107
0 0.5705518126487732 0.3505727632396392 0.022603770097096687 0.02469507853190107
0 0.5997642278671265 0.3499964558800986 0.022603770097096687 0.02469507853190107
0 0.10675245523452759 0.3943749804829442 0.020868425567944854 0.02365928472474564
0 0.13193551823496819 0.393928419036204 0.02086842556794484 0.02365928472474564
0 0.15681420266628265 0.39414461367459014 0.021105756362279238 0.024160074633221295
0 0.18347595632076263 0.39347276022267896 0.021105756362279238 0.024160074633221295
0 0.2362866848707199 0.39214197490622743 0.021105756362279238 0.024160074633221295
0 0.2900353968143463 0.3907875532082746 0.021105756362279293 0.024160074633221295
0 0.31663578748703003 0.3901172460511673 0.021105756362279293 0.024160074633221295
0 0.34430426359176636 0.38942002405215737 0.021105756362279293 0.024160074633221295
0 0.3998662233352661 0.3882148210392442 0.0214903553326925 0.024376122526420234
0 0.42813536524772644 0.38755743320675573 0.0214903553326925 0.024376122526420234
0 0.48501625657081604 0.3876023847003316 0.022426823774973514 0.024673728055732196
0 0.5132497549057007 0.386477475408274 0.02233544985453295 0.024699248084726205
0 0.5422021746635437 0.38641143079173185 0.02273869514465332 0.024935811064964116
0 0.5704628825187683 0.3858907389086346 0.023327628771464104 0.025105942127316497
0 0.5999102592468262 0.3854002130418047 0.023327628771464104 0.025105942127316497
0 0.629147469997406 0.3849131880589154 0.023327628771464104 0.025105942127316497
0 0.6890141367912292 0.3839159464745648 0.023327628771464104 0.025105942127316497
0 0.7189885377883911 0.3834166415902071 0.023327628771464104 0.025105942127316497
0 0.7490460872650146 0.3834397182908169 0.0228693882624309 0.024806791497755408
0 0.10596636682748795 0.42807659777963275 0.021061648925145476 0.023718072462451497
0 0.13079580664634705 0.4275914569233739 0.021084596713383988 0.023995451224866817
0 0.15670421719551086 0.42717350754463473 0.021084596713383974 0.023995451224866817
0 0.18256710469722748 0.4267562925347355 0.021084596713383974 0.023995451224866817
0 0.20869256556034088 0.4263348417430596 0.021084596713383974 0.023995451224866817
0 0.23547254502773285 0.42590283238610555 0.021084596713383974 0.023995451224866817
0 0.26253557205200195 0.42565951485512327 0.021270523468653324 0.023967240207879173
0 0.28979817032814026 0.4254144030243305 0.021270523468653324 0.023967240207879173
0 0.3439280390739441 0.42492773366528885 0.021270523468653324 0.023967240207879173
0 0.37192562222480774 0.4241679435552553 0.02187357346216834 0.024795413941375914
0 0.39983588457107544 0.4238242782300326 0.02187357346216834 0.024795413941375914
0 0.4277196526527405 0.4234809391346371 0.02187357346216834 0.024795413941375914
0 0.45561227202415466 0.4231374910513241 0.02187357346216834 0.024795413941375914
0 0.5129733085632324 0.4224311917327171 0.02187357346216845 0.024795413941375914
0 0.5419301390647888 0.4215516201260666 0.022702455520629883 0.024967578030371907
0 0.5705249905586243 0.4213669799094976 0.022702455520629883 0.024967578030371907
0 0.5993479490280151 0.421180866780178 0.022702455520629883 0.024967578030371907
0 0.6291871666908264 0.42098819154936956 0.022702455520629883 0.024967578030371907
0 0.6585022807121277 0.42079890051553415 0.022702455520629883 0.024967578030371907
0 0.6888711452484131 0.42060280529447164 0.022702455520629883 0.024967578030371907
0 0.31696388125419617 0.45936899406965387 0.021714866161346436 0.024976478990658253
0 0.34422817826271057 0.459565938905228 0.0224074125289917 0.02485298925591988
0 0.3714466691017151 0.4593538050585928 0.02243475119272864 0.024834388910337936
0 0.4000440537929535 0.4590557896813681 0.022504885991414425 0.02482803108156195
0 0.42807236313819885 0.4587589220392738 0.022504885991414425 0.02482803108156195
0 0.4556910991668701 0.458492793456355 0.022287050882975223 0.02486712433571039
0 0.4839603006839752 0.45818129251169604 0.022287050882975223 0.02486712433571039
0 0.513343334197998 0.4578575181493028 0.022287050882975334 0.02486712433571039
0 0.5414729714393616 0.4575475550762992 0.022287050882975334 0.02486712433571039
0 0.5701494812965393 0.45723156596339026 0.022287050882975334 0.02486712433571039
0 0.05662152171134949 0.49521188957746637 0.020922238628069557 0.024035727330880628
0 0.0805155336856842 0.49574980624886444 0.02067883809407553 0.02398288342379779
0 0.10512880235910416 0.49552415448500553 0.02067883809407553 0.02398288342379779
0 0.15655259788036346 0.49505270673388996 0.020678838094075502 0.02398288342379779
0 0.1823817491531372 0.49484093244685684 0.02134809891382855 0.024244293686031426
0 0.20836259424686432 0.49477833009323513 0.02134809891382855 0.024244293686031426
0 0.23536521196365356 0.49471326571919655 0.02134809891382855 0.024244293686031426
0 0.26270654797554016 0.494647385183774 0.021348098913828495 0.024244293686031426
0 0.28977838158607483 0.49458215403002365 0.021348098913828495 0.024244293686031426
0 0.31700631976127625 0.4943792176076017 0.02165488402048743 0.02462109114772584
0 0.37249889969825745 0.4939656179596625 0.02165488402048743 0.02462109114772584
0 0.42781075835227966 0.4935533652712463 0.02165488402048743 0.02462109114772584
0 0.4563034474849701 0.49334100235340206 0.02165488402048743 0.02462109114772584
0 0.48461809754371643 0.49351002037873454 0.022321919600168827 0.02489832205365789
0 0.5422487854957581 0.4930914501811183 0.022321919600168938 0.02489832205365789
0 0.5705101490020752 0.49288618862814865 0.022321919600168938 0.02489832205365789
0 0.6304863691329956 0.4927296392257057 0.023091475168864006 0.025311580924100654
0 0.6594462394714355 0.49253673136991377 0.023091475168864006 0.025311580924100654
0 0.6891733407974243 0.4923387128253316 0.023091475168864006 0.025311580924100654
0 0.7201531529426575 0.4921323497075437 0.023091475168864006 0.025311580924100654
0 0.05574515834450722 0.528515087972754 0.020229222873846688 0.023768935092659885
0 0.07995856553316116 0.5286928664806277 0.02022922287384668 0.023768935092659885
0 0.10510803014039993 0.5290382453187396 0.02094913770755133 0.02418621565944459
0 0.12990079447627068 0.5290419112804324 0.020949137707551316 0.02418621565944459
0 0.15575408935546875 0.5290457340566013 0.020949137707551302 0.02418621565944459
0 0.18207325041294098 0.529049625717689 0.020949137707551302 0.02418621565944459
0 0.20849670469760895 0.5290535328000091 0.020949137707551302 0.02418621565944459
0 0.2625686228275299 0.5289504916168922 0.021660029888153076 0.02507223084915516
0 0.2893679141998291 0.528924222335943 0.021660029888153076 0.02507223084915516
0 0.3165349066257477 0.5288975926259756 0.021660029888153076 0.02507223084915516
0 0.3439619839191437 0.5288707079748473 0.021660029888153076 0.02507223084915516
0 0.3722139596939087 0.5288430147392805 0.021660029888153076 0.02507223084915516
0 0.42829808592796326 0.5286321418229923 0.0219041109085083 0.024890603945236744
0 0.45596617460250854 0.5286148158269115 0.022241075833638546 0.024982156679611744
0 0.4842764437198639 0.5285376790893518 0.022241075833638546 0.024982156679611744
0 0.5132280588150024 0.5284587948821312 0.022241075833638435 0.024982156679611744
0 0.5419602394104004 0.5284001508552797 0.02234806617101026 0.02491851924925817
0 0.05534176714718342 0.562748224469901 0.020114868879318237 0.023696574129799596
0 0.07958925515413284 0.5628266001856604 0.02028670907020569 0.023684449898180058
0 0.10418978333473206 0.5629090877968673 0.02028670907020569 0.023684449898180058
0 0.12961244583129883 0.5629943320926184 0.02028670907020569 0.023684449898180058
0 0.15525749325752258 0.56307118438011 0.020795822143554688 0.024093746214874086
0 0.18080207705497742 0.5631615304890192 0.020795822143554688 0.024093746214874086
0 0.20763170719146729 0.5632564215510748 0.020795822143554688 0.024093746214874086
0 0.2614598870277405 0.5634468011100623 0.020795822143554688 0.024093746214874086
0 0.2881602346897125 0.5635412349257358 0.020795822143554688 0.024093746214874086
0 0.3155204653739929 0.5637705194147199 0.021290699640909794 0.024788908256116817
0 0.3438711166381836 0.563904742009523 0.021290699640909794 0.024788908256116817
0 0.3715939521789551 0.5640359922896984 0.021290699640909794 0.024788908256116817
0 0.3990163207054138 0.5638720218139708 0.021898170312245724 0.024766315785489285
0 0.42768117785453796 0.5636699587799782 0.021898170312245724 0.024766315785489285
0 0.45611295104026794 0.5634695387910764 0.021898170312245724 0.024766315785489285
0 0.4846387505531311 0.5634929654087226 0.02196602026621497 0.02489113622857613
0 0.5130584836006165 0.5643518329586488 0.022624214490254646 0.02525941715684048
0 0.05428878776729107 0.5952119161916334 0.020053273687760033 0.02351485851199128
0 0.07922303676605225 0.5958632503485332 0.020053273687760026 0.02351485851199128
0 0.10434617847204208 0.5968778299730878 0.020662575960159302 0.024259197619534333
0 0.1294214427471161 0.5971897840387371 0.020662575960159302 0.024259197619534333
0 0.15571075677871704 0.5975168417441049 0.020662575960159302 0.024259197619534333
0 0.1805938333272934 0.5976806463197221 0.021141688028971373 0.024442421373470753
0 0.20738819241523743 0.5979691594546609 0.021141688028971373 0.024442421373470753
0 0.2341478317975998 0.598257298738855 0.021141688028971373 0.024442421373470753
0 0.2609931230545044 0.598546360295187 0.021141688028971317 0.024442421373470753
0 0.2877201735973358 0.5988341486731241 0.021141688028971317 0.024442421373470753
0 0.3435062766075134 0.5988258307192641 0.02170049150784814 0.02489018994708394
0 0.37127140164375305 0.5989731633385946 0.02226291100184119 0.02549350354098529
0 0.3986126184463501 0.5992685470813225 0.02226291100184119 0.02549350354098529
0 0.42674684524536133 0.5995724981918619 0.02226291100184119 0.02549350354098529
0 0.4554179608821869 0.5998822496380442 0.02226291100184119 0.02549350354098529
0 0.48423710465431213 0.6001936003219249 0.02226291100184119 0.02549350354098529
0 0.513009786605835 0.6002987431002444 0.022534867127736335 0.02534130007721657
0 0.1041737049818039 0.6304414568831265 0.0207916721701622 0.024039128029993282
0 0.12944192811846733 0.6310218101324037 0.0207916721701622 0.024039128029993282
0 0.15476590394973755 0.6316034438934642 0.0207916721701622 0.024039128029993282
0 0.1801310032606125 0.6321860221667241 0.0207916721701622 0.024039128029993282
0 0.20651714503765106 0.6327920514483785 0.0207916721701622 0.024039128029993282
0 0.2339288294315338 0.6334216350965878 0.0207916721701622 0.024039128029993282
0 0.26079732179641724 0.6332510093269528 0.021341870228449467 0.024713235308033606
0 0.314826101064682 0.633904080058253 0.021341870228449467 0.024713235308033606
0 0.34269800782203674 0.6342444308968478 0.0218638380368551 0.025142669677734375
0 0.3706103563308716 0.634569082017561 0.0218638380368551 0.025142669677734375
0 0.3981320858001709 0.6352912991545921 0.022704680760701534 0.025379535763762718
0 0.4264369010925293 0.6356405143361061 0.022704680760701534 0.025379535763762718
0 0.4551248848438263 0.635994456919709 0.022704680760701534 0.025379535763762718
0 0.5133382081985474 0.636712673098542 0.022704680760701423 0.025379535763762718
0 0.5427238345146179 0.6372370564524007 0.023739377657572502 0.026619046233421147
0 0.5712608098983765 0.6376635529274164 0.023739377657572502 0.026619046233421147
0 0.6312461495399475 0.6385600577449633 0.023739377657572502 0.026619046233421147
0 0.661066472530365 0.6390057343616409 0.023739377657572502 0.026619046233421147
0 0.6910317540168762 0.6394535774408385 0.023739377657572502 0.026619046233421147
0 0.721417248249054 0.6399077007670622 0.023739377657572502 0.026619046233421147
0 0.7523250579833984 0.6400323025015897 0.023990988731384277 0.026413732720899898
0 0.7824307084083557 0.6403696243872763 0.023990988731384277 0.026413732720899898
0 0.8122462034225464 0.6404328073791132 0.023972074190775627 0.026009788808896615
0 0.10463616997003555 0.6645202193149301 0.02073739469051361 0.024435619975245276
0 0.12942120805382729 0.6653148885254428 0.02073739469051361 0.024435619975245276
0 0.15460854768753052 0.6661224565119823 0.02073739469051361 0.024435619975245276
0 0.18074552714824677 0.6669604722843614 0.02073739469051361 0.024435619975245276
0 0.20668134093284607 0.6677920381909593 0.02073739469051361 0.024435619975245276
0 0.2340019941329956 0.6678561040091672 0.021156887213389097 0.02450147525284647
0 0.28711163997650146 0.6693299242793679 0.022181769212087032 0.025461152542469112
0 0.31427568197250366 0.6698946841927462 0.022239863872528076 0.025582690571629724
0 0.34239980578422546 0.6704845568552927 0.022239863872528076 0.025582690571629724
0 0.3703591227531433 0.6710709728750004 0.022239863872528076 0.025582690571629724
0 0.39782771468162537 0.6716470964750005 0.022239863872528076 0.025582690571629724
0 0.42621752619743347 0.6722425416458485 0.022239863872528076 0.025582690571629724
0 0.454682320356369 0.6727113997468749 0.022692859172821045 0.02569331679233285
0 0.4839933216571808 0.6732679846847909 0.022692859172821045 0.02569331679233285
0 0.5128445029258728 0.6738158381262491 0.022692859172821045 0.02569331679233285
0 0.10400839895009995 0.6992307707320812 0.020940333604812622 0.024210227552310497
0 0.1544649451971054 0.7005779264872886 0.020940333604812622 0.024210227552310497
0 0.18004654347896576 0.7012716337691905 0.02135789394378662 0.024916744971460205
0 0.20643067359924316 0.7020680533719226 0.02135789394378662 0.024916744971460205
0 0.23316264152526855 0.7028885774834212 0.021896004676818848 0.02490541916484975
0 0.2872066795825958 0.7045074787060908 0.021896004676818848 0.02490541916484975
0 0.31374239921569824 0.7053023621104891 0.021896004676818848 0.02490541916484975
0 0.34164997935295105 0.7061383399024895 0.021896004676818848 0.02490541916484975
0 0.36960569024086 0.7069757594618686 0.022611478964487675 0.025262403857800333
0 0.397773802280426 0.7076459507909825 0.022611478964487675 0.025262403857800333
0 0.42595595121383667 0.7083164760936522 0.022611478964487675 0.025262403857800333
0 0.45462775230407715 0.7089986514717452 0.022611478964487675 0.025262403857800333
0 0.48294705152511597 0.7096724399300509 0.022611478964487675 0.025262403857800333
0 0.5416024327278137 0.7111930907496872 0.02355082829793287 0.02594446581463481
0 0.5717161297798157 0.7119737935115729 0.02355082829793287 0.02594446581463481
0 0.6015750169754028 0.71274789028422 0.02355082829793287 0.02594446581463481
0 0.6315302848815918 0.7135244857433231 0.02355082829793287 0.02594446581463481
0 0.6615170836448669 0.7136884939212321 0.024269064267476326 0.02619919296382939
0 0.692267119884491 0.714186291361964 0.024269064267476326 0.02619919296382939
0 0.10414549708366394 0.7325866425130171 0.02086730549732843 0.024448749630950218
0 0.12926222756505013 0.7336815235226654 0.02087983240683873 0.024481396342432776
0 0.15411269664764404 0.73461180067164 0.020879832406838716 0.024481396342432776
0 0.1805373728275299 0.7356010082530943 0.020879832406838716 0.024481396342432692
0 0.20629774034023285 0.7365653474439003 0.020879832406838716 0.02448139634243286
0 0.23312100768089294 0.7375694762828738 0.020879832406838716 0.024481396342432776
0 0.2597583532333374 0.73894385404365 0.02195453643798828 0.025114547374636628
0 0.28646066784858704 0.7399548175472108 0.02195453643798828 0.02511454737463671
0 0.3138484060764313 0.7409917315448316 0.02195453643798828 0.02511454737463671
0 0.3413545489311218 0.7420331284031376 0.02195453643798828 0.02511454737463671
0 0.397309273481369 0.7441516033438749 0.02195453643798828 0.025114547374636628
0 0.42513787746429443 0.7443020842796149 0.02189350128173828 0.02509040241093596
0 0.4546065330505371 0.745741219425192 0.02252320448557532 0.025406386501105285
0 0.4835169017314911 0.7465432889712335 0.02252320448557532 0.025406386501105285
0 0.5132350921630859 0.7473677701728288 0.022523204485575432 0.025406386501105285
0 0.542593240737915 0.7479867491611215 0.022962729136149163 0.025623439818389628
0 0.0548497699201107 0.7644062485805777 0.020469593505064644 0.023781532465025436
0 0.0792849212884903 0.7662133855470634 0.020563602447509766 0.024162055910095577
0 0.10403303802013397 0.7673230725665425 0.020563602447509766 0.024162055910095577
0 0.1288948506116867 0.768437857623229 0.020563602447509766 0.024162055910095577
0 0.15439927577972412 0.7695814569465692 0.020563602447509766 0.024162055910095577
0 0.17977942526340485 0.7707194838412973 0.020563602447509766 0.024162055910095577
0 0.20628798007965088 0.7719081075860338 0.020563602447509766 0.024162055910095577
0 0.25989242643117905 0.7741146080030951 0.02166968087355295 0.02532864356225764
0 0.2863563895225525 0.7752361293441852 0.02166968087355292 0.02532864356225764
0 0.313930869102478 0.7764047134754269 0.02166968087355292 0.02532864356225764
0 0.3701317012310028 0.7790982563639196 0.02209041515986121 0.02574145886325108
0 0.39770081639289856 0.7804195640968111 0.02209041515986121 0.02574145886325108
0 0.4256490170955658 0.7817590403002362 0.02209041515986121 0.02574145886325108
0 0.4542349874973297 0.7825854988985284 0.022763391335805294 0.02605112948158904
0 0.4833866357803345 0.7835013820064861 0.022763391335805294 0.02605112948158904
0 0.512627124786377 0.7844200563019863 0.022763391335805183 0.02605112948158904
0 0.5422603487968445 0.7853510695003494 0.022763391335805183 0.02605112948158904
0 0.572493314743042 0.7863009253213572 0.022763391335805183 0.02605112948158904
0 0.6020891666412354 0.7872137495441486 0.023603717486063713 0.026233584381813228
0 0.632172703742981 0.7881542825067516 0.023603717486063713 0.026233584381813228
0 0.6622866988182068 0.7890957677087118 0.023603717486063713 0.026233584381813228
0 0.6937028765678406 0.7900736043959877 0.02402317523956299 0.02663261945857558
0 0.053947463631629944 0.7990977265114008 0.020608226458231606 0.023631310278131167
0 0.07861596345901489 0.7995662245639535 0.020594040552775056 0.023919807848080295
0 0.1032860204577446 0.8011043580686917 0.020594040552775056 0.023919807848080295
0 0.1291654221713543 0.8025478984034339 0.021382518112659454 0.02445232775784267
0 0.1544882208108902 0.804590974769965 0.021021246910095215 0.024322214052658782
0 0.17973138391971588 0.8058705884356832 0.021021246910095215 0.024322214052658782
0 0.20585599541664124 0.8071948840375825 0.021021246910095215 0.024322214052658782
0 0.2598598971962929 0.8099324225315274 0.021021246910095215 0.024322214052658782
0 0.28587689995765686 0.8112512632857921 0.021021246910095215 0.024322214052658782
0 0.3134382963180542 0.8126483916597997 0.021021246910095215 0.024322214052658782
0 0.3402561545372009 0.8140819423588337 0.022193074226379395 0.025708753009175144
0 0.36984744668006897 0.8154316242269886 0.022193074226379395 0.025708753009175144
0 0.39717090129852295 0.8166778682603966 0.022193074226379395 0.025708753009175144
0 0.42479848861694336 0.8179379840229832 0.022193074226379395 0.025708753009175144
0 0.45479270815849304 0.8192370468343902 0.022930165131886837 0.02613907451777506
0 0.4825013279914856 0.8204371193193766 0.022930165131886837 0.02613907451777506
0 0.5123222470283508 0.8217286764098721 0.022930165131886726 0.02613907451777506
0 0.5418746471405029 0.8230086038278979 0.022930165131886726 0.02613907451777506
0 0.5725891590118408 0.8238250377566315 0.023646116256713867 0.026420415833938952
0 0.10421489179134369 0.835264308161851 0.0216006338596344 0.024903644887051952
0 0.12939521670341492 0.836829429449037 0.02149677276611328 0.024584629738977824
0 0.1553327739238739 0.838555979174237 0.02158553401629132 0.024784295133841946
0 0.18007539212703705 0.8401079017702099 0.02158553401629132 0.024784295133841946
0 0.2071569561958313 0.8418065292504368 0.02158553401629132 0.024784295133841946
0 0.23384582996368408 0.8434805261541315 0.02158553401629132 0.024784295133841946
0 0.25960537791252136 0.845096233279206 0.02158553401629129 0.024784295133841946
0 0.28589239716529846 0.8466838471893443 0.021953781445821163 0.02518977675327035
0 0.341325581073761 0.8500806231831395 0.023062249024709103 0.025900375011355378
0 0.36903107166290283 0.8514537698287586 0.023062249024709103 0.025900375011355378
0 0.397560715675354 0.8528677633781729 0.023062249024709103 0.025900375011355378
0 0.42572763562202454 0.854748570641806 0.024063924948374393 0.026837371116460756
0 0.45443063974380493 0.8560891777582686 0.024063924948374393 0.026837371116460756
0 0.4833632707595825 0.8574405098652904 0.024063924948374393 0.026837371116460756
0 0.5415076017379761 0.8601562083183469 0.024063924948374504 0.026837371116460756
0 0.5720083713531494 0.8615807821584303 0.024063924948374504 0.026837371116460756
0 0.6021618247032166 0.8629778144130622 0.024376829465230232 0.02704028935395459
0 0.6323409080505371 0.8643835200819858 0.024376829465230232 0.02704028935395459
0 0.6611254215240479 0.8649073394843632 0.025075236956278557 0.027787378592084654
0 0.6938974261283875 0.8661306514296421 0.025075236956278557 0.027787378592084654
0 0.10324857383966446 0.8679700452227925 0.021001577377319336 0.02351207881010791
0 0.12872935831546783 0.8701532216009522 0.021001577377319336 0.02351207881010791
0 0.18030665814876556 0.8745723297627219 0.021001577377319336 0.02351207881010791
0 0.2064424455165863 0.8768116263456123 0.022115657726923643 0.024384432060773984
0 0.23270651698112488 0.878374880212733 0.022115657726923643 0.024384432060773984
0 0.25926730781793594 0.8799557950014202 0.022115657726923615 0.024384432060773984
0 0.28579872846603394 0.8815349616582101 0.022115657726923588 0.024384432060773984
0 0.3129352629184723 0.8831501450649527 0.02386130889256799 0.026299764943677327
0 0.3392917811870575 0.8848906808376045 0.02386130889256799 0.026299764943677327
0 0.3950549364089966 0.8885731765857402 0.02386130889256799 0.026299764943677327
0 0.4527931809425354 0.8923861035830258 0.02386130889256799 0.026299764943677327
0 0.4819343090057373 0.8943105298419332 0.02386130889256799 0.026299764943677327
0 0.5121830850839615 0.8957903862760878 0.024917801221211733 0.027425721634265987
0 0.5408921241760254 0.8974377938023257 0.024917801221211677 0.027425721634265987
0 0.5723097324371338 0.8992406268452489 0.024917801221211677 0.027425721634265987
0 0.602550208568573 0.9004996543706849 0.025001883506774902 0.02738585952640515
0 0.5960295265135558 0.06763943352770062 0.021601776281992557 0.02250191592430883
0 0.6262032339661758 0.0662080913895879 0.02160177628199267 0.02250191592430883
0 0.6548749082577157 0.06595726306256264 0.021601776281992557 0.02250191592430883
0 0.6844629323260387 0.06540656249922307 0.021601776281992557 0.02250191592430883
0 0.5977247723881502 0.1376295871994975 0.021601776281992557 0.02250191592430882
0 0.6270955275304569 0.13730498956804002 0.02199588219324755 0.02437304711157036
0 0.6566835515987799 0.1363028951003237 0.02199588219324755 0.02437304711157036
0 0.598261521099517 0.17317624885654614 0.02301267782847094 0.024982319321743298
0 0.6278495451678401 0.17262554829320653 0.02301267782847094 0.024982319321743298
