0 0.10687945038080215 0.09267997187237408 0.02248944342136383 0.024265871491543092
0 0.13110120594501495 0.08994315312586704 0.02248944342136383 0.024265871491543082
0 0.1566038429737091 0.08597147741983104 0.022733191649119078 0.025125961895136866
0 0.18380464613437653 0.0833056965059407 0.022733191649119078 0.025125961895136877
0 0.23508401215076447 0.078280125959533 0.022733191649119078 0.025125961895136877
0 0.2890532910823822 0.07299093384036912 0.022733191649119022 0.025125961895136877
0 0.31900565849768153 0.07084760425127254 0.022733191649119022 0.025125961895136877
0 0.4026543335201814 0.06221211730008274 0.023114661375681522 0.02498924454977346
0 0.10648889094591141 0.12689876556396484 0.021486341953277588 0.024530809979106106
0 0.15686750411987305 0.1214133419004302 0.021486341953277588 0.024530809979106106
0 0.18260182440280914 0.11947626291319381 0.022270123163859068 0.024280762487603698
0 0.2077457755804062 0.11686245983176693 0.022270123163859068 0.024280762487603698
0 0.23287305235862732 0.1142503901134126 0.022270123163859068 0.024280762487603698
0 0.26145002245903015 0.11127971251470534 0.022270123163859012 0.024280762487603698
0 0.28911811113357544 0.10840351637019667 0.022270123163859012 0.024280762487603698
0 0.10540200769901276 0.15848387119381926 0.020688215891520173 0.023249892301337664
0 0.12949584424495697 0.15876490570761384 0.02150779962539673 0.02431278820185697
0 0.15480868518352509 0.1564766528994538 0.02150779962539673 0.02431278820185697
0 0.18111321330070496 0.1540242461271064 0.02213108539581299 0.02485186554664789
0 0.20622479915618896 0.15185857779661827 0.02213108539581299 0.02485186554664789
0 0.23353605632929458 0.14954661848751652 0.02213108539581299 0.02485186554664789
0 0.26084110140800476 0.14714836965620745 0.02213108539581299 0.02485186554664789
0 0.2882027328014374 0.1447886533515398 0.02213108539581299 0.02485186554664789
0 0.315114289522171 0.14306624549430688 0.022202223539352417 0.024824512097262583
0 0.3449092507362366 0.14076522339222042 0.022202223539352417 0.024824512097262583
0 0.1541888415813446 0.19114400619684263 0.022079904874165834 0.02504499938136848
0 0.2064286172389984 0.18746798901137512 0.022079904874165834 0.02504499938136848
0 0.23263223469257355 0.1855881380480389 0.022136598825454712 0.024755115656889672
0 0.26050254702568054 0.1836527806430312 0.022136598825454712 0.024755115656889672
0 0.2886938154697418 0.18169513555144887 0.022136598825454712 0.024755115656889672
0 0.31626495718955994 0.17978055301451112 0.022136598825454712 0.024755115656889672
0 0.34244677424430847 0.17796244732169217 0.022136598825454712 0.024755115656889672
0 0.4031479060649872 0.17274691036268586 0.021793464819590214 0.024633263432702352
0 0.43307733843007035 0.17159599355872776 0.021793464819590214 0.024633263432702352
0 0.4627406612499473 0.1710183527097484 0.021762549877166748 0.02452898395153902
0 0.15312258899211884 0.22699957945345142 0.022099037965138735 0.025390270144440407
0 0.17830269038677216 0.22550518984644052 0.02249287565549213 0.02600723089173783
0 0.20569968223571777 0.22360593219136082 0.02276997764905292 0.025883031445880268
0 0.2328236848115921 0.221796879832958 0.02276997764905292 0.025883031445880268
0 0.25998038053512573 0.21998564698457368 0.022769977649052947 0.025883031445880268
0 0.31602004170417786 0.2157771285165506 0.024053295453389523 0.026016072709431046
0 0.3435078561306 0.21441472962845204 0.024053295453389523 0.026016072709431046
0 0.373092383146286 0.2129484098226711 0.024053295453389523 0.026016072709431046
0 0.4023040235042572 0.21150057167425215 0.024053295453389523 0.026016072709431046
0 0.43271443247795105 0.20999331806981286 0.024053295453389523 0.026016072709431046
0 0.7164715694397995 0.20187312052421189 0.02405329545338941 0.026016072709431046
0 0.7474341988563538 0.20218350001443572 0.024919867515563965 0.026707272196924963
0 0.7788797616958618 0.2035803905753202 0.02515357732772827 0.0273639471956002
0 0.15328697860240936 0.26221752166748047 0.021886626879374205 0.025719191676886535
0 0.20513415336608887 0.25954631620619534 0.021886626879374205 0.025719191676886535
0 0.23212841153144836 0.2581555517110553 0.021886626879374205 0.025719191676886535
0 0.28664734959602356 0.2553466949938793 0.02188662687937415 0.025719191676886535
0 0.31574708223342896 0.2538474548694699 0.02188662687937415 0.025719191676886535
0 0.34340372681617737 0.25195604612813494 0.023737410704294803 0.026671402214109463
0 0.372830867767334 0.25051260283458104 0.023737410704294803 0.026671402214109463
0 0.4024418294429779 0.24906014287194542 0.024663885434468624 0.027491724768350292
0 0.4330971837043762 0.2477999392025702 0.024663885434468624 0.027491724768350292
0 0.4937790185213089 0.24530538408346617 0.02466388543446857 0.027491724768350292
0 0.5552997884062147 0.24352343372599425 0.024663885434468513 0.027491724768350292
0 0.5867428779602051 0.2414837548899096 0.024663885434468513 0.027491724768350292
0 0.619643607090429 0.24197984887561763 0.024865100781122917 0.027427259341690866
0 0.6530177261411529 0.241737369380961 0.026107192039489746 0.027768216391866548
0 0.6864470458522285 0.24252983634773653 0.026107192039489746 0.027768216391866548
0 0.7171441746741226 0.24214171591121644 0.026107192039489746 0.027768216391866548
0 0.7474579811096191 0.24326551330402169 0.026107192039489746 0.027768216391866548
0 0.7795874144613129 0.2440002931161797 0.026107192039489746 0.027768216391866548
0 0.15261438488960266 0.29830231777457306 0.021220475435256958 0.025237046470937774
0 0.178803950548172 0.2970645321474349 0.021220475435256958 0.025237046470937774
0 0.20469985902309418 0.2958406255072935 0.021220475435256958 0.025237046470937774
0 0.2320386916399002 0.2945485225943632 0.021220475435256958 0.025237046470937774
0 0.25932519882917404 0.2932588927145094 0.021220475435256958 0.025237046470937774
0 0.3157641589641571 0.2906363952991574 0.023224174976348877 0.026177354561266075
0 0.3443167805671692 0.2895271858178759 0.023224174976348877 0.026177354561266075
0 0.37306028604507446 0.28841056089829237 0.023224174976348877 0.026177354561266075
0 0.40327879786491394 0.28723663507505903 0.023224174976348877 0.026177354561266075
0 0.4326801598072052 0.2860944538112013 0.023224174976348877 0.026177354561266075
0 0.46393612027168274 0.28512441302351343 0.024145503838857052 0.026869722114977013
0 0.5246233344078064 0.2827729291694109 0.02414550383885694 0.026869722114977013
0 0.5551528334617615 0.282381767450377 0.025487542152404785 0.027732390765995915
0 0.5886777639389038 0.2817991745691561 0.025487542152404785 0.027732390765995915
0 0.6201106905937195 0.2812529363206527 0.025487542152404785 0.027732390765995915
0 0.6519777774810791 0.28069915327914924 0.025487542152404785 0.027732390765995915
0 0.6844143867492676 0.2801354731348019 0.025487542152404785 0.027732390765995915
0 0.7161473631858826 0.28126183115384734 0.025681575139363533 0.027919000433396898
0 0.7466900944709778 0.2815296483594318 0.025681575139363533 0.027919000433396898
0 0.49409905076026917 0.3231784465701081 0.024983465671539307 0.027348629263944404
0 0.5241995453834534 0.32279145440389945 0.024650096893310547 0.027656466461891353
0 0.10140223056077957 0.3719721394915913 0.020725682377815247 0.025460036226021256
0 0.12645693123340607 0.3713264021762582 0.02146584292252858 0.02599790854047434
0 0.1514383852481842 0.37069001308707306 0.021486530701319395 0.026099692943484243
0 0.20502665638923645 0.36900089286526117 0.021486530701319395 0.026099692943484284
0 0.23176497220993042 0.36815809221153134 0.021486530701319395 0.026099692943484243
0 0.2592481002211571 0.367291814828553 0.021486530701319367 0.026099692943484326
0 0.3158518075942993 0.36550764704859534 0.02148653070131934 0.026099692943484243
0 0.3438793122768402 0.36488667728203167 0.023129304250081417 0.02634852801182476
0 0.3737677335739136 0.36422447755337156 0.023129304250081417 0.02634852801182472
0 0.40285202860832214 0.3635800938273585 0.023129304250081417 0.02634852801182472
0 0.4634295403957367 0.36223795496128 0.023129304250081417 0.02634852801182476
0 0.49300411343574524 0.3621878306223123 0.024785518646240234 0.027329134386639264
0 0.5238074064254761 0.3616368604260822 0.024785518646240234 0.027329134386639264
0 0.5869792699813843 0.36050692233565707 0.024785518646240234 0.027329134386639264
0 0.6186901330947876 0.3599222870760186 0.024612744649251228 0.027718307435974608
0 0.6507313847541809 0.3599912829912341 0.024612744649251228 0.027718307435974567
0 0.6833315491676331 0.36006148243923924 0.024612744649251228 0.027718307435974608
0 0.7145493626594543 0.3601287052068075 0.024612744649251228 0.027718307435974567
0 0.7464713454246521 0.36019744429477424 0.024612744649251228 0.027718307435974608
0 0.7771015167236328 0.36123836872189546 0.024526556332906013 0.027652296909066135
0 0.10083609074354172 0.40666633428529253 0.021001333991686494 0.025531827941421337
0 0.1257181465625763 0.40720239384582124 0.02120068669319153 0.02609814784323528
0 0.1510467678308487 0.4066541361254315 0.02120068669319153 0.02609814784323528
0 0.17746801674365997 0.4060822276292935 0.02120068669319153 0.02609814784323528
0 0.20476394891738892 0.4054913859332149 0.02120068669319153 0.02609814784323528
0 0.23173682391643524 0.40490753706111465 0.02120068669319153 0.02609814784323528
0 0.25918641686439514 0.404313369257985 0.02120068669319153 0.02609814784323528
0 0.2866429090499878 0.4036933987639671 0.021633128325144413 0.026006003682927513
0 0.34414252638816833 0.40243507433993103 0.021633128325144413 0.026006003682927513
0 0.3732004463672638 0.4018509886985601 0.02222759524981177 0.026071888531825394
0 0.40277883410453796 0.4012345594151466 0.02251170078913367 0.026305915773376994
0 0.43277373909950256 0.40104337680165125 0.023867934942245483 0.027492493622062686
0 0.46280375123023987 0.4007185558940089 0.023977011442184448 0.027403957159944228
0 0.49324674904346466 0.40039735088961537 0.023977011442184448 0.027403957159944228
0 0.5555396676063538 0.39974009639373964 0.023977011442184448 0.027403957159944228
0 0.5867230296134949 0.3994110797840102 0.023977011442184448 0.027403957159944228
0 0.6183363795280457 0.39907752635867094 0.023977011442184448 0.027403957159944228
0 0.6826048493385315 0.39839529441986593 0.024756421645482307 0.02766356357308321
0 0.7143480777740479 0.39889567744652343 0.024127642313639397 0.027806008508963122
0 0.7447816729545593 0.39927860367353096 0.024127642313639397 0.027806008508963122
0 0.7756851315498352 0.39966744188772096 0.024127642313639397 0.027806008508963122
0 0.8043944239616394 0.40002867232921513 0.024127642313639397 0.027806008508963122
0 0.15058013796806335 0.4415822140006132 0.02100489536921185 0.025600462920906064
0 0.1766940951347351 0.4416330748959616 0.02100489536921185 0.025600462920906064
0 0.20353829860687256 0.441662797352897 0.02193698287010193 0.025822454644728023
0 0.2314358502626419 0.44136783688567405 0.02193698287010193 0.025822454644728023
0 0.2593742907047272 0.44107244410182117 0.02193698287010193 0.025822454644728023
0 0.28713956475257874 0.4407788822041041 0.02193698287010193 0.025822454644728023
0 0.34391626715660095 0.4399818154726127 0.023107250531514523 0.026716808940089026
0 0.3734418451786041 0.4397414007852244 0.023107250531514523 0.026716808940089026
0 0.4024870991706848 0.43950489717965846 0.023107250531514523 0.026716808940089026
0 0.43236273527145386 0.4392616321127277 0.023107250531514523 0.026716808940089026
0 0.4626995027065277 0.4390146122422329 0.023107250531514523 0.026716808940089026
0 0.4929701238870621 0.4387681309735937 0.023107250531514467 0.026716808940089026
0 0.523613691329956 0.4387568983920785 0.024356166521708245 0.02760622482891225
0 0.5540311932563782 0.43855732260362856 0.024356166521708245 0.02760622482891225
0 0.5857985019683838 0.4383488904418268 0.024356166521708245 0.02760622482891225
0 0.6177252531051636 0.4379276896631995 0.02434464295705152 0.027467446733814856
0 0.649858832359314 0.43792884452376224 0.02434464295705152 0.027467446733814856
0 0.681515097618103 0.4379299822299611 0.02434464295705152 0.027467446733814856
0 0.7135722041130066 0.43793113434214115 0.02434464295705152 0.027467446733814856
0 0.7448495030403137 0.43793225842852923 0.02434464295705152 0.027467446733814856
0 0.775471031665802 0.43849341813908066 0.021613597869873047 0.0269521668899891
0 0.8326915502548218 0.43948639335382944 0.021613597869873047 0.0269521668899891
0 0.8605060577392578 0.43996907189683354 0.021613597869873047 0.0269521668899891
0 0.885633111000061 0.4404051137524982 0.021613597869873047 0.0269521668899891
0 0.9090554714202881 0.4408115732523718 0.021613597869873047 0.0269521668899891
0 0.15064263343811035 0.4777310393577398 0.021368076403935732 0.02556512522142987
0 0.17648360133171082 0.4777293168377024 0.021368076403935732 0.02556512522142987
0 0.20344898104667664 0.4777275193660649 0.021368076403935732 0.02556512522142987
0 0.23116035759449005 0.47772567216740097 0.021368076403935732 0.02556512522142987
0 0.25889769941568375 0.47772382323793094 0.02136807640393576 0.02556512522142987
0 0.2870960533618927 0.47766893227197477 0.021426106492678287 0.025554834410201673
0 0.3161095678806305 0.477023132371085 0.02261340618133545 0.0262354178022044
0 0.34500133991241455 0.4779613416921371 0.022893408934275272 0.026507710301598836
0 0.3736144006252289 0.47767514960710394 0.022893408934275272 0.026507710301598836
0 0.4027811586856842 0.47738341935892253 0.022893408934275272 0.026507710301598836
0 0.4321923553943634 0.4770892441990589 0.022893408934275272 0.026507710301598836
0 0.4621894955635071 0.4768888616991068 0.02381615837415063 0.026574837144955128
0 0.4925070255994797 0.47689876999965936 0.023816158374150576 0.026574837144955128
0 0.5232411026954651 0.4769088144350968 0.02381615837415052 0.026574837144955128
0 0.5545293688774109 0.47691903998924745 0.02381615837415052 0.026574837144955128
0 0.5856136083602905 0.47692919886389445 0.02381615837415052 0.026574837144955128
0 0.1510554403066635 0.5138063209001408 0.02115759253501892 0.025463459103606468
0 0.1761060357093811 0.5140114733364981 0.02115759253501892 0.025463459103606468
0 0.2310260832309723 0.5144612423488824 0.02115759253501892 0.025463459103606468
0 0.2588236331939697 0.5145177057333611 0.022479395071665437 0.026312037031779974
0 0.28648337721824646 0.5145931243896484 0.02247939507166541 0.026312037031779974
0 0.3154461979866028 0.5146720960902802 0.02247939507166541 0.026312037031779974
0 0.3443647027015686 0.5147509469562003 0.02247939507166541 0.026312037031779974
0 0.40309154987335205 0.5149110749710438 0.02247939507166541 0.026312037031779974
0 0.4327414035797119 0.5149919199753824 0.02247939507166541 0.026312037031779974
0 0.4621361494064331 0.5149211883544922 0.022949238618214962 0.026936494102773795
0 0.49232080578804016 0.5151930704674078 0.023569544156392397 0.027164547942405522
0 0.5228866338729858 0.5154490200124335 0.02356954415639234 0.027164547942405522
0 0.5539299249649048 0.5157089676967886 0.02356954415639234 0.027164547942405522
0 0.5853262543678284 0.5159527091092841 0.024005909760792976 0.027367200038229827
0 0.6172550916671753 0.5155810422675554 0.024482210477193123 0.027283868124318676
0 0.6811152696609497 0.5158444289372718 0.024482210477193123 0.027283868124318676
0 0.7123975157737732 0.5159734502911695 0.024482210477193123 0.027283868124318676
0 0.7438012957572937 0.5161029729026969 0.024482210477193123 0.027283868124318676
0 0.7740692496299744 0.5162278108818587 0.024482210477193123 0.027283868124318676
0 0.8036364912986755 0.5161878297715617 0.023537079493204827 0.027014591897180782
0 0.8322559595108032 0.5161910389744958 0.023537079493204827 0.027014591897180782
0 0.859947919845581 0.5158643057180006 0.023233970006306892 0.027012492335119914
0 0.15041489899158478 0.5498977040135583 0.020941197872161865 0.02502130907635356
0 0.17645485699176788 0.5497931749172537 0.021440784136454283 0.025574114895606282
0 0.2033848762512207 0.5502614309621412 0.021440784136454283 0.025574114895606282
0 0.2304687350988388 0.5507323619519074 0.021440784136454283 0.025574114895606282
0 0.2584400475025177 0.5512187238809605 0.021440784136454255 0.025574114895606282
0 0.2861631214618683 0.5517007694687954 0.021440784136454227 0.025574114895606282
0 0.3441667854785919 0.5527093304371253 0.021440784136454227 0.025574114895606282
0 0.3729393780231476 0.5520773965951308 0.02273118495941162 0.026330814805141715
0 0.40209370851516724 0.552269647287768 0.02273118495941162 0.026330814805141715
0 0.46129685640335083 0.5540656156318132 0.023980915546417236 0.027006430219310144
0 0.4918361306190491 0.5542132014695298 0.023980915546417236 0.027006430219310144
0 0.5538758635520935 0.5545130182199857 0.023980915546417236 0.027006430219310144
0 0.5855159759521484 0.5546659240310743 0.023980915546417236 0.027006430219310144
0 0.6176081299781799 0.5548210144042969 0.023980915546417236 0.027006430219310144
0 0.6499278545379639 0.5548975366742018 0.02436939875284838 0.027197135511294872
0 0.6813750267028809 0.5551333399204352 0.023427248001098633 0.026535743890806686
0 0.7124255895614624 0.5551166534423828 0.023427248001098633 0.026535743890806686
0 0.7447386384010315 0.5550992885082034 0.023427248001098633 0.026535743890806686
0 0.7748487591743469 0.5550831074208676 0.023427248001098633 0.026535743890806686
0 0.8037977814674377 0.5550675503043241 0.023427248001098633 0.026535743890806686
0 0.8324029445648193 0.5550521779766666 0.023427248001098633 0.026535743890806686
0 0.1503099948167801 0.5857478297033976 0.021746546030044556 0.026211405909338664
0 0.1759781837463379 0.5862453497677746 0.021746546030044556 0.026211405909338664
0 0.2032509446144104 0.5867739708473554 0.021746546030044556 0.026211405909338664
0 0.257614403963089 0.5878401911535929 0.022431214650472014 0.026706665985343936
0 0.28513094782829285 0.5883610304011855 0.022819459438323975 0.026434225629466394
0 0.31389209628105164 0.588865994769101 0.022819459438323975 0.026434225629466394
0 0.34293732047080994 0.5893759467029756 0.022819459438323975 0.026434225629466394
0 0.37241148948669434 0.5898934296940106 0.022819459438323975 0.026434225629466394
0 0.4023825228214264 0.5904196362162746 0.022819459438323975 0.026434225629466394
0 0.43163368105888367 0.5910161962718714 0.02376699447631836 0.02650135247282285
0 0.49227629601955414 0.5922529665036274 0.02376699447631836 0.02650135247282285
0 0.5228685736656189 0.5928768778956214 0.02376699447631836 0.02650135247282285
0 0.5539519190788269 0.5935108043240147 0.02376699447631836 0.02650135247282285
0 0.15058381855487823 0.620990797530773 0.02158165971438092 0.025319387746411702
0 0.17596130073070526 0.6222227956545243 0.022030790646870912 0.02586725515912664
0 0.2039349228143692 0.6233314840561721 0.02237053712209064 0.026046989500060506
0 0.2294822782278061 0.6240834080895712 0.022253294785817446 0.025899340015973285
0 0.25726208090782166 0.6249117408054993 0.022253294785817473 0.025899340015973285
0 0.28532928228378296 0.6257486431194591 0.0222532947858175 0.025899340015973285
0 0.31405606865882874 0.6266052128097488 0.0222532947858175 0.025899340015973285
0 0.3421575129032135 0.627443136170853 0.0222532947858175 0.025899340015973285
0 0.37158820033073425 0.6282198837696468 0.023004651069641113 0.026399479355922965
0 0.4010436534881592 0.6289897741273393 0.023004651069641113 0.026399479355922965
0 0.43098339438438416 0.6293741645508771 0.023769179979960087 0.02704975216887718
0 0.4616956114768982 0.6300418321476426 0.023769179979960087 0.02704975216887718
0 0.4912611097097397 0.6307011197839233 0.023714284102122007 0.02711782529372583
0 0.5232007503509521 0.6312198079126917 0.02460249265034986 0.027737639671148256
0 0.5540560483932495 0.6318107633024783 0.02460249265034986 0.027737639671148256
0 0.6177006959915161 0.6330297159594159 0.02460249265034986 0.027737639671148256
0 0.6501541137695312 0.6337043407351471 0.02455059687296557 0.028165802475093926
0 0.6817668080329895 0.6334236432831599 0.02455059687296557 0.028165802475093926
0 0.7131087779998779 0.6331453496636207 0.02455059687296557 0.028165802475093926
0 0.7444429397583008 0.6328671253752243 0.02455059687296557 0.028165802475093926
0 0.7744088172912598 0.6326010504434275 0.02455059687296557 0.028165802475093926
0 0.8034724593162537 0.6318832603052796 0.023120085398356194 0.0274868159331092
0 0.8320575952529907 0.6315924622291742 0.023120085398356194 0.0274868159331092
0 0.8597999811172485 0.6313102374934321 0.023120085398356194 0.0274868159331092
0 0.15139764547348022 0.6573835417281749 0.02184005081653595 0.026012065798737282
0 0.17661181092262268 0.6584772748046833 0.02184005081653595 0.026012065798737282
0 0.2034730464220047 0.6596549087496275 0.02199704945087433 0.026167019393092846
0 0.23030924797058105 0.6608183661172556 0.02199704945087433 0.026167019393092846
0 0.2573179379105568 0.6619893015510115 0.02199704945087433 0.026167019393092846
0 0.2848818600177765 0.663184308534333 0.02199704945087433 0.026167019393092846
0 0.3126939833164215 0.6643900760384494 0.02199704945087433 0.026167019393092846
0 0.3421403467655182 0.6656666944318047 0.02199704945087433 0.026167019393092846
0 0.37091556191444397 0.6658401772110264 0.023931682109832764 0.027474632558896615
0 0.4010045826435089 0.666938116384107 0.023931682109832764 0.027474632558896615
0 0.42987895011901855 0.6679917332310874 0.023931682109832764 0.027474632558896615
0 0.49121029675006866 0.6709970218306333 0.024956742922465025 0.027935057647468564
0 0.522739827632904 0.6713801982790925 0.02495674292246508 0.027935057647468564
0 0.5542237162590027 0.6717628200400145 0.02495674292246508 0.027935057647468564
0 0.5861735939979553 0.6721511049379476 0.02495674292246508 0.027935057647468564
0 0.6179035305976868 0.6725367169047511 0.02495674292246508 0.027935057647468564
0 0.6503002047538757 0.6729304316920466 0.02495674292246508 0.027935057647468564
0 0.6815191507339478 0.6724766692396832 0.02430935700734449 0.027880676032960933
0 0.7437042593955994 0.6727009706718977 0.02430935700734449 0.027880676032960933
0 0.7745336294174194 0.6714536303594644 0.024133165677388435 0.02770762480506596
0 0.8041633367538452 0.6710935637008312 0.024133165677388435 0.02770762480506596
0 0.8326061964035034 0.6705036163330078 0.023505568504333496 0.027135361072628997
0 0.860411524772644 0.6698163629278231 0.023505568504333496 0.027135361072628997
0 0.8863101005554199 0.6680119640267516 0.022106607755025154 0.025286948034005628
0 0.9091324806213379 0.6671558202699174 0.022106607755025154 0.025286948034005628
0 0.1501048505306244 0.6939917719641397 0.021223982175191225 0.02542516427446711
0 0.17633041739463806 0.6951230638599398 0.021223982175191225 0.02542516427446711
0 0.23001068830490112 0.697438668924266 0.021223982175191225 0.02542516427446711
0 0.2567274272441864 0.6984362096833069 0.022728224595387786 0.02654925797336791
0 0.28445491194725037 0.699787228606468 0.022728224595387814 0.02654925797336791
0 0.31311294436454773 0.7011835883740763 0.022728224595387814 0.02654925797336791
0 0.37146297097206116 0.7040266875934224 0.022728224595387814 0.02654925797336791
0 0.4003640115261078 0.7054348879082258 0.022728224595387814 0.02654925797336791
0 0.46089261770248413 0.7083841381995015 0.022728224595387814 0.02654925797336791
0 0.4908442348241806 0.7084388997837421 0.023840477069218935 0.027452720228091747
0 0.5223866105079651 0.7094861305230378 0.02384047706921888 0.027452720228091747
0 0.5538048148155212 0.7119504017796227 0.02502830823262525 0.028069754903630638
0 0.6185775995254517 0.7119220467500909 0.02502830823262525 0.028069754903630638
0 0.650739312171936 0.7125431451713574 0.02429111798604322 0.027909123620321583
0 0.6818303465843201 0.7121828655863918 0.02429111798604322 0.027909123620321583
0 0.7130141258239746 0.7118215112842766 0.02429111798604322 0.027909123620321583
0 0.7435830235481262 0.7114672821634683 0.02429111798604322 0.027909123620321583
0 0.773787260055542 0.7111172786978788 0.02429111798604322 0.027909123620321583
0 0.1006123349070549 0.7256139710892079 0.021195585529009492 0.025299072265625
0 0.12500880658626556 0.727365713077318 0.021195585529009506 0.025299072265625
0 0.15077714622020721 0.729215959420076 0.02119558552900952 0.025299072265625
0 0.1761888712644577 0.7310405997342841 0.02119558552900952 0.025299072265625
0 0.2030828297138214 0.7329716689832193 0.02119558552900952 0.025299072265625083
0 0.229274719953537 0.7340377388193758 0.02160775661468506 0.02545773705770803
0 0.2569582462310791 0.7357412826183231 0.02160775661468506 0.02545773705770803
0 0.3128403127193451 0.7385739836581918 0.0230387647946676 0.026455058607944223
0 0.34237125515937805 0.7402777060463767 0.0230387647946676 0.026455058607944223
0 0.3710003197193146 0.741929396585634 0.0230387647946676 0.026455058607944223
0 0.4008348882198334 0.7436506360076195 0.0230387647946676 0.026455058607944223
0 0.4307956099510193 0.7453791535611398 0.0230387647946676 0.026455058607944223
0 0.4914311468601227 0.7479416603265807 0.024824718634287535 0.02771691019220867
0 0.5232077240943909 0.7487710997346411 0.02482471863428759 0.02771691019220867
0 0.5859646201133728 0.750409194432567 0.02482471863428759 0.02771691019220867
0 0.6177416443824768 0.7512386455092319 0.02482471863428759 0.02771691019220867
0 0.6498434543609619 0.7520765742159621 0.02482471863428759 0.02771691019220867
0 0.6817129254341125 0.7514357834665255 0.024093667666117424 0.027053980864295692
0 0.7131282687187195 0.7508714143619981 0.024093667666117424 0.027053980864295692
0 0.7442970275878906 0.7503114750873302 0.024093667666117424 0.027053980864295692
0 0.7741818428039551 0.7497746015523299 0.024093667666117424 0.027053980864295692
0 0.8024742007255554 0.7492663361305414 0.024093667666117424 0.027053980864295692
0 0.09963628649711609 0.7614040818325308 0.020712730785210937 0.024839948314105003
0 0.12398706749081612 0.7627621380705549 0.022040267785390213 0.025511571603227846
0 0.14993754029273987 0.7647708626680596 0.0220402677853902 0.025511571603227846
0 0.20360435545444489 0.7689706669297329 0.02248804767926532 0.02619117914244186
0 0.22914627194404602 0.7707729374471751 0.02248804767926532 0.02619117914244186
0 0.2571067214012146 0.7727458627651168 0.02248804767926535 0.02619117914244186
0 0.285038560628891 0.7747167693084247 0.022488047679265377 0.02619117914244186
0 0.3128589987754822 0.7766798152480014 0.022488047679265377 0.02619117914244186
0 0.3410628139972687 0.7777424140339106 0.023173491160074833 0.026844231657279446
0 0.40092796087265015 0.7810766530591388 0.023173491160074833 0.026844231657279446
0 0.4301062226295471 0.782676431467945 0.023306548595428467 0.027050757592962583
0 0.4914703518152237 0.7859869668650072 0.02367141842842102 0.027222271113432766
0 0.5223906636238098 0.7876775306621618 0.02367141842842102 0.027222271113432766
0 0.5539111495018005 0.7887254759322765 0.025139013926188225 0.027369181315104275
0 0.5860254764556885 0.7894511326990206 0.025139013926188225 0.027369181315104275
0 0.6175206303596497 0.7901627986038632 0.025139013926188225 0.027369181315104275
0 0.6490283012390137 0.7908747473428416 0.025139013926188225 0.027369181315104275
0 0.09939803928136826 0.7969619396121003 0.021375015377998352 0.0248147535693739
0 0.12432721629738808 0.7993971887729981 0.022130444645881653 0.025220708329548317
0 0.17649854719638824 0.8032385360362918 0.022130444645881653 0.025220708329548317
0 0.20270179212093353 0.8051678669819633 0.022130444645881653 0.025220708329548317
0 0.22989358007907867 0.8071699838238605 0.022130444645881653 0.025220708329548317
0 0.25698261708021164 0.8091645351676053 0.022130444645881653 0.025220708329548317
0 0.2849375009536743 0.8112228383546737 0.022130444645881653 0.025220708329548317
0 0.31385529041290283 0.8134541131015296 0.023035526275634766 0.02620170652404323
0 0.3708057403564453 0.8172530497641691 0.023035526275634766 0.02620170652404323
0 0.4006819427013397 0.8192459716908785 0.023035526275634766 0.02620170652404323
0 0.4297927916049957 0.8211878399516261 0.023035526275634766 0.02620170652404323
0 0.46025723218917847 0.8229361497877931 0.024040788412094116 0.02690573995427579
0 0.49128417670726776 0.8246620533078216 0.024040788412094116 0.02690573995427579
0 0.5540894865989685 0.8281556588530073 0.024040788412094116 0.02690573995427579
0 0.5854435563087463 0.829168365412145 0.02439637978871656 0.026887878891109385
0 0.649325430393219 0.8299730877543605 0.02492225170135498 0.027472739995912064
0 0.6811283230781555 0.8303515343575324 0.024551709493001228 0.02694625263066244
0 0.7125723958015442 0.8291420160337936 0.024551709493001228 0.02694625263066244
0 0.7432823777198792 0.8279607350280324 0.024551709493001228 0.02694625263066244
0 0.7735879421234131 0.8267950102257853 0.024551709493001228 0.02694625263066244
0 0.803210437297821 0.8256555601607921 0.024551709493001228 0.02694625263066244
0 0.8318005204200745 0.8245558225498986 0.024551709493001228 0.02694625263066244
0 0.8587681651115417 0.8238735642544058 0.02405524253845215 0.026454186254693667
0 0.09966868162155151 0.8316117220146712 0.021674275398254395 0.02486946046814427
0 0.12430623173713684 0.8333847876097001 0.021805341045061752 0.024942915568980026
0 0.15025751292705536 0.8358762874159702 0.021963884433110537 0.025335858958636253
0 0.17694491147994995 0.8387804253156795 0.022422651449839293 0.025482355162154798
0 0.2302539050579071 0.8439152683285848 0.022758588194847107 0.025875949120336837
0 0.2574929818511009 0.8461716230525527 0.022758588194847107 0.025875949120336837
0 0.2849474847316742 0.8484458226423219 0.022758588194847107 0.025875949120336837
0 0.31343039870262146 0.8508052108836583 0.022758588194847107 0.025875949120336837
0 0.37079179286956787 0.8555567541787791 0.022758588194847107 0.025875949120336837
0 0.42953428626060486 0.8604227011220926 0.022758588194847107 0.025875949120336837
0 0.4907231330871582 0.8634039175632893 0.02309548854827881 0.026338148486706747
0 0.5216655135154724 0.8645388581031976 0.024339497089385986 0.027175548464752907
0 0.5537064075469971 0.8662232687306959 0.024229864279429192 0.026648469673570846
0 0.5857023000717163 0.8680960118125441 0.024709860483805413 0.02719814093538044
0 0.6174291372299194 0.8679620619604264 0.025410254796345955 0.027872484783793606
0 0.6492124199867249 0.8688293279603471 0.025410254796345955 0.027872484783793606
0 0.15017643570899963 0.8721002090808957 0.022358804941177368 0.025349757468053426
0 0.17610721290111542 0.8729770810244939 0.023067722717920958 0.025917348935622468
0 0.20341503620147705 0.8760774301928144 0.023067722717920958 0.025917348935622468
0 0.257231205701828 0.8822462392407794 0.02366813023885092 0.026495467784792878
0 0.28435033559799194 0.8848238689643807 0.02366813023885095 0.026495467784792878
0 0.3122791349887848 0.8874784564725289 0.02366813023885095 0.026495467784792878
0 0.3414490818977356 0.8902510130580932 0.02366813023885095 0.026495467784792878
0 0.3699216842651367 0.8929572881654252 0.02366813023885095 0.026495467784792878
0 0.40055596828460693 0.8955948408259902 0.024544914563496945 0.026988362157067586
0 0.4300224184989929 0.8972447318262776 0.024544914563496945 0.026988362157067586
0 0.4903476685285568 0.9006224745265258 0.02454491456349689 0.026988362157067586
0 0.5221238732337952 0.9024016937329461 0.024544914563496834 0.026988362157067586
0 0.5854472517967224 0.9059473082076671 0.024544914563496834 0.026988362157067586
0 0.616965651512146 0.9089769511553778 0.025512218475341797 0.027700143267017818
0 0.6488556861877441 0.90888265177477 0.025055964787801033 0.027445889258569413
0 0.680806040763855 0.9080783045569132 0.025055964787801033 0.027445889258569413
0 0.7118533253669739 0.9072966920420023 0.025055964787801033 0.027445889258569413
0 0.7428290247917175 0.9065168816773282 0.025055964787801033 0.027445889258569413
0 0.7727587223052979 0.9057634043139081 0.025055964787801033 0.027445889258569413
0 0.15000733733177185 0.9065005280250726 0.023023545742034912 0.02498780479726854
0 0.17465874552726746 0.9096556375193041 0.023822814226150513 0.025728565777918978
0 0.2026289403438568 0.9127666069331718 0.023822814226150513 0.025728565777918978
0 0.22845380008220673 0.9156389626421775 0.023822814226150513 0.025728565777918978
0 0.2834453284740448 0.9217553649043232 0.023822814226150513 0.025728565777918978
0 0.3413100838661194 0.9281913402468659 0.02436782916386926 0.026774265969446574
0 0.37059900164604187 0.9305628840007842 0.02436782916386926 0.026774265969446574
0 0.3999600112438202 0.9329402650786227 0.02436782916386926 0.026774265969446574
0 0.4295439124107361 0.9353356938396346 0.02436782916386926 0.026774265969446574
0 0.4598517417907715 0.9377897395644077 0.025286773840586307 0.026968608530916798
0 0.4904145896434784 0.939450634948413 0.025286773840586363 0.026968608530916798
0 0.5219939947128296 0.9411667737180097 0.02528677384058642 0.026968608530916798
0 0.5528740286827087 0.9428449061396241 0.02528677384058642 0.026968608530916798
0 0.5849865078926086 0.9445900140806686 0.02528677384058642 0.026968608530916798
0 0.3452056866508347 0.06742994240337814 0.022733191649119022 0.025125961895136877
0 0.3734555255683605 0.06485262281574927 0.022733191649119022 0.025125961895136877
0 0.46412482324877286 0.05628153674526258 0.022733191649119022 0.025125961895136856
0 0.4928780448982574 0.0533296067524551 0.022733191649119133 0.025125961895136856
0 0.5241481802075357 0.051501507975183464 0.022733191649119133 0.025125961895136856
0 0.5871314276302161 0.047425746766840145 0.022733191649119133 0.025125961895136856
0 0.6195366407178111 0.04503777249261434 0.021486341953277588 0.024530809979106106
0 0.652208853935458 0.04443801801229261 0.02213108539581299 0.02485186554664791
0 0.6823311698982573 0.0452230375843899 0.022733191649119133 0.025125961895136863
0 0.7166216015992881 0.04639182204854717 0.022733191649119133 0.025125961895136863
0 0.34537765936753184 0.1034024957939952 0.022202223539352417 0.024824512097262583
0 0.37351593149619555 0.10086017496151765 0.022733191649119022 0.025125961895136877
0 0.4032759186095976 0.09940668658942463 0.022733191649119022 0.025125961895136877
0 0.4320291402590822 0.09645475659661717 0.022733191649119022 0.025125961895136877
0 0.46335968149619544 0.09392239025760973 0.022733191649119133 0.025125961895136845
0 0.49320031656432395 0.09168388231341944 0.022131085395812933 0.024851865546647922
0 0.5245819119448515 0.0902911316127437 0.022202223539352417 0.024824512097262573
0 0.5557974328853421 0.08854863663271521 0.023029812064367383 0.026690787151735736
0 0.6519469881972264 0.08554610159781594 0.022733191649119022 0.025125961895136887
0 0.6192840630399812 0.08634592745026495 0.023029812064367383 0.026690787151735736
0 0.6827173394333456 0.08559831218563381 0.022733191649119133 0.025125961895136856
0 0.7168432180721735 0.08543654851163499 0.023103190144312835 0.025422755290323895
0 0.7472107350519023 0.0871417070549697 0.022733191649119133 0.025125961895136835
0 0.8067875165477417 0.0913900239186023 0.022733191649119133 0.025125961895136877
0 0.7781511159719083 0.08775002573293166 0.022733191649119133 0.02512596189513694
0 0.40189175661077203 0.13697375908711595 0.021762549877166748 0.02452898395153902
0 0.4311483609922153 0.13477104990466568 0.021762549877166748 0.02452898395153902
0 0.4623565146910775 0.13251451933020345 0.022733191649119133 0.025125961895136835
0 0.4938002783430423 0.13087517557709372 0.022733191649118967 0.02512596189513696
0 0.524450209846711 0.12927062809026374 0.022733191649119133 0.025125961895136877
0 0.5249006871095638 0.1649131021497709 0.021486341953277588 0.024530809979106106
0 0.5556688347120875 0.1652236855936062 0.022270123163859012 0.024280762487603698
0 0.5880685420994906 0.16525816589708797 0.022202223539352417 0.024824512097262583
0 0.6195313964307924 0.16449313765596835 0.022270123163859123 0.024280762487603698
0 0.6516320456549065 0.1641447328935114 0.022270123163859123 0.024280762487603698
0 0.6840683805573847 0.1647674127451957 0.024919867515563965 0.026707272196924963
0 0.49307293345018777 0.20809130598903702 0.02405329545338969 0.026016072709431046
0 0.5232054193302528 0.20626781590176907 0.022733191649119133 0.025125961895136856
0 0.5545375362499472 0.2052427593268666 0.021762549877166748 0.024528983951538977
0 0.5869711400921812 0.20391008048703702 0.02213108539581299 0.02485186554664789
0 0.6514089089079002 0.20227340651167858 0.024919867515563965 0.026707272196924963
0 0.6845334190683268 0.2016698751058965 0.021486341953277588 0.024530809979106106
