0 0.22105063498020172 0.11314378782760265 0.019647429386774717 0.021270574525345202
0 0.24430209398269653 0.1121749298303258 0.01964742938677469 0.021270574525345202
0 0.294868528842926 0.10940004010565887 0.019528230031331417 0.02139947580736737
0 0.3188643753528595 0.1087446323660917 0.019528230031331417 0.02139947580736737
0 0.3447940945625305 0.10815780990529054 0.019689957300821903 0.022055649942205872
0 0.3699679374694824 0.1071657469106275 0.019689957300821903 0.022055649942205872
0 0.3951055109500885 0.1063302128026221 0.019953767458597782 0.022232700687970317
0 0.44805416464805603 0.10413006849067155 0.02040839195251465 0.022374367529107615
0 0.47315308451652527 0.10317963050757109 0.02040839195251465 0.022374367529107615
0 0.5264570116996765 0.10116113420140399 0.02040839195251465 0.022374367529107615
0 0.5523774027824402 0.10017958900539634 0.02040839195251465 0.022374367529107615
0 0.5794156193733215 0.09915571434553279 0.02040839195251465 0.022374367529107615
0 0.6061912178993225 0.09785807088260617 0.021293242772420173 0.02267162744389024
0 0.633317768573761 0.09654341899461007 0.021293242772420173 0.02267162744389024
0 0.6605343222618103 0.09522440523129891 0.021293242772420173 0.02267162744389024
0 0.6878634691238403 0.09389993479085523 0.021293242772420173 0.02267162744389024
0 0.7158255577087402 0.09294172786149271 0.021174867947896248 0.02225993030755095
0 0.7422266602516174 0.09187245091726615 0.021174867947896248 0.02225993030755094
0 0.21980218589305878 0.14317816357279933 0.019281874100367247 0.021798658740612875
0 0.24357818812131882 0.14261683389927976 0.019556701183319092 0.021928343661995822
0 0.29332393407821655 0.14121716521507086 0.019620418548583984 0.022161032802374775
0 0.3176776170730591 0.14045066611711368 0.01971081892649329 0.022328923839007222
0 0.34372463822364807 0.139315361200377 0.019746820131937626 0.022141345711641534
0 0.37041646242141724 0.13863200960892397 0.019746820131937626 0.022141345711641534
0 0.39458099007606506 0.13801336068080408 0.019746820131937626 0.022141345711641534
0 0.4199686646461487 0.1373633973177827 0.019746820131937626 0.022141345711641534
0 0.47253313660621643 0.13601766630660655 0.019746820131937626 0.022141345711641534
0 0.49886898696422577 0.13499918649362963 0.02010566989580792 0.02238434784172116
0 0.5518728494644165 0.13341580027529842 0.020105669895807976 0.02238434784172116
0 0.5786464214324951 0.13132633045985995 0.020273804664611816 0.022602805795595614
0 0.6058521866798401 0.13035777855516983 0.020273804664611816 0.022602805795595614
0 0.6330080032348633 0.12939100487287655 0.020273804664611816 0.022602805795595614
0 0.6604921221733093 0.1284125433039942 0.020273804664611816 0.022602805795595614
0 0.6874988079071045 0.12774897730627724 0.0205765962600708 0.022872459056765534
0 0.7149980664253235 0.12646813725316247 0.02123339970906568 0.023079051527866098
0 0.21720752120018005 0.17360761553742166 0.019431809584299742 0.02222937206889308
0 0.24108774960041046 0.17383893844124318 0.019196550051371247 0.021858444509580167
0 0.26690390706062317 0.17309967307157295 0.01919655005137122 0.021858444509580167
0 0.2920232117176056 0.17230173981953736 0.01942851146062219 0.02198729404183321
0 0.31736645102500916 0.17174568841623705 0.01942851146062219 0.02198729404183321
0 0.34225255250930786 0.17135971790629753 0.019428273042043087 0.021787547325903118
0 0.36762234568595886 0.1707057287526685 0.019869526227315304 0.022091067114541698
0 0.393388569355011 0.1700777009476063 0.019875208536783817 0.021930687187253953
0 0.4195423722267151 0.1693749099492731 0.019875208536783817 0.021930687187253953
0 0.44555938243865967 0.16867579477010813 0.019875208536783817 0.021930687187253953
0 0.47201767563819885 0.16796482167058943 0.019875208536783817 0.021930687187253953
0 0.5244944095611572 0.16655469495196676 0.019875208536783928 0.021930687187253953
0 0.5787262916564941 0.16498246493602695 0.020009497801462883 0.022267186364462208
0 0.6043378710746765 0.16298362073393044 0.02108236153920484 0.023218546726906934
0 0.6318323612213135 0.16220259111981059 0.02108236153920484 0.023218546726906934
0 0.6596517562866211 0.16141233200691116 0.02108236153920484 0.023218546726906934
0 0.6877447962760925 0.16061429952602468 0.02108236153920484 0.023218546726906934
0 0.7152437567710876 0.1598331429237543 0.02108236153920484 0.023218546726906934
0 0.7431004047393799 0.15904182557626723 0.02108236153920484 0.023218546726906934
0 0.7709102630615234 0.157045186952103 0.021567145983378166 0.02351803003355514
0 0.7994924783706665 0.15597514219062275 0.02195076147715258 0.02356036134468491
0 0.8283178806304932 0.15465514087855795 0.02209695180257154 0.023383865060732333
0 0.2149350494146347 0.20536961666373318 0.019324193398157774 0.021959260452625362
0 0.265349805355072 0.20413306820662924 0.01932419339815772 0.021959260452625362
0 0.28995996713638306 0.20352944220443828 0.01932419339815772 0.021959260452625362
0 0.31567513942718506 0.20289871304534202 0.01932419339815772 0.021959260452625362
0 0.3413420617580414 0.20226916733764636 0.01932419339815772 0.021959260452625362
0 0.3668256998062134 0.20215693185495776 0.019517501195271847 0.02226252888524255
0 0.41865086555480957 0.201236311245435 0.019517501195271847 0.02226252888524255
0 0.4444730877876282 0.2007776061042585 0.019517501195271847 0.02226252888524255
0 0.4709950387477875 0.2003064710040425 0.019517501195271847 0.02226252888524255
0 0.4971269369125366 0.19984226478937994 0.01951750119527179 0.02226252888524255
0 0.5240413546562195 0.19933354577352835 0.01979221900304151 0.022436570751574583
0 0.5504221320152283 0.19885647427806097 0.01979221900304151 0.022436570751574583
0 0.6045611500740051 0.1965488517013088 0.020730098088582283 0.022847922273384516
0 0.6314646005630493 0.19561842361576323 0.020730098088582283 0.022847922273384516
0 0.6582255959510803 0.1946929221929506 0.020730098088582283 0.022847922273384516
0 0.7149327993392944 0.19286194490536634 0.02167729536692309 0.023452503736629042
0 0.7429211735725403 0.19195824882311285 0.02167729536692309 0.023452503736629042
0 0.7707356810569763 0.1910601665967562 0.02167729536692309 0.023452503736629042
0 0.8000660538673401 0.19011313970698868 0.02167729536692309 0.023452503736629042
0 0.8281594514846802 0.188932596251022 0.02172176043192553 0.023640932038772936
0 0.16411671042442322 0.2361331100574465 0.019122580687205015 0.021611886431080397
0 0.1884216070175171 0.2359714064487191 0.019122580687205015 0.021611886431080397
0 0.2134183943271637 0.2358050996019042 0.019122580687205015 0.021611886431080397
0 0.23830386996269226 0.2356395333259997 0.019122580687205015 0.021611886431080397
0 0.288897842168808 0.23530292510986328 0.01912258068720496 0.021611886431080397
0 0.3140432834625244 0.2350925179414971 0.019543548425038693 0.0220871415249137
0 0.3657693564891815 0.23420589665743452 0.019543548425038693 0.0220871415249137
0 0.39173147082328796 0.23376088775184795 0.019543548425038693 0.0220871415249137
0 0.41797003149986267 0.23331114036145492 0.019543548425038693 0.0220871415249137
0 0.4438234269618988 0.23286799497382585 0.019543548425038693 0.0220871415249137
0 0.46985098719596863 0.23265571319252104 0.020001620054244995 0.022710548814877086
0 0.4958929270505905 0.23221821805134443 0.020001620054244995 0.022710548814877086
0 0.5224196910858154 0.23177257803983467 0.020895997683207268 0.02304004698760747
0 0.5764701962471008 0.2301305502159142 0.020895997683207268 0.02304004698760747
0 0.6307292580604553 0.2284821865432437 0.020895997683207268 0.02304004698760747
0 0.6582702398300171 0.2276455050315952 0.020895997683207268 0.02304004698760747
0 0.686284601688385 0.226794442465139 0.020895997683207268 0.02304004698760747
0 0.7143943309783936 0.2264555431192404 0.02146756649017334 0.023255192956259083
0 0.7423864603042603 0.22586179414504712 0.02146756649017334 0.023255192956259083
0 0.7696117758750916 0.22528431027434592 0.02146756649017334 0.023255192956259083
0 0.16277633607387543 0.26759383180897206 0.019044458866119385 0.021748831105786702
0 0.18682341277599335 0.2674332338579715 0.01890296737353009 0.021672404089639354
0 0.2120371311903 0.26725152481433956 0.01890296737353009 0.021672404089639354
0 0.236785888671875 0.26707316662935626 0.01890296737353009 0.021672404089639354
0 0.2620271146297455 0.26689125934564917 0.018902967373530033 0.021672404089639354
0 0.287724107503891 0.26670606746230013 0.019366343816121456 0.022246545599412523
0 0.31337448954582214 0.26651571280243797 0.019366343816121456 0.022246545599412523
0 0.33913853764533997 0.26632451461269413 0.019366343816121456 0.022246545599412523
0 0.36456727981567383 0.26619895654035236 0.019513309001922607 0.022000660267911244
0 0.3907517194747925 0.265941486802212 0.019513309001922607 0.022000660267911244
0 0.41688036918640137 0.2656845656426689 0.019513309001922607 0.022000660267911244
0 0.44273337721824646 0.26543035484821403 0.019513309001922607 0.022000660267911244
0 0.4690953195095062 0.2651711397392805 0.019513309001922607 0.022000660267911244
0 0.49517856538295746 0.26491466503245786 0.019513309001922607 0.022000660267911244
0 0.5486388802528381 0.26327707048632853 0.020323485136032104 0.022832766983860196
0 0.5754749774932861 0.2627080728284646 0.020323485136032104 0.022832766983860196
0 0.6022874116897583 0.26213957689096934 0.020323485136032104 0.022832766983860196
0 0.6292858123779297 0.26156713796216385 0.020323485136032104 0.022832766983860196
0 0.6573027968406677 0.26119225524192635 0.020501693089802986 0.022858257441557683
0 0.6858295798301697 0.2606664816716003 0.020797014236450195 0.022736748983693676
0 0.7135065197944641 0.2592803600222565 0.020895759264628166 0.02311885449313381
0 0.1603347510099411 0.29917850050815314 0.01905937989552814 0.022058161654213575
0 0.1851610690355301 0.2988394875453047 0.01905937989552814 0.022058161654213575
0 0.2097214013338089 0.2985041067203108 0.01905937989552814 0.022058161654213575
0 0.2343621402978897 0.298167627911235 0.01905937989552814 0.022058161654213575
0 0.26013439893722534 0.2978156977638965 0.019059379895528195 0.022058161654213575
0 0.28592249751091003 0.298421047507312 0.019671281178792355 0.02217306092728016
0 0.3112184703350067 0.2983724110210505 0.019671281178792355 0.02217306092728016
0 0.3631267249584198 0.2982726071854595 0.019671281178792355 0.02217306092728016
0 0.3890274465084076 0.29822280795075173 0.019671281178792355 0.02217306092728016
0 0.41509437561035156 0.29783459596855694 0.019753555456797245 0.02278215570967324
0 0.4411691725254059 0.2975757130411976 0.019753555456797245 0.02278215570967324
0 0.4679339528083801 0.2973099796323293 0.019753555456797245 0.02278215570967324
0 0.49470850825309753 0.2970441491710277 0.0197535554567973 0.02278215570967324
0 0.5204951763153076 0.29678812692331713 0.019753555456797356 0.02278215570967324
0 0.57454913854599 0.2958676544284686 0.019845803578694587 0.022747276365294965
0 0.6016077399253845 0.29540172843045964 0.019845803578694587 0.022747276365294965
0 0.6289433836936951 0.29509476058973366 0.02055446306864428 0.023181338642918787
0 0.6569374799728394 0.294794991958973 0.02055446306864428 0.023181338642918787
0 0.6847869157791138 0.2944967723931096 0.02055446306864428 0.023181338642918787
0 0.15828347206115723 0.33025273611379224 0.01893627643585205 0.02190515976543577
0 0.18264618515968323 0.3301584394662813 0.01893627643585205 0.02190515976543577
0 0.2337404042482376 0.32996067768384946 0.01893627643585205 0.02190515976543577
0 0.2589782476425171 0.32986299381699674 0.01893627643585205 0.02190515976543577
0 0.28441527485847473 0.3297645390028958 0.01893627643585205 0.02190515976543577
0 0.30999240279197693 0.33023501774722236 0.019241511821746826 0.02211174484371212
0 0.33665165305137634 0.3304294320039971 0.019241511821746826 0.02211174484371212
0 0.36235591769218445 0.3305273277814998 0.019623835881551144 0.022492002147112732
0 0.3878512382507324 0.3304410377734277 0.019623835881551144 0.022492002147112732
0 0.4403704106807709 0.33056840486608097 0.019985437393188477 0.022702815920807595
0 0.4667728543281555 0.3303220216618028 0.019985437393188477 0.022702815920807595
0 0.4929349720478058 0.3300778811390331 0.019985437393188477 0.022702815920807595
0 0.5196967124938965 0.32992936337843426 0.020366907119750977 0.02295801621074827
0 0.5467446446418762 0.32957573824150616 0.020366907119750977 0.02295801621074827
0 0.5735187530517578 0.3292256930809086 0.020366907119750977 0.02295801621074827
0 0.6012357473373413 0.3288633206139174 0.020366907119750977 0.02295801621074827
0 0.6281198859214783 0.32851183691690133 0.020366907119750977 0.02295801621074827
0 0.6558308005332947 0.32814954393567103 0.020366907119750977 0.02295801621074827
0 0.6835904717445374 0.32797070436699444 0.020614782969156975 0.022957424784815588
0 0.13223201036453247 0.36179818663486213 0.01968284447987874 0.022294975990472837
0 0.1568392664194107 0.3618502810484083 0.019682844479878725 0.022294975990472837
0 0.18147079646587372 0.3619024268508356 0.019682844479878725 0.02229497599047288
0 0.23207540810108185 0.36200955856678096 0.019682844479878725 0.022294975990472837
0 0.2578049972653389 0.362064028998401 0.019682844479878753 0.022294975990472796
0 0.2835695147514343 0.3624832188164792 0.019868507981300354 0.022158704062764944
0 0.30927902460098267 0.36261103173094456 0.019868507981300354 0.022158704062764985
0 0.3350076377391815 0.36273893961598747 0.019868507981300354 0.022158704062764985
0 0.3872397243976593 0.36299860754678415 0.019868507981300354 0.022158704062764944
0 0.4130784869194031 0.363108757355951 0.020093202590942383 0.02244752691697702
0 0.4390225112438202 0.3631024804226188 0.0201643705368042 0.022617391837659748
0 0.4654982388019562 0.3629705048254708 0.0201643705368042 0.022617391837659706
0 0.4919905662536621 0.36283844648155544 0.0201643705368042 0.022617391837659748
0 0.5186082720756531 0.36270576315442665 0.0201643705368042 0.022617391837659748
0 0.5726398825645447 0.3624364276264989 0.0201643705368042 0.022617391837659748
0 0.5992398262023926 0.36204708454220796 0.020366926987965828 0.02283794196077094
0 0.6266182065010071 0.36193565989649573 0.020417769749959236 0.022837424463079896
0 0.6545741558074951 0.3613741675088572 0.020704030990600586 0.023589895677196902
0 0.682893693447113 0.36114614998114675 0.020704030990600586 0.02358989567719686
0 0.7104813456535339 0.3609240253005996 0.020704030990600586 0.02358989567719686
0 0.73790043592453 0.3607032578129653 0.020704030990600586 0.02358989567719686
0 0.7673947840682731 0.36038780212402344 0.020704030990600586 0.023589895677196902
0 0.15331289172172546 0.42562821685629126 0.02001089851061505 0.0224659054778343
0 0.1779668629169464 0.4257391467028963 0.02021440863609314 0.022285816281340843
0 0.20309725403785706 0.42596266990484194 0.02006646990776062 0.022207334060077574
0 0.22847746312618256 0.42616984495955984 0.02006646990776062 0.022207334060077574
0 0.2541959285736084 0.4263797811530635 0.02006646990776062 0.022207334060077574
0 0.2803855836391449 0.42659356360073225 0.02006646990776062 0.022207334060077574
0 0.30620190501213074 0.4268042985783067 0.02006646990776062 0.022207334060077574
0 0.3326570689678192 0.4272060653482881 0.0204085111618042 0.022380976713904984
0 0.3849031925201416 0.4277469280154206 0.0204085111618042 0.022380976713904984
0 0.41101187467575073 0.42770267475331447 0.0202961266040802 0.022954245870427513
0 0.43711188435554504 0.4279281704924827 0.0202961266040802 0.022954245870427513
0 0.4633050262928009 0.42815447086458003 0.0202961266040802 0.022954245870427513
0 0.4899158626794815 0.42838437998317874 0.0202961266040802 0.022954245870427513
0 0.5165055394172668 0.42861410628917607 0.0202961266040802 0.022954245870427513
0 0.5428147912025452 0.42884140981323865 0.0202961266040802 0.022954245870427513
0 0.5976159572601318 0.4287001233335782 0.020987232526143318 0.023461245751196045
0 0.6250100135803223 0.42872917454329346 0.020987232526143318 0.023461245751196045
0 0.6521914005279541 0.428758000218591 0.020987232526143318 0.023461245751196045
0 0.6810073256492615 0.42881608754243533 0.022615234057108635 0.024404215258221295
0 0.7090816497802734 0.42865815273551056 0.022615234057108635 0.024404215258221295
0 0.7377088069915771 0.42849710791299317 0.022615234057108635 0.024404215258221295
0 0.7669183611869812 0.42833278676030284 0.022615234057108635 0.024404215258221295
0 0.8246813416481018 0.4280078355656114 0.022615234057108635 0.024404215258221295
0 0.1021619364619255 0.4568779981656204 0.019360870122909546 0.022437280462693852
0 0.12700964510440826 0.4571858339531477 0.019309312105178833 0.022301429925962936
0 0.1514875888824463 0.45757295848063534 0.019309312105178833 0.022301429925962936
0 0.17638231813907623 0.4579666745700175 0.019309312105178833 0.022301429925962936
0 0.20174287259578705 0.45836775779620287 0.019309312105178833 0.022301429925962936
0 0.22707560658454895 0.4587684010350427 0.019309312105178833 0.022301429925962936
0 0.27866557240486145 0.458877119907113 0.01976722478866577 0.022167826807776164
0 0.33181947469711304 0.45953077285900457 0.01976722478866577 0.022167826807776164
0 0.3580199182033539 0.4598529692829766 0.01976722478866577 0.022167826807776164
0 0.38363009691238403 0.46016098886589707 0.02028677860895789 0.02300158951633666
0 0.4097849130630493 0.46043941586516623 0.02021886905034387 0.022862012996230016
0 0.4359804391860962 0.4607142211913433 0.02021886905034387 0.022862012996230016
0 0.4891010820865631 0.46127148564674786 0.02021886905034387 0.022862012996230016
0 0.5427222847938538 0.46183400124696006 0.020218869050343757 0.022862012996230016
0 0.569377064704895 0.4621136243953261 0.020218869050343757 0.022862012996230016
0 0.5968164801597595 0.46212755567436675 0.021144946416219 0.02357994493587991
0 0.6523959040641785 0.46215577393086 0.021144946416219 0.02357994493587991
0 0.7084453701972961 0.4621842308327231 0.021144946416219 0.02357994493587991
0 0.7369462251663208 0.46219870101573857 0.021144946416219 0.02357994493587991
0 0.765684962272644 0.4630008076512536 0.021635492642720466 0.02382955625075708
0 0.7945637106895447 0.4629050853640534 0.02178899447123217 0.024063494778418782
0 0.14952777326107025 0.4897017811619958 0.01985063155492145 0.022523155508115365
0 0.17471519112586975 0.49000261594215255 0.01985063155492145 0.022523155508115365
0 0.2000296711921692 0.49000646901685135 0.02019175887107849 0.02236486035724019
0 0.2254936248064041 0.4905225620713345 0.020241250594456972 0.022446240565573577
0 0.2776757776737213 0.491414075211643 0.020241250594457028 0.022446240565573577
0 0.3034712076187134 0.4917620725409929 0.02034272750218713 0.022784388342569042
0 0.33011385798454285 0.4922632104656811 0.02034272750218713 0.022784388342569042
0 0.3565213978290558 0.4927599260526099 0.02034272750218713 0.022784388342569042
0 0.38258516788482666 0.49325017546308336 0.02034272750218713 0.022784388342569042
0 0.40883350372314453 0.493743896484375 0.02034272750218713 0.022784388342569042
0 0.43454936146736145 0.49363025399141536 0.020823796590169308 0.02285101247388263
0 0.4604235291481018 0.49398377884265987 0.020824333031972286 0.023003422936727833
0 0.4879971146583557 0.4943463353216558 0.020824333031972286 0.023003422936727833
0 0.5143754482269287 0.4946931758055256 0.020824333031972175 0.023003422936727833
0 0.5415055155754089 0.4950447526088981 0.021263639132181877 0.023810541907022167
0 0.5957037806510925 0.49567067314369107 0.021263639132181877 0.023810541907022167
0 0.6232767105102539 0.4959891051632245 0.021263639132181877 0.023810541907022167
0 0.6515941023826599 0.49631613476537073 0.021263639132181877 0.023810541907022167
0 0.6790042519569397 0.4966326868811319 0.021263639132181877 0.023810541907022167
0 0.7364857792854309 0.4972655717716661 0.02261173725128174 0.02418736894001327
0 0.7649184465408325 0.49738059353393266 0.02261173725128174 0.02418736894001327
0 0.7945863008499146 0.4975006121327735 0.02261173725128174 0.02418736894001327
0 0.8539512753486633 0.49774076772290604 0.02261173725128174 0.02418736894001327
0 0.09792891889810562 0.5209128357643305 0.019755514959494264 0.022563017615976205
0 0.12299885228276253 0.5213248732667842 0.019755514959494277 0.022563017615976205
0 0.14791353046894073 0.5217343590686313 0.01975551495949429 0.022563017615976205
0 0.17256830632686615 0.5221395732394147 0.01975551495949429 0.022563017615976205
0 0.14552879333496094 0.5543499880058821 0.020315855741500854 0.022987868434698952
0 0.1968153864145279 0.5552684872649437 0.02025425434112549 0.023006527922874272
0 0.22214944660663605 0.5558027508295561 0.02025425434112549 0.023006527922874272
0 0.24791350960731506 0.556346082614247 0.02025425434112549 0.023006527922874272
0 0.2745627760887146 0.5569080822304433 0.02025425434112549 0.023006527922874272
0 0.30035683512687683 0.5574520465939544 0.02025425434112549 0.023006527922874272
0 0.3274582624435425 0.5580137385878452 0.02074156204859412 0.02317061904788936
0 0.3533574640750885 0.558520778978551 0.02074156204859412 0.02317061904788936
0 0.4065797030925751 0.5587926465411519 0.020576298236846924 0.022868311682412792
0 0.4328215420246124 0.5594318851143967 0.020576298236846924 0.022868311682412792
0 0.45869511365890503 0.5600621528734165 0.020576298236846924 0.022868311682412792
0 0.48545578122138977 0.5607140298625264 0.020576298236846924 0.022868311682412792
0 0.5125377178192139 0.5613737328107967 0.020576298236846924 0.022868311682412792
0 0.5392552614212036 0.5620348208418847 0.02086007595062256 0.023005078929339215
0 0.5664492249488831 0.562234377165386 0.021638154983520508 0.02315127941989154
0 0.5938678979873657 0.5636673271192593 0.022183577219645256 0.023683178332424958
0 0.6492934823036194 0.5645214790521667 0.022183577219645256 0.023683178332424958
0 0.6775516271591187 0.5649569593334565 0.022183577219645256 0.023683178332424958
0 0.7064273953437805 0.5652035646479231 0.02228315671284986 0.024614969889322862
0 0.7351936101913452 0.5658452677172284 0.02228315671284986 0.024614969889322862
0 0.7942814230918884 0.5671633706062509 0.02228315671284986 0.024614969889322862
0 0.8243211507797241 0.5678334825956289 0.02228315671284986 0.024614969889322862
0 0.8538491725921631 0.5684921796931777 0.02228315671284986 0.024614969889322862
0 0.09413749724626541 0.5846932876941769 0.019768988092740386 0.02223356380019077
0 0.1183810904622078 0.5856751286706259 0.019799426198005676 0.022817774336467474
0 0.14379887282848358 0.5864330665934316 0.019799426198005676 0.022817774336467474
0 0.1696779876947403 0.5872047610820824 0.019799426198005676 0.022817774336467474
0 0.1952185183763504 0.5879663592613894 0.019799426198005676 0.022817774336467474
0 0.22053273022174835 0.5887212087941724 0.019799426198005676 0.022817774336467474
0 0.14247681200504303 0.6197658305381725 0.020315349102020264 0.023022496423055958
0 0.16759392619132996 0.6203381737997365 0.020296951134999575 0.023155301116233647
0 0.19322413206100464 0.6213258218132317 0.020311832427978516 0.023247504419134625
0 0.21913307905197144 0.6218204054721567 0.020311832427978516 0.023247504419134625
0 0.27107861638069153 0.6228120094121321 0.020311832427978516 0.023247504419134625
0 0.2975417673587799 0.6233171724371669 0.020311832427978516 0.023247504419134625
0 0.3238764703273773 0.6238918707775577 0.021150728066762325 0.02361161579457359
0 0.3496783673763275 0.6245625074519667 0.021084725856781006 0.023500486861827763
0 0.3766331076622009 0.6252656522116948 0.021084725856781006 0.023500486861827763
0 0.40307560563087463 0.6259554345536356 0.021084725856781006 0.023500486861827763
0 0.4296093285083771 0.6266475966000704 0.021084725856781006 0.023500486861827763
0 0.4568037986755371 0.6273569949837619 0.021084725856781006 0.023500486861827763
0 0.48384419083595276 0.6280609522628781 0.02106565237045288 0.023578643798828125
0 0.5101130455732346 0.6289292653319434 0.020991375048955263 0.02366434141646984
0 0.5373612642288208 0.6291937773299453 0.021717985471089607 0.024357315181761804
0 0.5930296182632446 0.6316326905323277 0.021676818529764885 0.02463235781174292
0 0.6205041408538818 0.6324379055999046 0.021676818529764885 0.02463235781174292
0 0.6482531428337097 0.6332511650270946 0.021676818529764885 0.02463235781174292
0 0.6764471530914307 0.6340774666234203 0.021676818529764885 0.02463235781174292
0 0.7050689458847046 0.6349163055419922 0.021676818529764885 0.02463235781174292
0 0.7350448369979858 0.6357948299679883 0.021676818529764885 0.02463235781174292
0 0.7642608284950256 0.6369162339799019 0.022458910942077637 0.02505389664524291
0 0.8231871128082275 0.6389071885929551 0.022458910942077637 0.02505389664524291
0 0.08977849781513214 0.6505811824355014 0.020184946556886046 0.023301945176235465
0 0.11511915549635887 0.6514539739936129 0.020184946556886033 0.023301945176235465
0 0.14077253639698029 0.6523375364713015 0.02018494655688602 0.023301945176235465
0 0.16646160185337067 0.6532223280086074 0.02018494655688602 0.023301945176235465
0 0.19179998338222504 0.6538863514744958 0.020133276780446352 0.02342327620631959
0 0.24349403381347656 0.6554210918248288 0.02013327678044638 0.02342327620631959
0 0.26942378282546997 0.6561909179798838 0.020133276780446407 0.02342327620631959
0 0.29582250118255615 0.6569746673266984 0.020133276780446407 0.02342327620631959
0 0.3220205307006836 0.6577524584393168 0.020133276780446407 0.02342327620631959
0 0.34850701689720154 0.6578978161479152 0.02070796489715576 0.02392971423245221
0 0.40215998888015747 0.6595809961387087 0.02070796489715576 0.02392971423245221
0 0.428622841835022 0.6604111783811218 0.02070796489715576 0.02392971423245221
0 0.45559829473495483 0.6612057353174964 0.020924071470896366 0.024334338284278157
0 0.48225536942481995 0.6621208574566169 0.020924071470896366 0.024334338284278157
0 0.5092297941446304 0.6630468740408944 0.02092407147089642 0.024334338284278157
0 0.5644353032112122 0.6649420476162399 0.020924071470896477 0.024334338284278157
0 0.5922375321388245 0.6658964822458666 0.021820545196533203 0.02493942615597747
0 0.619815468788147 0.6669576576728068 0.021820545196533203 0.02493942615597747
0 0.647908627986908 0.6680386584230054 0.021820545196533203 0.02493942615597747
0 0.6762639880180359 0.6691297484370878 0.021820545196533203 0.02493942615597747
0 0.7051923274993896 0.6702428862105968 0.021820545196533203 0.02493942615597747
0 0.1391274333000183 0.6852208514546239 0.02055520315965015 0.02328242812045785
0 0.18977268040180206 0.687029530635911 0.02055520315965015 0.02328242812045785
0 0.2158871591091156 0.6879621495225986 0.02055520315965015 0.02328242812045785
0 0.24178900569677353 0.6888871747393941 0.020555203159650176 0.02328242812045785
0 0.26819688081741333 0.6898302716080249 0.020555203159650204 0.02328242812045785
0 0.29421496391296387 0.6908946893708092 0.020691151420275333 0.023574474246002907
0 0.3206242024898529 0.6918856598610101 0.020691151420275333 0.023574474246002907
0 0.34690549969673157 0.692641044357512 0.020456790924072266 0.024080025133236378
0 0.4004654586315155 0.6942823094102749 0.020456790924072266 0.024080025133236378
0 0.4266640543937683 0.6950851263001908 0.020456790924072266 0.024080025133236378
0 0.4536108672618866 0.6958602057932876 0.021736562252044678 0.02411228741786282
0 0.48054254055023193 0.6968591823134311 0.021887600421905518 0.024075766866521263
0 0.5082918405532837 0.6979082162845915 0.021887600421905518 0.024075766866521263
0 0.5352403521537781 0.6988315008789329 0.02218937873840332 0.024864108063453853
0 0.56269371509552 0.6999064157175463 0.02218937873840332 0.024864108063453853
0 0.5905291438102722 0.7010171136190725 0.022551576296488518 0.024724915970203487
0 0.6473042964935303 0.7032092592761144 0.022551576296488518 0.024724915970203487
0 0.6758444309234619 0.7043112225256192 0.022551576296488518 0.024724915970203487
0 0.704243004322052 0.7054077199615523 0.022551576296488518 0.024724915970203487
0 0.7321597933769226 0.7064856152201808 0.022551576296488518 0.024724915970203487
0 0.7929111123085022 0.7090535601081058 0.02259163061777758 0.025065163309259987
0 0.8221753239631653 0.7102945017260175 0.02259163061777758 0.025065163309259987
0 0.8528860807418823 0.7115967837301936 0.02259163061777758 0.025065163309259987
0 0.8834967613220215 0.7122056206991506 0.022593895594279045 0.024794112804324128
0 0.08485578000545502 0.7167768461472948 0.020583733916282654 0.023553182912427327
0 0.11047795414924622 0.7177680703096612 0.020583733916282654 0.023553182912427327
0 0.16224654018878937 0.719770799392914 0.020583733916282654 0.023553182912427327
0 0.18759685754776 0.72075150645348 0.020583733916282654 0.023553182912427327
0 0.2399100437760353 0.7227753040402435 0.020583733916282654 0.023553182912427327
0 0.2660439908504486 0.7237473864888035 0.02062157789866126 0.023799275243005086
0 0.2923721969127655 0.7246555136175055 0.02062157789866126 0.023799275243005086
0 0.3186262249946594 0.7255610821580448 0.02062157789866126 0.023799275243005086
0 0.3451499938964844 0.7264759547489898 0.02062157789866126 0.023799275243005086
0 0.371294230222702 0.72737773629122 0.02062157789866126 0.023799275243005086
0 0.3983932137489319 0.7283679607302643 0.021102428436279297 0.024093391359314494
0 0.1341935284435749 0.7520788104035133 0.020386603971322373 0.023751872454502814
0 0.1594601273536682 0.7530504172918787 0.02038660397132236 0.023751872454502814
0 0.18515416979789734 0.7540384611800804 0.02038660397132236 0.023751872454502814
0 0.21130208671092987 0.7550439584486092 0.02038660397132236 0.023751872454502814
0 0.263923704624176 0.7570674807526344 0.020386603971322415 0.023751872454502897
0 0.29048261046409607 0.7584470819376209 0.02094210187594092 0.024185890375181686
0 0.31668055057525635 0.759401589355979 0.02094210187594092 0.024185890375181686
0 0.3434922993183136 0.7603784605514171 0.02094210187594092 0.024185890375181686
0 0.37059256434440613 0.7614328019226307 0.02188090483347571 0.024274426837300144
0 0.397478848695755 0.7626242526741915 0.02188090483347571 0.024274426837300144
0 0.42400264739990234 0.7638304067212481 0.021982868512471554 0.024586581444555587
0 0.45139843225479126 0.7650272061272378 0.021982868512471554 0.024586581444555587
0 0.4788147807121277 0.7662249038651178 0.021982868512471554 0.024586581444555587
0 0.5056485533714294 0.7673971514699671 0.0219828685124715 0.024586581444555587
0 0.533301055431366 0.7686051657033521 0.021982868512471443 0.024586581444555587
0 0.5899397134780884 0.7713340844771811 0.022261102994282966 0.02512519304142442
0 0.618010401725769 0.7731328662795874 0.0232313871383667 0.025713780129602824
0 0.6463642716407776 0.7744442252225654 0.0232313871383667 0.025713780129602824
0 0.6745768785476685 0.7757490507889863 0.0232313871383667 0.025713780129602824
0 0.7032052874565125 0.7770731070874167 0.0232313871383667 0.025713780129602824
0 0.7325735688209534 0.7784313822901526 0.0232313871383667 0.025713780129602824
0 0.7629097104072571 0.7798344207707513 0.0232313871383667 0.025713780129602824
0 0.8221890330314636 0.7822781939839207 0.02367854118347168 0.02634376703306686
0 0.08050782233476639 0.7840152156622315 0.020695159832636506 0.023817609446917503
0 0.10611838847398758 0.7850609712822493 0.020695159832636506 0.023817609446917503
0 0.13215388357639313 0.7859082776446675 0.020731955766677856 0.023760359416636276
0 0.18385958671569824 0.7881925738654997 0.020731955766677856 0.023760359416636276
0 0.20961907505989075 0.7892872122831123 0.020969549814860045 0.0240133714306261
0 0.2365441620349884 0.7905071593770538 0.020969549814860045 0.0240133714306261
0 0.2617543637752533 0.7916494068423697 0.02096954981485999 0.0240133714306261
0 0.28837305307388306 0.7928554713830128 0.02096954981485999 0.0240133714306261
0 0.3155045509338379 0.79408477073492 0.02096954981485999 0.0240133714306261
0 0.34220802783966064 0.7947997159736101 0.021925747394561768 0.024811086728591218
0 0.36865314841270447 0.7960617708620922 0.021925747394561768 0.024811086728591218
0 0.4226013720035553 0.7986363713113398 0.021925747394561768 0.024811086728591218
0 0.449815034866333 0.799925870673601 0.02226998408635461 0.0251300427340723
0 0.47730448842048645 0.8012543122155765 0.02226998408635461 0.0251300427340723
0 0.5045841783285141 0.8025726168248204 0.022269984086354555 0.0251300427340723
0 0.5320215225219727 0.8038985401559724 0.0222699840863545 0.0251300427340723
0 0.5590921640396118 0.8052067423975745 0.0222699840863545 0.0251300427340723
0 0.6173331141471863 0.808308355207237 0.022527188062667847 0.025100234867066487
0 0.6452916264533997 0.8097801208496094 0.022527188062667847 0.025100234867066487
0 0.6740015745162964 0.8113188929715139 0.022347966829935784 0.02481339328972857
0 0.7326059937477112 0.8141573143889107 0.02301534016927076 0.02533396639565154
0 0.7626861333847046 0.8156810139500817 0.02301534016927076 0.02533396639565154
0 0.7913526892662048 0.8174835024324706 0.02407526969909668 0.0263531115628027
0 0.8520466685295105 0.8201048207837481 0.02407526969909668 0.0263531115628027
0 0.07772970199584961 0.8175912901412609 0.021118787427743285 0.024048679558805606
0 0.10328136384487152 0.8189318563638325 0.021118787427743285 0.024048679558805606
0 0.12937826290726662 0.8203010284201796 0.02111878742774327 0.024048679558805606
0 0.15519402921199799 0.8216554508652798 0.021118787427743257 0.024048679558805606
0 0.18138261139392853 0.8230294330703347 0.021118787427743257 0.024048679558805606
0 0.1270207017660141 0.8547607244447221 0.02162223060925801 0.024707882903343022
0 0.15270890295505524 0.8560264378670112 0.021622230609257997 0.024707882903343022
0 0.17895770072937012 0.8574378255668017 0.021474679311116518 0.02451809432155413
0 0.20529606938362122 0.8586698132891988 0.021474679311116518 0.02451809432155413
0 0.23132289946079254 0.8593522013526322 0.021871248881022154 0.024574338927749625
0 0.25810855627059937 0.8608719581781432 0.021871248881022126 0.024574338927749625
0 0.28491124510765076 0.8623926813618747 0.0218712488810221 0.024574338927749625
0 0.3383823335170746 0.8654265084639963 0.0218712488810221 0.024574338927749625
0 0.36513710021972656 0.8669445126555687 0.0218712488810221 0.024574338927749625
0 0.39258307218551636 0.8685017342508412 0.0218712488810221 0.024574338927749625
0 0.4202662706375122 0.869580466634454 0.022376060485839844 0.025359634281128987
0 0.44729429483413696 0.8708727884195016 0.022376060485839844 0.025359634281128987
0 0.47438618540763855 0.8721681639205577 0.022376060485839844 0.025359634281128987
0 0.5020534247159958 0.8738127490909531 0.022947192192077637 0.025427648263384096
0 0.528954267501831 0.8754117784203217 0.022947192192077637 0.025427648263384096
0 0.586733877658844 0.8788462913096055 0.022947192192077637 0.025427648263384096
0 0.6152798533439636 0.880394600323881 0.023953676223754883 0.02592639775239209
0 0.643566906452179 0.8820997726085574 0.023953676223754883 0.02592639775239209
0 0.6718137264251709 0.8836726435952557 0.02425551414489746 0.026685492936954942
0 0.7308286428451538 0.887374434360238 0.02425551414489746 0.026685492936954942
0 0.7599732279777527 0.8892025680362279 0.02425551414489746 0.026685492936954942
0 0.7913564443588257 0.8911711228969709 0.02425551414489746 0.026685492936954942
0 0.8213339447975159 0.8930515023164971 0.02425551414489746 0.026685492936954942
0 0.8506713509559631 0.8948917309531526 0.02425551414489746 0.026685492936954942
0 0.07340492308139801 0.8851684246688438 0.02158936858177185 0.02394541659096404
0 0.09828824549913406 0.88673613792242 0.02158936858177185 0.02394541659096404
0 0.15061035752296448 0.8900325654290776 0.02158936858177185 0.02394541659096404
0 0.17658495903015137 0.8916690320694869 0.02158936858177185 0.02394541659096404
0 0.20305366814136505 0.8933366287586301 0.02158936858177185 0.02394541659096404
0 0.22933140397071838 0.8949921936402828 0.02158936858177185 0.02394541659096404
0 0.2560349777340889 0.8964497765829397 0.021633679668108613 0.024463860563529446
0 0.28238728642463684 0.8977482455002409 0.021633679668108585 0.024463860563529446
0 0.3090052008628845 0.8990598017265782 0.021633679668108585 0.024463860563529446
0 0.33607715368270874 0.9003937299861464 0.021633679668108585 0.024463860563529446
