0 0.9314256310462952 0.035304141541322075 0.023152947425842285 0.022786046067873638
0 0.9579208493232727 0.03428653751810392 0.02413308620452881 0.02304462840159734
0 0.461158812046051 0.14155091398128278 0.023928364117940304 0.023345960511101604
0 0.4901583790779114 0.13850705362902654 0.0240708589553833 0.02350686656104195
0 0.5201433897018433 0.13692830006281534 0.02387416362762451 0.02321094274520874
0 0.5500192046165466 0.13551816377921913 0.02387416362762451 0.02321094274520874
0 0.57893967628479 0.13415311962713358 0.02387416362762451 0.02321094274520874
0 0.6089751124382019 0.1327354492327197 0.02387416362762451 0.02321094274520874
0 0.6386208534240723 0.13133617242177328 0.02387416362762451 0.02321094274520874
0 0.6686118245124817 0.12964366873105368 0.023986101150512695 0.023816784222920735
0 0.14787904918193817 0.236935555934906 0.022797813018163027 0.02369524372948543
0 0.17588450014591217 0.23542627182854056 0.022797813018163027 0.02369524372948543
0 0.20439882576465607 0.23388956318865964 0.022797813018163027 0.02369524372948543
0 0.23242324590682983 0.23237925678562754 0.022797813018163027 0.02369524372948543
0 0.2607001066207886 0.23085534572601318 0.022797813018163054 0.02369524372948543
0 0.28944846987724304 0.2291477918624878 0.02330065766970313 0.024160093731350345
0 0.14874139428138733 0.2761979103088379 0.023173709710439028 0.0247193177541097
0 0.17718760669231415 0.2752564350763957 0.023054262002309145 0.02469933032989502
0 0.2061067670583725 0.27364388520697575 0.02332614858945209 0.02452482117546932
0 0.23388151824474335 0.27230916420618695 0.02332614858945209 0.02452482117546932
0 0.2618679404258728 0.27096427131510586 0.023326148589452145 0.02452482117546932
0 0.29078906774520874 0.2695744609891525 0.023326148589452145 0.02452482117546932
0 0.31989601254463196 0.26817572116851807 0.023326148589452145 0.02452482117546932
0 0.3502519726753235 0.2667169596763387 0.023326148589452145 0.02452482117546932
0 0.14949221909046173 0.31698974721614565 0.023143341143925966 0.025305165184868732
0 0.1778087615966797 0.3156379659970601 0.023069808880488096 0.02530643675062394
0 0.207013338804245 0.31409962086574145 0.02355359991391498 0.025861554675632076
0 0.23508915305137634 0.31295986970265705 0.02355359991391498 0.025861554675632076
0 0.26362401247024536 0.3118014833803644 0.023553599913915035 0.025861554675632076
0 0.29341909289360046 0.31059193778115946 0.023553599913915035 0.025861554675632076
0 0.3223046660423279 0.30941931406656903 0.023553599913915035 0.025861554675632076
0 0.3814021348953247 0.3070202239362647 0.023553599913915035 0.025861554675632076
0 0.41111335158348083 0.3049364438222663 0.02441394329071045 0.025090601709153892
0 0.4406791925430298 0.3037115859070902 0.02441394329071045 0.025090601709153892
0 0.4704726040363312 0.30208805722044274 0.02496897180875146 0.025018983417087155
0 0.5002989917993546 0.30082760254542035 0.024968971808751406 0.025018983417087155
0 0.5308761596679688 0.2995354201163862 0.02496897180875135 0.025018983417087155
0 0.5609285831451416 0.29826541323628664 0.02496897180875135 0.025018983417087155
0 0.5915128588676453 0.29697293043136597 0.02496897180875135 0.025018983417087155
0 0.6218360066413879 0.29569148281938956 0.02496897180875135 0.025018983417087155
0 0.1509455293416977 0.35705833929405867 0.0237969656785329 0.025921424229939777
0 0.20745974779129028 0.3548014561335246 0.0237969656785329 0.025921424229939777
0 0.23605994880199432 0.35365931325656846 0.0237969656785329 0.025921424229939777
0 0.2657388150691986 0.3524740941145584 0.023796965678532955 0.025921424229939777
0 0.29435399174690247 0.35133135318756104 0.023796965678532955 0.025921424229939777
0 0.32399237155914307 0.3501477508634235 0.023796965678532955 0.025921424229939777
0 0.35338982939720154 0.3486628583508673 0.024353981018066406 0.025882164637247723
0 0.38315075635910034 0.3474050760269165 0.024353981018066406 0.025882164637247723
0 0.4135683476924896 0.3460601183062644 0.024343132972717285 0.025647110409206825
0 0.15137887001037598 0.39906764030456543 0.024117847283681215 0.02589906586541065
0 0.18013697862625122 0.3979114254795462 0.024117847283681215 0.02589906586541065
0 0.2090509831905365 0.39706118901570636 0.02448954184850055 0.026488383611043293
0 0.26661673188209534 0.39464535078198787 0.024489541848500607 0.026488383611043293
0 0.2960416376590729 0.39341048779461557 0.024489541848500607 0.026488383611043293
0 0.3256734311580658 0.3921669424348205 0.024489541848500607 0.026488383611043293
0 0.3557402193546295 0.39090514183044434 0.024489541848500607 0.026488383611043293
0 0.3853783905506134 0.3899869918823242 0.02431519826253259 0.025937398274739582
0 0.41557538509368896 0.38888354580280676 0.02431519826253259 0.025937398274739582
0 0.44571465253829956 0.38783497346399987 0.024396876494089725 0.026216003629896328
0 0.4752553701400757 0.38656167189280194 0.024747033913930294 0.026336722903781418
0 0.152592733502388 0.4397788842519124 0.02389754851659137 0.0250371032290988
0 0.1810379922389984 0.43893114514932474 0.02389754851659137 0.0250371032290988
0 0.21043291687965393 0.4381922483444214 0.02407266696294147 0.025513278113471188
0 0.23903629183769226 0.4372026522954305 0.023936112721761077 0.024903006023830887
0 0.2684110701084137 0.43608172801798 0.023936112721761105 0.024903006023830887
0 0.2978109121322632 0.4349598473224383 0.023936112721761105 0.024903006023830887
0 0.3266024887561798 0.43386117767712595 0.023936112721761105 0.024903006023830887
0 0.35848796367645264 0.43264444669087726 0.023936112721761105 0.024903006023830887
0 0.41771799325942993 0.43013290988953434 0.024590343236923218 0.026049296061197918
0 0.44752469658851624 0.42928826808929443 0.024590343236923218 0.026049296061197918
0 0.5079073160886765 0.42757718706585074 0.024590343236923218 0.026049296061197918
0 0.5378351211547852 0.42672911356811505 0.024590343236923218 0.026049296061197918
0 0.569036602973938 0.42584494749705 0.024590343236923218 0.026049296061197918
0 0.5999477505683899 0.424969008716991 0.024590343236923218 0.026049296061197918
0 0.630892276763916 0.42335351308186847 0.02487076322237658 0.0254366397857666
0 0.15486794710159302 0.5237413247426351 0.024509727954864502 0.025809367497762043
0 0.21274718642234802 0.5221907121617425 0.024509727954864502 0.025809367497762043
0 0.24254436790943146 0.5216234325494787 0.024255673090616853 0.026403215196397618
0 0.30085036158561707 0.5193732316280902 0.024370213349660275 0.02641895082261832
0 0.33111196756362915 0.5186602671941122 0.02429101864496863 0.026682403352525547
0 0.3608192205429077 0.5178979237874349 0.02436731259028113 0.02687411838107634
0 0.3904436528682709 0.517225503847641 0.02436731259028113 0.02687411838107634
0 0.4210028648376465 0.5165318661351301 0.02436731259028113 0.02687411838107634
0 0.45145419239997864 0.5158406771995508 0.02436731259028113 0.02687411838107634
0 0.48242083191871643 0.515137791633606 0.02436731259028113 0.02687411838107634
0 0.15603218972682953 0.5659821033477783 0.023675739765167236 0.0260928471883138
0 0.1851361244916916 0.565329186682895 0.023675739765167236 0.0260928471883138
0 0.21457324922084808 0.5646687952458883 0.023675739765167236 0.0260928471883138
0 0.2432190179824829 0.5640261570612589 0.023675739765167236 0.0260928471883138
0 0.27269741892814636 0.5633648396350402 0.023675739765167236 0.0260928471883138
0 0.302050918340683 0.5625083446502686 0.024459362030029297 0.026989195081922695
0 0.3326680064201355 0.5617729178665289 0.024459362030029297 0.026989195081922695
0 0.3932664096355438 0.5602975686391195 0.02487613757451379 0.027356571621365067
0 0.4537217617034912 0.5588667676220956 0.02487613757451379 0.027356571621365067
0 0.483899861574173 0.5581525404360842 0.02487613757451379 0.027356571621365067
0 0.5144979953765869 0.557428372277832 0.02487613757451368 0.027356571621365067
0 0.5450155735015869 0.5567061106363932 0.02487613757451368 0.027356571621365067
0 0.5768967270851135 0.5554261381435072 0.02465091149012255 0.026402950286865234
0 0.6072719097137451 0.5544823408126831 0.02465091149012255 0.026402950286865234
0 0.15759305655956268 0.6086275180180868 0.024168193340301514 0.026259210374620274
0 0.21614781022071838 0.6076440639261357 0.024168193340301514 0.026259210374620274
0 0.24549061059951782 0.6071512380614957 0.024168193340301514 0.026259210374620274
0 0.3039919435977936 0.6061686811942142 0.024168193340301514 0.026259210374620274
0 0.3339521884918213 0.6056654850641886 0.024168193340301514 0.026259210374620274
0 0.36450791358947754 0.6050683299926612 0.023964226245880127 0.02680818239847819
0 0.3948774039745331 0.6044748145337683 0.023964226245880127 0.02680818239847819
0 0.4254430830478668 0.6038774649302164 0.023964226245880127 0.02680818239847819
0 0.4553448259830475 0.6032930907291728 0.023964226245880127 0.02680818239847819
0 0.486902192234993 0.6021462312056397 0.02430890003840125 0.027021196153428868
0 0.15946359932422638 0.652234248712186 0.023939073085784912 0.02694551150004069
0 0.18789854645729065 0.6516808271408081 0.023975511391957582 0.026985221438937668
0 0.21764592826366425 0.6513493061382631 0.024153590202331543 0.026923259099324543
0 0.2764686644077301 0.6499109611902384 0.024407784144083622 0.0268706480662028
0 0.30597230792045593 0.6493827899297079 0.024407784144083622 0.0268706480662028
0 0.33618173003196716 0.6488419838916452 0.024407784144083622 0.0268706480662028
0 0.3664006292819977 0.6483010081948012 0.024407784144083622 0.0268706480662028
0 0.39672157168388367 0.6477582057317098 0.024407784144083622 0.0268706480662028
0 0.42785924673080444 0.647200782202903 0.024407784144083622 0.0268706480662028
0 0.458392471075058 0.6465407212575277 0.024606486161549923 0.027116272184583828
0 0.16150158643722534 0.6945765246252927 0.023807913064956665 0.026740074157714844
0 0.21952000260353088 0.6938301722208658 0.023807913064956665 0.026740074157714844
0 0.2490718588232994 0.6935439904530843 0.024225438634554536 0.026955604553222656
0 0.278912216424942 0.6930823796384561 0.024225438634554508 0.026955604553222656
0 0.30853116512298584 0.6926241938747513 0.024225438634554508 0.026955604553222656
0 0.3378460109233856 0.6921707123839705 0.024225438634554508 0.026955604553222656
0 0.3685019612312317 0.6916964848836263 0.024225438634554508 0.026955604553222656
0 0.3989903926849365 0.6912602566183766 0.02453082799911499 0.02721087137858073
0 0.42970728874206543 0.6908306280771891 0.02453082799911499 0.02721087137858073
0 0.46018585562705994 0.6904043329787544 0.02453082799911499 0.02721087137858073
0 0.4909192770719528 0.6895314852396647 0.0250445504983266 0.027161598205566406
0 0.16173769533634186 0.7371038595835367 0.023112227519353212 0.025619930691189136
0 0.19156484305858612 0.7368524411488827 0.023112227519353212 0.025619930691189136
0 0.2212352156639099 0.7367033163706461 0.024680803219477354 0.025782373216417003
0 0.2796008884906769 0.7360213154923742 0.0246808032194773 0.025782373216417003
0 0.3107015788555145 0.7354301611582438 0.024821460247039795 0.0258585082160101
0 0.340523898601532 0.7351933285183466 0.024821460247039795 0.0258585082160101
0 0.3714825510978699 0.7349474717419185 0.024821460247039795 0.0258585082160101
0 0.4018189311027527 0.7347065567150975 0.024821460247039795 0.0258585082160101
0 0.43164029717445374 0.7344697316487631 0.024821460247039795 0.0258585082160101
0 0.4619675874710083 0.7339821656545004 0.025000035762786865 0.025968763563368153
0 0.49344269931316376 0.7336463121460867 0.024820387363433838 0.025981956058078442
