0 0.1272670030593872 0.05357512207918389 0.021116654078165695 0.022728565127350563
0 0.15351110696792603 0.05389759114875509 0.02111665407816571 0.022728565127350563
0 0.8116298317909241 0.061984090638341774 0.021116654078165764 0.022728565127350563
0 0.8364596962928772 0.06228918252989303 0.021116654078165764 0.022728565127350563
0 0.8625233769416809 0.06260943468549002 0.021116654078165764 0.022728565127350563
0 0.15393437445163727 0.0843138107678365 0.0215587317943573 0.02351115655529407
0 0.1806022822856903 0.08386074942211773 0.021606812874476133 0.02348530384921288
0 0.2362547665834427 0.08286444168327085 0.021606812874476133 0.02348530384921289
0 0.26376280188560486 0.0823719844498186 0.021606812874476078 0.02348530384921289
0 0.29263734817504883 0.0818550635201086 0.021606812874476078 0.02348530384921288
0 0.32101404666900635 0.08134705521339594 0.021606812874476078 0.02348530384921288
0 0.34924352169036865 0.0822062658709149 0.021628161271413204 0.02328445005786511
0 0.37817317247390747 0.08295080265705135 0.021628161271413204 0.02328445005786511
0 0.43418070673942566 0.08439221893523202 0.021628161271413204 0.02328445005786511
0 0.4615171253681183 0.0850957521172457 0.021628161271413204 0.02328445005786511
0 0.48904135823249817 0.0858041189078112 0.021628161271413204 0.02328445005786511
0 0.5166645050048828 0.08666863460030041 0.021152794361114502 0.022921349651129668
0 0.5440714359283447 0.08707885129519838 0.021152794361114502 0.022921349651129668
0 0.5711904764175415 0.08748475895371548 0.021152794361114502 0.022921349651129668
0 0.1534099280834198 0.11844448710596839 0.02147026856740314 0.023525548535724018
0 0.1807178258895874 0.11776154679931672 0.02147026856740314 0.023525548535724018
0 0.20804326236248016 0.1170781678700176 0.02147026856740314 0.023525548535724018
0 0.23625873029232025 0.11615182078161905 0.02184981107711792 0.02351831835369731
0 0.26414623856544495 0.11603089944311287 0.02184981107711792 0.02351831835369731
0 0.29247140884399414 0.1159080803848466 0.02184981107711792 0.02351831835369731
0 0.321426659822464 0.11578252927175296 0.02184981107711792 0.02351831835369731
0 0.3498840034008026 0.11565913710483285 0.02184981107711792 0.02351831835369731
0 0.40612199902534485 0.11656643623529478 0.021814803282419803 0.023779684258985877
0 0.43418121337890625 0.1168199888074629 0.021814803282419803 0.023779684258985877
0 0.4614477753639221 0.11774962447410406 0.021764596303304073 0.023489538089249497
0 0.48972734808921814 0.11864894145070912 0.021764596303304018 0.023489538089249497
0 0.5441194772720337 0.12037866225105373 0.021764596303303962 0.023489538089249497
0 0.5722169280052185 0.12127218757723646 0.021764596303303962 0.023489538089249497
0 0.599200963973999 0.12213030526804369 0.021764596303303962 0.023489538089249497
0 0.6262479424476624 0.12300369756424269 0.021735668182373047 0.023713644160780797
0 0.6531879901885986 0.12387363688774523 0.021735668182373047 0.023713644160780797
0 0.679795503616333 0.12473283812057143 0.021735668182373047 0.023713644160780797
0 0.7058660387992859 0.12557469942529156 0.021735668182373047 0.023713644160780797
0 0.7327069044113159 0.12613139041634494 0.021438320477803474 0.023666440978530753
0 0.7592722773551941 0.1268928551639428 0.021438320477803474 0.023666440978530753
0 0.0996757224202156 0.15570703772611397 0.02138426899909973 0.02364984408829565
0 0.1257900409400463 0.15436045651035452 0.02138426899909973 0.02364984408829565
0 0.1527189016342163 0.15297187354024808 0.02138426899909973 0.02364984408829565
0 0.18030788004398346 0.15154925169161076 0.02138426899909973 0.02364984408829565
0 0.20842601358890533 0.15009934403175532 0.02138426899909973 0.02364984408829565
0 0.2356809377670288 0.1497272402441008 0.021589567263921083 0.024124197257581623
0 0.2643994987010956 0.14933515383689921 0.02158956726392114 0.024124197257581623
0 0.2932194471359253 0.14894168321476425 0.02158956726392114 0.024124197257581623
0 0.32193922996520996 0.1485495801253721 0.02158956726392114 0.024124197257581623
0 0.09990230202674866 0.18894844831422317 0.020903274416923523 0.023752888967824536
0 0.15326376259326935 0.1865847464483063 0.020903274416923523 0.023752888967824536
0 0.1804371178150177 0.18538107417698987 0.020903274416923523 0.023752888967824536
0 0.20842766761779785 0.18414120341456214 0.020903274416923523 0.023752888967824536
0 0.23651497066020966 0.18289704686590172 0.020903274416923523 0.023752888967824515
0 0.26465755701065063 0.18331604225690973 0.021236727635065678 0.023880744165228333
0 0.2936241030693054 0.1830822368000829 0.02190254131952918 0.023762972779976313
0 0.3224325180053711 0.18330534408403382 0.02190254131952918 0.023762972779976292
0 0.350600928068161 0.18352349483881406 0.02190254131952918 0.023762972779976313
0 0.3783736228942871 0.18373858096987702 0.02190254131952918 0.023762972779976313
0 0.10068360716104507 0.2234329844630042 0.020606525242328644 0.023616243702496643
0 0.12660742178559303 0.2220727897435797 0.020606525242328644 0.023616243702496643
0 0.1534489244222641 0.2197509153799488 0.02125703295071918 0.024154840513717298
0 0.18044742941856384 0.218918792260514 0.02127555012702942 0.024019951044127
0 0.20824195444583893 0.21844957041185956 0.02127555012702942 0.024019951044127
0 0.23710043728351593 0.21796238703120563 0.02127555012702942 0.024019951044127
0 0.26549696922302246 0.21748300221714767 0.02127555012702942 0.024019951044127
0 0.2944541573524475 0.21699415251266124 0.02127555012702942 0.024019951044127
0 0.10082899779081345 0.25600570251596855 0.021087288856506348 0.023877742678620095
0 0.15375594794750214 0.25371612418926565 0.021396448214848818 0.023765904034755
0 0.18038414418697357 0.25322803231172786 0.021396448214848818 0.023765904034755
0 0.20789019763469696 0.2527238494091303 0.021396448214848818 0.023765904034755
0 0.23622862994670868 0.2516099357421588 0.022021313508351625 0.02405475646026372
0 0.2653295397758484 0.25167099265165105 0.02202131350835168 0.02405475646026372
0 0.29405948519706726 0.2517312712370149 0.02202131350835168 0.02405475646026372
0 0.32307589054107666 0.2517921508468031 0.02202131350835168 0.02405475646026372
0 0.351491242647171 0.25185176938079123 0.02202131350835168 0.02405475646026372
0 0.3796185851097107 0.2519107836388703 0.02202131350835168 0.02405475646026372
0 0.10109927505254745 0.2904294769531459 0.021114259958267212 0.024082257766132178
0 0.1262407898902893 0.28967342820278436 0.021114259958267212 0.024082257766132178
0 0.15325869619846344 0.2888609531218868 0.021114259958267212 0.024082257766132178
0 0.1808195263147354 0.2880321513848867 0.021114259958267212 0.024082257766132178
0 0.20856119692325592 0.2871979114621185 0.021114259958267212 0.024082257766132178
0 0.23632773756980896 0.28636292365437604 0.021114259958267212 0.024082257766132178
0 0.26574453711509705 0.28604827423376006 0.021160731712977054 0.02423270173775136
0 0.09974370151758194 0.3251018524169922 0.020843252539634705 0.024368300918460845
0 0.1251782774925232 0.32439349249114624 0.020843252539634705 0.024368300918460845
0 0.18134525418281555 0.3228292267655243 0.020843252539634705 0.024368300918460845
0 0.2086823284626007 0.3220678817394168 0.020843252539634705 0.024368300918460845
0 0.23685134947299957 0.32128336676838926 0.020843252539634705 0.024368300918460845
0 0.2660849392414093 0.32095487727675326 0.021271506945292118 0.02449687691622002
0 0.29476282000541687 0.3203688763934927 0.021271506945292118 0.02449687691622002
0 0.3237980902194977 0.3209803603416265 0.022170265515645382 0.024318695068359375
0 0.35239553451538086 0.3211020082604282 0.022170265515645382 0.024318695068359375
0 0.4095779359340668 0.32134525098004646 0.022170265515645382 0.024318695068359375
0 0.4382963478565216 0.3214674134714044 0.022170265515645382 0.024318695068359375
0 0.4662598967552185 0.32158636492352155 0.022170265515645382 0.024318695068359375
0 0.49434226751327515 0.3218351852062137 0.02221540609995526 0.02451485626457276
0 0.5220760703086853 0.3218539703723996 0.02252419789632154 0.024529508842054237
0 0.09918718039989471 0.3588712825331577 0.020638068517049163 0.024312381596528255
0 0.12552490457892418 0.3583203436143361 0.021046708027521774 0.024426053660784607
0 0.1531553417444229 0.35786770665368367 0.021046708027521788 0.024426053660784607
0 0.18074113130569458 0.3574158011022289 0.021046708027521788 0.024426053660784607
0 0.20880748331546783 0.3569560230612876 0.021046708027521788 0.024426053660784607
0 0.23811732232570648 0.35647587443506995 0.021046708027521788 0.024426053660784607
0 0.2663760185241699 0.3560129454454684 0.021046708027521732 0.024426053660784607
0 0.09850917756557465 0.3940596026043559 0.02082278827826181 0.024298882299615375
0 0.15360002219676971 0.392919466307082 0.02082278827826184 0.024298882299615375
0 0.18154415488243103 0.39234114662104264 0.02082278827826184 0.024298882299615375
0 0.20945529639720917 0.39176350970600926 0.02082278827826184 0.024298882299615375
0 0.23862603306770325 0.3911598047543263 0.02082278827826184 0.024298882299615375
0 0.26629629731178284 0.3910300232643305 0.02158457040786743 0.024604915648467836
0 0.29585501551628113 0.3908886328338292 0.02158457040786743 0.024604915648467836
0 0.3250404894351959 0.39074902777067216 0.02158457040786743 0.024604915648467836
0 0.35369572043418884 0.39061195905818497 0.02158457040786743 0.024604915648467836
0 0.09869690984487534 0.42847546221310584 0.021268139282862336 0.02470803075982613
0 0.15371771156787872 0.4277915067450945 0.021353969971338926 0.024801062059032878
0 0.18231675028800964 0.42742725023574957 0.021353969971338926 0.024801062059032878
0 0.2095264196395874 0.4270806896651155 0.021353969971338926 0.024801062059032878
0 0.2674071490764618 0.42634348193343824 0.02135396997133887 0.024801062059032878
0 0.29651546478271484 0.4259727389313454 0.02135396997133887 0.024801062059032878
0 0.3255777955055237 0.42572043662847475 0.021546731392542484 0.024638124214586308
0 0.3549048602581024 0.4254708158998753 0.021546731392542484 0.024638124214586308
0 0.38318049907684326 0.4253530809257657 0.0213930606842041 0.024340518685274346
0 0.41151171922683716 0.42537784484231306 0.0213930606842041 0.024340518685274346
0 0.43984290957450867 0.4254026087328107 0.0213930606842041 0.024340518685274346
0 0.4680699408054352 0.425427281579306 0.0213930606842041 0.024340518685274346
0 0.09827805310487747 0.46363166291039004 0.02147825558980307 0.024298143017199667
0 0.12541048228740692 0.46319136508675507 0.02163284023602803 0.024295422457909343
0 0.15382662415504456 0.46278441200263254 0.021632840236028017 0.024295422457909343
0 0.18205858767032623 0.4623800965724488 0.021632840236028017 0.024295422457909343
0 0.20993278920650482 0.4619809047210202 0.021632840236028017 0.024295422457909343
0 0.23893558979034424 0.4615655499835347 0.021632840236028017 0.024295422457909343
0 0.29684436321258545 0.4611029218008003 0.021884669860204098 0.024030907209529433
0 0.32609090209007263 0.46086169931889676 0.021884669860204098 0.024030907209529433
0 0.3840015232563019 0.4603840583978697 0.021884669860204098 0.024030907209529433
0 0.41204914450645447 0.46029093971298946 0.02127585808436072 0.023998615353606468
0 0.44039177894592285 0.4602243448233091 0.02127585808436072 0.023998615353606468
0 0.4687535762786865 0.46015770490779434 0.02127585808436072 0.023998615353606468
0 0.49688731133937836 0.45977841071090475 0.02114360531171161 0.023981345716372997
0 0.5248839855194092 0.45956855596498003 0.021571993827819824 0.024194466051205128
0 0.5524325966835022 0.4594911004624898 0.021571993827819824 0.024194466051205128
0 0.5802410840988159 0.45941291429356046 0.021571993827819824 0.024194466051205128
0 0.6345683336257935 0.4592601681392822 0.021571993827819824 0.024194466051205128
0 0.6889905333518982 0.4591071550236192 0.021571993827819824 0.024194466051205128
0 0.7157555818557739 0.4591766089825004 0.02106344699859619 0.023694001426992545
0 0.7425300478935242 0.4588776521904524 0.02106344699859619 0.023694001426992545
0 0.7689136266708374 0.4585830599448819 0.02106344699859619 0.023694001426992545
0 0.7952882647514343 0.4582885675288282 0.02106344699859619 0.023694001426992545
0 0.8217991590499878 0.4579925537109375 0.02106344699859619 0.023694001426992545
0 0.8484681248664856 0.45769477490718846 0.02106344699859619 0.023694001426992545
0 0.4976919889450073 0.49454378527264264 0.021025419235229492 0.02433980897415516
0 0.5252599716186523 0.4940051145331804 0.020236611366271973 0.024186600086300872
0 0.09910674393177032 0.5337888584580532 0.021653672059377044 0.024751855421435872
0 0.12574845552444458 0.5338041413336018 0.022126689553260803 0.024700992791227647
0 0.15352389216423035 0.5335263097008993 0.022126689553260803 0.024700992791227647
0 0.18185076117515564 0.5332429622104992 0.022126689553260803 0.024700992791227647
0 0.23956816643476486 0.5326656275983889 0.022126689553260803 0.024700992791227647
0 0.2686513662338257 0.5323747146961301 0.022126689553260803 0.024700992791227647
0 0.29757845401763916 0.5318914901378543 0.0219401319821676 0.024714418159898808
0 0.3268543779850006 0.531426141428393 0.02172120412190759 0.024814605712890625
0 0.35617753863334656 0.5309371155446948 0.02172120412190759 0.024814605712890625
0 0.3850814700126648 0.5304550811980351 0.02172120412190759 0.024814605712890625
0 0.4131868779659271 0.5299863639227772 0.02172120412190759 0.024814605712890625
0 0.44154804944992065 0.5295133812482967 0.02172120412190759 0.024814605712890625
0 0.4703563451766968 0.5289425965962402 0.02191174030303955 0.024749430575112096
0 0.4982217401266098 0.5289993984727154 0.021194090445836367 0.02404427343560738
0 0.5545271635055542 0.5283387206321539 0.020816604296366448 0.02390434205994131
0 0.5819151401519775 0.5278523910877316 0.020968874295552498 0.024029813071553965
0 0.6092905402183533 0.527627024862863 0.020968874295552498 0.024029813071553965
0 0.6362116932868958 0.5274215077244958 0.020935098330179924 0.024002163909202397
0 0.6638064980506897 0.5273358693696728 0.02069036165873217 0.02401029601577635
0 0.690457820892334 0.5269588204317315 0.02069036165873217 0.02401029601577635
0 0.7177194356918335 0.5265731374032457 0.02069036165873217 0.02401029601577635
0 0.7449540495872498 0.5261878363693899 0.02069036165873217 0.02401029601577635
0 0.771377444267273 0.5258140120395395 0.02069036165873217 0.02401029601577635
0 0.7982044816017151 0.5254344771851097 0.02069036165873217 0.02401029601577635
0 0.09867119789123535 0.5694856947458968 0.0212188164393107 0.02498363524444349
0 0.12576726078987122 0.5692998901953206 0.021523793538411454 0.02502234407173565
0 0.15351274609565735 0.5690259711686955 0.02152379353841144 0.02502234407173565
0 0.18186244368553162 0.5687460870187753 0.02152379353841144 0.02502234407173565
0 0.21031790971755981 0.5684786064680233 0.022106975317001343 0.025061407754587574
0 0.23865418136119843 0.5680330001647876 0.022106975317001343 0.025061407754587574
0 0.26758378744125366 0.5675780632915983 0.022106975317001343 0.025061407754587574
0 0.29803138971328735 0.567099254940893 0.022106975317001343 0.025061407754587574
0 0.32697537541389465 0.5666440919388173 0.022106975317001343 0.025061407754587574
0 0.3856196999549866 0.5652047758325712 0.021498550971349117 0.024632121241369914
0 0.414216011762619 0.5648683947186137 0.021498550971349117 0.024632121241369914
0 0.44228288531303406 0.5645382414368303 0.021498550971349117 0.024632121241369914
0 0.47037291526794434 0.5642078157640757 0.021498550971349117 0.024632121241369914
0 0.49937327206134796 0.5638666818308276 0.021498550971349062 0.024632121241369914
0 0.5275230407714844 0.5635355534454588 0.021498550971349006 0.024632121241369914
0 0.5818634629249573 0.5621444430189011 0.020993034044901604 0.02400160205456632
0 0.6094121932983398 0.5618349074746235 0.020993034044901604 0.02400160205456632
0 0.6376344561576843 0.5615178041679915 0.020993034044901604 0.02400160205456632
0 0.665152370929718 0.5612086148655845 0.020993034044901604 0.02400160205456632
0 0.6919476389884949 0.5610422943920548 0.020894527435302734 0.02397043390791551
0 0.7193821668624878 0.5602979438249455 0.02099378903706861 0.02389328239500055
0 0.7463505864143372 0.5600972759816313 0.020960092544555664 0.023351299670315583
0 0.7726569175720215 0.5599015346357666 0.020960092544555664 0.023351299670315583
0 0.7993586659431458 0.559702851051508 0.020960092544555664 0.023351299670315583
0 0.0989886224269867 0.6049392611481422 0.021073137720425933 0.024737720341645526
0 0.1258247047662735 0.6047365055527798 0.02161186933517456 0.024789706681125904
0 0.15362726151943207 0.6052591781392724 0.021792680025100708 0.025005163148392077
0 0.18153442442417145 0.6047561556793922 0.021792680025100708 0.025005163148392077
0 0.23942559957504272 0.603712675859206 0.021792680025100708 0.025005163148392077
0 0.2689319849014282 0.6031808276530763 0.021792680025100708 0.025005163148392077
0 0.29757216572761536 0.602664592654206 0.021792680025100708 0.025005163148392077
0 0.327507346868515 0.6021250154673076 0.021792680025100708 0.025005163148392077
0 0.3566510081291199 0.6020397807276526 0.02188098430633545 0.024856449097625914
0 0.4144185483455658 0.6001594328419799 0.021516184012095096 0.02436813827632939
0 0.44250839948654175 0.5996915240620457 0.021516184012095096 0.02436813827632939
0 0.500182569026947 0.598730812302915 0.021516184012095152 0.02436813827632939
0 0.5283141136169434 0.5982622090112598 0.021516184012095207 0.02436813827632939
0 0.5559040307998657 0.5978026279183322 0.021516184012095207 0.02436813827632939
0 0.5836275219917297 0.5973408218064379 0.021516184012095207 0.02436813827632939
0 0.6105521321296692 0.5965662033303155 0.021029313405354744 0.02430535841357795
0 0.6388670802116394 0.5959776322744802 0.021029313405354744 0.02430535841357795
0 0.6658453941345215 0.5954168452772983 0.021029313405354744 0.02430535841357795
0 0.6930738091468811 0.5948508595327314 0.021029313405354744 0.02430535841357795
0 0.09865809977054596 0.6402638901111691 0.021204521258672088 0.0244858911795209
0 0.12569200992584229 0.6404765717790342 0.021204521258672074 0.0244858911795209
0 0.15361541509628296 0.6406962512982012 0.02120452125867206 0.0244858911795209
0 0.1818046271800995 0.6409180219783339 0.02120452125867206 0.0244858911795209
0 0.21034298837184906 0.6406406136446221 0.02186765273412067 0.025114133376483824
0 0.2396731823682785 0.6400524632441218 0.021867652734120696 0.025114133376483824
0 0.2689048945903778 0.6394662876718488 0.021867652734120724 0.025114133376483824
0 0.3277404010295868 0.6382864752682871 0.021867652734120724 0.025114133376483824
0 0.3864371180534363 0.637109445971112 0.021867652734120724 0.025114133376483824
0 0.41501396894454956 0.6362060792173143 0.021481096744537354 0.02501678466796875
0 0.4434097707271576 0.6353084357584331 0.021481096744537354 0.02501678466796875
0 0.47139883041381836 0.6344236501644107 0.021481096744537354 0.02501678466796875
0 0.49951058626174927 0.6335349859193314 0.021481096744537354 0.02501678466796875
0 0.5284585356712341 0.6332746457185088 0.021534184614817375 0.025031836457954766
0 0.5562909841537476 0.6327192553738943 0.021227478981018066 0.024386531622834853
0 0.612376868724823 0.631579598715139 0.021227478981018066 0.024386531622834853
0 0.6398276090621948 0.6310218038394317 0.021227478981018066 0.024386531622834853
0 0.6671551465988159 0.6304665124259295 0.021227478981018066 0.024386531622834853
0 0.6940056085586548 0.6299209151157114 0.021227478981018066 0.024386531622834853
0 0.7211338877677917 0.6293696726011693 0.021227478981018066 0.024386531622834853
0 0.7484186291694641 0.6287268705146257 0.02114172776540113 0.024259108905644436
0 0.7749640345573425 0.6280423541401707 0.021168549855550056 0.023995599081349926
0 0.15346576273441315 0.6768402277037154 0.021715367833773314 0.025054428928582298
0 0.18200457096099854 0.6766170382061404 0.021715367833773314 0.025054428928582298
0 0.23962820321321487 0.67668642768831 0.021911958853403718 0.024739435476850116
0 0.2689613699913025 0.6759473780795112 0.02196522553761804 0.02476764649383776
0 0.2980846166610718 0.6751899275668832 0.02196522553761804 0.02476764649383776
0 0.32743534445762634 0.6744265606226826 0.02196522553761804 0.02476764649383776
0 0.35702160000801086 0.6736570679666098 0.02196522553761804 0.02476764649383776
0 0.38653603196144104 0.6728894433309865 0.02196522553761804 0.02476764649383776
0 0.4154147505760193 0.672138352614121 0.02196522553761804 0.02476764649383776
0 0.4440023899078369 0.6713163362063181 0.021766364574432373 0.024813511574915157
0 0.4724806845188141 0.670540122098701 0.021440565586090088 0.024661041969476744
0 0.5003493875265121 0.6697609480037245 0.021380474170049013 0.025167509566905888
0 0.5290708541870117 0.6689866058564967 0.021380474170048958 0.025167509566905888
0 0.585640549659729 0.6674614644012167 0.021380474170048958 0.025167509566905888
0 0.6130256056785583 0.6667231524156126 0.021380474170048958 0.025167509566905888
0 0.640483021736145 0.6659828895746276 0.021380474170048958 0.025167509566905888
0 0.668386697769165 0.6652313942132995 0.021375815073649163 0.024425565734390087
0 0.6955163478851318 0.6645000345009324 0.021375815073649163 0.024425565734390087
0 0.7224100232124329 0.6636801326896621 0.021518588066101074 0.023805514786594654
0 0.749668300151825 0.6628974204839662 0.021518588066101074 0.023805514786594654
0 0.15349049866199493 0.7135811390588094 0.021802435318628965 0.02511534579964571
0 0.1820105016231537 0.7132484524749046 0.021802435318628965 0.02511534579964571
0 0.21056261658668518 0.7129153913036483 0.021802435318628965 0.02511534579964571
0 0.23957425355911255 0.7125769697960844 0.021802435318628938 0.02511534579964571
0 0.2693096399307251 0.7122301057327626 0.02180243531862891 0.02511534579964571
0 0.29898950457572937 0.7118838893318403 0.02180243531862891 0.02511534579964571
0 0.3284837007522583 0.7111409209495367 0.02203025420506799 0.025235641834347747
0 0.3576214909553528 0.7106659293542698 0.02203025420506799 0.025235641834347747
0 0.4163650870323181 0.7082013418508131 0.021998941898345947 0.024996055189029247
0 0.4446322023868561 0.7071082536564317 0.021955668926239014 0.024616980737494
0 0.47344860434532166 0.7063517903172692 0.02178625265757239 0.02465622184812555
0 0.5013994723558426 0.7054864331520267 0.021786252657572447 0.02465622184812555
0 0.5302973389625549 0.7045917569681271 0.021786252657572502 0.02465622184812555
0 0.5584868788719177 0.7037190105354841 0.021786252657572502 0.02465622184812555
0 0.5866492986679077 0.7028471037398937 0.021786252657572502 0.02465622184812555
0 0.6143727898597717 0.7018883283748183 0.02151937286059069 0.02491358084272039
0 0.15309415757656097 0.7487672317859738 0.022017300128936768 0.025184409562931505
0 0.1818614900112152 0.7487692849026678 0.022017300128936768 0.025184409562931505
0 0.2109212875366211 0.7487713588925159 0.022017300128936768 0.025184409562931505
0 0.24010545015335083 0.7487734417582668 0.022017300128936768 0.025184409562931505
0 0.2993086576461792 0.7487776670750882 0.022017300128936768 0.025184409562931505
0 0.3579937815666199 0.7459675891984663 0.02255988121032715 0.02507357634315198
0 0.3875108063220978 0.74524140912433 0.02220623691876733 0.024857617163842934
0 0.4167553186416626 0.7442827848359294 0.02220623691876733 0.024857617163842934
0 0.44550591707229614 0.7433403508619757 0.02220623691876733 0.024857617163843018
0 0.47424840927124023 0.7423981826072962 0.02220623691876733 0.024857617163842934
0 0.5018015950918198 0.7415636407091412 0.021719694137573242 0.02502790347550272
0 0.5595563054084778 0.7393549542094386 0.021719694137573242 0.02502790347550272
0 0.5874642133712769 0.7382876850773729 0.021719694137573242 0.02502790347550272
0 0.6429990530014038 0.7361638920589041 0.021719694137573242 0.025027903475502638
0 0.69832843542099 0.7340479562448902 0.021719694137573242 0.02502790347550272
0 0.7247452139854431 0.7330377116802297 0.021719694137573242 0.02502790347550272
0 0.7514691352844238 0.7322610145391419 0.021683216094970703 0.024593811626582127
0 0.7784540057182312 0.7307850593744323 0.021651625633239746 0.0248357491899831
0 0.15335385501384735 0.7857429149538971 0.021926422913869204 0.02568710682003997
0 0.18193966150283813 0.7857027896359389 0.021926422913869204 0.02568710682003997
0 0.2111348807811737 0.7856618088975834 0.021926422913869204 0.02568710682003997
0 0.24031835794448853 0.7856208446413971 0.022383113702138274 0.02534301521242116
0 0.27023884654045105 0.7849979844204215 0.022268513838450077 0.025364779686743087
0 0.29968374967575073 0.7840965642075445 0.022268513838450077 0.025364779686743087
0 0.3589183986186981 0.7822831668390929 0.022268513838450077 0.025364779686743087
0 0.3877964913845062 0.7813990988423729 0.022268513838450077 0.025364779686743087
0 0.417194128036499 0.7804991256359012 0.022268513838450077 0.025364779686743087
0 0.44570961594581604 0.7793205616086029 0.022030433019002316 0.025171679119731106
0 0.4745490252971649 0.7781760900617802 0.022030433019002316 0.025171679119731106
0 0.5325309634208679 0.7758751178884683 0.022030433019002205 0.025171679119731106
0 0.5602251887321472 0.7747760921596847 0.022030433019002205 0.025171679119731106
0 0.5877281427383423 0.7736846568972565 0.022030433019002205 0.025171679119731106
0 0.6157718896865845 0.7727701054062954 0.02170618375142408 0.0246379763581032
0 0.6439088582992554 0.7716283780970762 0.02170618375142408 0.0246379763581032
0 0.6709244847297668 0.7705321520289456 0.02170618375142408 0.0246379763581032
0 0.6990448236465454 0.7693910995108956 0.02170618375142408 0.0246379763581032
0 0.7253440618515015 0.7683239426723746 0.02170618375142408 0.0246379763581032
0 0.09695360064506531 0.821700606235238 0.0221344456076622 0.026139961656674045
0 0.1247030682861805 0.8219778116399049 0.0221344456076622 0.026139961656674045
0 0.15353833138942719 0.8222658636804194 0.0221344456076622 0.026139961656674045
0 0.18258929252624512 0.8225560704527455 0.0221344456076622 0.026139961656674045
0 0.21160274744033813 0.8228459025538245 0.0221344456076622 0.026139961656674045
0 0.24096240103244781 0.8221534952804976 0.022491683562596648 0.025795692621275436
0 0.29989850521087646 0.8207063009572584 0.022465229034423828 0.025383468746214763
0 0.3297681510448456 0.8196237653629576 0.022465229034423828 0.025383468746214763
0 0.3588290810585022 0.818570539244438 0.022465229034423828 0.025383468746214763
0 0.38871118426322937 0.8174875521701521 0.022465229034423828 0.025383468746214763
0 0.41727882623672485 0.8164522037949673 0.022465229034423828 0.025383468746214763
0 0.44683268666267395 0.8152225239935756 0.022305309772491455 0.02495693236358395
0 0.4758497178554535 0.8140151806333566 0.022305309772491455 0.02495693236358395
0 0.5038838386535645 0.8128487343011901 0.022305309772491455 0.02495693236358395
0 0.5609051585197449 0.8105214141135992 0.02209230264027906 0.024610948192980753
0 0.5889180898666382 0.8092991678007204 0.02209230264027906 0.024610948192980753
0 0.6169384717941284 0.8080765964078082 0.02209230264027906 0.024610948192980753
0 0.6444745659828186 0.8068751552170795 0.02209230264027906 0.024610948192980753
0 0.6728072762489319 0.8056389564691588 0.02209230264027906 0.024610948192980753
0 0.699892520904541 0.8043071835540062 0.02181287606557203 0.024401524270227824
0 0.7270480394363403 0.8032176882721657 0.02206178506215406 0.024551805599715468
0 0.09699776768684387 0.8578948087470476 0.021934370199839265 0.02567107917726491
0 0.12526220083236694 0.8584390790670713 0.02193437019983928 0.02567107917726491
0 0.1541394144296646 0.8589951493128488 0.021934370199839293 0.02567107917726491
0 0.18330511450767517 0.8595567747604015 0.021934370199839293 0.02567107917726491
0 0.21210089325904846 0.860111276866835 0.021934370199839293 0.02567107917726491
0 0.24122127145528793 0.8605380061131599 0.023505608240763337 0.025795278623122468
0 0.30180492997169495 0.8575672770655433 0.02318871021270752 0.025835436443949856
0 0.33103835582733154 0.856322838908969 0.02318871021270752 0.025835436443949856
0 0.36008375883102417 0.8550864047000818 0.02318871021270752 0.025835436443949856
0 0.389599472284317 0.8539515498264556 0.023064454396565792 0.025342660356861568
0 0.41839855909347534 0.8526040010674055 0.023064454396565792 0.025342660356861568
0 0.4475322365760803 0.8512407963519781 0.023064454396565792 0.025342660356861568
0 0.5050080418586731 0.848551424616089 0.023064454396565737 0.025342660356861568
0 0.5330198407173157 0.8472407141397166 0.02306445439656568 0.025342660356861568
0 0.5619112253189087 0.8458888466404063 0.02306445439656568 0.025342660356861568
0 0.5902302861213684 0.8443348079171896 0.022475282351176018 0.0246389817821886
0 0.6179110407829285 0.8429288115707677 0.022475282351176018 0.0246389817821886
0 0.6456978917121887 0.8415174262468205 0.022475282351176018 0.0246389817821886
0 0.6725431680679321 0.840080992982055 0.02253512541453051 0.024685704430868458
