0 0.05235015228390694 0.07532705262649891 0.022156693041324615 0.024603888045909794
0 0.08190568536520004 0.07410886121350665 0.022759735584259033 0.02479827126791311
0 0.05359119735658169 0.1095370470091354 0.021195010592540107 0.024229855500450443
0 0.08106071501970291 0.10844915471222451 0.021195010592540114 0.024229855500450443
0 0.10862095654010773 0.1073576694222842 0.021195010592540114 0.024229855500450443
0 0.13647006452083588 0.10625474397526231 0.021195010592540087 0.024229855500450443
0 0.16429182887077332 0.10515290143496166 0.021195010592540087 0.024229855500450443
0 0.19329939782619476 0.10472494421797973 0.022676626841227232 0.02582102782966555
0 0.22203074395656586 0.10387549566668133 0.022676626841227232 0.02582102782966555
0 0.25090599805116653 0.1030217924448506 0.022676626841227204 0.02582102782966555
0 0.28034108877182007 0.10229499916950655 0.02263043324152625 0.02586685594662215
0 0.30981022119522095 0.10128027616545211 0.02263043324152625 0.02586685594662215
0 0.36774879693984985 0.09928525287173817 0.02263043324152625 0.02586685594662215
0 0.39641544222831726 0.09829816224398091 0.02263043324152625 0.02586685594662215
0 0.4253450930118561 0.09730201543763627 0.02263043324152625 0.02586685594662215
0 0.4549357295036316 0.09628310863300382 0.02263043324152625 0.02586685594662215
0 0.4844696819782257 0.09505023512729378 0.02190331617991126 0.025459195292273234
0 0.5144838094711304 0.09394189257168241 0.02214316527048754 0.02560398005699926
0 0.05342232435941696 0.18073302646015965 0.022072787086168923 0.02666087113609609
0 0.08213218301534653 0.17989282086133768 0.022072787086168916 0.02666087113609609
0 0.10976191610097885 0.17908422557319226 0.022072787086168916 0.02666087113609611
0 0.13691262900829315 0.17828964900386376 0.022072787086168943 0.02666087113609611
0 0.16496092081069946 0.17746880442597146 0.022072787086168943 0.02666087113609609
0 0.22363430261611938 0.17654726424064152 0.022094408671061216 0.026106583055599722
0 0.2534344792366028 0.17555006160292513 0.02209440867106119 0.026106583055599722
0 0.2823633551597595 0.17458201528077977 0.02209440867106116 0.0261065830555997
0 0.3113985061645508 0.17361041267797608 0.02209440867106116 0.026106583055599722
0 0.3408089578151703 0.1726262513981309 0.02209440867106116 0.0261065830555997
0 0.3696398138999939 0.1721514206933085 0.022394100824991825 0.026197943576546603
0 0.39792659878730774 0.17111142846040947 0.022394100824991825 0.026197943576546603
0 0.4274928569793701 0.17002439509843054 0.022394100824991825 0.026197943576546603
0 0.45679953694343567 0.16894690539233267 0.022394100824991825 0.026197943576546603
0 0.5171637535095215 0.1667275539664335 0.022394100824991936 0.026197943576546603
0 0.5468558073043823 0.16563589560198913 0.022394100824991936 0.026197943576546603
0 0.6067022681236267 0.1632524990570995 0.023646394411722893 0.026675002519474474
0 0.6352787017822266 0.16215142538381175 0.023646394411722893 0.026675002519474474
0 0.6648897528648376 0.16101048704367607 0.023646394411722893 0.026675002519474474
0 0.6947994232177734 0.15985804265555623 0.023646394411722893 0.026675002519474474
0 0.7254374623298645 0.15867753361546713 0.023646394411722893 0.026675002519474474
0 0.756619930267334 0.1574760472815084 0.023646394411722893 0.026675002519474474
0 0.7876994609832764 0.15624282526415448 0.023804426193237305 0.02683413305947947
0 0.8186063766479492 0.15504005783545433 0.024216095606486077 0.026866964591565998
0 0.8225735425949097 0.22884206993635312 0.024222811063130623 0.02671161917752998
0 0.8533843159675598 0.22745504557321994 0.024222811063130623 0.02671161917752998
0 0.8839481472969055 0.22607913792650933 0.024222811063130623 0.02671161917752998
0 0.9153848886489868 0.22466393404228743 0.024222811063130623 0.02671161917752998
0 0.05387025885283947 0.3244413331497547 0.023244377225637436 0.025653942610866367
0 0.11110170185565948 0.32375234952835663 0.023244377225637436 0.025653942610866367
0 0.1386706829071045 0.3234204589555093 0.023244377225637436 0.025653942610866367
0 0.16858023405075073 0.3230603913112194 0.023244377225637436 0.025653942610866367
0 0.19744525849819183 0.3239302436596231 0.023225476344426454 0.0265247433684593
0 0.22647280991077423 0.3230896883232649 0.023225476344426454 0.0265247433684593
0 0.28655698895454407 0.3213498213738243 0.02322547634442651 0.0265247433684593
0 0.3158433437347412 0.3205017718279607 0.02322547634442651 0.0265247433684593
0 0.34525877237319946 0.3196499846702398 0.02322547634442651 0.0265247433684593
0 0.37542232871055603 0.3187765338619875 0.02322547634442651 0.0265247433684593
0 0.4027574062347412 0.31785275215326353 0.02302573124567664 0.026823088180187138
0 0.4321024417877197 0.31695625237922953 0.02302573124567664 0.026823088180187138
0 0.4622274339199066 0.31582903884372526 0.022691865762074825 0.026521446168884723
0 0.49259074690105686 0.3156596117241438 0.0229902863502503 0.026684295299441316
0 0.5215426087379456 0.3148017262303552 0.023055990537007576 0.026332677796829577
0 0.05510416254401207 0.3974588527235874 0.02280606577793757 0.025459703548934055
0 0.0834105983376503 0.3969476948685534 0.022806065777937562 0.025459703548934055
0 0.11078424751758575 0.3964533812820152 0.022806065777937562 0.025459703548934055
0 0.14019905030727386 0.395922208526468 0.02280606577793759 0.025459703548934055
0 0.1692560613155365 0.39539749677791153 0.02280606577793759 0.025459703548934055
0 0.22864766418933868 0.39575331392437757 0.02275713781515759 0.02562305539153343
0 0.25828050822019577 0.39497153703556503 0.022757137815157563 0.02562305539153343
0 0.2880627512931824 0.39418581868510194 0.022757137815157535 0.02562305539153343
0 0.3180023729801178 0.39339594835506336 0.022757137815157535 0.02562305539153343
0 0.347419410943985 0.3926198648851971 0.022757137815157535 0.02562305539153343
0 0.054951269179582596 0.47120378183764083 0.022868342697620392 0.02577972412109375
0 0.08429790288209915 0.47078234601702224 0.022868342697620392 0.02577972412109375
0 0.11298300325870514 0.47078531841899074 0.022800669074058533 0.025993110597595744
0 0.14191871881484985 0.4703280809874489 0.022800669074058533 0.025993110597595744
0 0.171491339802742 0.4698607792807318 0.022800669074058533 0.025993110597595744
0 0.20059393346309662 0.46940090486875635 0.022800669074058533 0.025993110597595744
0 0.23078472912311554 0.46892383486725564 0.022800669074058533 0.025993110597595744
0 0.26054859161376953 0.46852389054603116 0.02260101834932962 0.025807047999182414
0 0.2897298038005829 0.4681317754398609 0.022601018349329594 0.025807047999182414
0 0.31932350993156433 0.4677341175513799 0.022601018349329594 0.025807047999182414
0 0.34911397099494934 0.46733381581860917 0.022601018349329594 0.025807047999182414
0 0.37812307476997375 0.46669649523358014 0.022108852863311768 0.025606643321902253
0 0.4078478217124939 0.46635619517420623 0.022108852863311768 0.025606643321902253
0 0.05614824779331684 0.5452909691389217 0.02285609021782875 0.02599071532256849
0 0.08534006029367447 0.5448464681935865 0.02250659962495169 0.02564940341683321
0 0.11400830745697021 0.5444557631511431 0.022506599624951676 0.02564940341683321
0 0.14262551069259644 0.5440657537605759 0.022506599624951662 0.02564940341683321
0 0.17224685847759247 0.5436620593917626 0.022506599624951662 0.02564940341683321
0 0.20186883211135864 0.5432583564935729 0.022506599624951662 0.02564940341683321
0 0.2318078875541687 0.543097739995912 0.022586981455485045 0.02523851025012118
0 0.2615400552749634 0.5425132785133502 0.02258698145548499 0.02523851025012118
0 0.29120928049087524 0.5419300543260325 0.02258698145548499 0.02523851025012118
0 0.32060909271240234 0.5413521261372978 0.02258698145548499 0.02523851025012118
0 0.3507719933986664 0.5407591975012491 0.02258698145548499 0.02523851025012118
0 0.37983062863349915 0.5399700874506042 0.022552410761515262 0.025755298230075042
0 0.409220814704895 0.5393997490509065 0.022211134433746338 0.025724396225093926
0 0.05714377760887146 0.6194644378894101 0.022039711475372314 0.02551535672919695
0 0.08662083745002747 0.6192249919092933 0.022039711475372314 0.02551535672919695
0 0.1151769682765007 0.6189930267550025 0.022039711475372314 0.02551535672919695
0 0.143483504652977 0.6187630890888003 0.022039711475372314 0.02551535672919695
0 0.17311085760593414 0.618522422258244 0.022231737772623716 0.025721527809320494
0 0.2026635706424713 0.6180654980449307 0.022231737772623716 0.025721527809320494
0 0.2325584441423416 0.6174403345862101 0.022318432728449522 0.025329234988190407
0 0.2627493441104889 0.6170419320709474 0.022318432728449467 0.025329234988190407
0 0.2924540638923645 0.6166499452441633 0.022318432728449467 0.025329234988190407
0 0.321866512298584 0.6162618152633601 0.022318432728449467 0.025329234988190407
0 0.3520549535751343 0.6158634451932685 0.022318432728449467 0.025329234988190407
0 0.38126933574676514 0.6152390324792196 0.02184394995371497 0.02522283746290571
0 0.41115042567253113 0.6147551681485331 0.02181905508041382 0.025645411291787792
0 0.056102313101291656 0.6954383406528207 0.022896741827329002 0.027156859405281064
0 0.08621682226657867 0.6949631890585256 0.022545218467712402 0.02723883103954705
0 0.1439589560031891 0.6945953237250704 0.022545218467712402 0.02723883103954705
0 0.17348551750183105 0.6943553214849427 0.02265693744023639 0.02713882091433503
0 0.2035159021615982 0.694014803446274 0.02265693744023639 0.02713882091433503
0 0.2340308278799057 0.6936687911399566 0.02265693744023639 0.02713882091433503
0 0.263839453458786 0.6933307876534034 0.022656937440236447 0.02713882091433503
0 0.2938805818557739 0.6929901477902435 0.022472937901814816 0.026981442473655522
0 0.35334986448287964 0.6923087102461986 0.022472937901814816 0.026981442473655522
0 0.38300734758377075 0.6919688756029333 0.022472937901814816 0.026981442473655522
0 0.4121943712234497 0.691634431788776 0.022472937901814816 0.026981442473655522
0 0.4423893690109253 0.6912884379542151 0.022472937901814816 0.026981442473655522
0 0.47239214181900024 0.6910903610319791 0.022944748401641846 0.02760965509932176
0 0.5029171109199524 0.6908888365939032 0.022944748401641846 0.02760965509932176
0 0.5335091948509216 0.6906868690668151 0.023962736129760742 0.028207291004269622
0 0.5639302134513855 0.6905466545592905 0.023962736129760742 0.028207291004269622
0 0.5940478444099426 0.6904078384056265 0.023962736129760742 0.028207291004269622
0 0.6252330541610718 0.6902641016397827 0.023962736129760742 0.028207291004269622
0 0.6548160314559937 0.6901277497757313 0.023962736129760742 0.028207291004269622
0 0.7175973057746887 0.6904250495000586 0.024681727091471428 0.02858642459839808
0 0.748901903629303 0.6905732919244654 0.024681727091471428 0.02858642459839808
0 0.78067547082901 0.6907237551457344 0.024681727091471428 0.02858642459839808
0 0.8139320611953735 0.6908812411995822 0.024681727091471428 0.02858642459839808
0 0.8463181257247925 0.6905165342359859 0.025744477907816643 0.029331177704093936
0 0.8789854049682617 0.6901859904444495 0.025744477907816643 0.029331177704093936
0 0.0567279364913702 0.7716152279876 0.022878424574931465 0.026738839556080318
0 0.11598822101950645 0.7712986328140212 0.022878424574931458 0.026738839556080318
0 0.14454978704452515 0.7711460440435592 0.022878424574931444 0.026738839556080318
0 0.1739187091588974 0.7709891420126518 0.022878424574931444 0.026738839556080318
0 0.20333759486675262 0.7718890729656751 0.022527863581975283 0.02744121699370166
0 0.2339574098587036 0.7715296190838481 0.022527863581975283 0.02744121699370166
0 0.2641700506210327 0.7711749451250043 0.022527863581975338 0.02744121699370166
0 0.2944689989089966 0.7708192579799236 0.022527863581975338 0.02744121699370166
0 0.3548925220966339 0.7701099307038063 0.022527863581975338 0.02744121699370166
0 0.3845798075199127 0.7694054091926272 0.02334756652514136 0.028197532476380814
0 0.41415664553642273 0.7693143445391988 0.02334756652514136 0.028197532476380814
0 0.47490206360816956 0.7691273143894246 0.02334756652514136 0.028197532476380814
0 0.50514255464077 0.7690342064029031 0.023347566525141417 0.028197532476380814
0 0.5367861986160278 0.7689367782237918 0.023347566525141472 0.028197532476380814
0 0.5674197673797607 0.7688424599832419 0.023347566525141472 0.028197532476380814
0 0.5977535843849182 0.769238072789596 0.02424316604932142 0.02833651757055486
0 0.6298222541809082 0.7693100862724837 0.02424316604932142 0.02833651757055486
0 0.05728486366569996 0.8487443258596021 0.022543190668026604 0.027200684066890635
0 0.08777976036071777 0.8485670855742456 0.022543190668026597 0.027200684066890635
0 0.11760274320840836 0.8483937505391094 0.02254319066802661 0.027200684066890635
0 0.1457202285528183 0.8482303280761383 0.022543190668026625 0.027200684066890635
0 0.17530284821987152 0.8480583900629088 0.022543190668026625 0.027200684066890635
0 0.2052835077047348 0.8483640981274981 0.022220000624656677 0.027283838553022154
0 0.23553848266601562 0.8485574944074764 0.023779869079589844 0.028237749439801247
0 0.26497092843055725 0.8484647640142121 0.023779869079589844 0.028237749439801247
0 0.29798561334609985 0.8483607473538161 0.023779869079589844 0.028237749439801247
0 0.3569769859313965 0.8481748880737958 0.023779869079589844 0.028237749439801247
0 0.41602879762649536 0.8479888383732286 0.023779869079589844 0.028237749439801247
0 0.4457736909389496 0.8484550784045024 0.024249474207560184 0.029252340627271077
0 0.47618162631988525 0.8484777406204579 0.024249474207560184 0.029252340627271077
0 0.5067601054906845 0.8485912283663002 0.024215360482533754 0.029622987259265987
0 0.5377545952796936 0.8486714030421058 0.0242153604825337 0.029622987259265987
0 0.5694659352302551 0.8487534320226504 0.0242153604825337 0.029622987259265987
0 0.6011562347412109 0.8490769900786375 0.024590154488881355 0.029435091240461484
