0 0.17038600146770477 0.12542786709097928 0.02085124452908832 0.02210021943084952
0 0.1968725174665451 0.12543042792891904 0.02085124452908832 0.02210021943084952
0 0.8186253905296326 0.1254905418505294 0.020851244529088264 0.02210021943084952
0 0.844433069229126 0.12549303705536322 0.020851244529088264 0.02210021943084952
0 0.8696812391281128 0.125495478164318 0.020851244529088264 0.02210021943084952
0 0.14450038969516754 0.15672643794569857 0.01990682383378345 0.02226130167643228
0 0.17063181102275848 0.15742064347754406 0.019766991337140383 0.021978459616964163
0 0.19636717438697815 0.15787939419544147 0.019870335857073484 0.022135283595831806
0 0.2489943578839302 0.15738481699034226 0.019870335857073457 0.022135283595831806
0 0.2747953534126282 0.15714234563980722 0.01987033585707343 0.022135283595831806
0 0.3006417751312256 0.1568994473852172 0.01987033585707343 0.022135283595831806
0 0.328347384929657 0.15663907694262127 0.01987033585707343 0.022135283595831806
0 0.3528062105178833 0.15640921897197507 0.01987033585707343 0.022135283595831806
0 0.4056132733821869 0.15686197035352595 0.019951999187469482 0.021681999975396667
0 0.4312182664871216 0.15688541323639627 0.019951999187469482 0.021681999975396667
0 0.45663025975227356 0.15690867941651881 0.019951999187469482 0.021681999975396667
0 0.48262298107147217 0.15693247728746018 0.019951999187469482 0.021681999975396667
0 0.5088318586349487 0.15695647306220475 0.019951999187469482 0.021681999975396667
0 0.5349357724189758 0.15698037273641233 0.019951999187469482 0.021681999975396667
0 0.5606598258018494 0.15752674812494322 0.020581046740214104 0.021941532460294014
0 0.5864752531051636 0.15745904753674533 0.020581046740214104 0.021941532460294014
0 0.6121268272399902 0.157391776651134 0.020581046740214104 0.021941532460294014
0 0.6380037069320679 0.1573239149049271 0.020581046740214104 0.021941532460294014
0 0.14446868002414703 0.18886462477750557 0.019937872886657715 0.02194593119066815
0 0.19614340364933014 0.18872910876606785 0.01966597636540729 0.02166844892871473
0 0.22245872020721436 0.18855417331629878 0.01966597636540729 0.02166844892871473
0 0.2485528588294983 0.18833961597708768 0.020060916741689055 0.02160293741743693
0 0.2750733196735382 0.18800197643444191 0.020001312096913693 0.02154416076896727
0 0.3007749617099762 0.1880335530569387 0.020001312096913693 0.02154416076896727
0 0.353192538022995 0.1880979524450045 0.020001312096913693 0.02154416076896727
0 0.37942934036254883 0.18814151786094488 0.019944846630096436 0.021683090416960007
0 0.4048405885696411 0.18808778898337444 0.020057320594787598 0.021703757056894236
0 0.43127351999282837 0.18789005477507026 0.020116984844207764 0.021560351053873706
0 0.4572126865386963 0.1878519058227539 0.020116984844207764 0.021560351053873706
0 0.48294511437416077 0.18781406092281297 0.020116984844207764 0.021560351053873706
0 0.5087263584136963 0.18777614422846656 0.020116984844207764 0.021560351053873706
0 0.5350223779678345 0.18773747044940328 0.020116984844207764 0.021560351053873706
0 0.5606261491775513 0.18769981476585337 0.020116984844207764 0.021560351053873706
0 0.5869667530059814 0.1881258487701416 0.02020196119944262 0.021718154581942293
0 0.3787383735179901 0.2505155829496162 0.02006109555562341 0.0222298230311667
0 0.40517595410346985 0.2505567332247002 0.02006109555562341 0.0222298230311667
0 0.43050146102905273 0.2505961525495231 0.02006109555562341 0.0222298230311667
0 0.4568556547164917 0.2509495934774709 0.020175635814666748 0.022219872289849833
0 0.5093293190002441 0.2510313241030835 0.020175635814666748 0.022219872289849833
0 0.5618802905082703 0.25111317513896064 0.020175635814666748 0.022219872289849833
0 0.5878573060035706 0.25115363577301314 0.020175635814666748 0.022219872289849833
0 0.6133881211280823 0.2511934014253838 0.020175635814666748 0.022219872289849833
0 0.6399316787719727 0.25131445143456127 0.020079334576924568 0.02224653081376426
0 0.14219224452972412 0.28351533135702445 0.020339608192443848 0.022240039914153343
0 0.16797637939453125 0.28283958631166806 0.01995616157849628 0.022100729535716478
0 0.19456885755062103 0.28299768484468185 0.019991169373194395 0.022055929021317856
0 0.22063188254833221 0.2827107629110647 0.019991169373194395 0.022055929021317856
0 0.24661777913570404 0.2824246900666317 0.019991169373194367 0.022055929021317856
0 0.29977402091026306 0.2821495588435683 0.019786814848581913 0.022221676138944404
0 0.3250817656517029 0.2822254314463514 0.019786814848581913 0.022221676138944404
0 0.351807177066803 0.2823055542129285 0.019786814848581913 0.022221676138944404
0 0.378493070602417 0.28238555850492786 0.019786814848581913 0.022221676138944404
0 0.4306921362876892 0.28254205127095067 0.019786814848581913 0.022221676138944404
0 0.48402366042137146 0.28277242568426664 0.0196530818939209 0.02216164640677989
0 0.5096782445907593 0.28286532468573994 0.0196530818939209 0.02216164640677989
0 0.5355517864227295 0.2824087579642557 0.019782662391662598 0.021975731664849833
0 0.5620758533477783 0.282608897186989 0.019782662391662598 0.021975731664849833
0 0.5879296660423279 0.2827885850406141 0.02019103368123365 0.0221939530483512
0 0.6135920286178589 0.28298464486765307 0.02019103368123365 0.0221939530483512
0 0.666011393070221 0.2833851275394169 0.02019103368123365 0.0221939530483512
0 0.6917764544487 0.2835819719828171 0.02019103368123365 0.0221939530483512
0 0.7169283628463745 0.28377413195233014 0.02019103368123365 0.0221939530483512
0 0.7427171468734741 0.28397115763618974 0.02019103368123365 0.0221939530483512
0 0.14212830364704132 0.31526441422590595 0.01986879607041675 0.02223399258399192
0 0.167942076921463 0.315014218175134 0.019856810569763184 0.02209107450736583
0 0.19365328550338745 0.3148058620198711 0.019856810569763184 0.02209107450736583
0 0.21996688842773438 0.3145926242360866 0.019856810569763184 0.02209107450736583
0 0.24668747931718826 0.3142509904018668 0.019807095328966767 0.022235057150670697
0 0.27300897240638733 0.31420708818903265 0.01980709532896674 0.022235057150670697
0 0.29908743500709534 0.3141635913322394 0.01980709532896674 0.022235057150670697
0 0.3255973756313324 0.31411937480350516 0.01980709532896674 0.022235057150670697
0 0.3783417046070099 0.3140314013458962 0.019747773806254032 0.02241322421288308
0 0.40525391697883606 0.31420997091383646 0.019747773806254032 0.02241322421288308
0 0.4311237335205078 0.3143816239128064 0.019747773806254032 0.02241322421288308
0 0.4577440917491913 0.31429851886837984 0.01950337489446008 0.022405343462330397
0 0.48406216502189636 0.3144230909922388 0.01950337489446008 0.022405343462330397
0 0.5359669923782349 0.31466877366495244 0.01950337489445997 0.022405343462330397
0 0.5622371435165405 0.3147931189575385 0.01950337489445997 0.022405343462330397
0 0.5882988572120667 0.3149164776469386 0.01950337489445997 0.022405343462330397
0 0.6142433881759644 0.3151939504793686 0.01964104175567627 0.02246424948522284
0 0.6399737596511841 0.31546774575876635 0.01964104175567627 0.02246424948522284
0 0.19395841658115387 0.34686765531065533 0.019938727219899477 0.0223949343659157
0 0.219965398311615 0.3466452665107195 0.019938727219899477 0.0223949343659157
0 0.24616628885269165 0.34642121957343663 0.019938727219899505 0.0223949343659157
0 0.2724575996398926 0.3461963994418541 0.019938727219899532 0.0223949343659157
0 0.2988559603691101 0.34597066391346065 0.019938727219899532 0.0223949343659157
0 0.3258615732192993 0.34573973569981675 0.019938727219899532 0.0223949343659157
0 0.35141539573669434 0.3462000255819367 0.019901573657989502 0.02220440650171085
0 0.3785558044910431 0.34633334847383723 0.019901573657989502 0.02220440650171085
0 0.40508729219436646 0.34646368013903234 0.019901573657989502 0.02220440650171085
0 0.43173947930336 0.3465946047206408 0.019901573657989502 0.02220440650171085
0 0.4577372372150421 0.34672231452409613 0.019901573657989502 0.02220440650171085
0 0.4842851161956787 0.3468527267088041 0.019901573657989502 0.02220440650171085
0 0.5099916458129883 0.347140392602697 0.019583523273468018 0.022239862486373548
0 0.5357012152671814 0.3468690802309108 0.019303560256958008 0.02193873797276226
0 0.5625328421592712 0.3468337391698083 0.019303560256958008 0.02193873797276226
0 0.5884525179862976 0.34697975220663846 0.019551237424214607 0.021788914998372367
0 0.6143448352813721 0.34707506312880404 0.019551237424214607 0.021788914998372367
0 0.6409389972686768 0.34717295757657957 0.019551237424214607 0.021788914998372367
0 0.666531503200531 0.3472671648780387 0.019551237424214607 0.021788914998372367
0 0.6923811435699463 0.3473623187042946 0.019551237424214607 0.021788914998372367
0 0.7174268364906311 0.3474545131595587 0.019551237424214607 0.021788914998372367
0 0.193293035030365 0.37846449918525166 0.020037353038787842 0.022568732269050554
0 0.2192782312631607 0.3785744431810983 0.020037353038787842 0.022568732269050554
0 0.24596689641475677 0.37868736357101157 0.020037353038787842 0.022568732269050554
0 0.27242428064346313 0.37879930540572765 0.020037353038787842 0.022568732269050554
0 0.32577750086784363 0.3790250441752257 0.020037353038787842 0.022568732269050554
0 0.3521691560745239 0.3786614883777707 0.0200178325176239 0.022572036861449263
0 0.37836962938308716 0.3792404585520131 0.019703110059102413 0.022359840629636765
0 0.40546879172325134 0.379143426584643 0.019703110059102413 0.022359840629636765
0 0.43202194571495056 0.3790483496690043 0.019703110059102413 0.022359840629636765
0 0.4580228626728058 0.37895525010769027 0.019703110059102413 0.022359840629636765
0 0.4841328561306 0.378861759984216 0.019703110059102413 0.022359840629636765
0 0.5099270939826965 0.3787694004634979 0.019703110059102302 0.022359840629636765
0 0.5359714031219482 0.37899907653856724 0.019168655077616448 0.022160604018573626
0 0.5625612735748291 0.37902256721904287 0.019168655077616448 0.022160604018573626
0 0.5888055562973022 0.379045752591865 0.019168655077616448 0.022160604018573626
0 0.6149100661277771 0.37906881448306473 0.019168655077616448 0.022160604018573626
0 0.64100182056427 0.37874109800471817 0.019629160563151116 0.022141256997751636
0 0.6664736866950989 0.3786043468493269 0.019629160563151116 0.022141256997751636
0 0.14069411158561707 0.41186301652775253 0.019707600275675474 0.022397004356680045
0 0.166360542178154 0.41160098711360027 0.019707600275675474 0.022397004356680045
0 0.19289837777614594 0.4113300614977636 0.019707600275675474 0.022397004356680045
0 0.21925809979438782 0.41106095424918243 0.019707600275675474 0.022397004356680045
0 0.2454439029097557 0.4107936225442657 0.019707600275675446 0.022397004356680045
0 0.272209495306015 0.41046258871309993 0.019648000597953796 0.022463391917620465
0 0.29899799823760986 0.41152922006302695 0.019828041394551632 0.022500740465267628
0 0.3520452380180359 0.41135956520257994 0.019828041394551632 0.022500740465267628
0 0.3788534998893738 0.41127382743478214 0.019828041394551632 0.022500740465267628
0 0.405991792678833 0.4111870341672149 0.019828041394551632 0.022500740465267628
0 0.4320578873157501 0.4111036699871684 0.019828041394551632 0.022500740465267628
0 0.48426634073257446 0.4109366977202748 0.019828041394551632 0.022500740465267628
0 0.5103773474693298 0.41114518808764083 0.01996093988418579 0.022173918494882455
0 0.5363872051239014 0.411152184298794 0.01996093988418579 0.022173918494882455
0 0.5628535151481628 0.41123424094158595 0.02004164457321167 0.02225139529206032
0 0.588686466217041 0.41116275343784064 0.020109256108601814 0.022296728089798327
0 0.1405814290046692 0.4438226389330487 0.019981826345125853 0.022171197935592298
0 0.16614887118339539 0.4437464127773442 0.019981826345125853 0.022171197935592298
0 0.19234228134155273 0.44369588538171995 0.020137657721837343 0.022258196690285798
0 0.21897050738334656 0.4436921408010084 0.020137657721837343 0.022258196690285798
0 0.24547141045331955 0.44368841412502474 0.02013765772183737 0.022258196690285798
0 0.2724416255950928 0.4437126780665198 0.020187079906463623 0.0225322634674782
0 0.32590070366859436 0.4436629962230031 0.020187079906463623 0.0225322634674782
0 0.35270145535469055 0.4436380891202362 0.020187079906463623 0.0225322634674782
0 0.37911418080329895 0.44362628756647754 0.020337561766306522 0.022429414497789433
0 0.43233489990234375 0.44356408230094024 0.020396649837493896 0.02253927186478016
0 0.45850977301597595 0.44353928351160204 0.020396649837493896 0.02253927186478016
0 0.4848345220088959 0.4435143427257644 0.020396649837493896 0.02253927186478016
0 0.5111197233200073 0.44348943940848007 0.020396649837493896 0.02253927186478016
0 0.5365056395530701 0.4434653880984284 0.020396649837493896 0.02253927186478016
0 0.1922910362482071 0.47612168068109556 0.02013061443964642 0.022686773492384273
0 0.21878530085086823 0.47604781410054287 0.02013061443964642 0.022686773492384273
0 0.2454536259174347 0.4759734622356666 0.020130614439646394 0.022686773492384273
0 0.27203622460365295 0.47589934937778566 0.020130614439646366 0.022686773492384273
0 0.3261086046695709 0.47574859441712847 0.020130614439646366 0.022686773492384273
0 0.3528417646884918 0.4759189250857331 0.01987036069234216 0.02241199700407285
0 0.4061810076236725 0.47579539111313335 0.01987036069234216 0.02241199700407285
0 0.43254172801971436 0.4757343395433713 0.01987036069234216 0.02241199700407285
0 0.45862385630607605 0.47567393319442886 0.01987036069234216 0.02241199700407285
0 0.4846099317073822 0.4756137493044831 0.01987036069234216 0.02241199700407285
0 0.19213199615478516 0.5086931982493964 0.019992301861445128 0.022728173307670234
0 0.21837036311626434 0.5086009446964708 0.019992301861445128 0.022728173307670234
0 0.2449818253517151 0.5085073793483158 0.0199923018614451 0.022728173307670234
0 0.29908573627471924 0.50831715112195 0.019992301861445072 0.022728173307670234
0 0.3258066475391388 0.508223200953284 0.019992301861445072 0.022728173307670234
0 0.3524876832962036 0.508129390986073 0.019992301861445072 0.022728173307670234
0 0.3789609968662262 0.5082432553057639 0.01997186740239465 0.022732697716055045
0 0.40598851442337036 0.5082534523897393 0.01997186740239465 0.022732697716055045
0 0.4323365092277527 0.5082633930997965 0.01997186740239465 0.022732697716055045
0 0.19156396389007568 0.5417201505016318 0.019752522309621157 0.022808873376180958
0 0.2179037183523178 0.5414689565329617 0.019658108552296938 0.022678020388581032
0 0.24452736973762512 0.5413037233574446 0.019658108552296966 0.022678020388581032
0 0.27148672938346863 0.5410251973882538 0.019784192244211796 0.02268884348314862
0 0.3255496919155121 0.5407647864763127 0.019784192244211796 0.02268884348314862
0 0.35192736983299255 0.5406377302655601 0.019784192244211796 0.02268884348314862
0 0.3789215683937073 0.5405077043932237 0.019784192244211796 0.02268884348314862
0 0.40568453073501587 0.5403787923413653 0.019784192244211796 0.02268884348314862
0 0.4326574504375458 0.540248868965204 0.019784192244211796 0.02268884348314862
0 0.4587973356246948 0.5404631858425853 0.01958475510279334 0.022547877112100292
0 0.19100895524024963 0.5744227032328761 0.020050456126530947 0.022972343503966756
0 0.21793922781944275 0.5743917230592879 0.020050456126530947 0.022972343503966756
0 0.24438446760177612 0.574361300860009 0.020050456126530974 0.022972343503966756
0 0.27182087302207947 0.5743297384389435 0.020050456126531002 0.022972343503966756
0 0.2987024486064911 0.5742988142856332 0.020050456126531002 0.022972343503966756
0 0.3253098428249359 0.5738276551619469 0.019736766815185547 0.022687010062757442
0 0.35136720538139343 0.5735841257248802 0.019736766815185547 0.022687010062757442
0 0.378528356552124 0.573330280392669 0.019736766815185547 0.022687010062757442
0 0.4057101905345917 0.5731088948804278 0.019839147726694706 0.02283575368482013
0 0.4325759708881378 0.572935908772012 0.019839147726694706 0.02283575368482013
0 0.1395372450351715 0.6076076992246544 0.01986952622731525 0.023165680641351744
0 0.16448381543159485 0.6075866166935411 0.01986952622731525 0.023165680641351744
0 0.19073255360126495 0.6077911024749053 0.01991166671117145 0.02303926334824673
0 0.21726754307746887 0.6076568780943404 0.01991166671117145 0.02303926334824673
0 0.24405373632907867 0.6075213830265881 0.019911666711171477 0.02303926334824673
0 0.27089911699295044 0.6073855885656984 0.019911666711171505 0.02303926334824673
0 0.29833677411079407 0.6072467981382857 0.019911666711171505 0.02303926334824673
0 0.32517898082733154 0.6071110197324662 0.019911666711171505 0.02303926334824673
0 0.37913501262664795 0.6063155671028614 0.020092248916625977 0.023106597190679506
0 0.4057466387748718 0.6059648301239269 0.020092248916625977 0.023106597190679506
0 0.4324415326118469 0.6056129956901644 0.020092248916625977 0.023106597190679506
0 0.4590187668800354 0.6052627119907114 0.020092248916625977 0.023106597190679506
0 0.4853435754776001 0.604911671128384 0.020350635051727295 0.023088203844173878
0 0.5116632580757141 0.6050171963004178 0.02027153968811035 0.02337285714556086
0 0.1389864981174469 0.64076445823492 0.020208736260731996 0.022986064585604465
0 0.16445782780647278 0.6409340759277712 0.020208736260731996 0.022986064585604465
0 0.19070643186569214 0.641563129608191 0.02053084969520569 0.023102368495261077
0 0.21732699871063232 0.6412861402644667 0.02053084969520569 0.023102368495261077
0 0.24418772011995316 0.6409913109532293 0.0204681952794393 0.023033378660216756
0 0.27085429430007935 0.6407232949900072 0.020468195279439327 0.023033378660216756
0 0.29785943031311035 0.6404518762658927 0.020468195279439327 0.023033378660216756
0 0.3524423837661743 0.6399032830065406 0.020468195279439327 0.023033378660216756
0 0.3789769113063812 0.6396365941956986 0.020468195279439327 0.023033378660216756
0 0.40597784519195557 0.6393652177056269 0.020468195279439327 0.023033378660216756
0 0.43249738216400146 0.6386089694967743 0.02038639783859253 0.02311283673426907
0 0.45921117067337036 0.638134801110556 0.020370622475942013 0.023072383200475468
0 0.18969738483428955 0.673987632574037 0.020393311977386475 0.023586302764656064
0 0.21612824499607086 0.6740320036803644 0.020393311977386475 0.023586302764656064
0 0.24365882575511932 0.6740782209551196 0.020393311977386475 0.023586302764656064
0 0.27017754316329956 0.674122739552796 0.020393311977386475 0.023586302764656064
0 0.29736876487731934 0.6741683871247047 0.020393311977386475 0.023586302764656064
0 0.32471904158592224 0.6734573149891484 0.020379245281219482 0.023163640221884083
0 0.3517431616783142 0.6732134771884254 0.020379245281219482 0.023163640221884083
0 0.37867864966392517 0.6729704391124637 0.020379245281219482 0.023163640221884083
0 0.1895889937877655 0.7078663582025573 0.020451645056406675 0.023733094681140987
0 0.21650665998458862 0.7083243937645275 0.02048450211683911 0.02350060514701435
0 0.24378729611635208 0.7079388230526238 0.020483156045277923 0.023285473964011077
0 0.27060723304748535 0.7076597435529842 0.02048315604527795 0.023285473964011077
0 0.2979774475097656 0.707374938045172 0.02048315604527795 0.023285473964011077
0 0.324971467256546 0.7070940470966387 0.02048315604527795 0.023285473964011077
0 0.3789113163948059 0.7065327666526617 0.02048315604527795 0.023285473964011077
0 0.40603047609329224 0.7062505735386834 0.02048315604527795 0.023285473964011077
0 0.4324969947338104 0.7052951191746911 0.020613054434458378 0.023051476293756
0 0.4589128792285919 0.7048571059379753 0.020628750324249268 0.022860711859178227
0 0.18982793390750885 0.7413237372110056 0.020719478527704893 0.02324355665103407
0 0.21642734110355377 0.7412099525445144 0.020719478527704893 0.02324355665103407
0 0.24362065643072128 0.7410738497681271 0.02073494593302408 0.02280167276545094
0 0.2707051932811737 0.7408257861470067 0.02073494593302405 0.022801672765450857
0 0.29799020290374756 0.7405758864227969 0.02073494593302405 0.022801672765450857
0 0.3523057997226715 0.7400784171950746 0.02073494593302405 0.02280167276545094
0 0.37923577427864075 0.7398317691891693 0.02073494593302405 0.022801672765450857
0 0.40603676438331604 0.739586302534462 0.02073494593302405 0.02280167276545094
0 0.4332931339740753 0.7388994477040868 0.020697712898254395 0.023212092791416793
0 0.4599723517894745 0.7381736281836405 0.02047838767369592 0.022947207901828946
0 0.48642697930336 0.7376303118328715 0.02047838767369592 0.022947207901828946
0 0.5131025314331055 0.7372405166302578 0.020781119664510017 0.023217962693798423
0 0.5396333336830139 0.737114662347838 0.021642883618672615 0.023521970408831482
0 0.5927002429962158 0.7362132230632139 0.021642883618672615 0.023521970408831482
0 0.6455721855163574 0.7353150956489952 0.021642883618672615 0.023521970408831402
0 0.6717639565467834 0.7348701801329746 0.021642883618672615 0.023521970408831482
0 0.6977930068969727 0.7344280287276866 0.021642883618672615 0.023521970408831482
0 0.7241030931472778 0.7339534635855933 0.021611491839091057 0.02321677984193322
0 0.7498292922973633 0.7335107714630836 0.021611491839091057 0.023216779841933058
0 0.7761011123657227 0.7329428916753724 0.021569569905598884 0.023525711177855554
0 0.18934744596481323 0.7755299058071402 0.02008404334386188 0.02299316169679616
0 0.21599675714969635 0.775436505484855 0.02008404334386188 0.02299316169679616
0 0.24297001957893372 0.7753419697804801 0.020084043343861907 0.02299316169679616
0 0.270371675491333 0.7754002827687522 0.020611027876536014 0.023398879886597737
0 0.32484376430511475 0.7744735008062318 0.02059360345204675 0.023332048756207497
0 0.35184186697006226 0.7739987515477431 0.02059360345204675 0.023332048756207497
0 0.37874722480773926 0.7735256331645243 0.02059360345204675 0.023332048756207497
0 0.4064408540725708 0.7730386533896303 0.02059360345204675 0.023332048756207497
0 0.4333766996860504 0.7725649988928507 0.02059360345204675 0.023332048756207497
0 0.45996010303497314 0.7719940325664433 0.020520567893981934 0.02334908182306796
0 0.48589423298835754 0.7716303093488827 0.020520567893981934 0.02334908182306796
0 0.18931883573532104 0.8087871462799782 0.020141109824180603 0.02327834728152253
0 0.21587449312210083 0.8086943288029727 0.020141109824180603 0.02327834728152253
0 0.24239809066057205 0.8086477767589481 0.020679369568824768 0.0234832763671875
0 0.26992928981781006 0.8087726859159248 0.020461738109588623 0.023109850033309218
0 0.2974444329738617 0.8084190979096508 0.020461738109588623 0.023109850033309218
0 0.3247537612915039 0.8080681547618086 0.020461738109588623 0.023109850033309218
0 0.3523275554180145 0.8077138130513074 0.020461738109588623 0.023109850033309218
0 0.3789001703262329 0.8073723371638808 0.020461738109588623 0.023109850033309218
0 0.13571035861968994 0.8436025575149891 0.02020836869875592 0.023000850233920785
0 0.16151989996433258 0.8432889974522619 0.02020836869875592 0.023000850233920785
0 0.18817494809627533 0.8428601996843205 0.02041382590929669 0.023346420406371013
0 0.21564584970474243 0.842567828668016 0.02041382590929669 0.023346420406371013
0 0.26968303322792053 0.8419927144438787 0.020413825909296635 0.023346420406371013
0 0.29757028818130493 0.8416959122060466 0.020413825909296635 0.023346420406371013
0 0.32465997338294983 0.8414075984511264 0.020413825909296635 0.023346420406371013
0 0.3523818850517273 0.8408160857745546 0.020785748958587646 0.0229605149853136
0 0.379451185464859 0.8403201435887536 0.020785748958587646 0.0229605149853136
0 0.40669670701026917 0.839820972819569 0.020785748958587646 0.0229605149853136
0 0.43355312943458557 0.8393289308149133 0.020785748958587646 0.0229605149853136
0 0.4603004455566406 0.8388388877691224 0.020891090234120724 0.02336197490840006
0 0.513874888420105 0.8375059437657281 0.020891090234120613 0.02336197490840006
0 0.5404935479164124 0.8368436656223152 0.020891090234120613 0.02336197490840006
0 0.5672003030776978 0.8361791956392474 0.020891090234120613 0.02336197490840006
0 0.5943542122840881 0.8355036003645077 0.020891090234120613 0.02336197490840006
0 0.6204465627670288 0.834936988092198 0.021261930465698242 0.023445425107497468
0 0.6467947959899902 0.8343648191606345 0.021261930465698242 0.023445425107497468
0 0.6727624535560608 0.8338009146756904 0.021261930465698242 0.023445425107497468
0 0.6987041234970093 0.8332375745288395 0.021261930465698242 0.023445425107497468
0 0.13518649339675903 0.8767037798798111 0.021152665217717484 0.023848659308381894
0 0.16175395250320435 0.8763596524913507 0.021218528350194277 0.023809270341267067
0 0.18850699067115784 0.8763111025788063 0.02113686998685199 0.023828550826671513
0 0.21560639142990112 0.8761021504272862 0.02113686998685199 0.023828550826671513
0 0.27013206481933594 0.8756817257518764 0.021136869986852047 0.023828550826671513
0 0.297471821308136 0.8754709203177923 0.021136869986852047 0.023828550826671513
0 0.3248008191585541 0.8752601978390716 0.021136869986852047 0.023828550826671513
0 0.35237327218055725 0.8743523886037428 0.020828306674957275 0.023411772971929506
0 0.4074036478996277 0.8733120408169058 0.020811120669047 0.023562882297722756
0 0.43401381373405457 0.8722372720407885 0.02078666289647424 0.023582931636839763
0 0.4609794318675995 0.8716789221686959 0.02078666289647424 0.023582931636839763
0 0.4869277775287628 0.8711416359322307 0.02078666289647424 0.023582931636839763
0 0.5146029591560364 0.8705685938441465 0.02078666289647413 0.023582931636839763
0 0.541275143623352 0.8700163198071856 0.02078666289647413 0.023582931636839763
0 0.5678999423980713 0.8692832769349564 0.020858446756998772 0.02345725362615079
