0 0.1490345030534463 0.07834590794791987 0.02264847358067834 0.024076593014621003
0 0.17628979927203692 0.07844525594287068 0.02264847358067834 0.024076593014621023
0 0.8259807825088501 0.09279768353895287 0.02264847358067823 0.024076593014620992
0 0.851193368434906 0.09342228811840679 0.02264847358067823 0.024076593014620992
0 0.8791176676750183 0.09380318674930306 0.02072387933731079 0.021665680316067484
0 0.9033681750297546 0.09433794066470398 0.02072387933731079 0.021665680316067484
0 0.28716638684272766 0.11248851376910542 0.023555775483449337 0.025030461392661383
0 0.31610849499702454 0.1129490941069847 0.023304462432861328 0.0247851379157961
0 0.34432512521743774 0.11399522433063569 0.023304462432861328 0.0247851379157961
0 0.3724592626094818 0.1150382961365976 0.023304462432861328 0.0247851379157961
0 0.3989757001399994 0.11602139179711908 0.023304462432861328 0.0247851379157961
0 0.42593619227409363 0.11702095076095226 0.023304462432861328 0.0247851379157961
0 0.2859380543231964 0.1454806216927462 0.022456149260203007 0.024056804272555552
0 0.3149542510509491 0.14669728973856141 0.02215685447057092 0.023810726727626134
0 0.34307828545570374 0.147813830264779 0.02215685447057092 0.023810726727626134
0 0.3702440559864044 0.14889232715775422 0.02215685447057092 0.023810726727626134
0 0.39721953868865967 0.14996326951324565 0.02215685447057092 0.023810726727626134
0 0.42441901564598083 0.15104310457096543 0.02215685447057092 0.023810726727626134
0 0.28614234924316406 0.17865780943140158 0.023093382517496708 0.02457280491673669
0 0.3147401809692383 0.17978628846101982 0.02319069703420007 0.02458219749982967
0 0.3423064947128296 0.18068005317865415 0.022912462552388546 0.024214156838350518
0 0.36959174275398254 0.18149031587687678 0.022912462552388546 0.024214156838350497
0 0.39631387591362 0.18228385631614769 0.022912462552388546 0.024214156838350497
0 0.42453524470329285 0.18312191805517122 0.022912462552388546 0.02421415683835054
0 0.45243072509765625 0.18395030221273734 0.022912462552388546 0.024214156838350518
0 0.47974902391433716 0.18475807224892019 0.022833863894144657 0.024348732112914086
0 0.5059506893157959 0.21960409297499545 0.0213320255279541 0.023363911828329396
0 0.5319811701774597 0.22034183768338936 0.022138476371765137 0.02375185766885447
0 0.17363175749778748 0.24561990693558095 0.02285944918791455 0.024961900341418333
0 0.2011946588754654 0.24669690999675212 0.02286788821220398 0.024676478186319042
0 0.229030042886734 0.24691288970237554 0.02286788821220398 0.024676478186319042
0 0.2570137307047844 0.24713002012366786 0.02286788821220398 0.024676478186319042
0 0.2852006256580353 0.2473487272653397 0.02286788821220398 0.024676478186319042
0 0.3134600818157196 0.2475679974223292 0.02286788821220398 0.024676478186319042
0 0.369332492351532 0.24800152141377518 0.02286788821220398 0.024676478186319042
0 0.39682653546333313 0.2499666879343432 0.02157134811083472 0.023422078568806046
0 0.42410874366760254 0.25002719080725383 0.021884799003601074 0.023825076199317136
0 0.4523499310016632 0.25069716249055374 0.021884799003601074 0.023825076199317136
0 0.47927120327949524 0.25133582154873013 0.021884799003601074 0.023825076199317136
0 0.5052254050970078 0.2519515385890478 0.021884799003601074 0.023825076199317136
0 0.5593052506446838 0.25323448624721795 0.021884799003601074 0.023825076199317136
0 0.6129176020622253 0.2554507588231286 0.021424571673075432 0.02364553407181141
0 0.6391265988349915 0.2558406075419231 0.021424571673075432 0.02364553407181141
0 0.6653051972389221 0.25591189362281974 0.0210223992665608 0.023887708205585303
0 0.6919848918914795 0.2564230242943416 0.0210223992665608 0.023887708205585303
0 0.7186151146888733 0.25693320718205703 0.0210223992665608 0.023887708205585303
0 0.7454214692115784 0.2574467644085049 0.0210223992665608 0.023887708205585303
0 0.7708593606948853 0.25793410456457805 0.0210223992665608 0.023887708205585303
0 0.17293350398540497 0.28029727935791016 0.02174923817316693 0.024107763009477926
0 0.20048631727695465 0.28054636079527884 0.02174923817316693 0.024107763009477926
0 0.2283376306295395 0.2805800289619119 0.02206502358118695 0.023939753687658976
0 0.25620609521865845 0.2809898908748183 0.02206502358118692 0.023939753687658976
0 0.28485938906669617 0.2814112952830185 0.022065023581186893 0.023939753687658976
0 0.3130570650100708 0.2818259989120867 0.022065023581186893 0.023939753687658976
0 0.3412267565727234 0.28224029097446174 0.022065023581186893 0.023939753687658976
0 0.3683917224407196 0.2826398065214733 0.022065023581186893 0.023939753687658976
0 0.39596065878868103 0.28313392816587934 0.021679282188415527 0.023910670317420692
0 0.42357149720191956 0.28386435397835663 0.02151576677958167 0.023913657018380545
0 0.47858116030693054 0.2853316588883288 0.02151576677958167 0.023913657018380545
0 0.5049323290586472 0.28593639886837974 0.020660479863484682 0.023772882860760357
0 0.5317264795303345 0.2865870497947515 0.020660479863484627 0.023772882860760357
0 0.5591720938682556 0.2872535204265665 0.020660479863484627 0.023772882860760357
0 0.5857821106910706 0.28789969997664505 0.020660479863484627 0.023772882860760357
0 0.6124777793884277 0.28854795943859013 0.020660479863484627 0.023772882860760357
0 0.6393028497695923 0.28919936120301387 0.020660479863484627 0.023772882860760357
0 0.6656528115272522 0.2888459598403447 0.02073880036671949 0.023792266845703125
0 0.17242053151130676 0.314526824064033 0.021941194931666075 0.02410865014837691
0 0.1997605711221695 0.31459871220194 0.022244671980539976 0.0240601975788442
0 0.2276616245508194 0.3138824752527558 0.021791895230611147 0.024163031762884542
0 0.28423190116882324 0.31507931199184686 0.021791895230611202 0.024163031762884542
0 0.3124615550041199 0.31567655649659 0.021791895230611202 0.024163031762884542
0 0.3407340943813324 0.316329450722179 0.02135978142420447 0.02374893011048783
0 0.3676513135433197 0.3168441861174827 0.02135978142420447 0.02374893011048783
0 0.3952902555465698 0.3173727229493228 0.02135978142420447 0.02374893011048783
0 0.4512200355529785 0.31844226275756227 0.02135978142420447 0.02374893011048783
0 0.47843289375305176 0.3189626516297806 0.02135978142420447 0.02374893011048783
0 0.5317674875259399 0.31998256394107255 0.021359781424204582 0.02374893011048783
0 0.5589950084686279 0.32092263054700015 0.020795106887817383 0.023260929787805865
0 0.585488498210907 0.3213468835127217 0.020795106887817383 0.023260929787805865
0 0.6123937368392944 0.3217777300109588 0.020795106887817383 0.023260929787805865
0 0.6390195488929749 0.32220410191735555 0.020795106887817383 0.023260929787805865
0 0.6655288934707642 0.32201161495474884 0.020499587059020996 0.023407115492709848
0 0.6916007399559021 0.3226787434067837 0.02051456769307447 0.023179135581319673
0 0.17216886579990387 0.3487471425256064 0.02163339157899219 0.023873454840608373
0 0.19926157593727112 0.34876657790631704 0.02163339157899219 0.023873454840608373
0 0.22742246091365814 0.3487867795590085 0.02163339157899219 0.023873454840608373
0 0.2552107200026512 0.34880671390267304 0.021633391578992217 0.023873454840608373
0 0.2832292318344116 0.34882681342175537 0.021633391578992245 0.023873454840608373
0 0.31158193945884705 0.3497643138087073 0.021925071875254276 0.023765194323635812
0 0.3677492141723633 0.35061339287704496 0.021925071875254276 0.023765194323635812
0 0.39483028650283813 0.35151124555011126 0.02136622865994775 0.02387372098227807
0 0.4225614666938782 0.351698964141136 0.02146529157956445 0.023601620696311772
0 0.4503425359725952 0.35186195373535156 0.021167169014612797 0.02331464604813926
0 0.4779605269432068 0.3525888753491779 0.021057675282160404 0.02370191174884175
0 0.5038902014493942 0.3529597035790673 0.02105767528216046 0.02370191174884175
0 0.5589045286178589 0.3537464803493492 0.021057675282160515 0.02370191174884175
0 0.5855988264083862 0.35412824369140117 0.021057675282160515 0.02370191174884175
0 0.6121202707290649 0.3545075350029524 0.021057675282160515 0.02370191174884175
0 0.6384584307670593 0.3548987632574037 0.02107343077659607 0.023455508919649346
0 0.6653479933738708 0.3552805409101836 0.02109762032826734 0.023308214291121634
0 0.7184684872627258 0.3557150641153025 0.021076440811157227 0.02333043712054115
0 0.7446871995925903 0.3561567365749603 0.021076440811157227 0.02333043712054115
0 0.7707354426383972 0.35659553736086697 0.021076440811157227 0.02333043712054115
0 0.7967791557312012 0.35703426183656206 0.021076440811157227 0.02333043712054115
0 0.5040682703256607 0.38696772553199943 0.021086424589157104 0.023721473161564317
0 0.5313335657119751 0.38712066827818403 0.021015405654907227 0.023471832275390625
0 0.11841730400919914 0.41768548552363916 0.021334836880366012 0.024016653844552503
0 0.14421474933624268 0.4176370487656704 0.021413668990135193 0.023997048074884987
0 0.1715685874223709 0.4176029226812562 0.021413668990135193 0.023997048074884987
0 0.19906514883041382 0.41756861853816823 0.021413668990135193 0.023997048074884987
0 0.22770385444164276 0.4175328894795211 0.021413668990135193 0.023997048074884987
0 0.2552156075835228 0.41749856638353927 0.021413668990135193 0.023997048074884987
0 0.3118246793746948 0.41804939092591753 0.021238724390665653 0.023820714433063776
0 0.3403523564338684 0.41838039089602913 0.021238724390665653 0.023820714433063776
0 0.36778900027275085 0.41869873186265594 0.021238724390665653 0.023820714433063776
0 0.395164430141449 0.41823706515999726 0.020981649557749393 0.02356855998667641
0 0.42306143045425415 0.4187547038327062 0.020981649557749393 0.02356855998667641
0 0.4506511688232422 0.41926664115175744 0.020981649557749393 0.02356855998667641
0 0.4775787889957428 0.41976629263431864 0.020981649557749393 0.02356855998667641
0 0.5047100186347961 0.4202697221622911 0.02098164955774945 0.02356855998667641
0 0.5315941572189331 0.42048760347588116 0.02099088827768969 0.023392137630965305
0 0.5850213170051575 0.4209589826117593 0.02099088827768969 0.023392137630965305
0 0.6119356155395508 0.4209955397449135 0.020632942517598396 0.0230502934418908
0 0.6380270719528198 0.42097678906295394 0.020985841751098633 0.02299446283384811
0 0.664537250995636 0.4211790395337482 0.020985841751098633 0.02299446283384811
0 0.6906004548072815 0.4213778799577527 0.020985841751098633 0.02299446283384811
0 0.71726393699646 0.4215813000032027 0.020985841751098633 0.02299446283384811
0 0.7441443204879761 0.4217863748239916 0.020985841751098633 0.02299446283384811
0 0.11886515840888023 0.45178306934445406 0.021177463233470917 0.024149754250696407
0 0.14448106288909912 0.4518893736707605 0.021252453327178955 0.0238145044607709
0 0.17155233025550842 0.45193579030591385 0.021252453327178955 0.0238145044607709
0 0.22712261974811554 0.4520310716171963 0.021252453327178955 0.0238145044607709
0 0.25459954142570496 0.4520781837908299 0.021252453327178955 0.0238145044607709
0 0.31150907278060913 0.4521757613780887 0.021252453327178955 0.0238145044607709
0 0.3676906228065491 0.45227209076210356 0.021252453327178955 0.0238145044607709
0 0.3947681784629822 0.4528008693016598 0.021296292543411255 0.024228680041409333
0 0.4221070110797882 0.45270467358966204 0.020668109258015988 0.023488126059835215
0 0.4504467248916626 0.45301519502422377 0.020668109258015988 0.023488126059835215
0 0.47766903042793274 0.45331347289051815 0.020668109258015988 0.023488126059835215
0 0.5046268850564957 0.4536088531384464 0.020668109258015932 0.023488126059835215
0 0.5314416885375977 0.4539026659588481 0.020668109258015877 0.023488126059835215
0 0.5582708716392517 0.45360228321013846 0.020298878351847405 0.02304704059926109
0 0.5850469470024109 0.45376125601835027 0.020298878351847405 0.02304704059926109
0 0.6383861899375916 0.45407793757538545 0.020298878351847405 0.02304704059926109
0 0.6645599007606506 0.45428922859176163 0.020666201909383064 0.022819312043892266
0 0.6907857060432434 0.45411298848356046 0.020804444948832268 0.022816946340161702
0 0.7175396680831909 0.45435271152230194 0.020804444948832268 0.022816946340161702
0 0.7442300915718079 0.4545918652377193 0.020804444948832268 0.022816946340161702
0 0.7696664929389954 0.45481978256156397 0.020804444948832268 0.022816946340161702
0 0.7945529818534851 0.45504277251487557 0.020804444948832268 0.022816946340161702
0 0.11861171945929527 0.48677409402239813 0.021177567541599274 0.023562823155129548
0 0.17122402787208557 0.48670784661264954 0.02152913808822632 0.024162558622138446
0 0.19895076751708984 0.4865031131478243 0.02152913808822632 0.024162558622138446
0 0.22673459351062775 0.48629795815900884 0.02152913808822632 0.024162558622138446
0 0.25457509607076645 0.4860923846720215 0.02152913808822632 0.024162558622138446
0 0.28266701102256775 0.48588495476301324 0.02152913808822632 0.024162558622138446
0 0.3113025724887848 0.48567351058345026 0.02152913808822632 0.024162558622138446
0 0.33946874737739563 0.4862190512723701 0.021253854036331177 0.023968304774557952
0 0.367445707321167 0.48617323054823763 0.021223093072573307 0.023893489394077035
0 0.39461955428123474 0.48667335510253906 0.020948350429534912 0.023602152979651164
0 0.4502738118171692 0.4864853703698447 0.02070196469624841 0.023504301559093388
0 0.47767701745033264 0.4867043752459496 0.02070196469624841 0.023504301559093388
0 0.5038874745368958 0.4869138477428443 0.020701964696248354 0.023504301559093388
0 0.5316116213798523 0.487135417563023 0.0207019646962483 0.023504301559093388
0 0.5584529042243958 0.4873499315838481 0.0207019646962483 0.023504301559093388
0 0.5849764943122864 0.48739574394208995 0.020417094230651855 0.023337460303491455
0 0.6386867165565491 0.487488513885169 0.020417094230651855 0.023337460303491455
0 0.664909303188324 0.4875338063410101 0.020417094230651855 0.023337460303491455
0 0.6913262009620667 0.4875794344170149 0.020417094230651855 0.023337460303491455
0 0.7175177335739136 0.4877280569944949 0.020375609397888184 0.023275567579638997
0 0.1180083341896534 0.5199598268020985 0.020728684961795807 0.02383780664251762
0 0.14331260323524475 0.5200551313674248 0.020728684961795807 0.02383780664251762
0 0.19882142543792725 0.5202641966505306 0.020728684961795807 0.02383780664251762
0 0.22661758959293365 0.5203688865484193 0.020728684961795807 0.02383780664251762
0 0.25487619638442993 0.5204753181640546 0.020728684961795807 0.02383780664251762
0 0.28294822573661804 0.5203337906200711 0.021251658598581913 0.02364600721255759
0 0.31108543276786804 0.520393801922432 0.021251658598581913 0.02364600721255759
0 0.33902257680892944 0.5204533865285474 0.021251658598581913 0.02364600721255759
0 0.36687394976615906 0.5205127882012808 0.021251658598581913 0.02364600721255759
0 0.3946824073791504 0.5201278065526208 0.021201133728027344 0.023789132288259997
0 0.4225665330886841 0.5208239003919601 0.020447174708048466 0.023381787677143894
0 0.4772275984287262 0.5206400849098383 0.020447174708048466 0.023381787677143894
0 0.5309639573097229 0.5207115646509514 0.02047145366668701 0.023315991542136077
0 0.5583671927452087 0.520622830058253 0.02047145366668701 0.023315991542136077
0 0.5851117968559265 0.5205362281838786 0.02047145366668701 0.023315991542136077
0 0.6116393804550171 0.5204503290450168 0.02047145366668701 0.023315991542136077
0 0.6385029554367065 0.5203633419303006 0.02047145366668701 0.023315991542136077
0 0.6652546525001526 0.5202767170881903 0.02047145366668701 0.023315991542136077
0 0.6914991140365601 0.5204595521438954 0.02033054828643799 0.023197085358375728
0 0.17066870629787445 0.5547228968420694 0.02147426207860309 0.02397356846535847
0 0.22598713636398315 0.5549332818319631 0.021638651688893618 0.02382911268130759
0 0.25432345271110535 0.5544617899207075 0.021434783935546875 0.02371532233186465
0 0.28239959478378296 0.5544709050378134 0.021434783935546875 0.02371532233186465
0 0.31096383929252625 0.5544801786208102 0.021434783935546875 0.02371532233186465
0 0.33921757340431213 0.5544893513944213 0.021434783935546875 0.02371532233186465
0 0.3669717609882355 0.554498361986737 0.02109318971633911 0.023408638414486378
0 0.3945290446281433 0.5543424611406657 0.02109318971633911 0.023408638414486378
0 0.4497387111186981 0.5536106134684126 0.020490864912668827 0.023441994837088122
0 0.47659555077552795 0.5536652942036473 0.020490864912668827 0.023441994837088122
0 0.5038059949874878 0.5537206948805172 0.020490864912668882 0.023441994837088122
0 0.5314025282859802 0.5537768816377818 0.020490864912668938 0.023441994837088122
0 0.558468222618103 0.5538319876027662 0.020490864912668938 0.023441994837088122
0 0.5854876637458801 0.5538869993958653 0.020490864912668938 0.023441994837088122
0 0.611970067024231 0.5536499467006949 0.020606358846028572 0.023461866748425333
0 0.6385618448257446 0.5535133273102516 0.020281831423441643 0.02322748465131414
0 0.6648554801940918 0.553408715515869 0.020281831423441643 0.02322748465131414
0 0.1699170470237732 0.5886650972588118 0.02145927151044208 0.023862055105756366
0 0.19862832129001617 0.5894936406335165 0.021225442488988222 0.02414936982384029
0 0.22501318156719208 0.5894264623916992 0.021225442488988222 0.02414936982384029
0 0.2537012994289398 0.5898431691588648 0.02135243018468222 0.02415321409240244
0 0.31036141514778137 0.5892905301825945 0.02141271034876502 0.02406219364136683
0 0.33909860253334045 0.5891465427707174 0.02128911018371582 0.02428838448931086
0 0.3662836253643036 0.5888125397438226 0.02128911018371582 0.02428838448931086
0 0.3942130208015442 0.5884693911405133 0.02128911018371582 0.02428838448931086
0 0.4225563704967499 0.5881211565758635 0.02128911018371582 0.02428838448931086
0 0.4495547413825989 0.587789446808571 0.02128911018371582 0.02428838448931086
0 0.4773027300834656 0.5874485270207174 0.02128911018371582 0.02428838448931086
0 0.5311189293861389 0.5873779271850658 0.020807504653930664 0.023636869681898067
0 0.5848934650421143 0.5871066159980242 0.020807504653930664 0.023636869681898067
0 0.6119940876960754 0.5869698839553925 0.020807504653930664 0.023636869681898067
0 0.6383527517318726 0.5869680892589481 0.0209272106488545 0.023453557214071583
0 0.6650210618972778 0.5868810392165833 0.020943919817606682 0.02332010195236792
0 0.6910582184791565 0.5868077389029569 0.020943919817606682 0.02332010195236792
0 0.7184457778930664 0.586541470616289 0.021266420682271248 0.02306969221248183
0 0.7444063425064087 0.5862890759083103 0.021266420682271248 0.02306969221248183
0 0.7694087028503418 0.5860459970873456 0.021266420682271248 0.02306969221248183
0 0.16963902115821838 0.6239852131468894 0.021646936734517397 0.02454467891722692
0 0.22544600069522858 0.6239121902820676 0.021646936734517397 0.02454467891722692
0 0.2536630630493164 0.623982451682867 0.021825671195983887 0.02485307796980978
0 0.2822990119457245 0.6238322475084033 0.021825671195983887 0.02485307796980978
0 0.31016045808792114 0.623686105834094 0.021825671195983887 0.02485307796980978
0 0.33823803067207336 0.6235388305115194 0.021825671195983887 0.02485307796980978
0 0.36577102541923523 0.6233944116636764 0.021825671195983887 0.02485307796980978
0 0.3940134644508362 0.6231979547544967 0.02159629265467322 0.024191035780795785
0 0.44974252581596375 0.622796940864751 0.02159629265467322 0.024191035780795785
0 0.47686877846717834 0.6217616024537037 0.021059562762578365 0.023820152578427865
0 0.5039178282022476 0.621214405990784 0.020622968673706055 0.02360241912132086
0 0.5311909914016724 0.6210473082786383 0.020622968673706055 0.02360241912132086
0 0.5581056475639343 0.6208824070739258 0.020622968673706055 0.02360241912132086
0 0.5854044556617737 0.6207053605900255 0.02072219053904223 0.02329035322795548
0 0.6388106346130371 0.6204078433605011 0.02072219053904223 0.02329035322795548
0 0.6653886437416077 0.6202597815482263 0.02072219053904223 0.02329035322795548
0 0.6920311450958252 0.6201113604601395 0.02072219053904223 0.02329035322795548
0 0.7186065316200256 0.6199633132579715 0.02072219053904223 0.02329035322795548
0 0.7447516918182373 0.619824183371159 0.020687778790791755 0.023236326469007442
0 0.16951890289783478 0.6587281572016015 0.021964838107426943 0.024728671524875904
0 0.22538702189922333 0.6585256443467251 0.021964838107426943 0.024728671524875904
0 0.28136035799980164 0.658322750096958 0.021964838107427 0.024728671524875904
0 0.3100587725639343 0.6582187230065943 0.021964838107427 0.024728671524875904
0 0.3388479948043823 0.6581143667531568 0.021964838107427 0.024728671524875904
0 0.3657340407371521 0.6580169092046388 0.021964838107427 0.024728671524875904
0 0.3937967121601105 0.6573063162870185 0.021430989106496212 0.023916762004527067
0 0.42201945185661316 0.6567566450252089 0.021335919698079464 0.023693617000136266
0 0.4494309723377228 0.6563802490042442 0.021335919698079464 0.023693617000136266
0 0.47703462839126587 0.6560012147106233 0.021335919698079464 0.023693617000136266
0 0.5037941336631775 0.6556337717110906 0.02133591969807941 0.023693617000136266
0 0.5318901538848877 0.6552479766135992 0.021335919698079353 0.023693617000136266
0 0.585428774356842 0.6544934206230696 0.021196146806081062 0.023449979087178965
0 0.612197756767273 0.6541201173826453 0.021196146806081062 0.023449979087178965
0 0.6390470266342163 0.6539875085375356 0.020752271016438728 0.02353313357331032
0 0.665216326713562 0.6538081982653845 0.020752271016438728 0.02353313357331032
0 0.6923349499702454 0.6536223832951036 0.020752271016438728 0.02353313357331032
0 0.7186686396598816 0.6534419466364739 0.020752271016438728 0.02353313357331032
0 0.7451738119125366 0.653218291526617 0.020560026168823242 0.02350104871646384
0 0.1688879281282425 0.6923314915146939 0.02226416269938153 0.024839031603909333
0 0.19698593020439148 0.6925542270087115 0.02226416269938153 0.024839031603909333
0 0.25270628929138184 0.6929959275137668 0.0222641626993815 0.024839031603909333
0 0.28068193793296814 0.6932176931006494 0.022264162699381473 0.024839031603909333
0 0.3096679449081421 0.693447467892669 0.022264162699381473 0.024839031603909333
0 0.3380739390850067 0.6929216260825843 0.02179817358652747 0.024271913277086308
0 0.36508801579475403 0.6924215509608911 0.02179817358652747 0.024271913277086308
0 0.3935263752937317 0.6918576262718024 0.02149013678232825 0.02388015273929561
0 0.4212261438369751 0.6913539574174539 0.02149013678232825 0.02388015273929561
0 0.4487009644508362 0.6911576736805051 0.021228154500325558 0.023546558941981644
0 0.5036396980285645 0.6900237748913663 0.021228154500325502 0.023546558941981644
0 0.5316116809844971 0.6894464518346078 0.021228154500325447 0.023546558941981644
0 0.5585313439369202 0.6888908479602922 0.021228154500325447 0.023546558941981644
0 0.5849095582962036 0.6883464192235192 0.021228154500325447 0.023546558941981644
0 0.6119134426116943 0.6883120730303305 0.02128668626149488 0.023416386094204215
0 0.639009952545166 0.6880125888558322 0.02128668626149488 0.023416386094204215
0 0.6660275459289551 0.6877139769064946 0.02128668626149488 0.023416386094204215
0 0.6918103098869324 0.6869261091773672 0.02131454149882006 0.023702429246532878
0 0.7452993988990784 0.6860857675241869 0.02171170711517334 0.023868915646575218
0 0.7712633609771729 0.6858029086102458 0.02171170711517334 0.023868915646575218
0 0.7977351546287537 0.6855145172322336 0.02171170711517334 0.023868915646575218
0 0.8241298794746399 0.6852269654640856 0.02171170711517334 0.023868915646575218
0 0.8498697280883789 0.6849465481070585 0.02171170711517334 0.023868915646575218
0 0.16818256676197052 0.7271957841030386 0.021879583597183228 0.024400223133175872
0 0.1962246149778366 0.7282317919367427 0.022059082984924316 0.02453394453654923
0 0.22436077892780304 0.7281141059343205 0.022059082984924316 0.02453394453654923
0 0.25226321816444397 0.7279973975394793 0.022059082984924316 0.02453394453654923
0 0.2799498438835144 0.7281478172124818 0.021965781847635868 0.02441595506298455
0 0.3086581826210022 0.7277555457105006 0.021965781847635868 0.02441595506298455
0 0.3370407521724701 0.7273677255273181 0.021965781847635868 0.02441595506298455
0 0.36469852924346924 0.7269898089278133 0.021965781847635868 0.02441595506298455
0 0.3926047086715698 0.7266084981519122 0.021965781847635868 0.02441595506298455
0 0.4488288462162018 0.7254529976802935 0.02111998200416565 0.024022508961285785
0 0.476169615983963 0.7248691292696221 0.02111998200416565 0.024022508961285785
0 0.5032133907079697 0.7242916032562441 0.02111998200416565 0.024022508961285785
0 0.5314070582389832 0.7236895210181742 0.02111998200416565 0.024022508961285785
0 0.5582379102706909 0.7231165420177371 0.02111998200416565 0.024022508961285785
0 0.5852110385894775 0.7225405246745497 0.02111998200416565 0.024022508961285785
0 0.612189769744873 0.7221317734829215 0.021080146233240837 0.02392172998236137
0 0.6391081809997559 0.7215667990751045 0.021144549051920647 0.02365928472474564
0 0.6655576825141907 0.721059938792103 0.02105104923248291 0.023790167283642253
0 0.6916751861572266 0.720205218292946 0.021253466606140137 0.023722537728243096
0 0.11538617685437202 0.7614136215450773 0.02223738034566243 0.024820845256480026
0 0.16848205029964447 0.7624938600921178 0.022264917691548647 0.024727340816527263
0 0.19561968743801117 0.7625955980877543 0.022264917691548647 0.024727340816527263
0 0.22373083233833313 0.7627009857279023 0.022264917691548647 0.024727340816527263
0 0.2518911063671112 0.7628065575513316 0.022264917691548675 0.024727340816527263
0 0.28024065494537354 0.7631451781210863 0.022047698497772217 0.024417137914849917
0 0.30831313133239746 0.7624819555947947 0.022047698497772217 0.024417137914849917
0 0.3368303179740906 0.7618082266260183 0.022047698497772217 0.024417137914849917
0 0.3648831844329834 0.761145467391454 0.022047698497772217 0.024417137914849917
0 0.39375126361846924 0.7604634484579397 0.022047698497772217 0.024417137914849917
0 0.4488556981086731 0.7591615860305354 0.022047698497772217 0.024417137914849917
0 0.47641342878341675 0.7591405927555882 0.02157348394393921 0.023861670678900083
0 0.5037544965744019 0.7586507575456486 0.02157348394393921 0.023861670678900083
0 0.5307707786560059 0.7582055690934799 0.021588782469431633 0.023802823798601016
0 0.5586963891983032 0.7571232324206777 0.02147543430328369 0.023687495741733285
0 0.5848694443702698 0.7564790415209394 0.02147543430328369 0.023687495741733285
0 0.6122391819953918 0.755308794420819 0.021737734476725334 0.02372299608334093
0 0.11486224085092545 0.7945274530455123 0.02115946511427562 0.02459373769834049
0 0.14067085087299347 0.797005893730355 0.02215363085269928 0.024966217750726744
0 0.16771776974201202 0.797494345865396 0.02194280425707501 0.02464004634886738
0 0.19522911310195923 0.7975844449775163 0.02194280425707501 0.02464004634886738
0 0.223002091050148 0.7976754009378025 0.02194280425707501 0.02464004634886738
0 0.2514618709683418 0.7975660812023074 0.02211645742257437 0.02460189937621113
0 0.2793385088443756 0.7972189934681976 0.022116457422574398 0.02460189937621113
0 0.3083318769931793 0.7968580014970807 0.022116457422574398 0.02460189937621113
0 0.3356446623802185 0.7969294703283976 0.021990497907002804 0.024478823639625728
0 0.36448779702186584 0.7961801670764906 0.021990497907002804 0.024478823639625728
0 0.42108237743377686 0.7947099210831261 0.021990497907002804 0.024478823639625728
0 0.44867753982543945 0.7939930383595988 0.021990497907002804 0.024478823639625728
0 0.4758087396621704 0.7932882087175236 0.021990497907002804 0.024478823639625728
0 0.5030991435050964 0.7925847140626779 0.021737356980641664 0.02425899062045785
0 0.530411958694458 0.7918159790724494 0.02173735698064161 0.02425899062045785
0 0.5580980181694031 0.7910367389057957 0.02173735698064161 0.02425899062045785
0 0.1142156645655632 0.8307643837517756 0.022187218070030212 0.024877444718235112
0 0.16685457527637482 0.8320949522811859 0.022415712475776672 0.0248209043990734
0 0.19450201094150543 0.8329521491492579 0.022403771678606688 0.025023053782855003
0 0.2226003110408783 0.8326920797658521 0.022403771678606688 0.025023053782855003
0 0.25119610875844955 0.8330708550359976 0.02230773369471231 0.024434525837269974
0 0.27952295541763306 0.832533459330714 0.022173623243967655 0.024232080740522154
0 0.30744484066963196 0.8318517421886771 0.022173623243967655 0.024232080740522154
0 0.33554914593696594 0.8311655712337841 0.022173623243967655 0.024232080740522154
0 0.3639008104801178 0.8309327059013899 0.021786928176879883 0.024054475532945846
0 0.39251935482025146 0.830031974883712 0.021786928176879883 0.024054475532945846
0 0.4485757648944855 0.8282676731535666 0.021786928176879883 0.024054475532945846
0 0.47581765055656433 0.827410270655933 0.021786928176879883 0.024054475532945846
0 0.5037800669670105 0.826530190401299 0.021786928176879883 0.024054475532945846
0 0.5303592085838318 0.826197158458621 0.021871864795684814 0.02425319464631794
0 0.11411724984645844 0.8636821480684502 0.0225222110748291 0.024588710577913144
0 0.13996745645999908 0.8648796053271851 0.0225222110748291 0.024588710577913144
0 0.16664932668209076 0.8661155876793468 0.0225222110748291 0.024588710577913144
0 0.19441433250904083 0.8674017440441043 0.023286789655685425 0.024558606997940782
0 0.22291779518127441 0.8678085859431777 0.022929221391677856 0.024460726006086484
0 0.25169259309768677 0.8672722873417118 0.022929221391677856 0.024460726006086484
0 0.27987977862358093 0.8667469405357772 0.022929221391677856 0.024460726006086484
0 0.30873817205429077 0.8662090838987853 0.022929221391677856 0.024460726006086484
0 0.3365459740161896 0.8656908079635265 0.022929221391677856 0.024460726006086484
0 0.393113911151886 0.8646526960723024 0.023233433564504025 0.024505615234375
0 0.4209778904914856 0.8630149309025255 0.022849877675374386 0.024646847747093022
0 0.4486576318740845 0.8621260069815873 0.022849877675374386 0.024646847747093022
0 0.4760974645614624 0.8617035621820495 0.022915999094645145 0.02444534893183756
