0 0.10562556236982346 0.12957372268040976 0.021705225110054016 0.022503892580668133
0 0.12919636070728302 0.12650054693222046 0.021278738975524902 0.02150591214497884
0 0.151955246925354 0.1249579389890035 0.02105700969696045 0.02122974395751953
0 0.08214426785707474 0.16617447521482184 0.02112436791261038 0.021547493007447998
0 0.10666627436876297 0.16373529533545175 0.02112436791261038 0.021547493007447998
0 0.1291600577533245 0.16149786081652767 0.021124367912610367 0.021547493007447998
0 0.1531156301498413 0.15911502358171467 0.021124367912610353 0.021547493007447977
0 0.1761440932750702 0.1568244049946467 0.021124367912610353 0.021547493007447998
0 0.20049859583377838 0.15440188656880116 0.021124367912610353 0.021547493007447998
0 0.22506508231163025 0.15171639124552408 0.022534688313802065 0.022233075565762
0 0.2496289312839508 0.1493718999314863 0.022534688313802093 0.022233075565762
0 0.2751222252845764 0.14693869793541361 0.02253468831380212 0.022233075565762
0 0.3260102868080139 0.1420816977818807 0.02253468831380212 0.022233075565762
0 0.35140565037727356 0.13918916384379068 0.023274223009745243 0.023179743025037964
0 0.3776583969593048 0.13697469742744398 0.023274223009745243 0.023179743025037964
0 0.4038323760032654 0.1347668751946767 0.023274223009745243 0.023179743025037964
0 0.4302308261394501 0.13254011842134175 0.023274223009745243 0.023179743025037964
0 0.45632442831993103 0.13033907612164816 0.023274223009745243 0.023179743025037964
0 0.48348939418792725 0.12735910949129794 0.02374860644340515 0.02382245328691272
0 0.5112547427415848 0.12485980969790815 0.02374860644340515 0.02382245328691272
0 0.5390973687171936 0.12235355377197266 0.02374860644340515 0.02382245328691272
0 0.08224975317716599 0.20057948430379233 0.02169803778330484 0.022242996427747963
0 0.10669734328985214 0.19954206441361258 0.021236578623453767 0.022161629464891197
0 0.1531400978565216 0.19554791847864786 0.021236578623453795 0.022161629464891197
0 0.1767260730266571 0.19351948955088602 0.021236578623453795 0.022161629464891197
0 0.20140987634658813 0.1915987602458927 0.022149130702018738 0.022783421807818966
0 0.22514288127422333 0.18935557206471762 0.022149130702018738 0.022783421807818966
0 0.2499421164393425 0.1870116062924019 0.022149130702018738 0.022783421807818966
0 0.30156397819519043 0.18213242851722963 0.022149130702018738 0.022783421807818966
0 0.3526025116443634 0.17730838557084402 0.023517827192942264 0.02389495571454366
0 0.37891581654548645 0.17513327982960378 0.023517827192942264 0.02389495571454366
0 0.4047294557094574 0.17299947736887747 0.023517827192942264 0.02389495571454366
0 0.43107742071151733 0.17084304491678873 0.023849129676818848 0.024530337916480165
0 0.45788905024528503 0.16859738904940536 0.023849129676818848 0.024530337916480165
0 0.4856715500354767 0.16627041621152377 0.023849129676818848 0.024530337916480183
0 0.5124639868736267 0.16402636786260436 0.023849129676818848 0.024530337916480183
0 0.5400955080986023 0.1617120405038198 0.023849129676818848 0.024530337916480183
0 0.17753726243972778 0.23028312524313152 0.02204708755016327 0.02297021283043758
0 0.22596095502376556 0.2259058157602946 0.021958952148755373 0.023123847113715252
0 0.25143665820360184 0.22372300762874642 0.0219589521487554 0.023123847113715252
0 0.2761553227901459 0.2216050640462028 0.02195895214875543 0.023123847113715252
0 0.3021562695503235 0.21937725201622957 0.02195895214875543 0.023123847113715252
0 0.32703888416290283 0.21724526087443033 0.02195895214875543 0.023123847113715252
0 0.353208065032959 0.21504231550489927 0.022517184416453007 0.023755206002129475
0 0.37966254353523254 0.21298499902089438 0.022517184416453007 0.023755206002129475
0 0.4064132571220398 0.21121718486150107 0.022595763206481934 0.02414211961958146
0 0.17842552065849304 0.2680276433626811 0.02204655110836029 0.023493409156799316
0 0.20262321829795837 0.26595286130370066 0.02204655110836029 0.023493409156799316
0 0.2268967479467392 0.26387157718428594 0.02204655110836029 0.023493409156799316
0 0.25139499455690384 0.26177102516894263 0.02204655110836029 0.023493409156799316
0 0.2766907811164856 0.25960208972295123 0.02204655110836029 0.023493409156799316
0 0.30246230959892273 0.25770333034879983 0.022655804951985714 0.023790862825181724
0 0.3286333978176117 0.2557751327597106 0.022655804951985714 0.023790862825181724
0 0.3539833128452301 0.25390743644416475 0.022655804951985714 0.023790862825181724
0 0.3800145387649536 0.25198954343795776 0.022655804951985714 0.023790862825181724
0 0.4062497615814209 0.2505207260449727 0.022536933422088623 0.024010750982496498
0 0.4335494339466095 0.24895565718504428 0.022536933422088623 0.024010750982496498
0 0.4605620205402374 0.24772105614344278 0.02260049184163415 0.024257659912109375
0 0.1780986189842224 0.30443971611562354 0.02222376068433124 0.02397739887237549
0 0.20260089635849 0.3026977777481079 0.022110710541407286 0.023748185899522545
0 0.2281053364276886 0.3009202201423043 0.022110710541407286 0.023748185899522545
0 0.2530583366751671 0.2985811442799428 0.022542297840118408 0.024724629190232994
0 0.3038368821144104 0.29550061623255414 0.022542297840118408 0.024724629190232994
0 0.3552437126636505 0.29238197268015526 0.022542297840118408 0.024724629190232994
0 0.3814393877983093 0.2907927874982135 0.022542297840118408 0.024724629190232994
0 0.4070327579975128 0.28924014170964557 0.022542297840118408 0.024724629190232994
0 0.4341060519218445 0.2875977149613472 0.022542297840118408 0.024724629190232994
0 0.461749792098999 0.28567298253377277 0.022883137067159054 0.02386597792307536
0 0.17824861407279968 0.3415195047855377 0.02163537840048474 0.023384186956617554
0 0.203065425157547 0.3401048183441162 0.022094647089640318 0.023777365684509277
0 0.22815415263175964 0.3386244777653871 0.022094647089640318 0.023777365684509277
0 0.25405658036470413 0.33709612544460527 0.02209464708964029 0.023777365684509277
0 0.3043639063835144 0.33412778134706 0.022094647089640262 0.023777365684509277
0 0.35585489869117737 0.3310895959536235 0.022094647089640262 0.02377736568450924
0 0.38255178928375244 0.3299112319946289 0.02265377839406335 0.024323311116960327
0 0.40830323100090027 0.32833097852029236 0.02265377839406335 0.024323311116960327
0 0.4350903332233429 0.3266871710853776 0.02265377839406335 0.024323311116960327
0 0.46342024207115173 0.32494868834813434 0.02265377839406335 0.024323311116960327
0 0.08555327355861664 0.4214136644739652 0.021442487835884094 0.023080825805664062
0 0.10884712636470795 0.4205888509750366 0.021442487835884094 0.023080825805664062
0 0.15596531331539154 0.4189204401301032 0.021442487835884094 0.023080825805664062
0 0.17996908724308014 0.41841158002539025 0.02142194906870526 0.0235745906829834
0 0.20485225319862366 0.41718939940134686 0.02142194906870526 0.0235745906829834
0 0.22929590940475464 0.41598880607454564 0.02142194906870526 0.0235745906829834
0 0.2541731595993042 0.414766916013547 0.02142194906870523 0.0235745906829834
0 0.27993494272232056 0.4135015805562337 0.022203683853149414 0.024619340896606445
0 0.3055426776409149 0.4124553746197826 0.022203683853149414 0.024619340896606445
0 0.3313131630420685 0.41133888562520343 0.022796233495076534 0.025109264585706875
0 0.3582170009613037 0.41027499288227015 0.022796233495076534 0.025109264585706875
0 0.38456639647483826 0.40923302516183985 0.022796233495076534 0.025109264585706875
0 0.41151440143585205 0.40816738586529705 0.022796233495076534 0.025109264585706875
0 0.4657100737094879 0.4060242573420207 0.022796233495076534 0.025109264585706875
0 0.4934486746788025 0.40511758011692467 0.023015757401784243 0.025269879235161625
0 0.5214868783950806 0.40395410855611164 0.023015757401784187 0.025269879235161625
0 0.5504986047744751 0.40275023975930585 0.023015757401784187 0.025269879235161625
0 0.6084780693054199 0.40100977931564086 0.024404525756835938 0.025679985682169598
0 0.6376171112060547 0.39990663528442383 0.024404525756835938 0.025679985682169598
0 0.6675283908843994 0.39877425592357363 0.024404525756835938 0.025679985682169598
0 0.6974599361419678 0.3976411093496888 0.024404525756835938 0.025679985682169598
0 0.7271465063095093 0.39651723702748615 0.024404525756835938 0.025679985682169598
0 0.757258951663971 0.3953772419490138 0.024404525756835938 0.025679985682169598
0 0.7878248691558838 0.39413223269075864 0.02431698640187574 0.025409221649169922
0 0.8188852071762085 0.39355238278706867 0.024960597356160408 0.025042348437839035
0 0.8505193591117859 0.3930399815241496 0.025421102841695076 0.02548360824584961
0 0.08680402487516403 0.4603377978006999 0.021874854962031037 0.024160067240397137
0 0.13229967653751373 0.45860811101812254 0.02187485496203105 0.024160067240397137
0 0.1562957912683487 0.45769580927132764 0.021874854962031065 0.024160067240397137
0 0.17961709201335907 0.4568091630935669 0.021874854962031065 0.024160067240397137
0 0.20500193536281586 0.45584406365186164 0.021874854962031065 0.024160067240397137
0 0.22999288141727448 0.4553665228332396 0.02199283242225647 0.024211194780137852
0 0.25527722388505936 0.45476061504458093 0.02199283242225647 0.024211194780137852
0 0.28093039989471436 0.454145868619283 0.02199283242225647 0.024211194780137852
0 0.3069637417793274 0.4535220119920918 0.02199283242225647 0.024211194780137852
0 0.3325860798358917 0.45147329036573836 0.022611955801645878 0.024832884470621746
0 0.38564959168434143 0.4500039682071904 0.022611955801645878 0.024832884470621746
0 0.41292330622673035 0.4493042627970378 0.022836387157440186 0.025376558303833008
0 0.4397764205932617 0.4484747820264443 0.022836387157440186 0.025376558303833008
0 0.46676936745643616 0.4476409818921641 0.022836387157440186 0.025376558303833008
0 0.4952385276556015 0.446761582183891 0.022836387157440186 0.025376558303833008
0 0.5234047770500183 0.445891539255778 0.022836387157440186 0.025376558303833008
0 0.5520443916320801 0.4447445472081502 0.02315635482470202 0.025901291105482265
0 0.5815902352333069 0.44398063738584986 0.023370951414108276 0.02568221092224121
0 0.6103313565254211 0.4431292215983073 0.023370951414108276 0.02568221092224121
0 0.08727475255727768 0.4982394377390544 0.021862412492434175 0.02400003539191357
0 0.13386685028672218 0.4964070717493693 0.020978428423404694 0.023653427759806316
0 0.15773670375347137 0.49583464553805173 0.020978428423404694 0.023653427759806316
0 0.1815379112958908 0.4952638655340072 0.020978428423404694 0.023653427759806316
0 0.20608021318912506 0.49467531324526665 0.020978428423404694 0.023653427759806316
0 0.2312082052230835 0.4940727154413859 0.020978428423404694 0.023653427759806316
0 0.2571796849370003 0.49337251981099445 0.02175914744536081 0.024649275673760258
0 0.3077930212020874 0.4925047557143291 0.022502601146697998 0.024558252758450028
0 0.33360740542411804 0.4917481342951457 0.022502601146697998 0.024558252758450028
0 0.3609774708747864 0.49016284942626953 0.02225285768508911 0.025224394268459793
0 0.38746875524520874 0.489744757540042 0.02225285768508911 0.025224394268459793
0 0.41499707102775574 0.4893102989721123 0.02225285768508911 0.025224394268459793
0 0.44114378094673157 0.4888976452435949 0.02225285768508911 0.025224394268459793
0 0.4683059751987457 0.4884689648946126 0.02225285768508911 0.025224394268459793
0 0.49686169624328613 0.48820964495340985 0.022706985473632812 0.02519875102572966
0 0.0884883776307106 0.5350720485051473 0.020913824439048767 0.023253440856933594
0 0.1355825662612915 0.5344277992764327 0.020913824439048767 0.023253440856933594
0 0.15943874418735504 0.5341014463935003 0.020913824439048767 0.023253440856933594
0 0.18352746963500977 0.5337719122568766 0.02107378343741101 0.023329390419854008
0 0.2074115127325058 0.5333518790882643 0.02107378343741101 0.023329390419854008
0 0.2321186363697052 0.5329173709362623 0.02107378343741101 0.023329390419854008
0 0.2577395960688591 0.5324854850769043 0.022230987747510284 0.024196147918701172
0 0.3093682825565338 0.5317030841670297 0.02223098774751031 0.024196147918701172
0 0.335607647895813 0.5313054427643014 0.02223098774751031 0.024196147918701172
0 0.36197108030319214 0.5309059212016547 0.02223098774751031 0.024196147918701172
0 0.38899707794189453 0.53049635887146 0.02223098774751031 0.024196147918701172
0 0.4163082540035248 0.530202309290568 0.022508243719736698 0.023960802290174648
0 0.4428826570510864 0.5296343167622884 0.02265697717666626 0.024315966500176273
0 0.4704521894454956 0.5292034443387953 0.02265697717666626 0.024315966500176273
0 0.49831125140190125 0.5288066864013672 0.02282379070917767 0.024596214294433594
0 0.5271902084350586 0.5285079081853231 0.022765139738718743 0.02475322617424854
0 0.09120762348175049 0.6107744407420174 0.02112210790316263 0.02354749043782552
0 0.11522907018661499 0.61102665180093 0.021043092012405396 0.02373615900675456
0 0.13933277130126953 0.6111021836598715 0.021043092012405396 0.02373615900675456
0 0.16302068531513214 0.6111764125997093 0.021043092012405396 0.02373615900675456
0 0.18699224293231964 0.6112515303710399 0.021043092012405396 0.02373615900675456
0 0.2123481035232544 0.6113309860229492 0.021043092012405396 0.02373615900675456
0 0.23605148494243622 0.61140526343177 0.021043092012405396 0.02373615900675456
0 0.28758811950683594 0.6115362815890016 0.021738896767298344 0.02450076738993327
0 0.312970370054245 0.6116119693420532 0.021738896767298344 0.02450076738993327
0 0.36591827869415283 0.6117698555872563 0.021738896767298344 0.02450076738993327
0 0.39232316613197327 0.6118485927581787 0.021738896767298344 0.02450076738993327
0 0.4197746217250824 0.61187211672465 0.022028326988220215 0.024715503056844074
0 0.446102499961853 0.6119357369670803 0.022028326988220215 0.024715503056844074
0 0.47299566864967346 0.6117798089981079 0.022002875804901123 0.024843427870008632
0 0.501190111041069 0.612077470318371 0.02275391419728595 0.025226645999484543
0 0.5300114154815674 0.6120354731877645 0.022722959518432617 0.02533880869547526
0 0.5578522086143494 0.6120547315576498 0.022722959518432617 0.02533880869547526
0 0.5871345400810242 0.6120749870858525 0.022722959518432617 0.02533880869547526
0 0.6166204810142517 0.6120953834572562 0.022722959518432617 0.02533880869547526
0 0.6457627415657043 0.6121155420939127 0.022722959518432617 0.02533880869547526
0 0.6750824451446533 0.6115665435791016 0.0231095552444458 0.02578253216213655
0 0.7055606245994568 0.6117557684580485 0.0236626466115315 0.025886721081203934
0 0.7361326217651367 0.6118678649266561 0.024614175160725837 0.02607266108194987
0 0.7665347456932068 0.6118102893759529 0.024614175160725837 0.02607266108194987
0 0.797676146030426 0.6117513137833818 0.024614175160725837 0.02607266108194987
0 0.828671395778656 0.6116926149708363 0.024614175160725837 0.02607266108194987
0 0.8602853417396545 0.6116327444712321 0.024614175160725837 0.02607266108194987
0 0.09298930317163467 0.649190346399943 0.021096833050251007 0.023353311750623867
0 0.11582362279295921 0.6494987754177662 0.021096833050251007 0.023353311750623867
0 0.14001522958278656 0.6500623962922817 0.021216273307800293 0.023776425255669437
0 0.1637478619813919 0.6502298911412557 0.021216273307800293 0.023776425255669437
0 0.18872030079364777 0.6504061360178087 0.021216273307800293 0.023776425255669437
0 0.21302084624767303 0.6505776389561445 0.021216273307800293 0.023776425255669437
0 0.23855233192443848 0.6507578293482462 0.021216273307800293 0.023776425255669437
0 0.2637655735015869 0.6509357737085337 0.021216273307800293 0.023776425255669437
0 0.28938189148902893 0.6507620633013967 0.02147674560546875 0.023888905843098957
0 0.3146026134490967 0.6513550137040093 0.021428028742472294 0.024457136789957683
0 0.34106922149658203 0.651700631340693 0.021428028742472294 0.024457136789957683
0 0.3677544891834259 0.6520491043726603 0.021428028742472294 0.024457136789957683
0 0.393474280834198 0.6519813934961954 0.021771162748336792 0.024311913384331547
0 0.42165014147758484 0.6524631653113652 0.021771162748336792 0.024311913384331547
0 0.4481501281261444 0.6529162817868915 0.021771162748336792 0.024311913384331547
0 0.4753936529159546 0.6533821118304075 0.021771162748336792 0.024311913384331547
0 0.5036847442388535 0.6538658539454142 0.021771162748336792 0.024311913384331547
0 0.532110869884491 0.654296994446713 0.02357594172159838 0.02578910191853841
0 0.5608649253845215 0.6543671091397604 0.02357594172159838 0.02578910191853841
0 0.5898584127426147 0.6544378076701461 0.02357594172159838 0.025789101918538337
0 0.6186343431472778 0.6545079757035728 0.02357594172159838 0.025789101918538337
0 0.6470703482627869 0.6545773148536682 0.02357594172159838 0.02578910191853841
0 0.6765900254249573 0.6546492964599874 0.02357594172159838 0.02578910191853841
0 0.7067752480506897 0.6548758943875631 0.023851315180460686 0.02594614028930664
0 0.7377766370773315 0.6550133443981835 0.023851315180460686 0.02594614028930664
0 0.7676421999931335 0.6548546379797879 0.02440202236175537 0.026399268044365803
0 0.7996447086334229 0.6547403732935587 0.02440202236175537 0.026399268044365803
0 0.09517922252416611 0.6847600145128285 0.021204133828481048 0.02339315414428711
0 0.14118912816047668 0.6870969902763701 0.02112428347269696 0.02346409691704654
0 0.16629156470298767 0.687879383474386 0.021230916182200132 0.023595809936523438
0 0.18991437554359436 0.6884532769521078 0.021230916182200132 0.023595809936523438
0 0.21505945920944214 0.6890641525845617 0.021230916182200132 0.023595809936523438
0 0.24028004705905914 0.6896768625185685 0.021230916182200105 0.023595809936523438
0 0.26583775877952576 0.6895127721104813 0.021727124849955204 0.02453210618760841
0 0.2914670407772064 0.6900898615519205 0.021727124849955204 0.02453210618760841
0 0.34331560134887695 0.6912573252702741 0.021727124849955204 0.02453210618760841
0 0.3694676458835602 0.6920128663380941 0.022061844666798947 0.02513461642795149
0 0.3956893980503082 0.6924383015610373 0.022061844666798947 0.02513461642795149
0 0.4229874610900879 0.6928811994063603 0.022061844666798947 0.02513461642795149
0 0.4502907395362854 0.6933241818691253 0.022061844666798947 0.02513461642795149
0 0.4772551655769348 0.6937616666158041 0.022061844666798947 0.02513461642795149
0 0.5051989108324051 0.6942863907084958 0.022333870331446348 0.024726708730061848
0 0.5333747267723083 0.694748322168986 0.022333870331446404 0.024726708730061848
0 0.590362012386322 0.6957868398751407 0.02312181393305468 0.025561226738823883
0 0.6198627948760986 0.6963150501251221 0.02312181393305468 0.025561226738823883
0 0.6492800116539001 0.6967697143554688 0.022773812214533562 0.02510160870022234
0 0.6776866316795349 0.6970474400888564 0.02337467670440674 0.025992075602213543
0 0.7082487940788269 0.6973946889241537 0.02337467670440674 0.025992075602213543
0 0.7388536930084229 0.6976167360941569 0.023580392201741462 0.02598857879638672
0 0.7695978283882141 0.6979074571029406 0.023580392201741462 0.02598857879638672
0 0.09650308638811111 0.7238741715749105 0.020911301175753266 0.02272971471150716
0 0.14359334111213684 0.725348794116978 0.020911301175753294 0.02272971471150716
0 0.16724050045013428 0.7260893005003058 0.020911301175753294 0.02272971471150716
0 0.1923338919878006 0.7268750953751738 0.020911301175753294 0.02272971471150716
0 0.21724215149879456 0.7276550928751627 0.020911301175753294 0.02272971471150716
0 0.2424943819642067 0.7286697228749593 0.02082112928231558 0.023014916314019196
0 0.26779356598854065 0.7288713455200195 0.021643896897633907 0.024127483367919922
0 0.318729043006897 0.7300719489147607 0.021735390027364132 0.024619897206624348
0 0.3448280692100525 0.7309082349141439 0.021735390027364132 0.024619897206624348
0 0.3711143136024475 0.7317505199094003 0.021735390027364132 0.024619897206624348
0 0.3978821933269501 0.7326082378515381 0.021735390027364132 0.024619897206624348
0 0.4246709644794464 0.7328659561015608 0.022317608197530148 0.02491993374294695
0 0.451847642660141 0.7336929639180502 0.022317608197530148 0.02491993374294695
0 0.47897157073020935 0.7345183665069427 0.022317608197530148 0.02491993374294695
0 0.5069478899240494 0.7353697080320575 0.022317608197530092 0.02491993374294695
0 0.5352227687835693 0.7362301349639893 0.022317608197530037 0.02491993374294695
0 0.591830849647522 0.737952763647292 0.022317608197530037 0.02491993374294695
0 0.6214393973350525 0.7379283905029297 0.023560086886088127 0.026407241821289062
0 0.6504067182540894 0.7385726089359766 0.023947636286417717 0.026448302798801098
0 0.6799368858337402 0.7391816775004069 0.023947636286417717 0.026448302798801098
0 0.7098735570907593 0.739799130325121 0.023947636286417717 0.026448302798801098
0 0.7398216724395752 0.7404168191876611 0.023947636286417717 0.026448302798801098
0 0.7706367373466492 0.7410523891448975 0.023947636286417717 0.026448302798801098
0 0.26882269978523254 0.7675784342065834 0.021864930788675907 0.02378013398912208
0 0.32044413685798645 0.769697348276774 0.021864930788675907 0.02378013398912208
0 0.3734954595565796 0.7721210911386445 0.022580325603485107 0.024309953053792317
0 0.3992372155189514 0.7728836536407471 0.022580325603485107 0.024309953053792317
0 0.4253787696361542 0.7736580595882514 0.022580325603485107 0.024309953053792317
0 0.45278361439704895 0.7744698887043828 0.022580325603485107 0.024309953053792317
0 0.48073405027389526 0.7752978801727295 0.022580325603485107 0.024309953053792317
0 0.5085995197296143 0.7768840789794922 0.02325777212778729 0.026167816585964527
0 0.5362144708633423 0.7776779533214531 0.023257772127787346 0.026167816585964527
0 0.5938201546669006 0.7793340009494679 0.023257772127787346 0.026167816585964527
0 0.6518793702125549 0.781003086703517 0.023257772127787346 0.026167816585964527
0 0.6816523671150208 0.7818590005238851 0.023257772127787346 0.026167816585964527
0 0.7107676267623901 0.7827703080008988 0.023402611414591545 0.025776439242892895
0 0.7410964965820312 0.7826696547916269 0.024145166079203362 0.026003678639729817
0 0.7719398736953735 0.7830902735392252 0.024145166079203362 0.026003678639729817
0 0.27118179202079773 0.8070324909128178 0.02185356616973877 0.02392074796888573
0 0.29611659049987793 0.8080794016520182 0.02185356616973877 0.02392074796888573
0 0.32230091094970703 0.8091787747350047 0.02185356616973877 0.02392074796888573
0 0.34849342703819275 0.8102784919195137 0.02185356616973877 0.02392074796888573
0 0.3749479055404663 0.8113892078399658 0.022693157196044922 0.02505334218343099
0 0.3999456763267517 0.8123784797492144 0.022693157196044922 0.02505334218343099
0 0.45455512404441833 0.814539616158878 0.022693157196044922 0.02505334218343099
0 0.5099984407424927 0.8167337524374245 0.022693157196044922 0.02505334218343099
0 0.5384686589241028 0.8178604443868002 0.022693157196044922 0.02505334218343099
0 0.5667453408241272 0.8191530914893258 0.023108045260111565 0.02550808588663737
0 0.595064103603363 0.8203628857930502 0.023108045260111565 0.02550808588663737
0 0.6239399313926697 0.8215964782436513 0.023108045260111565 0.02550808588663737
0 0.6531980037689209 0.8232052048633468 0.023364901542663574 0.025399949815538097
0 0.2719293236732483 0.8461360136667887 0.021632730960845947 0.023057937622070312
0 0.29754266142845154 0.84734323866111 0.021632730960845947 0.023057937622070312
0 0.32331329584121704 0.8485300540924072 0.021702229976654053 0.023321257697211273
0 0.348775714635849 0.8497836192299363 0.021702229976654053 0.023321257697211273
0 0.37509801983833313 0.8510795182726537 0.021702229976654053 0.023321257697211273
0 0.40231889486312866 0.8524196556814106 0.021702229976654053 0.023321257697211273
0 0.4554576575756073 0.8550357818603516 0.021702229976654053 0.023321257697211273
0 0.4827176630496979 0.8563843948640993 0.02200460433959961 0.023226843939887054
0 0.5108669400215149 0.8575255889931065 0.022514939308166504 0.023906548817952473
0 0.5390467643737793 0.8588425318400065 0.022514939308166504 0.023906548817952473
0 0.5681760907173157 0.860592762629191 0.02376103401184082 0.025211281246609058
0 0.6246992349624634 0.8630126692283845 0.02376103401184082 0.025211281246609058
0 0.6538418531417847 0.8642603424601504 0.02376103401184082 0.025211281246609058
0 0.6831657886505127 0.8655157783705119 0.02376103401184082 0.025211281246609058
0 0.7130115032196045 0.8667935530344645 0.02376103401184082 0.025211281246609058
0 0.7424830198287964 0.8673407236735026 0.024442315101623535 0.024962584177652996
