0 0.3257042467594147 0.07342471751747989 0.028557002544403076 0.03331892074100556
0 0.361124187707901 0.07272062799830027 0.028101126352945927 0.03266644099402048
0 0.39761582016944885 0.07129254227592832 0.028101126352945927 0.03266644099402048
0 0.43298324942588806 0.0699084518050144 0.028101126352945927 0.03266644099402048
0 0.470734179019928 0.06843108398332746 0.028101126352945927 0.03266644099402048
0 0.5068109035491943 0.06728781203234521 0.027468482653299986 0.03298676960052006
0 0.5432877540588379 0.06599987688518706 0.02746848265330004 0.03298676960052006
0 0.5800967216491699 0.06470021525245755 0.02746848265330004 0.03298676960052006
0 0.6159297227859497 0.06343501332445622 0.02746848265330004 0.03298676960052006
0 0.6526929140090942 0.06213696797688802 0.02746848265330004 0.03298676960052006
0 0.2168940007686615 0.1329910121902685 0.02816853920618695 0.03358055296398345
0 0.2533031105995178 0.13194572357904344 0.02816853920618692 0.03358055296398345
0 0.2893347442150116 0.1309112721344165 0.028168539206186893 0.03358055296398345
0 0.32517147064208984 0.1298824163845276 0.028168539206186893 0.03358055296398345
0 0.36127951741218567 0.1288457711537679 0.028168539206186893 0.03358055296398345
0 0.3973240554332733 0.12781094922965755 0.028168539206186893 0.03358055296398345
0 0.43381696939468384 0.12581631115504674 0.028185129165649414 0.03352623137216718
0 0.47063857316970825 0.12464271719989845 0.028185129165649414 0.03352623137216718
0 0.5074325799942017 0.12347000282659894 0.028185129165649414 0.03352623137216718
0 0.5446475148200989 0.1222838724554244 0.028185129165649414 0.03352623137216718
0 0.5814694166183472 0.12111026900155204 0.028185129165649414 0.03352623137216718
0 0.6172909736633301 0.12163172449384417 0.028066575527191162 0.03451404117402576
0 0.6543029546737671 0.11905961516361352 0.027947624524434334 0.03387372455899679
0 0.6917911171913147 0.11806272325061616 0.027947624524434334 0.03387372455899679
0 0.7288975119590759 0.11703768977923448 0.02794591585795092 0.03358466284615653
0 0.325449675321579 0.1858684221903483 0.02832273642222083 0.03456904017736042
0 0.3614163398742676 0.18472093435205694 0.02832273642222083 0.03456904017736042
0 0.3972322344779968 0.1835782567091218 0.02832273642222083 0.03456904017736042
0 0.43338876962661743 0.1824247112004184 0.02832273642222083 0.03456904017736042
0 0.47079893946647644 0.18123116947355725 0.02832273642222083 0.03456904017736042
0 0.5079203695058823 0.18006137449156334 0.02835067113240558 0.034515479254344145
0 0.5449204444885254 0.1787996462413243 0.028144796689351326 0.03443590799967448
0 0.5821298956871033 0.17789975110150627 0.027819007635116577 0.03506154484219022
0 0.6196565628051758 0.1772024181809167 0.027819007635116577 0.03506154484219022
0 0.6565247178077698 0.17651732194991337 0.027819007635116577 0.03506154484219022
0 0.32519280910491943 0.24187478565034412 0.028184453646341923 0.03346099550761877
0 0.36050793528556824 0.24090450621847 0.028184453646341923 0.03346099550761877
0 0.3973938226699829 0.2399070149376279 0.028409918149312374 0.03396212865435891
0 0.47150689363479614 0.23786553351649034 0.028409918149312374 0.03396212865435891
0 0.5090497881174088 0.23683139580523066 0.02840991814931232 0.03396212865435891
0 0.5458789467811584 0.23581691830228296 0.028409918149312263 0.03396212865435891
0 0.5829591751098633 0.23479552496047246 0.028409918149312263 0.03396212865435891
0 0.6201607584953308 0.23349940589234267 0.028370489676793342 0.03369914160834421
0 0.6577012538909912 0.23245277858915783 0.028370489676793342 0.03369914160834421
0 0.24787944555282593 0.47972765423002695 0.02848668893178305 0.0348199208577474
0 0.28542250394821167 0.4786936362649218 0.02866252263387048 0.03507008628239713
0 0.3233128488063812 0.4779787971859887 0.02866252263387048 0.03507008628239713
0 0.3588121831417084 0.4771598411878333 0.028438866138458252 0.03488122849237351
0 0.4337063431739807 0.47585909707205637 0.028317034244537354 0.034956311422681
0 0.47201141715049744 0.4751648153689613 0.028317034244537354 0.034956311422681
0 0.5104543715715408 0.4744680345747562 0.028317034244537354 0.034956311422681
0 0.5478340983390808 0.4737905248438704 0.028317034244537354 0.034956311422681
0 0.5859630107879639 0.4739145871434663 0.028335213661193848 0.034221679445297054
0 0.6240154504776001 0.4731894447689965 0.028335213661193848 0.034221679445297054
0 0.6622610092163086 0.4724606222413764 0.028335213661193848 0.034221679445297054
0 0.7010592818260193 0.47172126697913824 0.028335213661193848 0.034221679445297054
0 0.7392639517784119 0.47099322364443824 0.028335213661193848 0.034221679445297054
0 0.3579880893230438 0.5976560360038998 0.02872493863105774 0.03450781201559394
0 0.3971136510372162 0.5972853161039806 0.02872493863105774 0.03450781201559394
0 0.43410027027130127 0.5967207014095136 0.028621504704157474 0.03502430991520963
0 0.4723970890045166 0.5964565277099609 0.02866036693255103 0.03477341788155692
0 0.5108963400125504 0.5962127007008092 0.028660366932551085 0.03477341788155692
0 0.5495003461837769 0.5959682102465913 0.02866036693255114 0.03477341788155692
0 0.5876075625419617 0.5957268661074606 0.02866036693255114 0.03477341788155692
0 0.6259468197822571 0.5954840523856026 0.02866036693255114 0.03477341788155692
0 0.39492249488830566 0.8474597022646949 0.029916445414225223 0.03713377695235006
0 0.4336411654949188 0.8475745082385246 0.029916445414225223 0.03713377695235006
0 0.47207000851631165 0.8476884548352723 0.029916445414225223 0.03713377695235006
0 0.51158207654953 0.847805613337295 0.02991644541422528 0.03713377695235006
0 0.5499173402786255 0.8479192824590773 0.029916445414225334 0.03713377695235006
0 0.5904693007469177 0.8472191946847099 0.030834754308064705 0.03789514208596839
0 0.39535829424858093 0.9102075200412911 0.030054569244384766 0.03755611843532997
0 0.4342108368873596 0.9103374481201172 0.030054569244384766 0.03755611843532997
0 0.47285333275794983 0.9104666737745661 0.030054569244384766 0.03755611843532997
0 0.5122918635606766 0.9105985614758823 0.030054569244384766 0.03755611843532997
0 0.5513240694999695 0.9107290903727213 0.030054569244384766 0.03755611843532997
