0 0.15767519176006317 0.09100470709246258 0.020269542932510376 0.02173080000766488
0 0.18261045217514038 0.09132640175745627 0.020269542932510376 0.02173080000766488
0 0.8084761500358582 0.09940081737024063 0.020269542932510376 0.02173080000766488
0 0.8321691751480103 0.09970648571495669 0.020269542932510376 0.02173080000766488
0 0.8559269905090332 0.10001298993132836 0.020269542932510376 0.02173080000766488
0 0.18329951167106628 0.12175143724578033 0.02069892485936481 0.02284123916034552
0 0.20883917808532715 0.12062733663753829 0.020855059226353945 0.022909038750700262
0 0.23491476476192474 0.12026848903922148 0.020855059226353945 0.022909038750700262
0 0.2619504928588867 0.11917057732548374 0.02093938986460364 0.022915233937344796
0 0.28931957483291626 0.11885775565471349 0.02131730318069458 0.022789600283600563
0 0.3162825405597687 0.11914872014245322 0.02131730318069458 0.022789600283600563
0 0.3711957633495331 0.11974130323961779 0.02131730318069458 0.022789600283600563
0 0.39732056856155396 0.12002322291576996 0.02131730318069458 0.022789600283600563
0 0.42426609992980957 0.12031399926473928 0.02131730318069458 0.022789600283600563
0 0.4773264229297638 0.12088658723066954 0.02131730318069458 0.022789600283600563
0 0.5302664041519165 0.12329809055771938 0.02025628089904785 0.022332952928173465
0 0.555693507194519 0.12400566649195523 0.02025628089904785 0.022332952928173465
0 0.5814340710639954 0.1247219652970997 0.02025628089904785 0.022332952928173465
0 0.6073001027107239 0.12544175557272574 0.02025628089904785 0.022332952928173465
0 0.6325152516365051 0.12614343332689862 0.02025628089904785 0.022332952928173465
0 0.1834256500005722 0.1535369412171759 0.020254353682200132 0.0224582169407098
0 0.20967285335063934 0.15242035547715949 0.020345320304234804 0.022552371949188455
0 0.23590786755084991 0.1522966651029365 0.020345320304234804 0.022552371949188455
0 0.2627924382686615 0.1521699122608175 0.02034532030423486 0.022552371949188455
0 0.2896316349506378 0.15204337334392942 0.02034532030423486 0.022552371949188455
0 0.31639981269836426 0.15191716926042423 0.020394961039225223 0.02248664974242219
0 0.3708193004131317 0.1523521999980128 0.019895434379577637 0.022599634274031753
0 0.3976679742336273 0.1526843271068479 0.019895434379577637 0.022599634274031753
0 0.42473745346069336 0.15301918565269135 0.019895434379577637 0.022599634274031753
0 0.4514104127883911 0.15334913911425938 0.019895434379577637 0.022599634274031753
0 0.4778701066970825 0.15367645441099656 0.019895434379577637 0.022599634274031753
0 0.5039196014404297 0.15431524709010058 0.019869844118754088 0.02235092488370199
0 0.5305235981941223 0.15496331210255304 0.019869844118754143 0.02235092488370199
0 0.5561299324035645 0.15558707436849906 0.019869844118754143 0.02235092488370199
0 0.5821427702903748 0.15634120896805165 0.019869724909464592 0.022441279980563365
0 0.13294115662574768 0.18936006967411484 0.020089149475097656 0.02248026973517367
0 0.157945454120636 0.18848601815241528 0.020089149475097656 0.02248026973517367
0 0.210231214761734 0.18524433698231155 0.020154217878977476 0.02257578132688538
0 0.23676128685474396 0.18504213732342387 0.020154217878977476 0.02257578132688538
0 0.2629931569099426 0.1848422104193977 0.02015421787897742 0.02257578132688538
0 0.2903544008731842 0.1846336759617183 0.02015421787897742 0.02257578132688536
0 0.31701555848121643 0.18443047723104788 0.02015421787897742 0.02257578132688538
0 0.34454160928726196 0.184220686693578 0.02015421787897742 0.02257578132688538
0 0.371370404958725 0.18464655099913133 0.01998172203699744 0.022611699363057933
0 0.3984677791595459 0.1849971243128182 0.01998172203699744 0.022611699363057933
0 0.42533230781555176 0.18534468517837568 0.01998172203699744 0.022611699363057933
0 0.4518464207649231 0.1856877125273447 0.01998172203699744 0.022611699363057933
0 0.4784177541732788 0.18603148016818735 0.01998172203699744 0.022611699363057933
0 0.5047721117734909 0.1864289833277405 0.01977721850077313 0.022377690603566723
0 0.5305941700935364 0.18678481634273086 0.019777218500773186 0.022377690603566723
0 0.13326461613178253 0.22150822572929915 0.019764701525370285 0.022857296374417062
0 0.1581861972808838 0.2206554877259204 0.0197647015253703 0.022857296374417062
0 0.1838509887456894 0.21977731940666753 0.0197647015253703 0.022857296374417062
0 0.21013027429580688 0.21887812503548557 0.0197647015253703 0.022857296374417062
0 0.23672102391719818 0.21796827334490343 0.0197647015253703 0.022857296374417062
0 0.2638343572616577 0.21718442162802054 0.020451823870340946 0.022956922072772803
0 0.29061365127563477 0.21723490320473335 0.020451823870340946 0.022956922072772803
0 0.31775885820388794 0.21689896250880042 0.020801663398742676 0.022938366084135808
0 0.34530553221702576 0.21711960330211671 0.020801663398742676 0.022938366084135808
0 0.3719208836555481 0.217332784474297 0.020801663398742676 0.022938366084135808
0 0.3992585241794586 0.21755175097056856 0.020801663398742676 0.022938366084135808
0 0.42640411853790283 0.21776917923328487 0.020801663398742676 0.022938366084135808
0 0.4533601403236389 0.21791924717386585 0.020457645257314083 0.022947340972663793
0 0.23743823170661926 0.25052877914073857 0.020401477813720703 0.022856172665145072
0 0.2646034359931946 0.24977105162864507 0.0201261043548584 0.022695230883221295
0 0.29111433029174805 0.2498031204328136 0.0201261043548584 0.022695230883221295
0 0.31834495067596436 0.24983605985095075 0.0201261043548584 0.022695230883221295
0 0.3455314636230469 0.2498689459146915 0.0201261043548584 0.022695230883221295
0 0.3729613721370697 0.24990212640096976 0.0201261043548584 0.022695230883221295
0 0.18434113264083862 0.28422323490150353 0.020273913939793886 0.022596063539963386
0 0.21073539555072784 0.2838474318038586 0.020273913939793886 0.022596063539963386
0 0.2379085272550583 0.2834605391256252 0.020273913939793886 0.022596063539963386
0 0.292660117149353 0.2826809827063568 0.02027391393979394 0.022596063539963386
0 0.31929075717926025 0.2823018140571062 0.02027391393979394 0.022596063539963386
0 0.373735249042511 0.28152663011801426 0.02027391393979394 0.022596063539963386
0 0.4003225862979889 0.282939889940228 0.020713845888773563 0.022992215415304048
0 0.42755091190338135 0.28322776275784173 0.020254602034886715 0.022758129031159157
0 0.45479461550712585 0.2832312029461528 0.020254602034886715 0.022758129031159157
0 0.5076927691698074 0.2832378826403881 0.02025460203488666 0.022758129031159157
0 0.5340535640716553 0.2832412113397387 0.020254602034886604 0.022758129031159157
0 0.5605279803276062 0.28324455438658247 0.020254602034886604 0.022758129031159157
0 0.5863063931465149 0.2847247012825899 0.019794265429178948 0.02250263302825218
0 0.6118870377540588 0.2850476887915472 0.019794265429178948 0.02250263302825218
0 0.6379454135894775 0.28537670825245903 0.019794265429178948 0.02250263302825218
0 0.6635173559188843 0.28569958588431266 0.019794265429178948 0.02250263302825218
0 0.6886088848114014 0.28601639769798104 0.019794265429178948 0.02250263302825218
0 0.7133928537368774 0.2869792760804642 0.01967100302378344 0.022250685580941135
0 0.18505628407001495 0.3172960740869631 0.02029267946879071 0.02270736990048901
0 0.21088837087154388 0.3170477401378543 0.02029267946879071 0.02270736990048901
0 0.23793534934520721 0.315562639551289 0.02045053243637085 0.022758321244587296
0 0.29275739192962646 0.31580905027167744 0.02045053243637085 0.022758321244587296
0 0.319586843252182 0.3154912249092046 0.02011573314666748 0.022612194682276526
0 0.3743326961994171 0.3158421849095544 0.02011573314666748 0.022612194682276526
0 0.4013370871543884 0.3162970875584802 0.019989709059397343 0.02256644788638563
0 0.4283045530319214 0.31632496067496874 0.019989709059397343 0.02256644788638563
0 0.45516958832740784 0.31635272792094066 0.019989709059397343 0.02256644788638563
0 0.4816950559616089 0.31629136551258175 0.019623061021169064 0.022253302640693133
0 0.5081757307052612 0.31652350943942137 0.019623061021169008 0.022253302640693133
0 0.5339733958244324 0.31674966573423 0.019623061021168953 0.022253302640693133
0 0.5871577858924866 0.3172159088823555 0.019623061021168953 0.022253302640693133
0 0.6126452088356018 0.31743934542633767 0.019623061021168953 0.022253302640693133
0 0.638666033744812 0.31774067464654276 0.019273916880289788 0.02209311492683349
0 0.6643412113189697 0.3180130581523097 0.019273916880289788 0.02209311492683349
0 0.6893698573112488 0.318269680295017 0.019184589385986328 0.02215392829835874
0 0.7139171361923218 0.3186513287113951 0.01895062128702807 0.02199533743451735
0 0.18526658415794373 0.35107140208399573 0.020392646392186464 0.02304480796636537
0 0.21162965893745422 0.3502268902091093 0.02042633295059204 0.022996917251468657
0 0.23880375921726227 0.34991105607643397 0.02042633295059204 0.022996917251468657
0 0.26601243019104004 0.3489932207048258 0.02032548189163208 0.022948996965275255
0 0.320598840713501 0.3489870470623637 0.02032548189163208 0.022948996965275255
0 0.34759965538978577 0.3488978362429808 0.0203074415524801 0.02299654761026072
0 0.40234020352363586 0.34885077200878367 0.020042449235916138 0.0229670058849246
0 0.4294336140155792 0.3490050292750098 0.01978638768196106 0.02283658168112582
0 0.45622673630714417 0.349115859630496 0.01978638768196106 0.02283658168112582
0 0.48254215717315674 0.3492247139632464 0.01978638768196106 0.02283658168112582
0 0.5091073662042618 0.34933460155038315 0.01978638768196106 0.02283658168112582
0 0.5350479483604431 0.34944190535434455 0.01978638768196106 0.02283658168112582
0 0.5617185831069946 0.34955222903733435 0.01978638768196106 0.02283658168112582
0 0.5878126621246338 0.3495903680490893 0.019100546836853027 0.022439084311788423
0 0.6135228276252747 0.3497662883571342 0.019100546836853027 0.022439084311788423
0 0.6649754643440247 0.35011835002321157 0.019100546836853027 0.022439084311788423
0 0.6897786259651184 0.3502880642101063 0.019100546836853027 0.022439084311788423
0 0.7151961326599121 0.35046198201733963 0.019100546836853027 0.022439084311788423
0 0.7400718331336975 0.35055406703505404 0.019205768903096443 0.022220789000045423
0 0.18535225093364716 0.38362023996752365 0.020419528086980165 0.02331324141154919
0 0.21169422566890717 0.3830314829214375 0.02017199993133545 0.02318314988483753
0 0.2667680084705353 0.38270656452622526 0.020265241463979122 0.023136375486388673
0 0.29377949237823486 0.3826233502867103 0.020265241463979122 0.023136375486388673
0 0.32125264406204224 0.38253871378794335 0.020265241463979122 0.023136375486388673
0 0.3482198715209961 0.38245563588920617 0.020265241463979122 0.023136375486388673
0 0.3756122589111328 0.3823712482008823 0.020265241463979122 0.023136375486388673
0 0.4025540053844452 0.38229802571520166 0.02023581663767493 0.02300704542056536
0 0.4299173057079315 0.38252022100049393 0.020138680934906006 0.022980202076046966
0 0.4833807647228241 0.3827127461733091 0.020138680934906006 0.022980202076046966
0 0.5362280011177063 0.3821315184814593 0.019550740718841553 0.0228130946787753
0 0.562641978263855 0.38236183343931684 0.01927550633748365 0.022546198941016397
0 0.5885160565376282 0.3824136234263999 0.01927550633748365 0.022546198941016397
0 0.6140747666358948 0.38246478216727725 0.01927550633748365 0.022546198941016397
0 0.639851450920105 0.3825163772089246 0.01927550633748365 0.022546198941016397
0 0.6652675271034241 0.3825672504513763 0.01927550633748365 0.022546198941016397
0 0.6904340982437134 0.3825663078662961 0.019104043642679924 0.022442455439604516
0 0.7157490849494934 0.3826047478146457 0.019061803817749023 0.022408108378565588
0 0.1340397410094738 0.4181454152134195 0.02037255962689717 0.02316018038017805
0 0.15947945415973663 0.41776129256847294 0.020372559626897158 0.02316018038017805
0 0.18549981713294983 0.4173684024997562 0.020372559626897158 0.02316018038017805
0 0.21270081400871277 0.4169576856491618 0.020372559626897158 0.02316018038017805
0 0.2673949897289276 0.4161318401957667 0.020372559626897213 0.02316018038017805
0 0.29468590021133423 0.4157197657098799 0.020372559626897213 0.02316018038017805
0 0.3490953743457794 0.41533771781034245 0.020248929659525516 0.022809642229893356
0 0.37650352716445923 0.41538461033828844 0.020073195298512814 0.022836108540379724
0 0.4036909341812134 0.4151875251947447 0.020073195298512814 0.022836108540379724
0 0.4305068552494049 0.4149931330024433 0.020073195298512814 0.022836108540379724
0 0.4572618007659912 0.41479918283005685 0.020073195298512814 0.022836108540379724
0 0.48379385471343994 0.4146068484284157 0.020073195298512814 0.022836108540379724
0 0.5105003714561462 0.4144132493226774 0.020073195298512703 0.022836108540379724
0 0.5366870164871216 0.41478941594476043 0.019869665304819817 0.022627305614855917
0 0.5630694031715393 0.41487143760503725 0.019869665304819817 0.022627305614855917
0 0.1346394158899784 0.45158875487812633 0.020164494713147477 0.023250757261764173
0 0.15996503829956055 0.4511447285496911 0.020164494713147463 0.023250757261764173
0 0.18622593581676483 0.4506843043311904 0.020164494713147463 0.023250757261764173
0 0.21333009004592896 0.450209095552781 0.020164494713147463 0.023250757261764173
0 0.2400330975651741 0.4497409199559411 0.02016449471314749 0.023250757261764173
0 0.26766207814216614 0.44925650955900787 0.02016449471314752 0.023250757261764173
0 0.29514098167419434 0.4491324697763806 0.02066192527612054 0.023201254911200946
0 0.3225252032279968 0.4484420155369958 0.020337144533793095 0.022876148076020526
0 0.35013529658317566 0.4482933040720303 0.020337144533793095 0.022876148076020526
0 0.3774940073490143 0.4481459465855771 0.020337144533793095 0.022876148076020526
0 0.40447714924812317 0.44800061196067864 0.020337144533793095 0.022876148076020526
0 0.4313066899776459 0.44785610465116277 0.020337144533793095 0.022876148076020526
0 0.4850825071334839 0.4475967307906851 0.020320316155751583 0.022863136705502003
0 0.511502742767334 0.4474645215411519 0.020320316155751472 0.022863136705502003
0 0.5377317667007446 0.4473332691322679 0.020320316155751472 0.022863136705502003
0 0.59024578332901 0.44718214522960575 0.02002934614817309 0.022189295569131542
0 0.6153338551521301 0.4469349020412751 0.02002934614817309 0.022189295569131542
0 0.6412702798843384 0.4466792983268924 0.02002934614817309 0.022189295569131542
0 0.6667012572288513 0.4464286758013611 0.02002934614817309 0.022189295569131542
0 0.6921023726463318 0.446178347565407 0.02002934614817309 0.022189295569131542
0 0.1349938064813614 0.48464105437296395 0.020284250378608704 0.023206341174221833
0 0.1600216031074524 0.4843144084131995 0.020284250378608704 0.023206341174221833
0 0.18655051290988922 0.48396817093439215 0.020284250378608704 0.023206341174221833
0 0.21391485631465912 0.48354544700687696 0.020859872301419558 0.023419845935910247
0 0.24078381806612015 0.48326035433037334 0.020859872301419585 0.023419845935910247
0 0.2682390511035919 0.48296904103203736 0.020859872301419613 0.023419845935910247
0 0.2959635257720947 0.482674870949806 0.020859872301419613 0.023419845935910247
0 0.323586642742157 0.482381776321766 0.020859872301419613 0.023419845935910247
0 0.35107722878456116 0.4820900879109529 0.020859872301419613 0.023419845935910247
0 0.3778705596923828 0.4814571114473565 0.020427783330281613 0.022849711336830846
0 0.4326918423175812 0.4806822180517103 0.019805490970611572 0.02252203179884321
0 0.4590604603290558 0.48084017274755786 0.01994278033574426 0.02268218994140625
0 0.4858856797218323 0.4805351079896439 0.01994278033574426 0.02268218994140625
0 0.5389832854270935 0.4799312654639554 0.019942780335744148 0.02268218994140625
0 0.5652634501457214 0.47963239923772116 0.019942780335744148 0.02268218994140625
0 0.5909555554389954 0.4793402206066043 0.019942780335744148 0.02268218994140625
0 0.6166064143180847 0.47904851104256846 0.019942780335744148 0.02268218994140625
0 0.6424872875213623 0.4789061435433321 0.01967354615529371 0.02250783757645949
0 0.13490546867251396 0.5179839910462846 0.02019849667946498 0.023751931597096106
0 0.16071054339408875 0.5178730231881377 0.020935540397961916 0.023392403772634997
0 0.18703722953796387 0.5174817373586256 0.020935540397961916 0.023392403772634997
0 0.24143124371767044 0.5166732950487014 0.020935540397961944 0.023392403772634997
0 0.2686033248901367 0.5162694443603527 0.02093554039796197 0.023392403772634997
0 0.296232134103775 0.5158588054568268 0.02093554039796197 0.023392403772634997
0 0.32413798570632935 0.5154440489533735 0.02093554039796197 0.023392403772634997
0 0.35165271162986755 0.5150011050788657 0.021102766195932987 0.02314140260681631
0 0.3788338899612427 0.5145804435129108 0.021102766195932987 0.02314140260681631
0 0.40591636300086975 0.5141613095305687 0.021102766195932987 0.02314140260681631
0 0.4600229263305664 0.5136338610981785 0.020608901977539062 0.022864467413850478
0 0.48679685592651367 0.5133922931759857 0.019918084144592285 0.022573958995730378
0 0.5128324031829834 0.5131206836674541 0.020087877909342522 0.022669740425523808
0 0.5657386779785156 0.5122343551280887 0.020087877909342522 0.022669740425523808
0 0.5914337635040283 0.5118038903540951 0.020087877909342522 0.022669740425523808
0 0.6176292300224304 0.5113650427945763 0.020087877909342522 0.022669740425523808
0 0.6430709958076477 0.5109388218369595 0.020087877909342522 0.022669740425523808
0 0.5137661695480347 0.5459482503491778 0.019768953323364258 0.023172334183094112
0 0.5400335192680359 0.5456376186636991 0.02028024196624756 0.02342578976653343
0 0.13514207303524017 0.5852431363837663 0.0206608126560847 0.02330327588458394
0 0.16019168496131897 0.5850507212236866 0.020846406618754088 0.023138090621593388
0 0.1870380938053131 0.5847462942433912 0.020846406618754088 0.023138090621593388
0 0.21426573395729065 0.5844375442604715 0.020846406618754088 0.023138090621593388
0 0.24151407927274704 0.5841285594897099 0.02084640661875406 0.023138090621593388
0 0.26927751302719116 0.5838137338327807 0.020846406618754032 0.023138090621593388
0 0.2970048785209656 0.5834993171747513 0.020846406618754032 0.023138090621593388
0 0.32480764389038086 0.5827189545308268 0.020919322967529297 0.0233509152434593
0 0.35230037569999695 0.5820919303006904 0.020919322967529297 0.0233509152434593
0 0.37956106662750244 0.5814701982058164 0.020919322967529297 0.0233509152434593
0 0.40686121582984924 0.580703045950547 0.020164549350738525 0.022877863211225116
0 0.46164602041244507 0.5795980941417606 0.020164549350738525 0.022877863211225116
0 0.48816338181495667 0.5790632668904965 0.020164549350738525 0.022877863211225116
0 0.5150359869003296 0.5785212747482935 0.020164549350738525 0.022877863211225116
0 0.5413387417793274 0.5779907758845839 0.020164549350738525 0.022877863211225116
0 0.5674768686294556 0.5774635973948296 0.020164549350738525 0.022877863211225116
0 0.5926582217216492 0.5769624488298283 0.020157337188720703 0.022826468297677503
0 0.1360779106616974 0.6193339325660883 0.020319044589996338 0.02365378446357195
0 0.16097791492938995 0.6189909203107967 0.020553777615229307 0.023600319559259987
0 0.1873483657836914 0.6186666422739018 0.020553777615229307 0.023600319559259987
0 0.21495790779590607 0.6183271271047167 0.020553777615229307 0.023600319559259987
0 0.24204960465431213 0.6179939798892241 0.02055377761522928 0.023600319559259987
0 0.2973850965499878 0.6173135180806004 0.021288295586903927 0.02392170041106468
0 0.32528626918792725 0.616725085056064 0.021288295586903927 0.02392170041106468
0 0.35309091210365295 0.6161386878340058 0.021288295586903927 0.02392170041106468
0 0.38053083419799805 0.6155599825386928 0.021288295586903927 0.02392170041106468
0 0.40794986486434937 0.6149817178415697 0.021288295586903927 0.02392170041106468
0 0.4354610741138458 0.6141269903628936 0.020694633324941036 0.023500960002573942
0 0.46232500672340393 0.6134846538736543 0.020694633324941036 0.023500960002573942
0 0.4888949692249298 0.6128493464270304 0.020694633324941036 0.023500960002573942
0 0.5423160195350647 0.6110623381858649 0.02024916807810473 0.023154561833817776
0 0.568103015422821 0.6108705979444804 0.020310362180073982 0.023018386012823952
0 0.5947799682617188 0.6100963326387627 0.020310362180073982 0.023018386012823952
0 0.6205844879150391 0.6091555725432188 0.020364920298258538 0.0231978246407916
0 0.6460409760475159 0.6086360132971476 0.020364920298258538 0.0231978246407916
0 0.6723059415817261 0.6080999532711129 0.020364920298258538 0.0231978246407916
0 0.6980162262916565 0.6075752141134312 0.020364920298258538 0.0231978246407916
0 0.7233244776725769 0.6070586803347565 0.020364920298258538 0.0231978246407916
0 0.7483633160591125 0.6065476451940525 0.020364920298258538 0.0231978246407916
0 0.13657276332378387 0.6531745112219522 0.020509173472722353 0.023936545201974378
0 0.16166764497756958 0.6530127123997068 0.020509173472722353 0.023936545201974378
0 0.1882370561361313 0.6528414065735818 0.020509173472722353 0.023936545201974378
0 0.24253815412521362 0.6524913011687236 0.02050917347272238 0.023936545201974378
0 0.2703147232532501 0.6523122122121412 0.02050917347272241 0.023936545201974378
0 0.2978968322277069 0.6520817477242391 0.020415713389714596 0.02377688977145404
0 0.3259740173816681 0.6504807583121366 0.020915548006693485 0.023932641790818852
0 0.3537609875202179 0.6498074696032557 0.020915548006693485 0.023932641790818852
0 0.3808489143848419 0.6493692619856014 0.020763834317525265 0.023910167605377907
0 0.4084780514240265 0.6485966555080471 0.020763834317525265 0.023910167605377907
0 0.4355466067790985 0.6478397248382363 0.020763834317525265 0.023910167605377907
0 0.4630831182003021 0.6470697084941465 0.020763834317525265 0.023910167605377907
0 0.4897177517414093 0.6463249117829079 0.02076383431752521 0.023910167605377907
0 0.515929102897644 0.6455706820597348 0.020608504613240486 0.02378431216690897
0 0.5431482791900635 0.6445522510551225 0.020184755325317383 0.023106064907340115
0 0.5696703791618347 0.6438021548958712 0.020184755325317383 0.023106064907340115
0 0.6218212842941284 0.6423272266781639 0.020184755325317383 0.023106064907340115
0 0.674005389213562 0.6408513595064204 0.020184755325317383 0.023106064907340115
0 0.6995624303817749 0.6401285570721293 0.020184755325317383 0.023106064907340115
0 0.7249565124511719 0.639410363435568 0.020184755325317383 0.023106064907340115
0 0.13645097613334656 0.6864985976108285 0.020099888245264708 0.02366889539615134
0 0.16152101755142212 0.6867028573947285 0.020099888245264708 0.02366889539615134
0 0.18848779797554016 0.6869225709823548 0.020099888245264708 0.02366889539615134
0 0.21576203405857086 0.6871447895848474 0.020099888245264708 0.02366889539615134
0 0.24288730323314667 0.6873657944698187 0.02009988824526468 0.02366889539615134
0 0.27052855491638184 0.6859567834704313 0.021085749069849613 0.0238296745359435
0 0.298479825258255 0.6853504590307604 0.021085749069849613 0.0238296745359435
0 0.3263630270957947 0.684745611146439 0.021085749069849613 0.0238296745359435
0 0.3537043035030365 0.6840569053257304 0.02112976710001624 0.0242660285890565
0 0.40866103768348694 0.6830669355718585 0.020881632963816288 0.023875628330910798
0 0.436066597700119 0.6819822621899981 0.020881632963816288 0.023875628330910798
0 0.4639565050601959 0.6808784190239522 0.020881632963816288 0.023875628330910798
0 0.49034276604652405 0.6798340880589465 0.020881632963816343 0.023875628330910798
0 0.516583263874054 0.678795526194018 0.0208816329638164 0.023875628330910798
0 0.5703902244567871 0.6766659226439546 0.0208816329638164 0.023875628330910798
0 0.5969465970993042 0.6765173535014308 0.020089109738667732 0.023123393687166965
0 0.6231430768966675 0.6757618551334162 0.019635915756225586 0.02283185027366461
0 0.6490734219551086 0.6749972409980242 0.019635915756225586 0.02283185027366461
0 0.6749410033226013 0.6742344775902324 0.019635915756225586 0.02283185027366461
0 0.7005864381790161 0.673478264668449 0.019635915756225586 0.02283185027366461
0 0.726057767868042 0.6727271856263627 0.019635915756225586 0.02283185027366461
0 0.13611860573291779 0.7207238396932912 0.02055518329143524 0.024010976155599013
0 0.162051722407341 0.7208176392968243 0.02055518329143524 0.024010976155599013
0 0.18877622485160828 0.7209143013280548 0.02055518329143524 0.024010976155599013
0 0.21617308259010315 0.7210133952559534 0.02055518329143524 0.024010976155599013
0 0.24351029843091965 0.7211122734602108 0.02055518329143524 0.024010976155599013
0 0.27114227414131165 0.7207995126413744 0.021011342604955074 0.02390055693397221
0 0.2986709475517273 0.7206829426000149 0.021011342604955074 0.02390055693397221
0 0.3268902003765106 0.7194044423657794 0.02110317349433899 0.02378451916598529
0 0.38197457790374756 0.717547386618762 0.02110317349433899 0.02378451916598529
0 0.409330815076828 0.7166251277181522 0.02110317349433899 0.02378451916598529
0 0.43689173460006714 0.7156959683758614 0.02110317349433899 0.02378451916598529
0 0.49168212711811066 0.7138488237247911 0.02110317349433899 0.02378451916598529
0 0.5185967683792114 0.7125005497285269 0.020470301310221428 0.02339482861895894
0 0.5446483492851257 0.7116203751674918 0.020470301310221428 0.02339482861895894
0 0.5719566345214844 0.7106977417942105 0.020470301310221428 0.02339482861895894
0 0.5983362793922424 0.7098064833163378 0.020470301310221428 0.02339482861895894
0 0.6247580051422119 0.7089138031005859 0.020470301310221428 0.02339482861895894
0 0.6507229208946228 0.7080365565946165 0.020470301310221428 0.02339482861895894
0 0.6761894822120667 0.7072651885276617 0.020384828249613518 0.023589585178582298
0 0.7022225856781006 0.7064143137384725 0.020384828249613518 0.023589585178582298
0 0.7269439101219177 0.7052852275759675 0.019811630249023438 0.02297911533089571
0 0.13665679097175598 0.7542065686957781 0.020797272523244204 0.02367707185967024
0 0.16181620955467224 0.7562530500760173 0.021131157875061035 0.02414518548536673
0 0.21655933558940887 0.7561274737760809 0.021358748277028383 0.024179769116778705
0 0.24353986978530884 0.7554501600043718 0.021398683389027923 0.02403760510821675
0 0.27165424823760986 0.7546518902445949 0.021379729111989376 0.024022701174713845
0 0.2995373606681824 0.754388498705487 0.021514515082041386 0.024228887040485734
0 0.32720810174942017 0.7535273303148343 0.021514515082041386 0.024228887040485734
0 0.3831852972507477 0.7517852088724924 0.021514515082041386 0.024228887040485734
0 0.41084539890289307 0.7509243716019932 0.021514515082041386 0.024228887040485734
0 0.43811261653900146 0.7500757616619731 0.021514515082041386 0.024228887040485734
0 0.4658305048942566 0.7489004937918952 0.02122098207473755 0.023532128149224833
0 0.49221912026405334 0.7478481337081554 0.02122098207473755 0.023532128149224833
0 0.5459517240524292 0.7457053139114408 0.02122098207473755 0.023532128149224833
0 0.5725679397583008 0.7446438772806607 0.02122098207473755 0.023532128149224833
0 0.6255402565002441 0.7425313772157182 0.02122098207473755 0.023532128149224833
0 0.6517134308815002 0.7413834416589072 0.020874738693237305 0.023278051568556148
0 0.6776881217956543 0.7402641997968872 0.020874738693237305 0.023278051568556227
0 0.702941358089447 0.7391760452042142 0.020874738693237305 0.023278051568556148
0 0.72774338722229 0.738107332996617 0.020874738693237305 0.023278051568556148
0 0.7529934048652649 0.7370193170946698 0.020874738693237305 0.023278051568556148
0 0.5199686884880066 0.7799474139546239 0.02100229263305664 0.023801936659702035
0 0.54653000831604 0.7798995084540788 0.021062135696411133 0.023982380711755086
0 0.13693344593048096 0.8236100840014081 0.021253883838653564 0.023943287457606478
0 0.16270139813423157 0.8239584359980299 0.021253883838653564 0.023943287457606478
0 0.19005736708641052 0.824328256088065 0.021253883838653564 0.023943287457606478
0 0.21724234521389008 0.8246957645859829 0.021253883838653564 0.023943287457606478
0 0.27251192927360535 0.8254429434773211 0.021253883838653564 0.023943287457606478
0 0.3287912607192993 0.8225094994833303 0.022303839524587032 0.024520696595657702
0 0.35624223947525024 0.8214884864012583 0.022303839524587032 0.024520696595657702
0 0.3835856318473816 0.8207333586936774 0.0216677188873291 0.024193283199339763
0 0.4116508364677429 0.819379745252873 0.0216677188873291 0.024193283199339763
0 0.4401044547557831 0.8180073982247577 0.0216677188873291 0.024193283199339763
0 0.4671005308628082 0.8167053499424896 0.0216677188873291 0.024193283199339763
0 0.5211214423179626 0.8140998662904252 0.0216677188873291 0.024193283199339763
0 0.5483238101005554 0.8130317510560502 0.020911335945129395 0.023712749629057766
0 0.574322521686554 0.8116649145639158 0.020911335945129395 0.023712749629057766
0 0.6007495522499084 0.8102755599555822 0.020911335945129395 0.023712749629057766
0 0.6271050572395325 0.8088899656783702 0.020911335945129395 0.023712749629057766
0 0.6533545255661011 0.8075099460920458 0.020911335945129395 0.023712749629057766
0 0.6796579957008362 0.8064953953054514 0.02120065689086914 0.022713062375090843
0 0.70525723695755 0.8051987581474837 0.021092136700948005 0.022060187288033054
0 0.7304162979125977 0.8037079005685951 0.021092136700948005 0.022060187288033054
0 0.7563243508338928 0.8021726597612785 0.021092136700948005 0.022060187288033054
0 0.7815554141998291 0.8006775355151974 0.021092136700948005 0.022060187288033054
0 0.8049384355545044 0.799291921216388 0.021092136700948005 0.022060187288033054
0 0.1902015507221222 0.8594898852160762 0.02211517095565796 0.024228768755299068
0 0.21736004948616028 0.8600484067192696 0.021872520446777344 0.024266856585362272
0 0.24523195624351501 0.8592775921488918 0.02192626396814981 0.02425544206486192
0 0.27346739172935486 0.8584852338935558 0.021926263968149784 0.02425544206486192
0 0.30117663741111755 0.8577076418646995 0.021926263968149784 0.02425544206486192
0 0.32972562313079834 0.8569064845909679 0.021926263968149784 0.02425544206486192
0 0.3580268323421478 0.8561122805573219 0.021926263968149784 0.02425544206486192
0 0.3856934607028961 0.8549652986748274 0.022189368804295895 0.02428962648376927
0 0.4136495590209961 0.8537260725118994 0.022075513998667362 0.024361780447553404
0 0.44098013639450073 0.8522049807196772 0.021835217873255375 0.024055126101471657
0 0.46835240721702576 0.8508674266726471 0.021835217873255375 0.024055126101471657
0 0.4949278086423874 0.8495688118825769 0.02183521787325543 0.024055126101471657
0 0.5221467614173889 0.8482387497669354 0.021835217873255486 0.024055126101471657
0 0.5493844747543335 0.8469077709109284 0.021835217873255486 0.024055126101471657
0 0.5757889151573181 0.8456175101813908 0.021835217873255486 0.024055126101471657
0 0.601818323135376 0.8437477609049849 0.021839817365010505 0.023850197015806686
0 0.6279795169830322 0.8423275614893714 0.021839817365010505 0.023850197015806686
0 0.6538270711898804 0.8406605387842933 0.021557728449503655 0.02373794437378887
