0 0.14132747054100037 0.06984709707223126 0.02163193623224896 0.02302268863648408
0 0.16793157160282135 0.06993844897248024 0.02163193623224896 0.02302268863648408
0 0.8425671458244324 0.07225498060561066 0.021631936232249016 0.02302268863648408
0 0.8696714639663696 0.07234805012754132 0.021631936232249016 0.02302268863648408
0 0.8960017561912537 0.07243846183599428 0.021631936232249016 0.02302268863648408
0 0.47868919372558594 0.10148317592088567 0.021767457326253292 0.023472307264342785
0 0.5071431994438171 0.10185620501573076 0.021767457326253237 0.023472307264342785
0 0.5351706743240356 0.10222364233506265 0.02176745732625318 0.023472307264342785
0 0.563129186630249 0.1025901755621267 0.02176745732625318 0.023472307264342785
0 0.11031455546617508 0.1381113295300704 0.021165241797765105 0.023360148880832893
0 0.1376575082540512 0.1375202689059945 0.021165241797765078 0.023360148880832893
0 0.16574762761592865 0.1369130571096241 0.021165241797765078 0.023360148880832893
0 0.1935674250125885 0.1361332050589628 0.02134382724761963 0.023295809132184184
0 0.2223728448152542 0.13568901461224223 0.02145400643348694 0.023254912028941088
0 0.2500391975045204 0.1354530021412974 0.02145400643348694 0.023254912028941088
0 0.30788788199424744 0.1349595142167896 0.02145400643348694 0.023254912028941088
0 0.3359020948410034 0.13472053426631345 0.02145400643348694 0.023254912028941088
0 0.36458733677864075 0.1344758299894111 0.021432608366012573 0.023448167845260267
0 0.39289411902427673 0.13473030558448423 0.021432608366012573 0.023448167845260267
0 0.45062243938446045 0.1352492783362704 0.021432608366012573 0.023448167845260267
0 0.478776752948761 0.1352375163588413 0.02111341555913293 0.023775743883709576
0 0.5070378631353378 0.13560557117813343 0.021113415559132875 0.023775743883709576
0 0.535599410533905 0.13597753870159884 0.02111341555913282 0.023775743883709576
0 0.5631330609321594 0.13627417450043322 0.021488825480143303 0.023757091788358466
0 0.5921327471733093 0.13671379311140194 0.021488825480143303 0.023757091788358466
0 0.6203663945198059 0.136698700660883 0.02158808708190918 0.024028600648392077
0 0.6764678955078125 0.13764314267662636 0.02158808708190918 0.024028600648392077
0 0.7319597005844116 0.13857732075244977 0.02158808708190918 0.024028600648392077
0 0.7599706053733826 0.13904887097687865 0.02158808708190918 0.024028600648392077
0 0.7873400449752808 0.13950962244078172 0.02158808708190918 0.024028600648392077
0 0.8155646920204163 0.13932079981092355 0.02165321509043383 0.02407609215078429
0 0.8428435325622559 0.13913830461789758 0.02165321509043383 0.02407609215078429
0 0.871134340763092 0.13894903937051462 0.02165321509043383 0.02407609215078429
0 0.10957272350788116 0.17204075081403866 0.02075392504533133 0.02340274633363236
0 0.13702861964702606 0.17144284547451716 0.0207539250453313 0.02340274633363236
0 0.16503767669200897 0.17083289398441515 0.0207539250453313 0.02340274633363236
0 0.19286108016967773 0.17022698546048098 0.0207539250453313 0.02340274633363236
0 0.25001896172761917 0.16873925115833144 0.02074478069941202 0.02322106028712073
0 0.2783845365047455 0.16873420670975087 0.020898958047231075 0.023278465566709074
0 0.30706900358200073 0.16875537978117425 0.020898958047231075 0.023278465566709074
0 0.33577460050582886 0.16895978395328964 0.02100469668706262 0.02351083681564921
0 0.3641866445541382 0.16870156356576083 0.021121790011723873 0.02362887064615884
0 0.3929970860481262 0.1688188064930051 0.021121790011723873 0.02362887064615884
0 0.4219152331352234 0.1689364877238074 0.021121790011723873 0.02362887064615884
0 0.47886401414871216 0.16916823848647464 0.021121790011723873 0.02362887064615884
0 0.5077845603227615 0.16928592948026436 0.021121790011723818 0.02362887064615884
0 0.5646129846572876 0.16951719045629093 0.021121790011723762 0.02362887064615884
0 0.592731237411499 0.17047821968500024 0.02088913321495056 0.023521645124568495
0 0.6208453178405762 0.17086534721906796 0.02088913321495056 0.023521645124568495
0 0.648935079574585 0.17116389955901742 0.020625591278076172 0.023353650588397844
0 0.6770423650741577 0.17139215247575626 0.020625591278076172 0.023353650588397844
0 0.10841692984104156 0.20628385765607968 0.020522554715474456 0.023706007373425417
0 0.13567523658275604 0.2054593927455831 0.020522554715474428 0.023706007373425417
0 0.16392043232917786 0.20449547434962073 0.020939787228902162 0.023478234461111643
0 0.19242292642593384 0.20418358294372335 0.020939787228902162 0.023478234461111643
0 0.2204989194869995 0.20387635856826847 0.020939787228902162 0.023478234461111643
0 0.24931930005550385 0.20356098865770927 0.02093978722890219 0.023478234461111643
0 0.30736321210861206 0.20299213820628514 0.021166761716206905 0.02370142382244731
0 0.33567965030670166 0.20309860761775528 0.021166761716206905 0.02370142382244731
0 0.3645600974559784 0.20320719769499124 0.021166761716206905 0.02370142382244731
0 0.39359021186828613 0.20331635051904226 0.021166761716206905 0.02370142382244731
0 0.422128826379776 0.20342365531034248 0.021166761716206905 0.02370142382244731
0 0.45116952061653137 0.20353284791438542 0.021166761716206905 0.02370142382244731
0 0.5082998275756836 0.20379334826802098 0.021106859048207582 0.02365229111309202
0 0.535905659198761 0.2039086902495004 0.021106859048207527 0.02365229111309202
0 0.5938141942024231 0.20379976455501458 0.02138376235961914 0.02353997932848083
0 0.621890664100647 0.20425184382948763 0.02138376235961914 0.02353997932848083
0 0.6502460241317749 0.2047084137129795 0.02138376235961914 0.02353997932848083
0 0.6777068376541138 0.20515057986487178 0.02138376235961914 0.02353997932848083
0 0.7057549357414246 0.20560220230457393 0.02138376235961914 0.02353997932848083
0 0.10729096084833145 0.23938276209556442 0.020749966303507478 0.023724415505579303
0 0.16341684758663177 0.2385383006252475 0.02082719405492145 0.02366234535394713
0 0.19131805002689362 0.2374429762928211 0.02110929787158966 0.02365001412325127
0 0.24902189522981644 0.2372934172831054 0.021417558193206787 0.023752670879511897
0 0.27768468856811523 0.23723582334296647 0.021417558193206787 0.023752670879511897
0 0.3066256046295166 0.2371776705534762 0.021417558193206787 0.023752670879511897
0 0.335143119096756 0.23712036853124296 0.021417558193206787 0.023752670879511897
0 0.3642854392528534 0.23706181104793106 0.021417558193206787 0.023752670879511897
0 0.10709589719772339 0.2746563623117846 0.021814696490764618 0.024646611176719933
0 0.13525725528597832 0.2742129559952224 0.021814696490764618 0.024646611176719933
0 0.1915241926908493 0.27343332919414337 0.021514981985092163 0.02376214848008267
0 0.2194889634847641 0.2728057018546171 0.02137544254461926 0.02377898933351499
0 0.24855736643075943 0.27243847944616745 0.021375442544619233 0.02377898933351499
0 0.27733314037323 0.2720749538327448 0.021375442544619205 0.02377898933351499
0 0.3064122498035431 0.2717075961688095 0.021375442544619205 0.02377898933351499
0 0.3345329165458679 0.27135234655335894 0.021375442544619205 0.02377898933351499
0 0.45242446660995483 0.34246943717779116 0.022275954484939575 0.02462764118993005
0 0.4802577495574951 0.3426023928377109 0.022275954484939575 0.02462764118993005
0 0.5094150453805923 0.34274167312005993 0.022275954484939575 0.02462764118993005
0 0.538141667842865 0.34287889613661654 0.022275954484939575 0.02462764118993005
0 0.5669901371002197 0.3430167011980969 0.022275954484939575 0.02462764118993005
0 0.5953218936920166 0.3430280651205594 0.02211581667264295 0.02454396920610765
0 0.10403694212436676 0.38032647423632193 0.02165566881497702 0.024495376172915924
0 0.13293814659118652 0.37952295569486394 0.021655668814977005 0.024495376172915924
0 0.16086027026176453 0.37874665780347494 0.02165566881497699 0.024495376172915924
0 0.189255028963089 0.37699831723436106 0.022013028462727846 0.02457895205002421
0 0.21851977705955505 0.37714359372161155 0.022064129511515318 0.024621187254439954
0 0.24674825370311737 0.377237708091246 0.02206412951151529 0.024621187254439954
0 0.27683183550834656 0.3773380074227932 0.022064129511515262 0.024621187254439954
0 0.3062134385108948 0.3774359663413828 0.022064129511515262 0.024621187254439954
0 0.33533182740211487 0.3775330476982649 0.022064129511515262 0.024621187254439954
0 0.3649192154407501 0.37742833204047627 0.022179484367370605 0.024479636850283114
0 0.3942587971687317 0.3773554697355391 0.022179484367370605 0.024479636850283114
0 0.42317700386047363 0.3777825111566588 0.021850844224294064 0.024512024812920148
0 0.45239922404289246 0.37786549665913666 0.021850844224294064 0.024512024812920148
0 0.481502890586853 0.3778240736140761 0.02141483624776208 0.02429485321044922
0 0.10408378392457962 0.4150120934774709 0.02162259817123413 0.02441154893978616
0 0.13197101652622223 0.4145723086017586 0.02162259817123413 0.02441154893978616
0 0.1890324056148529 0.4136724439121789 0.02162259817123413 0.02441154893978616
0 0.21806815266609192 0.41267451326896415 0.02171159783999127 0.024576142776844112
0 0.2473553866147995 0.41266588080805733 0.02169118324915567 0.02445516660231958
0 0.2770354747772217 0.4128213039664335 0.021691183249155643 0.02445516660231958
0 0.30656787753105164 0.4129759537533654 0.021691183249155643 0.02445516660231958
0 0.36539801955223083 0.4132840244851843 0.021691183249155643 0.02445516660231958
0 0.39475056529045105 0.41343773243039156 0.021691183249155643 0.02445516660231958
0 0.4238714873790741 0.41359022745200574 0.021691183249155643 0.02445516660231958
0 0.4525711238384247 0.41301953515341117 0.021193881829579708 0.02442018375840298
0 0.4815880060195923 0.41299507038435307 0.021492520968119266 0.024520548739174596
0 0.509994626045227 0.4130133251811183 0.021492520968119322 0.024520548739174596
0 0.5675618648529053 0.4130503193129025 0.021492520968119377 0.024520548739174596
0 0.5964393019676208 0.41306887666837644 0.021492520968119377 0.024520548739174596
0 0.6250587105751038 0.41308726820834846 0.021492520968119377 0.024520548739174596
0 0.6544930338859558 0.41310618343266864 0.021492520968119377 0.024520548739174596
0 0.6830242276191711 0.413112631189525 0.021743973096211677 0.024524659149406436
0 0.711112380027771 0.41312883066576583 0.021743973096211677 0.024524659149406436
0 0.7392058372497559 0.41302554031077493 0.02187887827555346 0.02416288390640135
0 0.7683465480804443 0.41295158031374907 0.02187887827555346 0.02416288390640135
0 0.1595003604888916 0.4497429603754088 0.021681785583496094 0.025365814682125176
0 0.1885494589805603 0.44942993851578955 0.021681785583496094 0.025365814682125176
0 0.2470131441950798 0.44841705650827596 0.02172317107518515 0.024634664372880276
0 0.2764437198638916 0.44848282392634903 0.021723171075185177 0.024634664372880276
0 0.30554741621017456 0.4486103945000227 0.021638691425323486 0.024477463359980564
0 0.3348824381828308 0.44859216379564865 0.021551787853240967 0.024329370306443852
0 0.36511144042015076 0.4486666691656101 0.021551787853240967 0.024329370306443852
0 0.42423388361930847 0.4488123881499482 0.021551787853240967 0.024329370306443852
0 0.45274618268013 0.44888266236453533 0.021551787853240967 0.024329370306443852
0 0.4817371964454651 0.4489541164664335 0.021551787853240967 0.024329370306443852
0 0.5106094926595688 0.4486924378520588 0.021337399880091368 0.024648769881374096
0 0.5391514301300049 0.4486647734995833 0.021337399880091423 0.024648769881374096
0 0.5969487428665161 0.4486087532930596 0.021337399880091423 0.024648769881374096
0 0.6255398392677307 0.4481982297675554 0.021400262912114387 0.024866917336633907
0 0.6546419858932495 0.4480649861346602 0.021400262912114387 0.024866917336633907
0 0.6833377480506897 0.4481325978887246 0.021513660748799568 0.024310296820115727
0 0.7115552425384521 0.4481005557747774 0.021513660748799568 0.024310296820115727
0 0.740715742111206 0.44806744284015915 0.021513660748799568 0.024310296820115727
0 0.15806089341640472 0.4853696199614321 0.021929576992988586 0.024970357732255276
0 0.1875457912683487 0.48541762654021303 0.022044971585273743 0.02479009110798202
0 0.24644217640161514 0.4848827539488327 0.022044971585273743 0.02479009110798202
0 0.27544716000556946 0.48453775673527877 0.021630088488260868 0.02472716338874763
0 0.30536553263664246 0.4844222401463708 0.021630088488260868 0.02472716338874763
0 0.3352089524269104 0.4842527194477403 0.02137434482574463 0.02424917294997583
0 0.3646327257156372 0.4842437034429506 0.02137434482574463 0.02424917294997583
0 0.3941010534763336 0.48423467378582175 0.02137434482574463 0.02424917294997583
0 0.4241686463356018 0.4842254605024479 0.02137434482574463 0.02424917294997583
0 0.48261138796806335 0.48420755253281705 0.02137434482574463 0.02424917294997583
0 0.5111111998558044 0.48419881964740624 0.02137434482574463 0.02424917294997583
0 0.540032148361206 0.4847597370930662 0.021323800086975098 0.02445886301439862
0 0.5686315894126892 0.48392520685469875 0.02108498414357496 0.023902686067329766
0 0.5976398587226868 0.4835723167242006 0.02108498414357496 0.023902686067329766
0 0.15723802149295807 0.5217484318932821 0.02177220582962036 0.025100471437439494
0 0.18617625534534454 0.5217511755843439 0.02177220582962036 0.025100471437439494
0 0.2161474972963333 0.5217540172169421 0.02177220582962036 0.025100471437439494
0 0.24572835862636566 0.5217568218367834 0.02177220582962036 0.025100471437439494
0 0.27513399720191956 0.5212348759010706 0.021921873092651367 0.025648397992747644
0 0.3352029323577881 0.5207793213600336 0.021921873092651367 0.025648397992747644
0 0.3647819757461548 0.5205549979639199 0.021921873092651367 0.025648397992747644
0 0.3942878246307373 0.520331229664854 0.021921873092651367 0.025648397992747644
0 0.4242810606956482 0.5201037650884583 0.021921873092651367 0.025648397992747644
0 0.4534098505973816 0.5198828563528497 0.021921873092651367 0.025648397992747644
0 0.4826142191886902 0.5199723798175191 0.021695176760355595 0.025104818418044506
0 0.5408340692520142 0.5190938461658566 0.021574576695760017 0.025044404259023795
0 0.5693739056587219 0.519044691373744 0.021574576695760017 0.025044404259023795
0 0.598149836063385 0.5189951299517115 0.021574576695760017 0.025044404259023795
0 0.6268271803855896 0.5189457383266715 0.021574576695760017 0.025044404259023795
0 0.6562328934669495 0.5188950922159916 0.021574576695760017 0.025044404259023795
0 0.685186505317688 0.5185582804125409 0.021493275960286384 0.024778410445812138
0 0.7129794359207153 0.5183391127475473 0.021995464960734123 0.024795266084892804
0 0.15688835084438324 0.5580700275509857 0.021422743797302246 0.024792634239492545
0 0.18577708303928375 0.5577738118726153 0.02178706725438434 0.025167213853939503
0 0.21543079614639282 0.5576657851809291 0.02178706725438434 0.025167213853939503
0 0.24571388959884644 0.5575554656945338 0.021787067254384368 0.025167213853939503
0 0.27529188990592957 0.5574477148200202 0.021787067254384396 0.025167213853939503
0 0.3354340195655823 0.5572286206622457 0.02169710397720337 0.025228574294452574
0 0.36534765362739563 0.5568997475619478 0.02169710397720337 0.025228574294452574
0 0.3945496082305908 0.5565786987276516 0.02169710397720337 0.025228574294452574
0 0.4233650267124176 0.5562618995051661 0.02169710397720337 0.025228574294452574
0 0.45403969287872314 0.5559246595515761 0.02169710397720337 0.025228574294452574
0 0.48297467827796936 0.5554925341938817 0.021390318870544434 0.024689578270727295
0 0.541391134262085 0.5552660919899164 0.021486123402913337 0.024897996769394984
0 0.5704204440116882 0.5550996647324673 0.021583080291748047 0.02482542880745821
0 0.599519670009613 0.554952259448525 0.021583080291748047 0.02482542880745821
0 0.6287878751754761 0.5548039981822883 0.021583080291748047 0.02482542880745821
0 0.6574938297271729 0.5546585850574914 0.021583080291748047 0.02482542880745821
0 0.6864439249038696 0.5545119352118913 0.021583080291748047 0.02482542880745821
0 0.0988868921995163 0.59501680025844 0.021944763759771974 0.025593365809714202
0 0.12719374522566795 0.5949238178341888 0.021944763759771987 0.025593365809714202
0 0.15609437227249146 0.5948373661484829 0.02177862823009491 0.025803440300993272
0 0.1853519082069397 0.5947962892964394 0.02177862823009491 0.025803440300993272
0 0.2156699001789093 0.5947537235905206 0.02177862823009491 0.025803440300993272
0 0.24527081102132797 0.5947121646486551 0.02177862823009491 0.025803440300993272
0 0.27504512667655945 0.5946703622507494 0.02177862823009491 0.025803440300993272
0 0.3048240840435028 0.5946845589878683 0.02187136809031165 0.025113541950551058
0 0.33498039841651917 0.5938041297037132 0.02222951253255212 0.02526559755783667
0 0.3648684322834015 0.593372163902094 0.02222951253255212 0.02526559755783667
0 0.3947641849517822 0.5930205201695442 0.021810273329416874 0.025382759035095744
0 0.4539561867713928 0.5924783751021984 0.021732687950134277 0.025236824686213112
0 0.4831797480583191 0.5922107314061062 0.021732687950134277 0.025236824686213112
0 0.5123432278633118 0.5919436379656703 0.021732687950134277 0.025236824686213112
0 0.5418410301208496 0.5916734826363699 0.021732687950134277 0.025236824686213112
0 0.571216344833374 0.591404449108035 0.021732687950134277 0.025236824686213112
0 0.6001710891723633 0.5911408303751207 0.0218197305997212 0.02536072841910429
0 0.6290132403373718 0.5907684592313545 0.021786848704020256 0.02522215732308321
0 0.09774157404899597 0.6317950403967569 0.021540939807891846 0.025644760723261814
0 0.12644478306174278 0.631826721347049 0.021540939807891846 0.025644760723261814
0 0.1549851894378662 0.6318582226051597 0.021540939807891846 0.025644760723261814
0 0.18475741147994995 0.6318910834705137 0.021540939807891846 0.025644760723261814
0 0.21492910385131836 0.6319243852482286 0.021540939807891846 0.025644760723261814
0 0.24443791806697845 0.6319681716012745 0.021727484961350768 0.02579513076663936
0 0.304369181394577 0.6310620418814725 0.022347430388132694 0.02582452463549237
0 0.334369421005249 0.6306959196578624 0.022298574447631836 0.02585105008857195
0 0.36474573612213135 0.630450207755195 0.022298574447631836 0.02585105008857195
0 0.3946036994457245 0.6302086887641724 0.022298574447631836 0.02585105008857195
0 0.424305260181427 0.6299684349028175 0.022298574447631836 0.02585105008857195
0 0.45430803298950195 0.6297257445579352 0.021881898244222042 0.025562286376953125
0 0.5130177140235901 0.6288739186520906 0.02188189824422193 0.025562286376953125
0 0.5417231917381287 0.6280350352442542 0.021972457567850823 0.02526485827542096
0 0.5718736052513123 0.6278075181055782 0.021972457567850823 0.02526485827542096
0 0.6010035872459412 0.6275877012148346 0.021972457567850823 0.02526485827542096
0 0.6301451325416565 0.6273677970666087 0.021972457567850823 0.02526485827542096
0 0.6592921018600464 0.6271478519883267 0.021972457567850823 0.02526485827542096
0 0.6884866952896118 0.6269437984941747 0.022160212198893303 0.025469136792559955
0 0.7172775268554688 0.6267287232155023 0.022160212198893303 0.025469136792559955
0 0.7460023760795593 0.6266365051269531 0.022369066874186272 0.025570684625196773
0 0.09722442924976349 0.6691966389500817 0.021658914784590394 0.025397574254708753
0 0.12554070726037025 0.6691783403203097 0.021658914784590408 0.025397574254708753
0 0.1548822820186615 0.6691593791202101 0.021658914784590422 0.025397574254708753
0 0.18491491675376892 0.6691399713412677 0.021658914784590422 0.025397574254708753
0 0.2145993560552597 0.6693358084540459 0.022744059562683105 0.025954845339752907
0 0.27443012595176697 0.668694119120753 0.022744059562683105 0.025954845339752907
0 0.3043528199195862 0.6683731960643434 0.022744059562683105 0.025954845339752907
0 0.33458003401756287 0.6680490070075188 0.022744059562683105 0.025954845339752907
0 0.36498385667800903 0.6677229238110919 0.022345681985219357 0.025830527608708763
0 0.3944435119628906 0.6671700623847323 0.022345681985219357 0.025830527608708763
0 0.4545809328556061 0.6660414795832427 0.022345681985219357 0.025830527608708763
0 0.48379021883010864 0.6654933167703839 0.022345681985219357 0.025830527608708763
0 0.5133490562438965 0.6649385940196902 0.022345681985219246 0.025830527608708763
0 0.5432706475257874 0.6646405761095796 0.021676301956176758 0.02525980158369676
0 0.5720260143280029 0.664347229680368 0.021676301956176758 0.02525980158369676
0 0.6310821771621704 0.6637447712033294 0.021676301956176758 0.02525980158369676
0 0.6604552268981934 0.6638971816661746 0.02190355459849047 0.025055049925811586
0 0.6895972490310669 0.6634857158347565 0.02190355459849047 0.025055049925811586
0 0.7185430526733398 0.6630770204769865 0.02190355459849047 0.025055049925811586
0 0.7469836473464966 0.6626754583314408 0.02190355459849047 0.025055049925811586
0 0.09662296622991562 0.7068568567848463 0.022574320435523987 0.025706446448037792
0 0.1541915088891983 0.7068032109460165 0.022575428088506044 0.025735899459484013
0 0.184403195977211 0.7070715280976416 0.022706300020217896 0.02609350514966388
0 0.21360616385936737 0.7071215955971829 0.022827809055646242 0.02589259776034102
0 0.24448951333761215 0.7067190658214481 0.0227460116147995 0.025712597277737458
0 0.27415692806243896 0.7062667803968121 0.0227460116147995 0.025712597277737458
0 0.3042881488800049 0.7058074241593822 0.0227460116147995 0.025712597277737458
0 0.33451107144355774 0.7053466699112557 0.0227460116147995 0.025712597277737458
0 0.3950364589691162 0.7039341261413791 0.022895336151123047 0.025986723197523067
0 0.42529475688934326 0.70359150199003 0.022895336151123047 0.025986723197523067
0 0.45451292395591736 0.7032606555649749 0.022895336151123047 0.025986723197523067
0 0.4840860366821289 0.7029257899794327 0.022895336151123047 0.025986723197523067
0 0.513739824295044 0.7025900108869686 0.023019472757975334 0.026126063147256542
0 0.543790340423584 0.702132144003192 0.023019472757975334 0.026126063147256542
0 0.573327898979187 0.7016820928349402 0.023019472757975334 0.026126063147256542
0 0.6023235321044922 0.7012402987530875 0.023019472757975334 0.026126063147256542
0 0.6315625309944153 0.7007947966109874 0.023019472757975334 0.026126063147256542
0 0.6611097455024719 0.700797812883244 0.022641301155090332 0.025858709054399884
0 0.6906803846359253 0.7005009242052944 0.022641301155090332 0.025858709054399884
0 0.48498034477233887 0.7777648748353471 0.023487627506256104 0.026260198548782702
0 0.5139231085777283 0.7783570400504178 0.0235598087310791 0.026017654773800872
0 0.5450752973556519 0.7761115140693132 0.02354133129119873 0.026355832122093022
0 0.092618428170681 0.8202329349604135 0.02301397422949472 0.02737148787624163
0 0.12233970314264297 0.820445925690407 0.023013974229494735 0.02737148787624163
0 0.15199029445648193 0.8211229013842206 0.02311833699544269 0.027348422264868087
0 0.18194876611232758 0.820938367361763 0.02311833699544269 0.027348422264868087
0 0.2121148556470871 0.8207525544836022 0.02311833699544269 0.027348422264868087
0 0.24231703579425812 0.8205665192995123 0.023118336995442718 0.027348422264868087
0 0.2727976143360138 0.820378769275754 0.023992935816446903 0.027028815690861192
0 0.30307334661483765 0.8196938434706085 0.023992935816446903 0.027028815690861192
0 0.3335966467857361 0.8190033169540997 0.023992935816446903 0.027028815690861192
0 0.3641428053379059 0.8183122733140064 0.023992935816446903 0.027028815690861192
0 0.3940987288951874 0.8176345825195312 0.023992935816446903 0.027028815690861192
0 0.4554046392440796 0.8162694945526242 0.023995041847229004 0.02670761226683613
0 0.4851906895637512 0.8159350046300419 0.023790617783864376 0.026667691016381913
0 0.515292227268219 0.8159953272619913 0.02334551016489672 0.026666094166363747
0 0.5449569821357727 0.8152390956791623 0.02334551016489672 0.026666094166363747
0 0.5752146244049072 0.8142373220969837 0.02357172966003418 0.026618720949158077
0 0.6052046418190002 0.8137032264886901 0.02357172966003418 0.026618720949158077
0 0.6640301942825317 0.8126555955789639 0.02357172966003418 0.026618720949158077
0 0.7231137752532959 0.8116033694104013 0.02357172966003418 0.026618720949158077
0 0.7524341940879822 0.8110811987588572 0.02357172966003418 0.026618720949158077
0 0.7814556360244751 0.8105643526206703 0.02357172966003418 0.026618720949158077
0 0.09216468781232834 0.8582745041958121 0.023248925805091858 0.026445610578670058
0 0.15201659500598907 0.8589079105629239 0.023248925805091858 0.026445610578670058
0 0.18202728033065796 0.8592255104533422 0.023248925805091858 0.026445610578670058
0 0.21229806542396545 0.8600896497830284 0.023699089884757996 0.026861442151919705
0 0.24245535582304 0.8593781937000363 0.023699089884757996 0.026861442151919705
0 0.27316007018089294 0.8586310453193132 0.023869693279266357 0.02712184699006794
0 0.3339756727218628 0.8571968066252791 0.023869693279266357 0.02712184699006794
0 0.36423641443252563 0.8564831554427168 0.023869693279266357 0.02712184699006794
0 0.39444097876548767 0.8557708291137359 0.023869693279266357 0.02712184699006794
0 0.4250616431236267 0.8550486897313317 0.023869693279266357 0.02712184699006794
0 0.4559626877307892 0.854374832080255 0.02383255958557129 0.027260004087936048
0 0.48581820726394653 0.8536814312602199 0.02383255958557129 0.027260004087936048
0 0.5157543420791626 0.8531446235124455 0.02383931477864576 0.02677745966948291
0 0.545508861541748 0.8527934052223383 0.023482799530029297 0.026409356168998196
0 0.576154351234436 0.8521077379956428 0.023482799530029297 0.026409356168998196
0 0.636326014995575 0.8507614472941242 0.023482799530029297 0.026409356168998196
0 0.6950342059135437 0.8494227209756541 0.023274342219034905 0.026036816974018894
0 0.7239662408828735 0.84878249599785 0.023274342219034905 0.026036816974018894
0 0.7534372210502625 0.8481303449257417 0.023274342219034905 0.026036816974018894
0 0.7832009196281433 0.84747171640958 0.023274342219034905 0.026036816974018894
0 0.8124423027038574 0.8468246459960938 0.023274342219034905 0.026036816974018894
0 0.8412317633628845 0.8458973197049873 0.023369312286376953 0.026153387025345202
0 0.843279242515564 0.8843590492425963 0.0236966609954834 0.026515635409096305
0 0.8722196817398071 0.8839507554379185 0.0236966609954834 0.026515635409096305
0 0.9026036262512207 0.8835220965564979 0.0236966609954834 0.026515635409096305
0 0.9319360852241516 0.8831082721089207 0.0236966609954834 0.026515635409096305
0 0.9619588255882263 0.8826847091216723 0.0236966609954834 0.026515635409096305
