0 0.15856194496154785 0.07978442103363746 0.02093246579170227 0.024938317232353742
0 0.18325600028038025 0.08000676022019497 0.02144351601600647 0.02471241840096407
0 0.13083405792713165 0.11945208837819654 0.021213402350743607 0.025264185528422512
0 0.18158259987831116 0.1192579963064497 0.021213402350743593 0.025264185528422512
0 0.20678547024726868 0.11916160580662838 0.021213402350743593 0.025264185528422512
0 0.23232102394104004 0.1190639429314192 0.021213402350743593 0.025264185528422512
0 0.25792594999074936 0.11896601473579352 0.02121340235074362 0.025264185528422512
0 0.3080883026123047 0.11852900409575069 0.020929043491681454 0.02536642828653025
0 0.33381178975105286 0.11825310410104148 0.020929043491681454 0.02536642828653025
0 0.3601645827293396 0.11797045441967965 0.020929043491681454 0.02536642828653025
0 0.3862612247467041 0.11769055211266806 0.020929043491681454 0.02536642828653025
0 0.41233035922050476 0.11721499147682818 0.021036793788274166 0.025237608325573813
0 0.43814870715141296 0.11674400576110765 0.021036793788274166 0.025237608325573813
0 0.46442264318466187 0.11626470907641927 0.021036793788274166 0.025237608325573813
0 0.48950402438640594 0.11580716731936433 0.02103679378827411 0.025237608325573813
0 0.5419172644615173 0.11521047468808335 0.021336764097213745 0.0252316718877748
0 0.567723274230957 0.11491668907494205 0.021336764097213745 0.0252316718877748
0 0.5943971872329712 0.11461302291515262 0.021336764097213745 0.0252316718877748
0 0.6200947761535645 0.11432047160695966 0.021336764097213745 0.0252316718877748
0 0.12914492189884186 0.15960621279339457 0.02104088167349498 0.02549685249032899
0 0.17998236417770386 0.1595120412516123 0.021040881673494993 0.02549685249032899
0 0.2052796185016632 0.15939097071802893 0.02099288503328961 0.025206395821977968
0 0.2308349758386612 0.15942423028495692 0.02099288503328961 0.025206395821977968
0 0.25715208798646927 0.15945848125399206 0.020992885033289582 0.025206395821977968
0 0.28267377614974976 0.15949169700145308 0.020992885033289554 0.025206395821977968
0 0.30732157826423645 0.15952377541120663 0.020992885033289554 0.025206395821977968
0 0.3330620527267456 0.15919142839739245 0.021385610103607178 0.025375240532926824
0 0.3589739203453064 0.15885686844831612 0.021385610103607178 0.025375240532926824
0 0.41157999634742737 0.15817764739148396 0.021385610103607178 0.025375240532926824
0 0.43689125776290894 0.15785084214321402 0.021385610103607178 0.025375240532926824
0 0.46280398964881897 0.15772842938048864 0.021461347738901737 0.0255418008612108
0 0.48857998847961426 0.15760666255008357 0.021461347738901737 0.0255418008612108
0 0.5146312117576599 0.15748359554858474 0.021461347738901848 0.0255418008612108
0 0.5412991642951965 0.1573576150938522 0.021461347738901848 0.0255418008612108
0 0.5672799348831177 0.15632026319441988 0.021384934584299797 0.025686936785084345
0 0.5939433574676514 0.15587235605993935 0.021384934584299797 0.025686936785084345
0 0.6203374266624451 0.15529364916226196 0.021025538444519043 0.025809332381847294
0 0.12714073061943054 0.20077348309893941 0.021721939245859787 0.025742139003073494
0 0.1527627408504486 0.20064926147460938 0.021175106366475405 0.02565589431644413
0 0.2047879844903946 0.2010099549263045 0.020687331755955995 0.025265020917552415
0 0.2298269271850586 0.20087366325910702 0.020687331755955995 0.025265020917552415
0 0.2555665373802185 0.20073355772712462 0.020687331755956023 0.025265020917552415
0 0.2806655764579773 0.20059693894402836 0.02068733175595605 0.025265020917552415
0 0.3069823682308197 0.20045369170432867 0.021346429983774784 0.025884332582932136
0 0.3327776789665222 0.20029617123168295 0.021346429983774784 0.025884332582932136
0 0.358262300491333 0.20014054799965766 0.021346429983774784 0.025884332582932136
0 0.41021406650543213 0.19982330170550877 0.021346429983774784 0.025884332582932136
0 0.4359188973903656 0.19966633375300918 0.021346429983774784 0.025884332582932136
0 0.4874812662601471 0.19895652713323606 0.021614929040273068 0.02628233266431232
0 0.5138444900512695 0.1985936114802963 0.021614929040272957 0.02628233266431232
0 0.5400689244270325 0.198232606399891 0.021614929040272957 0.02628233266431232
0 0.5659332871437073 0.19787655805931 0.021614929040272957 0.02628233266431232
0 0.12631691992282867 0.24124677791151888 0.02103976408640544 0.024693836537442494
0 0.15186822414398193 0.24131573419796187 0.021039764086405455 0.024693836537442494
0 0.1776481717824936 0.24138530753318033 0.021039764086405455 0.024693836537442494
0 0.20346711575984955 0.2414549861093167 0.021039764086405455 0.024693836537442494
0 0.22880470752716064 0.24152336564174917 0.021039764086405455 0.024693836537442494
0 0.25357065349817276 0.2415800240389368 0.02065877119700113 0.024632949237675603
0 0.2792261242866516 0.24165732361549555 0.020658771197001102 0.024632949237675603
0 0.3053571283817291 0.24173605596729128 0.020658771197001102 0.024632949237675603
0 0.33164191246032715 0.24171404467447563 0.020951896905899048 0.02493462082027462
0 0.3572293221950531 0.24126172620196676 0.021298706531524658 0.024593944697417058
0 0.40936604142189026 0.24097253292034487 0.021298706531524658 0.024593944697417058
0 0.4351421594619751 0.24082955729253347 0.021298706531524658 0.024593944697417058
0 0.48711127042770386 0.24054129370468172 0.021298706531524658 0.024593944697417058
0 0.5131832361221313 0.24039667706156886 0.021298706531524658 0.024593944697417058
0 0.5396702289581299 0.2398560362872966 0.021116534868876213 0.024881998697916696
0 0.56606525182724 0.2396575480552739 0.021116534868876213 0.024881998697916696
0 0.592413067817688 0.2394594148147938 0.021116534868876213 0.024881998697916696
0 0.12374347075819969 0.32327059812323994 0.021536998450756073 0.02519721393437346
0 0.1506417691707611 0.32357464280239373 0.021386444568634033 0.025304794311523438
0 0.17629143595695496 0.3238191697116074 0.021386444568634033 0.025304794311523438
0 0.2016405612230301 0.32406083145732334 0.021386444568634033 0.025304794311523438
0 0.22727611660957336 0.3243052238378131 0.021386444568634033 0.025304794311523438
0 0.25245022773742676 0.3245452171148256 0.021386444568634033 0.025304794311523438
0 0.2784269452095032 0.32436242214469024 0.02140376965204871 0.025838807571765987
0 0.30474722385406494 0.3244582434541023 0.02140376965204871 0.025838807571765987
0 0.33047962188720703 0.3245519245319946 0.02140376965204871 0.025838807571765987
0 0.3561426103115082 0.32464535291804825 0.02140376965204871 0.025838807571765987
0 0.12333246693015099 0.3641249080036962 0.021180140475432083 0.025856032852054553
0 0.14871491491794586 0.3646790482277094 0.021078179279963194 0.026040550350218794
0 0.17499880492687225 0.36473039984031086 0.021078179279963194 0.026040550350218794
0 0.22668220102787018 0.3648313752185217 0.021078179279963194 0.026040550350218794
0 0.25203729420900345 0.36488091221331465 0.021078179279963166 0.026040550350218752
0 0.2778310179710388 0.36493130617363506 0.02107817927996314 0.026040550350218794
0 0.3034990727901459 0.36538868172224176 0.02064172426859534 0.0257785486620526
0 0.3291798233985901 0.3654914456744527 0.020683983961741093 0.025585795557776164
0 0.35551688075065613 0.3656105674611361 0.020683983961741093 0.025585795557776164
0 0.3818660378456116 0.3657297439746242 0.020683983961741093 0.025585795557776164
0 0.40754812955856323 0.3658459033697199 0.020683983961741093 0.025585795557776164
0 0.43360021710395813 0.36596373624579853 0.020683983961741093 0.025585795557776164
0 0.45989957451820374 0.3663095097209132 0.02112291256586707 0.025543575139008765
0 0.12234573438763618 0.405806208765784 0.02143344034751256 0.02576807303022039
0 0.14839686453342438 0.40575700054569486 0.021381566921869932 0.0257257269334424
0 0.1740463674068451 0.4060740359993868 0.021381566921869932 0.0257257269334424
0 0.19992834329605103 0.40646659496218657 0.021394064029057802 0.02627140607020657
0 0.2257959544658661 0.4066516724463716 0.021394064029057802 0.02627140607020657
0 0.25136053562164307 0.40683458181258625 0.02139406402905783 0.02627140607020657
0 0.3031240701675415 0.40720493934902013 0.021394064029057858 0.02627140607020657
0 0.3288058340549469 0.40738868713378906 0.021394064029057858 0.02627140607020657
0 0.12190823256969452 0.4473364186841388 0.021371006965637207 0.025615011998849378
0 0.14730912446975708 0.44778402461562045 0.021452024579048157 0.02556299608807231
0 0.1729116439819336 0.44791358413941396 0.021452024579048157 0.02556299608807231
0 0.22432826459407806 0.44816155105421845 0.02129693329334259 0.025522631268168606
0 0.2507035806775093 0.4482841048129769 0.02129693329334259 0.025522631268168606
0 0.27680134773254395 0.4484053689312033 0.02129693329334259 0.025522631268168606
0 0.30220505595207214 0.44852340808261515 0.02129693329334259 0.025522631268168606
0 0.3284386694431305 0.4486453034156977 0.02129693329334259 0.025522631268168606
0 0.3543303310871124 0.4487656098584693 0.02129693329334259 0.025522631268168606
0 0.12045548856258392 0.4868981269214208 0.02076820532480876 0.02554690930270404
0 0.14603085815906525 0.48746645727822946 0.02072415749231976 0.0256087133126666
0 0.17283430695533752 0.48855593139339926 0.02105921506881714 0.025209441665531074
0 0.1986464112997055 0.4887705514597338 0.020947635173797607 0.02524037324180904
0 0.22405648231506348 0.48900134877529705 0.020947635173797607 0.02524037324180904
0 0.2501697838306427 0.48923853346819496 0.020947635173797607 0.02524037324180904
0 0.27636316418647766 0.4894764455097631 0.020947635173797607 0.02524037324180904
0 0.3012012243270874 0.4897020473036655 0.020947635173797607 0.02524037324180904
0 0.32735320925712585 0.4896276138263565 0.021091759204864502 0.025607264319131542
0 0.35394352674484253 0.48975261422090755 0.021091759204864502 0.025607264319131542
0 0.37957268953323364 0.49002938264423457 0.021132389704386356 0.025779605835907164
0 0.4051099419593811 0.49046441011650616 0.021132389704386356 0.025779605835907164
0 0.11920759081840515 0.529876708984375 0.021387726068496704 0.025773928146953676
0 0.1456174999475479 0.5297374787590743 0.021421357989311218 0.025752459385598298
0 0.17062760889530182 0.5300442895223928 0.021421357989311218 0.025752459385598298
0 0.19704821705818176 0.5303684035426366 0.021421357989311218 0.025752459385598298
0 0.22289657592773438 0.5306854975117937 0.021421357989311218 0.025752459385598298
0 0.24867143481969833 0.5310016898221748 0.021421357989311218 0.025752459385598298
0 0.27495405077934265 0.5313241110271936 0.021421357989311218 0.025752459385598298
0 0.3000653088092804 0.5314054710920467 0.021303261319796207 0.025648811990900612
0 0.32652392983436584 0.5316021174866775 0.021303261319796207 0.025648811990900612
0 0.3524424135684967 0.531491904130083 0.021298706531524658 0.025710054146226933
0 0.3785538375377655 0.5315349933712982 0.021298706531524658 0.025710054146226933
0 0.11819436401128769 0.5703353438266489 0.021580065290133163 0.025659398515095026
0 0.17035120725631714 0.5712530859538834 0.021580065290133177 0.025659398515095026
0 0.19585920870304108 0.5717019200100251 0.021580065290133177 0.025659398515095026
0 0.2220596820116043 0.5721629386724427 0.021580065290133177 0.025659398515095026
0 0.24789302051067352 0.5726174972989364 0.02158006529013315 0.025659398515095026
0 0.27304065227508545 0.5726665674253951 0.020624279975891113 0.0257003547609315
0 0.2985583543777466 0.5726736645365871 0.02120729287465417 0.025633937628694228
0 0.32612162828445435 0.5728415123121333 0.02120729287465417 0.025633937628694228
0 0.35141435265541077 0.5729955334758577 0.02120729287465417 0.025633937628694228
0 0.37769994139671326 0.5731556007310787 0.02120729287465417 0.025633937628694228
0 0.42916983366012573 0.5734690289164699 0.02120729287465417 0.025633937628694228
0 0.4553890824317932 0.5738496558610783 0.020895302295684814 0.02580154773800872
0 0.4816717207431793 0.5741031950010266 0.020883222421010372 0.025389294291651526
0 0.5077421069145203 0.5743405541708303 0.02160775661468506 0.024859435798585933
0 0.533964216709137 0.5748137285179911 0.02160775661468506 0.024859435798585933
0 0.5607044696807861 0.5752962526871703 0.02160775661468506 0.024859435798585933
0 0.5868875980377197 0.5757687236196756 0.02160775661468506 0.024859435798585933
0 0.6137792468070984 0.5762539797051008 0.02160775661468506 0.024859435798585933
0 0.11504998803138733 0.654305524604265 0.021522531906763717 0.024812624436016176
0 0.14195401966571808 0.6549151620107847 0.02152253190676373 0.024812624436016176
0 0.16796135902404785 0.6555044806353085 0.02152253190676373 0.024812624436016176
0 0.19364657998085022 0.6560865001520418 0.02152253190676373 0.024812624436016176
0 0.2194017469882965 0.6566701046256131 0.02152253190676373 0.024812624436016176
0 0.24522645771503448 0.6992942455203034 0.02154269814491272 0.026016057923782702
0 0.269952654838562 0.6999352477317633 0.02271813154220581 0.02630455549373183
0 0.2946239411830902 0.7420350451802098 0.022525131702423096 0.026494625002838845
0 0.3207871913909912 0.7428548950844602 0.02166028817494714 0.025457766629004636
0 0.34714239835739136 0.7427060715429039 0.022204240163167355 0.025981755219688766
0 0.3729882538318634 0.7434654679409293 0.022204240163167355 0.025981755219688683
0 0.39981725811958313 0.7442537509690854 0.022204240163167355 0.025981755219688683
0 0.4251649081707001 0.7449985092211866 0.022204240163167355 0.025981755219688683
0 0.45171865820884705 0.7457787047984988 0.022204240163167355 0.025981755219688683
0 0.4786336123943329 0.7465695131848439 0.022204240163167355 0.025981755219688683
0 0.504894569516182 0.7470845067223837 0.02246891458829242 0.026114367699438316
0 0.11115771532058716 0.78158134637877 0.021969263752301543 0.025825441345687875
0 0.13686662912368774 0.7820533874075721 0.022037699818611145 0.026221105294634096
0 0.16307447850704193 0.7826186778933503 0.022037699818611145 0.026221105294634096
0 0.18941426277160645 0.7831868141499506 0.022037699818611145 0.026221105294634096
0 0.21572431921958923 0.7837543091920954 0.022037699818611145 0.026221105294634096
0 0.2418658807873726 0.7843181698821312 0.022037699818611145 0.026221105294634096
0 0.26630157232284546 0.8278950535973837 0.022700607776641846 0.026389188544694766
0 0.2918221354484558 0.828982952029206 0.022697091102600098 0.02659713390261628
0 0.31738072633743286 0.8724327087402344 0.022145410378774044 0.025815327962239475
0 0.34405118227005005 0.873049447702807 0.021931171417236328 0.025716559831486192
0 0.37082257866859436 0.8739673931136617 0.021931171417236328 0.025716559831486192
0 0.39708590507507324 0.8748679176731469 0.021931171417236328 0.025716559831486192
0 0.42343688011169434 0.875771447554305 0.021931171417236328 0.025716559831486192
0 0.44953516125679016 0.8766663129939589 0.021931171417236328 0.025716559831486192
0 0.4761844873428345 0.877285742431962 0.02220202485720313 0.02539985124454942
0 0.5028982609510422 0.8781920144724291 0.022202024857203184 0.02539985124454942
0 0.5300881862640381 0.8791144400890775 0.02220202485720324 0.02539985124454942
