0 0.09945313111297402 0.07962944257960906 0.01914056142171225 0.021356885747392054
0 0.1256752677366767 0.07907522487091435 0.01914056142171222 0.021356885747392054
0 0.15442094024917888 0.07868085175094894 0.01914056142171222 0.021356885747392054
0 0.34191656852934504 0.10592111506368192 0.021252528964475936 0.024419779390459674
0 0.36915526919766894 0.10506958684933826 0.02107049442319492 0.02443925855417438
0 0.3972200974917933 0.10517125081055372 0.021498511580119894 0.02479712305340098
0 0.42483966516635285 0.10460476986126181 0.020554743026367728 0.023685315265354667
0 0.451918487363954 0.1040618290501752 0.019938363109929913 0.02308761962255525
0 0.4803254538367921 0.10357569419386102 0.02043620622602982 0.0234986969135261
0 0.5083440559672879 0.10260033081263743 0.020956675710211703 0.022643461567685593
0 0.5375559509490908 0.10114007571550812 0.022106968758189183 0.023880394496971574
0 0.5651105407582286 0.1010518104467613 0.021710753440856934 0.022958191790322005
0 0.5932006161645573 0.10058648558228986 0.021710753440856934 0.022958191790322005
0 0.3116442561149597 0.17510642583051883 0.022579232851664188 0.026420704154081123
0 0.34019532799720764 0.17409130584361943 0.021664917469024658 0.025673319202984945
0 0.3676559627056122 0.17347908423485503 0.021664917469024658 0.025673319202984966
0 0.39464840292930603 0.17287730079635466 0.021664917469024658 0.025673319202984966
0 0.42223554849624634 0.17226225868900524 0.021664917469024658 0.025673319202984966
0 0.47746309638023376 0.17103098714074425 0.021664917469024658 0.025673319202984966
0 0.507892981171608 0.17030148853614327 0.02207996447881061 0.02562446742094763
0 0.5354201197624207 0.16964157775014033 0.022079964478810554 0.02562446742094763
0 0.5646423697471619 0.1689410298928835 0.022079964478810554 0.02562446742094763
0 0.5938549637794495 0.16824071351871933 0.022079964478810554 0.02562446742094763
0 0.6226193308830261 0.16712307375530863 0.02256702383359266 0.02507368723551431
0 0.09291007369756699 0.2446116513984148 0.02246551215648651 0.024082509122153612
0 0.11970814317464828 0.24473746987276299 0.022045398751894638 0.024080379988796054
0 0.14566142857074738 0.2442879215184915 0.02204539875189465 0.024080379988796054
0 0.17218568921089172 0.24382848304906218 0.02204539875189465 0.024080379988796054
0 0.19995014369487762 0.24334756263262822 0.02204539875189465 0.024080379988796054
0 0.2556987404823303 0.24238191648971202 0.022045398751894624 0.024080379988796054
0 0.2840839624404907 0.2416095671377949 0.02179129918416345 0.02368340011714962
0 0.3124938905239105 0.24122650678767715 0.02179129918416345 0.02368340011714962
0 0.34045344591140747 0.24084951895988602 0.02179129918416345 0.02368340011714962
0 0.36865800619125366 0.24046922765101716 0.02179129918416345 0.02368340011714962
0 0.39632362127304077 0.24009620311648347 0.02179129918416345 0.02368340011714962
0 0.4235321283340454 0.2397293419188639 0.02179129918416345 0.02368340011714962
0 0.09051662683486938 0.3142364779930005 0.022325143218040466 0.024474535801614006
0 0.11895521730184555 0.3139287371968114 0.022325143218040466 0.024474535801614006
0 0.17107919492620105 0.3133590700827844 0.022325143218040466 0.024474535801614006
0 0.20054389758312957 0.31345500030593076 0.022203663984934507 0.024584703667219297
0 0.2284173030168452 0.31315619450704973 0.022203663984934507 0.024584703667219297
0 0.255611907294456 0.3134016563608055 0.022002418835957854 0.024206250212913335
0 0.2841779228220595 0.31261630991361505 0.022002418835957882 0.024206250212913335
0 0.31260930857759844 0.3130064691198712 0.022002418835957882 0.024206250212913335
0 0.3414156608124997 0.31223887633572717 0.022002418835957882 0.024206250212913335
0 0.36910930275917053 0.3122384129391632 0.022002418835957882 0.024206250212913335
0 0.3974479012032773 0.3118742454446138 0.02155427138010657 0.023936456488084398
0 0.4257805987875512 0.31157531153147083 0.02155427138010657 0.023936456488084398
0 0.45172988734346753 0.31165757316599196 0.02155427138010657 0.023936456488084398
0 0.08873496204614639 0.3839195342014945 0.02227400739987692 0.02464611585750136
0 0.14337991178035736 0.38341498929400775 0.022274007399876894 0.02464611585750136
0 0.16910848021507263 0.3831774336142277 0.022274007399876894 0.02464611585750136
0 0.2259601652622223 0.3825290647424717 0.022425214449564634 0.024919325067091345
0 0.2546428143978119 0.38238768244898597 0.022425214449564607 0.024919325067091345
0 0.2836296260356903 0.38224480088003365 0.02242521444956458 0.024919325067091345
0 0.3124445080757141 0.3821027667851325 0.02242521444956458 0.024919325067091345
0 0.3690876364707947 0.38182356191235917 0.02242521444956458 0.024919325067091345
0 0.3958364725112915 0.3816917117555065 0.02242521444956458 0.024919325067091345
0 0.42342644929885864 0.3809088329936183 0.022367437680562374 0.024823684100956894
0 0.08660808205604553 0.45560009393404166 0.02219228446483612 0.025404050368671324
0 0.11496258748972668 0.45449277912650826 0.022192284464836107 0.025404050368671324
0 0.14247016830647244 0.4541589645773741 0.02219228446483612 0.025404050368671324
0 0.16945845110619323 0.4545972862791036 0.02219228446483612 0.025404050368671324
0 0.1972543831835402 0.45465158690973156 0.02219228446483612 0.025404050368671324
0 0.25452640763622647 0.4541141853540148 0.022201781471570342 0.025047716244246555
0 0.28321947379315154 0.45380939802550985 0.02220178147157037 0.025047716244246555
0 0.3123634330769803 0.45331057033565714 0.022566551963488224 0.024649745734162978
0 0.3407673772345198 0.4525220560473065 0.022566551963488224 0.024649745734162978
0 0.36959804816448943 0.4528935654950654 0.022566551963488224 0.024649745734162978
0 0.3969414468775404 0.4527650386729139 0.02242455879847205 0.0246017219484315
0 0.42540590687001006 0.45233405996090614 0.02242455879847205 0.0246017219484315
0 0.45352889185256146 0.45229227291599816 0.021567483743031857 0.023809654768123183
0 0.08608660846948624 0.5254184811614281 0.02257583538691202 0.025297682414683317
0 0.14095017313957214 0.526394097209978 0.022575835386912046 0.025297682414683317
0 0.1677761014471663 0.5259192657868167 0.022575835386912046 0.025297682414683317
0 0.22431634366512299 0.524954682956774 0.022575835386912046 0.025297682414683317
0 0.2536114454269409 0.5248563899550327 0.02257583538691202 0.025297682414683317
0 0.28271472454071045 0.5245917461212197 0.021763583024342892 0.024814516999000728
0 0.3401777446269989 0.5237782432735475 0.02190067370732629 0.024988987649133907
0 0.367876261472702 0.5236396345981332 0.022116323312123654 0.02504585325255869
0 0.39584416151046753 0.5234984150344495 0.022116323312123654 0.02504585325255869
0 0.42390429973602295 0.5233567297283748 0.022116323312123654 0.02504585325255869
0 0.4521991014480591 0.523213859525503 0.022116323312123654 0.02504585325255869
0 0.4809264838695526 0.5230688050735829 0.022116323312123654 0.02504585325255869
0 0.5099006444215775 0.5229005003489612 0.022097031275431334 0.02487226974132449
0 0.5405774712562561 0.5230204560035883 0.022156953811645508 0.024680706881737468
0 0.08378772437572479 0.5965258913497539 0.022265836596488953 0.024837641752967484
0 0.113285131752491 0.5966419840967933 0.022265836596488953 0.024837641752967484
0 0.16751670837402344 0.5971404691774361 0.022094930211703 0.024974675141563766
0 0.1949561983346939 0.5969156664471293 0.022094930211703 0.024974675141563766
0 0.22327323257923126 0.5970748635225518 0.02247762680053711 0.024941584860631718
0 0.25272611528635025 0.5967866868225031 0.02247762680053711 0.024941584860631718
0 0.28125348687171936 0.5965075656279402 0.02247762680053711 0.024941584860631718
0 0.3106664717197418 0.5962197793016789 0.02247762680053711 0.024941584860631718
0 0.34013697504997253 0.5959314301956532 0.02247762680053711 0.024941584860631718
0 0.3679753541946411 0.5961875791421443 0.022797713677088383 0.02436926198560138
0 0.3962482511997223 0.5958052790442179 0.022797713677088383 0.02436926198560138
0 0.4526742696762085 0.5951286138490189 0.022664348284403446 0.02445782801901653
0 0.4815545380115509 0.5950216404652376 0.022664348284403446 0.02445782801901653
0 0.510449007153511 0.5949539657658154 0.023115078608195005 0.025480787883433317
0 0.5399035215377808 0.5948265874108603 0.02311507860819506 0.025480787883433317
0 0.5693138837814331 0.5946993999952962 0.02311507860819506 0.025480787883433317
0 0.5989158749580383 0.5945713838653991 0.02311507860819506 0.025480787883433317
0 0.6277337074279785 0.5944467588912609 0.02311507860819506 0.025480787883433317
0 0.08173519372940063 0.6695819677308549 0.02159393827120462 0.024487517600835756
0 0.13920286297798157 0.6698675477773083 0.022058899203936277 0.025003684583560497
0 0.16632269322872162 0.6698201201682867 0.022058899203936277 0.025003684583560497
0 0.22268304228782654 0.6697215562549147 0.022058899203936277 0.025003684583560497
0 0.25161897391080856 0.6696937472321266 0.022705480456352234 0.025841409845869724
0 0.28084105253219604 0.6696179083157081 0.022705480456352234 0.025841409845869724
0 0.3099367320537567 0.6695423974379242 0.022705480456352234 0.025841409845869724
0 0.367051899433136 0.6693941686804413 0.022705480456352234 0.025841409845869724
0 0.39777456889761253 0.6697090900162551 0.022705480456352234 0.025841409845869724
0 0.42472970929551634 0.6699326025780428 0.022838493188222286 0.02597900508910192
0 0.4537325812147019 0.6700920584412979 0.022838493188222286 0.02597900508910192
0 0.08031647652387619 0.7459491773888459 0.02172615627447763 0.02517544946005178
0 0.10858545452356339 0.7445951057158714 0.02266200880209604 0.026509735935418152
0 0.1635299026966095 0.7447248725003974 0.022662008802096067 0.026509735935418152
0 0.19255749881267548 0.7441085067840842 0.022507662574450193 0.02612041502959974
0 0.2210751175880432 0.7445570393572494 0.02303799490133923 0.026664556458938952
0 0.24981044977903366 0.7449286483054938 0.023037994901339204 0.026664556458938952
0 0.27832379937171936 0.7452973865467167 0.023037994901339176 0.026664556458938952
0 0.3069286346435547 0.7456902792287428 0.022678514321645138 0.024451263191163974
0 0.365500271320343 0.745474661923894 0.022678514321645138 0.024451263191163974
0 0.39407485723495483 0.7453694715015047 0.022678514321645138 0.024451263191163974
0 0.42294827103614807 0.7452631810165734 0.022678514321645138 0.024451263191163974
0 0.45226848125457764 0.7451552457587663 0.022678514321645138 0.024451263191163974
0 0.48182857036590576 0.7467145813343004 0.023574858903884888 0.025406386501105285
0 0.5118382126092911 0.7474557965300804 0.023574858903884888 0.025406386501105285
0 0.5415545105934143 0.7481897663471653 0.023574858903884888 0.025406386501105285
0 0.07770129293203354 0.8171114308574211 0.023393943905830383 0.02677337883054759
0 0.10688253492116928 0.8178044696186864 0.023051172494888306 0.026327621105105378
0 0.13385559991002083 0.8184464453453019 0.023051172494888306 0.026327621105105378
0 0.16218288242816925 0.8190368829771529 0.023067941268285097 0.0265310716259386
0 0.19160902500152588 0.8193727307968224 0.023067941268285097 0.0265310716259386
0 0.24918260425329208 0.8200298322505405 0.023067941268285125 0.0265310716259386
0 0.27959310374361407 0.8211441183015311 0.023067941268285153 0.0265310716259386
0 0.3364277184009552 0.8210255822470022 0.023067941268285153 0.0265310716259386
0 0.3647197186946869 0.8219073983125909 0.022321542104085323 0.026707493981649708
0 0.39369457960128784 0.8230588158895803 0.022538026173909542 0.027238831039546885
0 0.42303723096847534 0.8232248044073608 0.022538026173909542 0.027238831039546885
0 0.4513999819755554 0.8233852497243476 0.022538026173909542 0.027238831039546885
0 0.48187026381492615 0.8235576171377618 0.022538026173909542 0.027238831039546885
0 0.5125672817230225 0.8237312671750091 0.02253802617390943 0.027238831039546885
0 0.0772327184677124 0.8925075808765691 0.022632638613382966 0.025997901147650083
0 0.10640456527471542 0.8931930009708848 0.022632638613382966 0.025997901147650083
0 0.13503190875053406 0.8938656274451365 0.02263263861338298 0.025997901147650083
0 0.16578087210655212 0.8945881033823999 0.022632638613382994 0.025997901147650083
0 0.2194078117609024 0.8958481189816497 0.022632638613382994 0.025997901147650083
0 0.27788618206977844 0.8972221235264329 0.022632638613382938 0.025997901147650083
0 0.3064318895339966 0.8977261033169058 0.023040076096852657 0.028645537620367006
0 0.3358617424964905 0.8981527426051515 0.023040076096852657 0.028645537620367006
0 0.36453694105148315 0.8985684418041042 0.023040076096852657 0.028645537620367006
0 0.39436763525009155 0.8990008920156968 0.023040076096852657 0.028645537620367006
0 0.42330288887023926 0.8994203611861827 0.023040076096852657 0.028645537620367006
0 0.4535750087271345 0.9007379232093711 0.022825976212819454 0.028379573378452035
0 0.48316794633865356 0.9025745835415152 0.025043567021687863 0.030828254167423692
0 0.5135319702168728 0.9025402760454609 0.02504356702168775 0.030828254167423692
0 0.5439058415433193 0.902891307679484 0.02504356702168775 0.030828254167423692
0 0.5739367604255676 0.902468393015307 0.02504356702168775 0.030828254167423692
