0 0.16184735298156738 0.11390966592833053 0.02087630828221637 0.022257122882576877
0 0.18858595192432404 0.11354571870201939 0.02087630828221637 0.022257122882576877
0 0.82149738073349 0.10493096818689869 0.020876308282216316 0.022257122882576877
0 0.8472698330879211 0.10458017147650589 0.020876308282216316 0.022257122882576877
0 0.8729322552680969 0.10423087242037751 0.020876308282216316 0.022257122882576877
0 0.13527025282382965 0.14561850525612055 0.01964618762334186 0.021491427754246912
0 0.16104978322982788 0.14534570843195507 0.01964618762334186 0.021491427754246912
0 0.18819206953048706 0.14505849103944246 0.01964618762334186 0.021491427754246912
0 0.21417708694934845 0.14478351976897663 0.01964618762334186 0.021491427754246912
0 0.24021537601947784 0.14450798478237417 0.019646187623341888 0.021491427754246912
0 0.266718327999115 0.14370312801627225 0.019564489523569706 0.02136783451997034
0 0.2933134138584137 0.1433917200842569 0.02030402421951294 0.021482415901598065
0 0.32013964653015137 0.1429860430270356 0.02030402421951294 0.021482415901598065
0 0.346525102853775 0.14258703156665692 0.02030402421951294 0.021482415901598065
0 0.3988974988460541 0.14179503517470135 0.02030402421951294 0.021482415901598065
0 0.42546409368515015 0.14139328446499136 0.02030402421951294 0.021482415901598065
0 0.4514782428741455 0.14092070557350336 0.020572682221730587 0.021882352902907746
0 0.5046399980783463 0.1402245979880212 0.02057268222173053 0.021882352902907746
0 0.531639575958252 0.13987106167427787 0.020572682221730476 0.021882352902907746
0 0.557655930519104 0.13953039982654844 0.020572682221730476 0.021882352902907746
0 0.5835686326026917 0.13919109521910203 0.020572682221730476 0.021882352902907746
0 0.6101557016372681 0.13888746668952595 0.02031372984250379 0.02164299543513808
0 0.6365272998809814 0.13870817256436563 0.02069167296091723 0.021841485370961256
0 0.6632680892944336 0.13842482899510583 0.02069167296091723 0.021841485370961256
0 0.13465971872210503 0.1768728910490524 0.019936782618363694 0.02173437443814537
0 0.16114354133605957 0.17644357098119834 0.01993678261836368 0.02173437443814537
0 0.18763244152069092 0.17601416860260619 0.01993678261836368 0.02173437443814535
0 0.21376538276672363 0.17545937382897667 0.01971397797266644 0.021571906038032954
0 0.24001245200634003 0.17516623171705936 0.01971397797266644 0.021571906038032933
0 0.26650887727737427 0.17487030465597303 0.019713977972666386 0.021571906038032933
0 0.29267650842666626 0.17457804975357052 0.019713977972666386 0.021571906038032933
0 0.3194384276866913 0.17427915750547898 0.019713977972666386 0.021571906038032933
0 0.3726194202899933 0.17303603420617966 0.01987038056055701 0.02161690615868382
0 0.4258286952972412 0.17209742946531784 0.01987038056055701 0.02161690615868382
0 0.4521633982658386 0.1716328887052314 0.01987038056055701 0.02161690615868382
0 0.4788148105144501 0.17114793748981166 0.019986192385355595 0.02170655154442601
0 0.5051534026861191 0.17068066222853992 0.01998619238535565 0.02170655154442601
0 0.5317150354385376 0.17020942998486896 0.019986192385355706 0.02170655154442601
0 0.187715083360672 0.20790838640789652 0.019662241141001402 0.02170105867607649
0 0.23937539756298065 0.20669821965188878 0.019662241141001402 0.02170105867607649
0 0.26620784401893616 0.2060696571821331 0.019662241141001346 0.02170105867607649
0 0.29240676760673523 0.2054559352786042 0.019662241141001346 0.02170105867607649
0 0.31896889209747314 0.20483370522592298 0.019662241141001346 0.02170105867607649
0 0.34585678577423096 0.20460101899467434 0.019931574662526486 0.021710817203965296
0 0.3724325895309448 0.2041391550108444 0.019836793343226078 0.0217615615489871
0 0.425849050283432 0.20356189793572735 0.01977907617886865 0.021864721017290426
0 0.45250990986824036 0.2030976317649664 0.01977907617886865 0.021864721017290426
0 0.47934573888778687 0.20263031871609527 0.01977907617886865 0.021864721017290426
0 0.5055807679891586 0.2021734678609324 0.019779076178868593 0.021864721017290426
0 0.5324420928955078 0.20170571083246275 0.019779076178868538 0.021864721017290426
0 0.5858598351478577 0.20077550636672503 0.019779076178868538 0.021864721017290426
0 0.6130150556564331 0.20055129916168923 0.020738522211710686 0.021970556687939048
0 0.6390202641487122 0.20046444748071376 0.020738522211710686 0.021970556687939048
0 0.6657967567443848 0.20037501988034473 0.020738522211710686 0.021970556687939048
0 0.6913487315177917 0.20028968190037927 0.020738522211710686 0.021970556687939048
0 0.18612608313560486 0.23862883651154806 0.019484092791875185 0.021668899890988372
0 0.2116885483264923 0.23815432260202807 0.019511987765630068 0.021763705467993003
0 0.23874783515930176 0.23763959050986347 0.019511987765630068 0.021763705467993003
0 0.26559749245643616 0.23709592153859693 0.019680122534433964 0.021740536357081213
0 0.29242414236068726 0.2366556345030319 0.01989169915517175 0.021771172220392716
0 0.3458631634712219 0.23592949110162478 0.01989169915517175 0.021771172220392716
0 0.3993258774280548 0.23520302575562277 0.01989169915517175 0.021771172220392716
0 0.4257860481739044 0.23484347803210698 0.01989169915517175 0.021771172220392716
0 0.45244458317756653 0.23448123488315317 0.01989169915517175 0.021771172220392716
0 0.4798966646194458 0.23433656470720157 0.02017260591189063 0.02188901383747429
0 0.506439670920372 0.23399712764207428 0.020172605911890684 0.02188901383747429
0 0.5334256887435913 0.23365202526047 0.02017260591189074 0.02188901383747429
0 0.5596741437911987 0.23331635497337164 0.02017260591189074 0.02188901383747429
0 0.18529529869556427 0.27023135784060454 0.019903679688771547 0.02199894513270649
0 0.21180668473243713 0.2696785900275503 0.01981457074483234 0.022064061127891808
0 0.2379382997751236 0.2692038513893305 0.0198906461397807 0.021938043047291335
0 0.2651568055152893 0.26876006015511444 0.019954641660054562 0.022381553354189405
0 0.2923021912574768 0.2683908323672043 0.019954641660054562 0.022381553354189405
0 0.3189235031604767 0.26773257588231286 0.019860843817392948 0.0223842591278313
0 0.3455687463283539 0.26756559416305187 0.019891401131947872 0.022179463113001178
0 0.4000503122806549 0.2670261661006243 0.019891401131947872 0.022179463113001178
0 0.4265511631965637 0.2667637782192853 0.019891401131947872 0.022179463113001178
0 0.4534992575645447 0.2664298567661019 0.020156095425287845 0.022563727327095474
0 0.4802576005458832 0.26611694919751544 0.020156095425287845 0.022563727327095474
0 0.5072649270296097 0.2658011300576704 0.0201560954252879 0.022563727327095474
0 0.5339694023132324 0.2654888524088936 0.020156095425287957 0.022563727327095474
0 0.5607119202613831 0.2651761298955873 0.020156095425287957 0.022563727327095474
0 0.5876855254173279 0.26601753085263713 0.02155359586079908 0.02276543314142742
0 0.6412341594696045 0.2652237248975177 0.02155359586079908 0.02276543314142742
0 0.6685735583305359 0.2648184451362449 0.02155359586079908 0.02276543314142742
0 0.6945403814315796 0.26443351246376967 0.02155359586079908 0.02276543314142742
0 0.7216235399246216 0.26403203121451446 0.02155359586079908 0.02276543314142742
0 0.1849014312028885 0.30241283813458103 0.019908159971237183 0.02208807302075763
0 0.21157260239124298 0.3018054075019304 0.020093530416488647 0.022270779277003088
0 0.23897601664066315 0.3013805304154316 0.020093530416488647 0.022270779277003088
0 0.26556700468063354 0.30096824961630514 0.020093530416488647 0.022270779277003088
0 0.29181116819381714 0.30056134616881536 0.020093530416488647 0.022270779277003088
0 0.3459434509277344 0.29972205051155976 0.020093530416488647 0.022270779277003088
0 0.3737204074859619 0.29908583885015444 0.020382404327392578 0.022191335988599202
0 0.40038996934890747 0.29888747729295395 0.020382404327392578 0.022191335988599202
0 0.4271447956562042 0.2986884815600574 0.020382404327392578 0.022191335988599202
0 0.4536234140396118 0.2989239581795626 0.020417938629786136 0.022458882294883995
0 0.4810620844364166 0.29855557705294017 0.020417938629786136 0.022458882294883995
0 0.5076243430376053 0.29819896229691756 0.020417938629786192 0.022458882294883995
0 0.5350751876831055 0.297830417723474 0.020417938629786248 0.022458882294883995
0 0.5621467232704163 0.2974669656088186 0.020417938629786248 0.022458882294883995
0 0.5890234708786011 0.29703007187954217 0.020554761091868157 0.022251513577246824
0 0.6160457134246826 0.2963099146998206 0.02069086829821276 0.022626832474109737
0 0.48221102356910706 0.3634134669636571 0.02084822456041968 0.02284975569377575
0 0.5094004124403 0.36337058925240007 0.020848224560419737 0.02284975569377575
0 0.5362334251403809 0.36332827354695474 0.020848224560419792 0.02284975569377575
0 0.5636679530143738 0.3632850092510844 0.020848224560419792 0.02284975569377575
0 0.12818317115306854 0.40023688382880634 0.020753999551137284 0.02301785372948456
0 0.15559598803520203 0.3997848290005874 0.02075399955113727 0.02301785372948456
0 0.1818772852420807 0.39935143365324643 0.02075399955113727 0.02301785372948456
0 0.208635151386261 0.39891017938027906 0.02075399955113727 0.02301785372948456
0 0.236483633518219 0.3984509401543196 0.02075399955113727 0.02301785372948456
0 0.2640155255794525 0.39834589096609413 0.020709455013275146 0.022866596547208035
0 0.2914440631866455 0.3979324961817542 0.020709455013275146 0.022866596547208035
0 0.34632599353790283 0.3980596740292937 0.0209352970123291 0.022944043773089215
0 0.3736634850502014 0.3978809534117233 0.0209352970123291 0.022944043773089215
0 0.42885875701904297 0.39752011075398347 0.0209352970123291 0.022944043773089215
0 0.45571187138557434 0.3973445567833086 0.0209352970123291 0.022944043773089215
0 0.4824599027633667 0.39716968979946404 0.0209352970123291 0.022944043773089215
0 0.509842649102211 0.3969906733255403 0.0209352970123291 0.022944043773089215
0 0.5367688536643982 0.3963397270025209 0.02035052577654528 0.02258149967637173
0 0.12761175632476807 0.43349492272665335 0.020746906598409012 0.022921894871911336
0 0.15430989861488342 0.43317729729782345 0.020746906598409 0.022921894871911336
0 0.1815471053123474 0.43285325866759217 0.020746906598409 0.022921894871911336
0 0.23620525002479553 0.432202995571955 0.020746906598409 0.022921894871911336
0 0.2637297213077545 0.4318755393804506 0.020746906598409054 0.022921894871911336
0 0.2908453643321991 0.43152365573616913 0.020535041888554928 0.022956670716751452
0 0.3184872567653656 0.43118638600742354 0.020535041888554928 0.022956670716751452
0 0.34607696533203125 0.43105852263513444 0.02064889669418335 0.023113871729651164
0 0.37392857670783997 0.43089343226233195 0.02064889669418335 0.023113871729651164
0 0.4015098810195923 0.43072994413413124 0.02064889669418335 0.023113871729651164
0 0.42873263359069824 0.43064062581843576 0.020419657230377197 0.023161747658899532
0 0.4560946524143219 0.4304063930067905 0.020419657230377197 0.023161747658899532
0 0.4833042323589325 0.43017346514955906 0.020419657230377197 0.023161747658899532
0 0.5377730131149292 0.42970718465521357 0.020419657230377197 0.023161747658899532
0 0.5644466280937195 0.4294788449309593 0.020419657230377197 0.023161747658899532
0 0.591667890548706 0.42924581706549125 0.020419657230377197 0.023161747658899532
0 0.61921626329422 0.4283716980455267 0.02122938632965088 0.02352890487789189
0 0.6463683843612671 0.42821155806198824 0.02122938632965088 0.02352890487789189
0 0.6736825108528137 0.42805046258970747 0.02122938632965088 0.02352890487789189
0 0.7006615996360779 0.4278913431300172 0.02122938632965088 0.02352890487789189
0 0.12704746425151825 0.46686074900072677 0.020410358905792236 0.0233713194381359
0 0.1538340151309967 0.46647193536009135 0.020410358905792236 0.0233713194381359
0 0.18059733510017395 0.4659419218729511 0.020670423905054747 0.023344705271166423
0 0.20787866413593292 0.4656874634498774 0.020670423905054747 0.023344705271166423
0 0.23585473001003265 0.4654265250770877 0.020670423905054747 0.023344705271166423
0 0.263139009475708 0.4651809958524482 0.020585576693216923 0.023192620092584125
0 0.3187662661075592 0.46473856332393554 0.020585576693216923 0.023192620092584125
0 0.34670934081077576 0.4645163175051783 0.020585576693216923 0.023192620092584125
0 0.3745175302028656 0.4642951444995144 0.020585576693216923 0.023192620092584125
0 0.40191200375556946 0.4640772619912791 0.020585576693216923 0.023192620092584125
0 0.428850919008255 0.4637062984859707 0.020315587520599365 0.023023560989734737
0 0.45673826336860657 0.46332227459634406 0.020315587520599365 0.023023560989734737
0 0.48348110914230347 0.4629540110743323 0.020315587520599365 0.023023560989734737
0 0.12608949467539787 0.5003660778666652 0.02096094936132431 0.02352139376854706
0 0.15302357077598572 0.5000803764493906 0.02096094936132431 0.02352139376854706
0 0.1800677478313446 0.4997935071435757 0.02096094936132431 0.02352139376854706
0 0.20732399821281433 0.4995043882840873 0.02096094936132431 0.02352139376854706
0 0.23547819256782532 0.4992057445437409 0.02077635129292804 0.02330014132714081
0 0.2634757161140442 0.4988974819600138 0.020776351292928097 0.02330014132714081
0 0.29117634892463684 0.4985924882477316 0.020776351292928097 0.02330014132714081
0 0.3191153407096863 0.49828487011928635 0.020776351292928097 0.02330014132714081
0 0.346628874540329 0.4979819364325945 0.020776351292928097 0.02330014132714081
0 0.40249398350715637 0.49736941698888104 0.020783623059590695 0.023307889006858647
0 0.4294235110282898 0.4969936719497735 0.020617326100667355 0.023186410120291247
0 0.457359254360199 0.4967208241307458 0.020617326100667355 0.023186410120291247
0 0.48444294929504395 0.49641236694928026 0.02070782581965125 0.02315831738849019
0 0.5120453834533691 0.495520880055982 0.020474831263224358 0.02322606522907577
0 0.17942622303962708 0.533537931220476 0.02096127470334369 0.023616879485374272
0 0.20651495456695557 0.5332049713229913 0.02096127470334369 0.023616879485374272
0 0.2342061698436737 0.5328646060242154 0.02096127470334369 0.023616879485374272
0 0.2624043822288513 0.5325628324996593 0.020971079667409298 0.02368267562038209
0 0.2905833423137665 0.5322659468312407 0.020751694838205936 0.02369222714919458
0 0.3180612027645111 0.5320498444313226 0.020751694838205936 0.02369222714919458
0 0.3464793264865875 0.5318263472362438 0.020751694838205936 0.02369222714919458
0 0.3744744062423706 0.5316061771130289 0.020751694838205936 0.02369222714919458
0 0.4015738070011139 0.5313930511474609 0.020751694838205936 0.02369222714919458
0 0.42966413497924805 0.5311721319350119 0.020751694838205936 0.02369222714919458
0 0.4575304388999939 0.530500664670498 0.020411431789398193 0.023277548856513446
0 0.48512327671051025 0.530060618969255 0.020411431789398193 0.023277548856513446
0 0.5126926898956299 0.5296209468397983 0.020411431789398193 0.023277548856513446
0 0.5402026772499084 0.5297103260838708 0.021381020545959473 0.023610846940861192
0 0.5675833225250244 0.5293477524158566 0.02145298322041822 0.023431970167529622
0 0.5947686433792114 0.5288270243333014 0.02145298322041822 0.023431970167529622
0 0.6224789619445801 0.5282962400497193 0.02145298322041822 0.023431970167529622
0 0.6502013802528381 0.5277652239985614 0.02145298322041822 0.023431970167529622
0 0.6771490573883057 0.5272490479225336 0.02145298322041822 0.023431970167529622
0 0.17813660204410553 0.5674434484437455 0.02086178461710614 0.023966648781946407
0 0.20591942965984344 0.5675687124562818 0.02132911483446759 0.02383416937303179
0 0.23370963335037231 0.5672749850513292 0.02132911483446759 0.02383416937303179
0 0.2614113986492157 0.5668584893762897 0.021162768205006954 0.024193519769712936
0 0.29009172320365906 0.5666301638581032 0.021162768205006954 0.024193519769712936
0 0.3175644874572754 0.5664114517887082 0.021162768205006954 0.024193519769712936
0 0.34642404317855835 0.5661816994021134 0.021162768205006954 0.024193519769712936
0 0.37419721484184265 0.5659605957740961 0.021162768205006954 0.024193519769712936
0 0.4020831286907196 0.5657385945998219 0.021162768205006954 0.024193519769712936
0 0.43020153045654297 0.5646727167818693 0.02079329888025916 0.02377969904463426
0 0.4577527642250061 0.564420034719068 0.02079329888025916 0.02377969904463426
0 0.48536455631256104 0.5641667972546061 0.02079329888025916 0.02377969904463426
0 0.5136076211929321 0.563907770165156 0.02079329888025927 0.02377969904463426
0 0.540896475315094 0.5636574944784475 0.02079329888025927 0.02377969904463426
0 0.5685738325119019 0.56340365569329 0.02079329888025927 0.02377969904463426
0 0.5957040190696716 0.5633113772370094 0.02098226547241211 0.023771655651950042
0 0.17734389007091522 0.6021312378160704 0.021074761946996035 0.024250947227773795
0 0.20501185953617096 0.601952264475268 0.021074761946996035 0.024250947227773795
0 0.2330867052078247 0.602022037949673 0.02120350797971088 0.023922143980514173
0 0.2613009214401245 0.6016482700637966 0.021203507979710934 0.023922143980514173
0 0.2890407145023346 0.6012807870998134 0.021203507979710934 0.023922143980514173
0 0.317903071641922 0.6008897382159566 0.021431247393290165 0.024011419725048503
0 0.34628018736839294 0.6004599407259177 0.021431247393290165 0.024011419725048503
0 0.37432706356048584 0.6000351450170448 0.021431247393290165 0.024011419725048503
0 0.40227487683296204 0.5996118497071067 0.021431247393290165 0.024011419725048503
0 0.43024277687072754 0.5991882501646529 0.021431247393290165 0.024011419725048503
0 0.45825403928756714 0.5991590632948764 0.020968715349833134 0.024071833884069218
0 0.4859463572502136 0.5989819016567496 0.0208608706792196 0.023966234783793606
0 0.5139284729957581 0.5982493388843086 0.02086087067921949 0.023966234783793606
0 0.5419817566871643 0.5975149129579803 0.02086087067921949 0.023966234783793606
0 0.5695189237594604 0.5967939987984118 0.02086087067921949 0.023966234783793606
0 0.5966570973396301 0.5960835301598837 0.02086087067921949 0.023966234783793606
0 0.623420238494873 0.5962842896927235 0.02089933554331469 0.02392885666484975
0 0.17695733904838562 0.6376800980678824 0.021369611223538698 0.02529960454896439
0 0.20389124751091003 0.6374446514040925 0.021405264735221863 0.025034941444101205
0 0.23202385008335114 0.6372328913489054 0.02145871023337048 0.02544621903766952
0 0.2608734294772148 0.6368073311568438 0.021458710233370426 0.02544621903766952
0 0.28887075185775757 0.6363943426093572 0.021458710233370426 0.02544621903766952
0 0.3172909915447235 0.635975115608003 0.021458710233370426 0.02544621903766952
0 0.3448903262615204 0.6355679977771848 0.021458710233370426 0.02544621903766952
0 0.3742024600505829 0.6356708171755768 0.021464988589286804 0.025091807047525987
0 0.40294042229652405 0.6350523193159007 0.021029074986775753 0.024901574896287602
0 0.4591468870639801 0.6338426448838332 0.021029074986775753 0.024901574896287602
0 0.48674434423446655 0.6332486929520166 0.021029074986775753 0.024901574896287602
0 0.5144601464271545 0.6334057556851673 0.021212657292683845 0.024291430332863923
0 0.5425395965576172 0.6337216583776019 0.021697799364725823 0.024253726929657164
0 0.5705868601799011 0.6329491637473883 0.021697799364725823 0.024253726929657164
0 0.5977675914764404 0.632200535672485 0.021697799364725823 0.024253726929657164
0 0.6255011558532715 0.6314366811358605 0.021697799364725823 0.024253726929657164
0 0.6537072062492371 0.6306598131046739 0.021697799364725823 0.024253726929657164
0 0.12227971106767654 0.6729094483131586 0.021091337005297348 0.024196151615113196
0 0.1490202248096466 0.6728276705417078 0.02109133700529736 0.024196151615113196
0 0.17626646161079407 0.6727443461692771 0.02109133700529736 0.024196151615113196
0 0.2040102481842041 0.6726595001913923 0.02109133700529736 0.024196151615113196
0 0.23191754519939423 0.6725741541662882 0.02124128739039105 0.024919909100199856
0 0.2605382800102234 0.6726744008618731 0.021361509958902986 0.02507678482883666
0 0.28879886865615845 0.6723741134324906 0.021361509958902958 0.02507678482883666
0 0.3167588412761688 0.672077020247035 0.021361509958902958 0.02507678482883666
0 0.3450014889240265 0.6716228751249091 0.02153545618057251 0.02507373898528343
0 0.37433546781539917 0.6710084980634501 0.02153545618057251 0.02507373898528343
0 0.40311717987060547 0.6704056877954766 0.02153545618057251 0.02507373898528343
0 0.4310113191604614 0.6698214670393258 0.02153545618057251 0.02507373898528343
0 0.48744887113571167 0.6686394270076308 0.02190353473027551 0.024441238521605554
0 0.5439150929450989 0.6676956549596326 0.021903534730275398 0.024441238521605554
0 0.5717523097991943 0.6672303858780629 0.021903534730275398 0.024441238521605554
0 0.5994699001312256 0.6667671162248967 0.021903534730275398 0.024441238521605554
0 0.627388596534729 0.6663004853004633 0.021903534730275398 0.024441238521605554
0 0.12150035053491592 0.7081918938215389 0.021092062195142106 0.024767587351244548
0 0.14818339049816132 0.7083252382843185 0.02109206219514209 0.024767587351244548
0 0.17524127662181854 0.7084604559841786 0.02109206219514209 0.024767587351244548
0 0.20332907140254974 0.7086008204970249 0.021075228850046812 0.024716044581213664
0 0.23153170943260193 0.7083337282584049 0.021075228850046812 0.024716044581213664
0 0.2602711319923401 0.7084731168525163 0.021441717942555755 0.02516425672427634
0 0.288739949464798 0.708008275311851 0.021441717942555782 0.02516425672427634
0 0.31709641218185425 0.7075452683102439 0.021441717942555782 0.02516425672427634
0 0.345878541469574 0.7070753109846655 0.021441717942555782 0.02516425672427634
0 0.3739011883735657 0.7066177545591842 0.021441717942555782 0.02516425672427634
0 0.4029916822910309 0.7061192162354322 0.02163839340209961 0.025110555249591205
0 0.43202143907546997 0.7056446519008902 0.02163839340209961 0.025110555249591205
0 0.4595569968223572 0.7052725889641451 0.021751224994659424 0.025293867717417692
0 0.12053421512246132 0.7439365165178166 0.021336225171883896 0.025395918262097292
0 0.14733177423477173 0.7440661697506535 0.021336225171883882 0.02539591826209721
0 0.17496353387832642 0.7441998590524197 0.021336225171883882 0.025395918262097292
0 0.20324857532978058 0.7443367090934901 0.021336225171883882 0.025395918262097292
0 0.23147590458393097 0.744473279908646 0.021336225171883882 0.025395918262097292
0 0.26061511039733887 0.7440945829628034 0.021735241015752166 0.02527880114178325
0 0.2887449562549591 0.7437290037915137 0.021735241015752194 0.02527880114178333
0 0.3173030912876129 0.7433578585178544 0.021735241015752194 0.025278801141783165
0 0.34604474902153015 0.7429843281590661 0.021735241015752194 0.025278801141783165
0 0.3743923008441925 0.7424782969160261 0.021947085857391357 0.025182413500408875
0 0.40354177355766296 0.7419641849606536 0.021947085857391357 0.025182413500408795
0 0.43189799785614014 0.7414640636011917 0.021947085857391357 0.025182413500408875
0 0.48929406702518463 0.7404062581616778 0.02213252584139508 0.025448629098345114
0 0.5164758563041687 0.7394109326739645 0.021969040234883552 0.025426938552265074
0 0.5457810759544373 0.7391200974201698 0.022946784893671746 0.025322566660799694
0 0.5742786526679993 0.7384712320422383 0.022946784893671746 0.025322566660799694
0 0.6017529964447021 0.7378456648005997 0.022946784893671746 0.025322566660799777
0 0.11895070225000381 0.7798968470373819 0.02184068659941356 0.02518788419028596
0 0.14630548655986786 0.7802558721498002 0.022030736009279905 0.02518936275511738
0 0.1742265522480011 0.7802906516996377 0.022030736009279905 0.02518936275511738
0 0.23115752637386322 0.7803615671035852 0.022030736009279905 0.02518936275511738
0 0.25958285480737686 0.7803969747824305 0.022030736009279878 0.02518936275511738
0 0.28803253173828125 0.7804324127906976 0.02203073600927985 0.02518936275511738
0 0.3172009587287903 0.7797313069188317 0.02226169904073083 0.02531090078427799
0 0.3462338447570801 0.7792036766247589 0.02226169904073083 0.02531090078427799
0 0.3751849830150604 0.7786775319769992 0.02226169904073083 0.02531090078427799
0 0.40357592701911926 0.7781615680415064 0.02226169904073083 0.02531090078427799
0 0.46145865321159363 0.7771096340445585 0.02226169904073083 0.02531090078427799
0 0.4901374727487564 0.7763680510071095 0.02255260944366455 0.025546229162881542
0 0.5180180072784424 0.775647110193788 0.02255260944366455 0.025546229162881542
0 0.5464013814926147 0.7749131668445676 0.02255260944366455 0.025546229162881542
0 0.5751734972000122 0.7741691713348334 0.02255260944366455 0.025546229162881542
0 0.17303282022476196 0.8174585381349779 0.021979952851931273 0.025312852489855753
0 0.20153050124645233 0.817640125844731 0.021914238731066404 0.025574026181716218
0 0.22942474484443665 0.8173582387524981 0.021914238731066404 0.025574026181716218
0 0.25969303399324417 0.8170523605886022 0.021914238731066377 0.025574026181716218
0 0.28800898790359497 0.81676621187539 0.02191423873106635 0.025574026181716218
0 0.3174225986003876 0.8164689707201581 0.02191423873106635 0.025574026181716218
0 0.3463047444820404 0.8161771003171687 0.02191423873106635 0.025574026181716218
0 0.3750470280647278 0.8153355439121133 0.02223201096057892 0.025381221327670785
0 0.17214851081371307 0.854016148766806 0.022264927625656128 0.02534762833469587
0 0.20062725245952606 0.8539809837426879 0.022264927625656128 0.02534762833469587
0 0.230014830827713 0.8539446965037736 0.022264927625656128 0.02534762833469587
0 0.25866055488586426 0.8539093252928572 0.022264927625656128 0.02534762833469587
0 0.28753289580345154 0.8538736742596293 0.022264927625656128 0.02534762833469587
0 0.17180128395557404 0.8915773808518764 0.022607182463010134 0.026001390560652968
0 0.1999034732580185 0.891354849172193 0.022607182463010134 0.026001390560652968
0 0.22927404940128326 0.8913669142612192 0.022992859284083067 0.02622642812802799
0 0.2586058899760246 0.8907578967790232 0.02299285928408304 0.02622642812802799
0 0.28763529658317566 0.8901551587382077 0.02299285928408301 0.02622642812802799
0 0.31735268235206604 0.8895381361748845 0.02299285928408301 0.02622642812802799
0 0.34706351161003113 0.888921249744504 0.02299285928408301 0.02622642812802799
0 0.37582460045814514 0.8882727119885341 0.023099248607953426 0.026057221168695494
0 0.1711304634809494 0.9278931728629178 0.022418042023976625 0.02571277470551709
0 0.20022404193878174 0.9278390677052025 0.022418042023976625 0.02571277470551709
0 0.22907352447509766 0.9277854164912451 0.022418042023976625 0.02571277470551709
0 0.25861865282058716 0.9277304715888445 0.022418042023976653 0.02571277470551709
0 0.2878086268901825 0.9276761871647737 0.02241804202397668 0.02571277470551709
