0 0.16621173918247223 0.10768138530642488 0.02124848961830139 0.024274626443552418
0 0.19098319113254547 0.10791481372921966 0.021130681037902832 0.02426489009413608
0 0.1398382931947708 0.14705781049506608 0.021097073952356993 0.023624043131983557
0 0.1903735250234604 0.14664248451491158 0.021097073952356993 0.023624043131983557
0 0.215894877910614 0.14640051819557368 0.021517892678578676 0.02422644001568936
0 0.26573827862739563 0.14602309604023778 0.02130689223607385 0.023900823075641942
0 0.29098862409591675 0.14563428103047862 0.02130689223607385 0.023900823075641942
0 0.34089067578315735 0.14486586909972055 0.02130689223607385 0.023900823075641942
0 0.3660031259059906 0.1444791774581445 0.02130689223607385 0.023900823075641942
0 0.3912432789802551 0.14409051939498546 0.02130689223607385 0.023900823075641942
0 0.44086095690727234 0.14463939223178598 0.021391530831654904 0.024816365205040287
0 0.4664730429649353 0.1444040744333981 0.021391530831654904 0.024816365205040287
0 0.4909932017326355 0.14417878900509107 0.021391530831654848 0.024816365205040287
0 0.5166506171226501 0.1439430547315021 0.021391530831654793 0.024816365205040287
0 0.5418389439582825 0.1437116303327752 0.021391530831654793 0.024816365205040287
0 0.5667752027511597 0.14313189927921738 0.02095339695612597 0.024433291235635448
0 0.5918780565261841 0.14267836558344002 0.0209810733795166 0.024372115615726428
0 0.416303813457489 0.18427708100218876 0.02115190029144287 0.025013077166653432
0 0.4416862428188324 0.18427235991403593 0.02101767063140869 0.024908686793127726
0 0.4668104648590088 0.1840332219767016 0.02101767063140869 0.024908686793127726
0 0.4912879765033722 0.18380023957285443 0.02101767063140869 0.024908686793127726
0 0.5161556601524353 0.18356354342502507 0.02101767063140869 0.024908686793127705
0 0.5416651368141174 0.18332073854845624 0.02101767063140869 0.024908686793127726
0 0.5667493939399719 0.1830819810060715 0.02101767063140869 0.024908686793127747
0 0.5920471549034119 0.18256377619366312 0.02110799153645826 0.024863605351411088
0 0.13992604613304138 0.22571703445079716 0.02080044150352478 0.023301871247993912
0 0.16430556774139404 0.22566559015202223 0.02080044150352478 0.023301871247993912
0 0.19043895602226257 0.22561044494218913 0.02080044150352478 0.023301871247993912
0 0.2157450169324875 0.2255570455121594 0.02080044150352478 0.023301871247993912
0 0.24056319892406464 0.2255046755768532 0.02080044150352478 0.023301871247993912
0 0.2659224271774292 0.22603048280228016 0.020961403846740723 0.02425390435743704
0 0.29124999046325684 0.2258357329889931 0.021019816398620605 0.024501697037571133
0 0.316057950258255 0.22567831083785655 0.021019816398620605 0.024501697037571133
0 0.3666219711303711 0.2255648107022027 0.020851751168568966 0.02476457107898801
0 0.4166843891143799 0.22510668288829716 0.020851751168568966 0.02476457107898801
0 0.44142988324165344 0.22488023359589257 0.020851751168568966 0.02476457107898801
0 0.4667873978614807 0.22464818362294536 0.020851751168568966 0.02476457107898801
0 0.490714967250824 0.22442921926808912 0.02085175116856891 0.02476457107898801
0 0.5159309506416321 0.22419846446615369 0.020851751168568855 0.02476457107898801
0 0.5413748621940613 0.22387604380762854 0.021073420842488533 0.024569607520288247
0 0.5666400194168091 0.2234403242220457 0.021073420842488533 0.024569607520288247
0 0.592610239982605 0.2229924452065835 0.021073420842488533 0.024569607520288247
0 0.6185165643692017 0.22254566813624183 0.021073420842488533 0.024569607520288247
0 0.644259512424469 0.2221017086326682 0.021073420842488533 0.024569607520288247
0 0.4168871343135834 0.26428973351202234 0.021175891160964966 0.02537629770678143
0 0.44192755222320557 0.26467278813614575 0.020851463079452515 0.0250574599864871
0 0.4669328033924103 0.26424711804057277 0.020851463079452515 0.0250574599864871
0 0.49129317700862885 0.2638324258427124 0.020851463079452515 0.0250574599864871
0 0.5162700414657593 0.26340723898061547 0.020851463079452515 0.0250574599864871
0 0.5413885712623596 0.2629796405171239 0.020851463079452515 0.0250574599864871
0 0.5670589804649353 0.2625426472845938 0.020851463079452515 0.0250574599864871
0 0.5925620794296265 0.26282736312511357 0.020885318517684937 0.024782387785209213
0 0.6185200214385986 0.2621911736421807 0.021566907564799065 0.025167746137278978
0 0.13964349031448364 0.30460084349462535 0.021417339642842592 0.025183478067087574
0 0.16574499011039734 0.30474908961806185 0.021408299605051695 0.02493918958560438
0 0.1907919943332672 0.3048337217493235 0.021408299605051695 0.02493918958560438
0 0.24093873798847198 0.305469201563392 0.020774980386098235 0.024654077929119732
0 0.26639077067375183 0.3053207175676213 0.020774980386098263 0.024654077929119732
0 0.29136863350868225 0.30517499981983254 0.020774980386098263 0.024654077929119732
0 0.3164158761501312 0.3050288773188744 0.020774980386098263 0.024654077929119732
0 0.34137871861457825 0.3048832471980605 0.020774980386098263 0.024654077929119732
0 0.36619532108306885 0.3047384702232098 0.020774980386098263 0.024654077929119732
0 0.39190909266471863 0.30496522285374367 0.02101014057795203 0.024951313817223836
0 0.417083203792572 0.30472347415853945 0.02101014057795203 0.024951313817223836
0 0.46750375628471375 0.3042392821759688 0.02101014057795203 0.024951313817223836
0 0.5163233280181885 0.30377046452012174 0.02101014057795214 0.024951313817223836
0 0.5422098636627197 0.30355690274584474 0.02123359839121508 0.025319846101509537
0 0.5936108231544495 0.3030692033989485 0.02123359839121508 0.025319846101509537
0 0.6182412505149841 0.3029665170713913 0.02158224582672119 0.025171974832697404
0 0.6436086297035217 0.3026437953144629 0.02158224582672119 0.025171974832697404
0 0.6694897413253784 0.30231453789485374 0.02158224582672119 0.025171974832697404
0 0.6950846314430237 0.3023077447624456 0.0220830043156941 0.025407584138618912
0 0.7467663288116455 0.3013314313666765 0.0220830043156941 0.025407584138618912
0 0.772561252117157 0.30096333697234323 0.02239457766215014 0.025760975919028612
0 0.7985373139381409 0.3003108445988145 0.02239457766215014 0.025760975919028612
0 0.8253676295280457 0.29963689423549805 0.02239457766215014 0.025760975919028612
0 0.8505945801734924 0.29900321877626257 0.02239457766215014 0.025760975919028612
0 0.8772290349006653 0.29833418823951896 0.02239457766215014 0.025760975919028612
0 0.9067039489746094 0.29759380823980214 0.02239457766215014 0.025760975919028612
0 0.13927340507507324 0.3442826825518941 0.021493732929229736 0.02372769791950554
0 0.16537879407405853 0.34451790439433494 0.021493732929229736 0.02372769791950554
0 0.19069665670394897 0.34488990694977517 0.021069347858428955 0.023917013360548415
0 0.2155156135559082 0.34493983691778607 0.021069347858428955 0.023917013360548415
0 0.24130915850400925 0.34499172753034596 0.021069347858428955 0.023917013360548415
0 0.2664967477321625 0.3450423991009497 0.021069347858428955 0.023917013360548415
0 0.2908310294151306 0.34509135401526164 0.021069347858428955 0.023917013360548415
0 0.31631484627723694 0.34506567134413607 0.021380126476287842 0.023920946343000547
0 0.36671367287635803 0.34490239342977835 0.02111848195393884 0.024935981099919784
0 0.4167395830154419 0.34451706051659486 0.02111848195393884 0.024935981099919784
0 0.4673994779586792 0.3440810580586278 0.02111007769902551 0.025261516718901433
0 0.4920821934938431 0.3438938236946585 0.021110077699025454 0.025261516718901433
0 0.5171180367469788 0.3437039106285188 0.021110077699025398 0.025261516718901433
0 0.5421199798583984 0.3435142547168832 0.021110077699025398 0.025261516718901433
0 0.5674002170562744 0.3436837985887527 0.021590709686279297 0.0253779832706895
0 0.5929676294326782 0.3433887792188068 0.021525541941324944 0.025222186894379817
0 0.6172970533370972 0.3431059164788729 0.021525541941324944 0.025222186894379817
0 0.6434804201126099 0.34280149912415414 0.021525541941324944 0.025222186894379817
0 0.6691774725914001 0.34250273583650165 0.021525541941324944 0.025222186894379817
0 0.6949365735054016 0.3422032511511514 0.021525541941324944 0.025222186894379817
0 0.7210211157798767 0.3408232400583666 0.021514415740966797 0.025066715802333123
0 0.7723273038864136 0.34027112577815327 0.021514415740966797 0.025066715802333123
0 0.7990990281105042 0.33998303087585097 0.021514415740966797 0.025066715802333123
0 0.8251754641532898 0.3393272730815201 0.02601412932078051 0.02804322945055114
0 0.8511551022529602 0.33942284694937774 0.02601412932078051 0.02804322945055114
0 0.8768973350524902 0.3395175474508436 0.02601412932078051 0.02804322945055114
0 0.9082537293434143 0.3396329013242485 0.02601412932078051 0.02804322945055114
0 0.3668270707130432 0.3847385118173998 0.020617326100667355 0.02549646806347279
0 0.39185434579849243 0.38473372015809354 0.020617326100667355 0.02549646806347279
0 0.41651883721351624 0.3847289979564387 0.020617326100667355 0.02549646806347279
0 0.4414977729320526 0.38497206222179325 0.02091284592946374 0.025414193323416247
0 0.4666233956813812 0.384719405063363 0.02074560523033142 0.02543960246004801
0 0.4913284033536911 0.38420487964081357 0.021300951639811216 0.025561162667681093
0 0.5165698528289795 0.3840128100195596 0.021300951639811272 0.025561162667681093
0 0.5424138307571411 0.38381615558189686 0.021300951639811272 0.025561162667681093
0 0.5673502683639526 0.38362640688575905 0.021300951639811272 0.025561162667681093
0 0.5932515263557434 0.38342931658722634 0.021300951639811272 0.025561162667681093
0 0.6174604892730713 0.38324510346020146 0.021300951639811272 0.025561162667681093
0 0.6435399055480957 0.3830623737601347 0.021349986394246345 0.025393522987069997
0 0.3668508529663086 0.42524102676746456 0.02103368441263831 0.025276302367217836
0 0.39195072650909424 0.42520848889301277 0.02103368441263831 0.025276302367217836
0 0.41662201285362244 0.42539248634070964 0.021367251873016357 0.025134507999863734
0 0.44152310490608215 0.42522585669229196 0.021367251873016357 0.025134507999863734
0 0.46669653058052063 0.42505740467979525 0.021367251873016357 0.025134507999863734
0 0.4922667145729065 0.42488629769542485 0.021367251873016357 0.025134507999863734
0 0.5169774889945984 0.42472094158793605 0.021367251873016357 0.025134507999863734
0 0.5427018404006958 0.424548802967608 0.021367251873016357 0.025134507999863734
0 0.5680885910987854 0.4241353855576626 0.021075884501139397 0.025028672329215115
0 0.5928890109062195 0.4242046282743589 0.021292130152384514 0.025236203688983824
0 0.6178627014160156 0.4241496684939362 0.021292130152384514 0.025236203688983824
0 0.13873109221458435 0.46500180490984006 0.020804504553476988 0.02368675645931741
0 0.16457630693912506 0.46493543580520985 0.02096015214920044 0.023566253425539058
0 0.19061999022960663 0.4649591244773629 0.02096015214920044 0.023566253425539058
0 0.21567635238170624 0.4649819151073113 0.02096015214920044 0.023566253425539058
0 0.24061346054077148 0.46500459726685983 0.02096015214920044 0.023566253425539058
0 0.2657184302806854 0.46502743210903436 0.02096015214920044 0.023566253425539058
0 0.2915758490562439 0.4651701284009357 0.020819048086802128 0.02350817539895222
0 0.31703516840934753 0.46449319706406705 0.02082812786102295 0.02494451241899836
0 0.367106556892395 0.4645089112418326 0.02082812786102295 0.02494451241899836
0 0.39219173789024353 0.4645167838614148 0.02082812786102295 0.02494451241899836
0 0.41716983914375305 0.46429498780398076 0.020741909742355347 0.025245015935380276
0 0.4674190282821655 0.4645403928534929 0.020741909742355347 0.025245015935380276
0 0.4916811138391495 0.46465888309004133 0.020741909742355347 0.025245015935380276
0 0.5171629190444946 0.46478333014630835 0.020741909742355347 0.025245015935380276
0 0.5424589514732361 0.4649068699326626 0.020741909742355347 0.025245015935380276
0 0.5683115720748901 0.46503312796284274 0.020741909742355347 0.025245015935380276
0 0.5932755470275879 0.4641216189362282 0.021166712045669556 0.024951402531113734
0 0.3672989308834076 0.5041202722593795 0.02092672387758887 0.02521369993224619
0 0.3922949433326721 0.5047463758556979 0.021102209885915157 0.02560191191444096
0 0.41749346256256104 0.5045586519463118 0.021102209885915157 0.02560191191444096
0 0.44205570220947266 0.5043756681920789 0.021102209885915157 0.02560191191444096
0 0.4928712397813797 0.5039971026389395 0.021102209885915102 0.02560191191444096
0 0.5430418848991394 0.5036233414051144 0.021102209885915046 0.02560191191444096
0 0.5682697296142578 0.5034353990267508 0.021102209885915046 0.02560191191444096
0 0.5931886434555054 0.5037791869598192 0.021732012430826897 0.025378559910973836
0 0.6182796359062195 0.5037026538854708 0.021732012430826897 0.025378559910973836
0 0.6446586847305298 0.5036221919544064 0.021732012430826897 0.025378559910973836
0 0.6695271134376526 0.5035463377486827 0.021732012430826897 0.025378559910973836
0 0.3671586513519287 0.5443307743516079 0.021547098954518673 0.02552032470703125
0 0.4181908369064331 0.5442780400875349 0.021547098954518673 0.02552032470703125
0 0.44264474511146545 0.5443422166242864 0.02145916223526001 0.025056735489719654
0 0.4676896035671234 0.544226890386537 0.02145916223526001 0.025056735489719654
0 0.49181969463825226 0.5441157764577158 0.02145916223526001 0.025056735489719654
0 0.5177099108695984 0.5439965575275005 0.02145916223526001 0.025056735489719654
0 0.5430083870887756 0.5438800634339799 0.02145916223526001 0.025056735489719654
0 0.5680063962936401 0.5437649529270498 0.02145916223526001 0.025056735489719654
0 0.13721415400505066 0.5856047517659972 0.02072278161843616 0.024367132852243824
0 0.18932799994945526 0.5856414173924646 0.02091804643472034 0.024440913237342484
0 0.2142946720123291 0.5856172237445748 0.02091804643472034 0.024440913237342484
0 0.23983287066221237 0.5855924762658432 0.020918046434720367 0.024440913237342484
0 0.26529809832572937 0.5855677994987525 0.020918046434720394 0.024440913237342484
0 0.29117563366889954 0.5855427231899527 0.020918046434720394 0.024440913237342484
0 0.31611064076423645 0.5853421044749074 0.02117619911829627 0.025134123573007455
0 0.34151172637939453 0.5851657589575432 0.02117619911829627 0.025134123573007455
0 0.36666345596313477 0.5849911445795104 0.02117619911829627 0.025134123573007455
0 0.39240989089012146 0.5842951397563136 0.020875712235768673 0.025012969970703125
0 0.4426303803920746 0.5847101846995191 0.022007981936136845 0.02510064886521929
0 0.468118816614151 0.584800454073174 0.022007981936136845 0.02510064886521929
0 0.4931124299764633 0.5848889709913535 0.0220079819361369 0.02510064886521929
0 0.5183475017547607 0.5849783430541868 0.022007981936136956 0.02510064886521929
0 0.5436046719551086 0.5850677933803824 0.022007981936136956 0.02510064886521929
0 0.13533445820212364 0.668104792750159 0.021782142420609787 0.026081026062484913
0 0.18747320771217346 0.6678626707998064 0.021782142420609774 0.026081026062484913
0 0.21375672519207 0.6678075051979838 0.02126404643058777 0.025757072507873006
0 0.2388216108083725 0.6676555899686591 0.02126404643058777 0.025757072507873006
0 0.26451385021209717 0.6674998724241775 0.02126404643058777 0.025757072507873006
0 0.2895163595676422 0.6673483352497981 0.02126404643058777 0.025757072507873006
0 0.3150225281715393 0.6671937454578488 0.02126404643058777 0.025757072507873006
0 0.366608202457428 0.6668810909475122 0.02126404643058777 0.025757072507873006
0 0.3924320638179779 0.6675695818524028 0.02121441562970483 0.025836648867111744
0 0.44248971343040466 0.6672240970835148 0.02121441562970483 0.025836648867111744
0 0.46851006150245667 0.6670445114655392 0.02121441562970483 0.025836648867111744
0 0.49316124618053436 0.6668743754542151 0.021214415629704775 0.025836648867111744
0 0.5184117555618286 0.6667001030609756 0.02121441562970472 0.025836648867111744
0 0.5445796251296997 0.6670500289562137 0.02129153410593676 0.025952804920285247
0 0.5704166293144226 0.6672207699105094 0.02129153410593676 0.025952804920285247
0 0.5959014296531677 0.6673891833650554 0.02129153410593676 0.025952804920285247
0 0.6222585439682007 0.6675633614090134 0.02129153410593676 0.025952804920285247
0 0.6479477882385254 0.6677331259084303 0.02129153410593676 0.025952804920285247
0 0.6738114953041077 0.6678971663758305 0.021479447682698494 0.025824938633645173
0 0.699546217918396 0.6683098549066588 0.021998842557271248 0.025990064754042516
0 0.1345554031431675 0.7090975739235101 0.02192596346139908 0.02591190781704215
0 0.16001209616661072 0.7090052300869196 0.02192596346139908 0.02591190781704215
0 0.1864818036556244 0.7089092115529838 0.02192596346139908 0.02591190781704215
0 0.23819003999233246 0.7087216405702853 0.02192596346139908 0.02591190781704215
0 0.28860384225845337 0.7085387651310411 0.02192596346139908 0.02591190781704215
0 0.31469547748565674 0.7083104352137675 0.02140953143437707 0.02580290801765388
0 0.3407306969165802 0.708101139512173 0.02101645867029822 0.025485430577004548
0 0.36625319719314575 0.7082789489949809 0.02101645867029822 0.025485430577004548
0 0.39141497015953064 0.7084542453722639 0.02101645867029822 0.025485430577004548
0 0.4172796607017517 0.7086344388172033 0.02101645867029822 0.025485430577004548
0 0.44267794489860535 0.7088113829146984 0.02101645867029822 0.025485430577004548
0 0.4687958061695099 0.7080818610824084 0.021815339724222782 0.02580666357232613
0 0.519071102142334 0.7084076903587164 0.021815339724222893 0.02580666357232613
0 0.5453078150749207 0.7085777279292986 0.021815339724222893 0.02580666357232613
0 0.5708016157150269 0.7087429507579697 0.021815339724222893 0.02580666357232613
0 0.6228094696998596 0.7090800085733103 0.021815339724222893 0.02580666357232613
0 0.6740275025367737 0.7094119476350353 0.021815339724222893 0.02580666357232613
0 0.7000898122787476 0.7095026704483028 0.022042830785115486 0.025963095731513446
0 0.7270426750183105 0.7096622821896575 0.022042830785115486 0.025963095731513446
0 0.7533324956893921 0.7099929188573083 0.02196999390919996 0.025755593943041423
0 0.7802634239196777 0.7104210077330123 0.02209794521331787 0.025164493294649346
0 0.13084037974476814 0.7932053902967307 0.022241463263829545 0.026563008626301975
0 0.18520310521125793 0.7934504319001124 0.022303144137064634 0.02669471918150436
0 0.2103804647922516 0.7932807567507721 0.0219193696975708 0.02651226428128017
0 0.26164472103118896 0.7929704710939829 0.0219193696975708 0.02651226428128017
0 0.2876993715763092 0.792812770876523 0.0219193696975708 0.02651226428128017
0 0.3133745789527893 0.7926573673035758 0.0219193696975708 0.02651226428128017
0 0.33915671706199646 0.7925013165141261 0.0219193696975708 0.02651226428128017
0 0.3912617862224579 0.7928009033203125 0.021316279967625973 0.025840522706970577
0 0.4172392189502716 0.7929103880963077 0.021316279967625973 0.025840522706970577
0 0.4428651034832001 0.7929583161952253 0.021395891904830933 0.026144929634508346
0 0.46898069977760315 0.7931331187493588 0.021601329247156742 0.026245945183805606
0 0.49410782754421234 0.7932343593863553 0.021601329247156797 0.026245945183805606
0 0.5198112726211548 0.7933379220846773 0.021601329247156853 0.026245945183805606
0 0.5463765859603882 0.7934449573681946 0.021601329247156853 0.026245945183805606
0 0.5720738768577576 0.7935484952704851 0.021601329247156853 0.026245945183805606
0 0.13170087337493896 0.8356007420739462 0.021991660197575882 0.025525115257085756
0 0.15819166600704193 0.8356533621272877 0.02199166019757587 0.025525115257085756
0 0.18413962423801422 0.8357049039201352 0.02199166019757587 0.025525115257085756
0 0.2098909616470337 0.835756055154713 0.02199166019757587 0.025525115257085756
0 0.23616459965705872 0.8358082438624183 0.02199166019757587 0.025525115257085756
0 0.2613059878349304 0.8358973126078761 0.02184573809305823 0.02567013289577288
0 0.28622737526893616 0.8355600591921479 0.021513362725575802 0.025318589321402615
0 0.3128196597099304 0.8355235609897348 0.021513362725575802 0.025318589321402615
0 0.3395514190196991 0.8354868713565325 0.021513362725575802 0.025318589321402615
0 0.3655204474925995 0.8354512285797798 0.021513362725575802 0.025318589321402615
0 0.3915465474128723 0.8354155074718387 0.021513362725575802 0.025318589321402615
0 0.41772663593292236 0.8353795750128535 0.021513362725575802 0.025318589321402615
0 0.4692128896713257 0.8356733539198788 0.021243254343668583 0.025414400322492734
0 0.49491237103939056 0.8356605784014851 0.02124325434366864 0.025414400322492734
0 0.5203403234481812 0.8356479378633721 0.021243254343668694 0.025414400322492734
0 0.5465379357337952 0.8364182117504084 0.02168869972229004 0.025006612141926975
0 0.5732614994049072 0.8366515580997911 0.02168869972229004 0.025006612141926975
0 0.598918616771698 0.8368755923920325 0.02168869972229004 0.025006612141926975
0 0.6253907084465027 0.8371067429237825 0.02168869972229004 0.025006612141926975
0 0.6513395309448242 0.8373333243436591 0.02168869972229004 0.025006612141926975
0 0.6772394180297852 0.8375594784664805 0.02168869972229004 0.025006612141926975
0 0.703675389289856 0.8378201861714207 0.021961887677510505 0.025242650231649708
0 0.7301769852638245 0.838061194420127 0.021961887677510505 0.025242650231649708
0 0.7567688226699829 0.8392326000124909 0.022019346555073982 0.025256489598473836
0 0.7849765419960022 0.8390322840491007 0.022272268931071038 0.02538784529811663
