0 0.19948488473892212 0.09537593708481899 0.020112435022989927 0.021466746810794798
0 0.22483322024345398 0.09471456812242741 0.020112435022989927 0.021466746810794798
0 0.24963246285915375 0.0943517574044161 0.020129571358362824 0.02150252068689627
0 0.2745439410209656 0.09346390088662149 0.020129571358362797 0.02150252068689627
0 0.29926007986068726 0.09258300635194053 0.020129571358362797 0.02150252068689627
0 0.3244384527206421 0.09165772005919898 0.02058156331380212 0.02198740308598955
0 0.34986189007759094 0.09077953460604646 0.02058156331380212 0.02198740308598954
0 0.3755756616592407 0.08989132032441159 0.02058156331380212 0.02198740308598954
0 0.428121954202652 0.08807624752049323 0.02058156331380212 0.02198740308598955
0 0.4544263482093811 0.08716763174811076 0.02047625184059143 0.0224018133887949
0 0.48096635937690735 0.08665831385413222 0.02047625184059143 0.022401813388794888
0 0.50669164955616 0.08616463091883207 0.02047625184059143 0.0224018133887949
0 0.5331478714942932 0.08548251482892512 0.020625948905944824 0.022771449052086175
0 0.5604646801948547 0.0851326959077702 0.020625948905944824 0.022771449052086175
0 0.5874500870704651 0.08478712091679555 0.020625948905944824 0.022771449052086164
0 0.6143073439598083 0.0844431870139302 0.020625948905944824 0.022771449052086175
0 0.6411827206611633 0.08409902106883914 0.020625948905944824 0.022771449052086175
0 0.668592095375061 0.08374801674776156 0.020625948905944824 0.022771449052086175
0 0.6956064701080322 0.08384338367817014 0.020855069160461426 0.02268421187881351
0 0.1987343430519104 0.12651437848560865 0.019918868939081846 0.02130016060762627
0 0.22267790138721466 0.12542866551598839 0.019807765881220518 0.02155289908712223
0 0.24774733185768127 0.12415836366337651 0.019585927327473968 0.021596442821413972
0 0.2718580663204193 0.12349615540615348 0.019585927327473995 0.021596442821413972
0 0.2970803678035736 0.12280341764098393 0.019585927327473995 0.021596442821413972
0 0.3491014540195465 0.12137464354473367 0.019585927327473995 0.021596442821413972
0 0.3746180534362793 0.12067382280216661 0.019585927327473995 0.021596442821413972
0 0.4009401798248291 0.12078462645064952 0.019962290922800663 0.02224935487259266
0 0.42638975381851196 0.11961481562207518 0.02013442913691199 0.022777890050133993
0 0.479584664106369 0.11921551061231037 0.02013442913691199 0.022777890050133993
0 0.5322939157485962 0.11869837916585585 0.02079927921295166 0.022982102031855606
0 0.5593364834785461 0.11833236383837323 0.02079927921295166 0.022982102031855606
0 0.5860665440559387 0.11797057822786594 0.02079927921295166 0.022982102031855606
0 0.6126370429992676 0.11761095224969567 0.02079927921295166 0.022982102031855606
0 0.6403928399085999 0.11723528351894645 0.02079927921295166 0.022982102031855606
0 0.6675782203674316 0.11686733525194964 0.02079927921295166 0.022982102031855606
0 0.7222420573234558 0.11673045712848042 0.0205228328704834 0.0228030847948651
0 0.7491510510444641 0.11736192285794816 0.020871520042419434 0.022881470909414378
0 0.7768853902816772 0.11801275673673643 0.020871520042419434 0.022881470909414378
0 0.8032676577568054 0.11863186193066974 0.020871520042419434 0.022881470909414378
0 0.8299682140350342 0.1192584363177403 0.020871520042419434 0.022881470909414378
0 0.8549794554710388 0.12075438610343046 0.02043394247690844 0.02235382287077203
0 0.1957157999277115 0.1552843825761662 0.01993312438329059 0.0216280693231627
0 0.22069446742534637 0.1547739203621698 0.01993312438329059 0.0216280693231627
0 0.24507973343133926 0.15427558485746412 0.019933124383290618 0.0216280693231627
0 0.2697577178478241 0.1537712673808253 0.019933124383290646 0.0216280693231627
0 0.29525038599967957 0.15325030108721885 0.019933124383290646 0.0216280693231627
0 0.3215150833129883 0.15338493606331485 0.019830768307050106 0.021390323491059546
0 0.3470076620578766 0.15308231531187547 0.01993653178215027 0.02226985517398333
0 0.3731597661972046 0.15290999025654828 0.01993653178215027 0.02226985517398333
0 0.4249272048473358 0.15256887710244024 0.01993653178215027 0.02226985517398333
0 0.47808822989463806 0.15221858113643616 0.01993653178215027 0.02226985517398333
0 0.5045831948518753 0.15204399685527004 0.01993653178215027 0.02226985517398333
0 0.5308685302734375 0.15198692055635674 0.02055811882019043 0.022974820100059818
0 0.5582997798919678 0.15153340416200503 0.02055811882019043 0.022974820100059818
0 0.5847600102424622 0.15109594147149147 0.02055811882019043 0.022974820100059818
0 0.6119797825813293 0.1506459213966547 0.02055811882019043 0.022974820100059818
0 0.6386668086051941 0.15020470913011116 0.02055811882019043 0.022974820100059818
0 0.6659330129623413 0.14897766822380798 0.020486672719319587 0.023092003755791242
0 0.7214548587799072 0.14972246524899505 0.020486672719319587 0.023092003755791242
0 0.7488995790481567 0.15009062206568388 0.020486672719319587 0.023092003755791242
0 0.7752413749694824 0.15044398371912662 0.020486672719319587 0.023092003755791242
0 0.8022361993789673 0.15080610541410225 0.020486672719319587 0.023092003755791242
0 0.8281561136245728 0.1511538077416989 0.020486672719319587 0.023092003755791242
0 0.19272367656230927 0.185097616772319 0.02015399932861328 0.022151765897292494
0 0.2184566855430603 0.18490520743436592 0.01982983946800232 0.02219608957453291
0 0.24349433183670044 0.18609674032344375 0.01979754368464151 0.021966065547262967
0 0.26830944418907166 0.18578739801421068 0.019797543684641483 0.02196606554726299
0 0.3189850151538849 0.18511137296987135 0.01960510015487671 0.02218206538710483
0 0.3459146320819855 0.18509429584779344 0.01960510015487671 0.022182065387104852
0 0.37193799018859863 0.18507779341983646 0.01960510015487671 0.02218206538710481
0 0.39756032824516296 0.1852285970447989 0.020016193389892578 0.022674275923144915
0 0.42416101694107056 0.1850446767585222 0.020016193389892578 0.022674275923144915
0 0.47702309489250183 0.18467918214215526 0.020016193389892578 0.022674275923144915
0 0.5031552314758301 0.18449850148022315 0.020016193389892578 0.022674275923144915
0 0.530360221862793 0.1843104029810706 0.020016193389892578 0.022674275923144915
0 0.5569989681243896 0.18412621956031433 0.020016193389892578 0.022674275923144895
0 0.5839769244194031 0.18373180544653603 0.020234187444051033 0.02293682098388674
0 0.6108276844024658 0.18353600444372045 0.020234187444051033 0.022936820983886698
0 0.6379199028015137 0.18333844267882526 0.020234187444051033 0.02293682098388672
0 0.6650156378746033 0.18314085526965387 0.020234187444051033 0.022936820983886698
0 0.6920651793479919 0.18294360471326251 0.020234187444051033 0.02293682098388674
0 0.13959524035453796 0.21796792052512945 0.020132750272750854 0.022371395613796054
0 0.16520261764526367 0.21746234006659929 0.019978548089663206 0.022062508634818588
0 0.18986624479293823 0.2177079772933972 0.020022650559743227 0.02223526414974718
0 0.21511836349964142 0.21731656781195857 0.019993767142295837 0.022085175033687593
0 0.24048840254545212 0.217274688010992 0.01993092397848764 0.022272908410360646
0 0.2923262417316437 0.2172541847558162 0.019930923978487614 0.022272908410360646
0 0.31822606921195984 0.217173554176508 0.019908885161081913 0.02221809801205187
0 0.3445046842098236 0.217207303508298 0.019908885161081913 0.02221809801205187
0 0.37007367610931396 0.21724014147906703 0.019908885161081913 0.02221809801205187
0 0.4228511154651642 0.21732776109562363 0.01989402373631799 0.022452657536942856
0 0.4490565359592438 0.21716756811688911 0.01989402373631799 0.022452657536942856
0 0.4755845367908478 0.21700540321386663 0.01989402373631799 0.022452657536942856
0 0.5022437572479248 0.21684243616906293 0.019894023736317934 0.022452657536942856
0 0.5285594463348389 0.21668156912160474 0.01989402373631788 0.022452657536942856
0 0.5551716685295105 0.2164741348658721 0.019978205362955803 0.02269069168918814
0 0.5822218656539917 0.21629408064791456 0.019978205362955803 0.02269069168918814
0 0.6370778679847717 0.21563243377733493 0.020623087882995605 0.02333156082981314
0 0.663893461227417 0.2160004460534384 0.020623087882995605 0.02333156082981314
0 0.6912602782249451 0.2163760232231037 0.020623087882995605 0.02333156082981314
0 0.71879643201828 0.2167539243398504 0.020623087882995605 0.02333156082981314
0 0.7458259463310242 0.21712487242942632 0.020623087882995605 0.02333156082981314
0 0.13753367960453033 0.24920110924299374 0.019861926635106386 0.02217689041019413
0 0.16268238425254822 0.24923886125091788 0.019861926635106386 0.02217689041019413
0 0.21305158734321594 0.24931447304010648 0.019861926635106386 0.02217689041019413
0 0.23850925266742706 0.2494057604351359 0.01982696851094562 0.0220492459082788
0 0.265006422996521 0.24939246510350427 0.019826968510945675 0.0220492459082788
0 0.2904150187969208 0.24937971597960673 0.019826968510945675 0.0220492459082788
0 0.31649160385131836 0.2493666316826115 0.019826968510945675 0.0220492459082788
0 0.3429327607154846 0.2493533644565316 0.019826968510945675 0.0220492459082788
0 0.36860647797584534 0.24934048230417521 0.019826968510945675 0.0220492459082788
0 0.421211302280426 0.2495286713873124 0.019773701826731327 0.022366250208181955
0 0.4469367265701294 0.24960486841368973 0.019773701826731327 0.022366250208181955
0 0.5006394386291504 0.24976393233898075 0.019773701826731382 0.022366250208181955
0 0.5271335244178772 0.24984240609050967 0.019773701826731438 0.022366250208181955
0 0.5813097357749939 0.2500531981272209 0.02006288369496656 0.02242703400841052
0 0.6088017225265503 0.249319803535882 0.02024102210998535 0.022677650747373095
0 0.6359366774559021 0.2492083837819654 0.02024102210998535 0.022677650747373095
0 0.6628419756889343 0.24950898408095118 0.020882169405619377 0.02296880973401917
0 0.6899693012237549 0.24933220726119287 0.020882169405619377 0.02296880973401917
0 0.7170026898384094 0.24915604258692542 0.020882169405619377 0.02296880973401917
0 0.135965958237648 0.2804742666557649 0.0195731520652771 0.022024479947348925
0 0.16075098514556885 0.2805744880853697 0.0195731520652771 0.022024479947348925
0 0.18637296557426453 0.28067809384369347 0.0195731520652771 0.022024479947348925
0 0.21164217591285706 0.2807802731309917 0.0195731520652771 0.022024479947348925
0 0.23729678988456726 0.28088401084722475 0.0195731520652771 0.022024479947348925
0 0.263115257024765 0.2809884111247232 0.0195731520652771 0.022024479947348925
0 0.2892831861972809 0.28160764368618946 0.019823233286539677 0.02233240585918577
0 0.3152367174625397 0.2817932460450473 0.019823233286539677 0.02233240585918577
0 0.3673253357410431 0.28216574912847475 0.019823233286539677 0.02233240585918577
0 0.3931885063648224 0.28235070528824574 0.019823233286539677 0.02233240585918577
0 0.41984638571739197 0.2824211687981912 0.02016701300938928 0.02314656279807867
0 0.4462093412876129 0.2833798430686773 0.020365973313649532 0.023075177688007178
0 0.4992874264717102 0.28321573210599954 0.020365973313649477 0.023075177688007178
0 0.5259634852409363 0.28313325298735986 0.02036597331364942 0.023075177688007178
0 0.5527721047401428 0.28305036400711836 0.02036597331364942 0.023075177688007178
0 0.5794360637664795 0.28296792229940726 0.02036597331364942 0.023075177688007178
0 0.1353367418050766 0.3120376546233277 0.01972972353299457 0.0224634658458621
0 0.18435387313365936 0.31254468962203624 0.01972972353299457 0.0224634658458621
0 0.20978587865829468 0.31280775921707027 0.01972972353299457 0.0224634658458621
0 0.2612721025943756 0.3133403345999899 0.019729723532994625 0.0224634658458621
0 0.28722482919692993 0.31360879055289337 0.019729723532994625 0.0224634658458621
0 0.3134162127971649 0.31387971518250707 0.019729723532994625 0.0224634658458621
0 0.33995625376701355 0.31459507018826055 0.019978642463684082 0.022599523381669418
0 0.36601462960243225 0.31495759934409295 0.019978642463684082 0.022599523381669418
0 0.3923723101615906 0.3152883662733921 0.020208170016606686 0.022671115490817313
0 0.4180307686328888 0.315681257913279 0.020276089509328243 0.022496940553650348
0 0.4447951912879944 0.3157674544702717 0.020276089509328243 0.022496940553650348
0 0.4711061716079712 0.31585219068684967 0.020276089509328243 0.022496940553650348
0 0.4978247135877609 0.31605622934740646 0.02074369788169861 0.02293089933173601
0 0.5512435436248779 0.3161115822557182 0.02074369788169861 0.02293089933173601
0 0.5782811641693115 0.3161395987983854 0.02074369788169861 0.02293089933173601
0 0.6056751608848572 0.31616798462015344 0.02074369788169861 0.02293089933173601
0 0.6324529647827148 0.3161957319392714 0.02074369788169861 0.02293089933173601
0 0.6600159406661987 0.31624736524907787 0.02097698052724195 0.023070372352304414
0 0.6876680850982666 0.3162408429522847 0.02097698052724195 0.023070372352304414
0 0.7153047323226929 0.3162343243108098 0.02097698052724195 0.023070372352304414
0 0.1820613294839859 0.34431381094002855 0.020044763882954897 0.022219650505125088
0 0.2073948085308075 0.34493894611425596 0.020011544227600098 0.02225071515223774
0 0.23343387246131897 0.34524713560592296 0.01994427045186359 0.02237652623376181
0 0.2597832754254341 0.3457319493918307 0.019994040330251067 0.022642653117808234
0 0.2859663665294647 0.3459778719170149 0.019994040330251095 0.022642653117808234
0 0.3123837113380432 0.3462259946508119 0.019994040330251095 0.022642653117808234
0 0.3648967444896698 0.34671921898656416 0.019994040330251095 0.022642653117808234
0 0.39118191599845886 0.34696610029353653 0.019994040330251095 0.022642653117808234
0 0.41727834939956665 0.3472112088933883 0.019994040330251095 0.022642653117808234
0 0.4434124231338501 0.3483789142467183 0.020326515038808224 0.02276859727016715
0 0.47012048959732056 0.3485220088515171 0.020668764909108517 0.0228628114212391
0 0.4964155852794647 0.34858842371010557 0.02066876490910846 0.0228628114212391
0 0.5230920910835266 0.34865580191560935 0.020668764909108406 0.0228628114212391
0 0.54938805103302 0.3487222189571218 0.020668764909108406 0.0228628114212391
0 0.5767211318016052 0.3487912555073583 0.020668764909108406 0.0228628114212391
0 0.6314585208892822 0.3489481716128476 0.020687202612559075 0.023023442704548234
0 0.6591384410858154 0.34942733409792875 0.020710984865824456 0.023001959157544515
0 0.686595618724823 0.34943485260009766 0.021623094876607185 0.0237607586291409
0 0.7141157388687134 0.34974920288514616 0.021623094876607185 0.0237607586291409
0 0.7417575716972351 0.35006494344090966 0.021623094876607185 0.0237607586291409
0 0.769785924833648 0.3503623340572465 0.021623094876607185 0.0237607586291409
0 0.8001390472561324 0.3506711028343023 0.021623094876607185 0.0237607586291409
0 0.18048614263534546 0.37628324641737826 0.020336816708246885 0.0226047205370526
0 0.20566725730895996 0.3769506521003191 0.02010952432950336 0.022405942281087252
0 0.23174375295639038 0.37736501250156135 0.020417888959248842 0.022620896036310727
0 0.2579498291015625 0.37785193995055166 0.02041788895924887 0.022620896036310727
0 0.28416526317596436 0.37836935353833573 0.02042110761006677 0.02260701231254165
0 0.31050339341163635 0.37884063094543796 0.02042110761006677 0.02260701231254165
0 0.33685532212257385 0.37931215525350037 0.02042110761006677 0.02260701231254165
0 0.36345145106315613 0.3797880491219685 0.02042110761006677 0.02260701231254165
0 0.41634663939476013 0.38073452128920443 0.02042110761006677 0.02260701231254165
0 0.4424498975276947 0.38116339750068134 0.020314673582712772 0.022829854211141896
0 0.4957544058561325 0.3817455423338935 0.020314673582712828 0.022829854211141896
0 0.5218610167503357 0.3820306557158818 0.020314673582712883 0.022829854211141896
0 0.5484966039657593 0.3823215461107709 0.020314673582712883 0.022829854211141896
0 0.5756198167800903 0.3826973306828487 0.020487944285074944 0.023009226303692
0 0.6023386716842651 0.3828838370567144 0.020670533180236816 0.02318407398785733
0 0.629386305809021 0.3830722326010726 0.020670533180236816 0.02318407398785733
0 0.6570824980735779 0.38326514556322894 0.020670533180236816 0.02318407398785733
0 0.6848368048667908 0.3834584633119264 0.020670533180236816 0.02318407398785733
0 0.7124314308166504 0.38365066883175875 0.020670533180236816 0.02318407398785733
0 0.7398004531860352 0.38367762676505157 0.020697037378947014 0.023113923479420324
0 0.17891395092010498 0.40875284061875455 0.02023498217264813 0.02273973568465353
0 0.2045716494321823 0.40918322327849443 0.02023498217264813 0.02273973568465353
0 0.2307821661233902 0.409622878919526 0.02023498217264813 0.02273973568465353
0 0.2568439543247223 0.4100600397864053 0.020234982172648103 0.02273973568465353
0 0.28270089626312256 0.4104937645586779 0.020234982172648075 0.02273973568465353
0 0.30903109908103943 0.4114758247552916 0.02010963360468543 0.022425599800523808
0 0.33562716841697693 0.4118701801445729 0.02010963360468543 0.022425599800523808
0 0.3622470200061798 0.41226488816715595 0.02010963360468543 0.022425599800523808
0 0.38849925994873047 0.4126541453980379 0.02010963360468543 0.022425599800523808
0 0.4411633610725403 0.41343502665674964 0.02010963360468543 0.022425599800523808
0 0.46782493591308594 0.4138944937405946 0.020222842693328857 0.02265400849571529
0 0.4939851611852646 0.41434532091379894 0.020222842693328857 0.02265400849571529
0 0.5203456282615662 0.414799598915334 0.020222842693328857 0.02265400849571529
0 0.5475172400474548 0.4152678556220476 0.020222842693328857 0.02265400849571529
0 0.6015428900718689 0.4155174965082213 0.020172566175460815 0.02282768072083939
0 0.6286728382110596 0.41573949724320786 0.020172566175460815 0.02282768072083939
0 0.6561324000358582 0.4167101651767917 0.021018584569295173 0.023188125255496003
0 0.6836562752723694 0.4169406447299691 0.021018584569295173 0.023188125255496003
0 0.7109647393226624 0.4171693204719635 0.021018584569295173 0.023188125255496003
0 0.7385088801383972 0.41739996972514143 0.021018584569295173 0.023188125255496003
0 0.7672022581100464 0.41764024246570675 0.021018584569295173 0.023188125255496003
0 0.794447660446167 0.4178683901412287 0.021018584569295173 0.023188125255496003
0 0.17650610208511353 0.44115927053052323 0.020655239621798216 0.02316547364227526
0 0.2023286372423172 0.44175366960568196 0.020655239621798216 0.02316547364227526
0 0.22855022549629211 0.44235725433167683 0.020655239621798216 0.02316547364227526
0 0.2550109103322029 0.44296634273058033 0.020655239621798188 0.02316547364227526
0 0.281574010848999 0.4434435950357844 0.020062943299611447 0.02306463552075763
0 0.3079555034637451 0.4440031716989916 0.020062943299611447 0.02306463552075763
0 0.3340838551521301 0.4445573790013002 0.020062943299611447 0.02306463552075763
0 0.38684776425361633 0.4456765519239225 0.020062943299611447 0.02306463552075763
0 0.41348305344581604 0.44624151185501454 0.020062943299611447 0.02306463552075763
0 0.44003191590309143 0.4468046385924868 0.020062943299611447 0.02306463552075763
0 0.4664206802845001 0.4467781308233586 0.019885281721750858 0.022686625635901164
0 0.5192708373069763 0.4473138631262939 0.01988528172175097 0.022686625635901164
0 0.5463637709617615 0.4475884992022847 0.02037004629770922 0.023035359937091205
0 0.5998979806900024 0.44850451840658223 0.02037004629770922 0.023035359937091205
0 0.6270376443862915 0.44896890283048946 0.02037004629770922 0.023035359937091205
0 0.6542298793792725 0.44943418679727976 0.02037004629770922 0.023035359937091205
0 0.6821520328521729 0.449911960335665 0.02037004629770922 0.023035359937091205
0 0.709723174571991 0.4503445574162521 0.021081089973449707 0.023204034613084477
0 0.7374413013458252 0.45076534359954123 0.021081089973449707 0.023204034613084477
0 0.12335165962576866 0.4723007290862327 0.020508033533891037 0.022496068200399708
0 0.14861908555030823 0.4731159210205078 0.02038504183292389 0.0226535649262658
0 0.17473381757736206 0.47375199961107833 0.02041990558306378 0.022583362668059593
0 0.20096509158611298 0.4743888608842896 0.02041990558306378 0.022583362668059593
0 0.22728322446346283 0.47502783097804957 0.02041990558306378 0.022583362668059593
0 0.2531599923968315 0.47565608530405523 0.020419905583063752 0.022583362668059593
0 0.2800524830818176 0.47630900005961574 0.020419905583063724 0.022583362668059593
0 0.30620965361595154 0.4766394149425418 0.020641957720120785 0.022762121156204577
0 0.35881251096725464 0.47767124210624096 0.02035566171010339 0.02273402842440352
0 0.3863178491592407 0.4782826355365917 0.01991511384646094 0.022884753323340657
0 0.412487655878067 0.4787241026412609 0.01991511384646094 0.022884753323340657
0 0.43871623277664185 0.4791665611594844 0.01991511384646094 0.022884753323340657
0 0.465176522731781 0.47961292852171644 0.01991511384646094 0.022884753323340657
0 0.49152345955371857 0.4800573836925418 0.019915113846460997 0.022884753323340657
0 0.5183793306350708 0.4805104242433199 0.019915113846461052 0.022884753323340657
0 0.5448450446128845 0.48103360921550714 0.020076463619868035 0.02290092882259866
0 0.5715032815933228 0.48152167518932776 0.020076463619868035 0.02290092882259866
0 0.5982470512390137 0.48201130711755086 0.020076463619868035 0.02290092882259866
0 0.625370979309082 0.48319124621014264 0.02026585737864184 0.023060022398482923
0 0.12093854695558548 0.5049523198327353 0.020222976803779602 0.022672934125560144
0 0.14619828760623932 0.5056705712318654 0.020054111878077208 0.022654097209605192
0 0.17272904515266418 0.5062580108642578 0.020054111878077208 0.022654097209605192
0 0.19926734268665314 0.506845617445804 0.020054111878077208 0.022654097209605192
0 0.22531215846538544 0.5074222974361893 0.020054111878077208 0.022654097209605192
0 0.27851980924606323 0.5086004124131314 0.020054111878077152 0.022654097209605192
0 0.30497127771377563 0.5091860964398961 0.020054111878077152 0.022654097209605192
0 0.33091557025909424 0.5098281239354333 0.020402024189631107 0.02290873564490971
0 0.3576507270336151 0.5103546142606085 0.020402024189631107 0.02290873564490971
0 0.3844459354877472 0.510882287172016 0.020402024189631107 0.02290873564490971
0 0.43736475706100464 0.5119244073964443 0.020402024189631107 0.02290873564490971
0 0.4902984946966171 0.5129668213600336 0.020402024189631163 0.02290873564490971
0 0.516954779624939 0.5135144767534755 0.020428508520126343 0.022896226986434055
0 0.5438790321350098 0.5140676375611868 0.020428508520126343 0.022896226986434055
0 0.5704441666603088 0.5146134202626926 0.020428508520126343 0.022896226986434055
0 0.5969231724739075 0.5151574334432912 0.020428508520126343 0.022896226986434055
0 0.6237666010856628 0.5155381200718776 0.021042148272196526 0.023126557815906612
0 0.6796464920043945 0.5167651382942737 0.021042148272196526 0.023126557815906612
0 0.7066008448600769 0.5173570056294285 0.021760384241739983 0.023411891257116093
0 0.7348074913024902 0.5180028448922243 0.021760384241739983 0.023411891257116093
0 0.7624394297599792 0.5186355252358245 0.021760384241739983 0.023411891257116093
0 0.7905575633049011 0.519279337844917 0.021760384241739983 0.023411891257116093
0 0.8181775212287903 0.5199117438737736 0.021760384241739983 0.023411891257116093
0 0.11923714727163315 0.5374483507733012 0.020335659384727478 0.022975744203079577
0 0.14464016258716583 0.5380827526678998 0.020335659384727478 0.022975744203079577
0 0.17116837203502655 0.5387452545845025 0.020335659384727478 0.022975744203079577
0 0.19757285714149475 0.5394046666727674 0.020335659384727478 0.022975744203079577
0 0.22371628880500793 0.5400575593460438 0.020335659384727478 0.022975744203079577
0 0.2502574995160103 0.5408173494560774 0.02028136948744455 0.022868311682412792
0 0.27690091729164124 0.5411611133305491 0.020082692305246952 0.022861037143441135
0 0.3032674193382263 0.5417082048345968 0.020082692305246952 0.022861037143441135
0 0.356296569108963 0.5428085327148438 0.020488778750101688 0.02339642546897711
0 0.40863752365112305 0.544550429942996 0.020504891872406006 0.023360555486161526
0 0.435635507106781 0.5450945463613763 0.020504891872406006 0.023360555486161526
0 0.46260812878608704 0.5456912001919202 0.0207578341166178 0.023182210996169506
0 0.48826032876968384 0.5461785516073537 0.0207578341166178 0.023182210996169506
0 0.5154584050178528 0.5466952722381414 0.020757834116617913 0.023182210996169506
0 0.5426316261291504 0.5471116012305953 0.02110421657562256 0.023151338562484913
0 0.569176435470581 0.5477158302484557 0.02110421657562256 0.023151338562484913
0 0.5962355136871338 0.5483317653657397 0.02110421657562256 0.023151338562484913
0 0.6511476039886475 0.54958170760359 0.02110421657562256 0.023151338562484913
0 0.678875207901001 0.5502128601074219 0.02110421657562256 0.023151338562484913
0 0.7068407535552979 0.5508494287852105 0.02110421657562256 0.023151338562484913
0 0.7347601652145386 0.551559891811637 0.021381060282389397 0.023153349410655888
0 0.76263028383255 0.5522514722699707 0.021381060282389397 0.023153349410655888
0 0.79050612449646 0.5527827684269395 0.021989782651265388 0.023116740145424596
0 0.11736804246902466 0.5701548263812075 0.020652999480565384 0.023036335789880086
0 0.14318272471427917 0.5710293473959365 0.02060878276824951 0.0231876225434533
0 0.16936837136745453 0.5716595317042151 0.02048105001449585 0.023152373557867006
0 0.1953064203262329 0.5723699081775754 0.020297497510910034 0.023078741029251452
0 0.24836549162864685 0.5735977912600316 0.020297497510910034 0.023078741029251452
0 0.2752251923084259 0.5742193734184633 0.020297497510910034 0.023078741029251452
0 0.3010472059249878 0.5748169416173866 0.020297497510910034 0.023078741029251452
0 0.3276825547218323 0.5754333318665971 0.020297497510910034 0.023078741029251452
0 0.35427674651145935 0.5758940198419951 0.020251333713531494 0.02296039670012718
0 0.4072672426700592 0.5768463667048964 0.020251333713531494 0.02296039670012718
0 0.434148907661438 0.5773294848332393 0.020251333713531494 0.02296039670012718
0 0.46039655804634094 0.5781888656552069 0.0206549962361654 0.023298041765079942
0 0.4867529273033142 0.5788548519908274 0.0206549962361654 0.023298041765079942
0 0.5141040682792664 0.5795459747314453 0.02065499623616529 0.023298041765079942
0 0.5412640571594238 0.580222194536061 0.020693322022755867 0.023369249447371555
0 0.5678789615631104 0.5813562956103087 0.021109819412231445 0.023703316385431862
0 0.595414400100708 0.5820800247819014 0.021109819412231445 0.023703316385431862
0 0.6224846839904785 0.5827915280364281 0.021109819412231445 0.023703316385431862
0 0.16705162823200226 0.6042923151060592 0.020911390582720457 0.023195754650027253
0 0.19299474358558655 0.6050628912313054 0.020911390582720457 0.023195754650027253
0 0.22007513046264648 0.6058672471964808 0.020911390582720457 0.023195754650027253
0 0.24661419540643692 0.6066555245314622 0.02091139058272043 0.023195754650027253
0 0.27339768409729004 0.6074510618697765 0.0209113905827204 0.023195754650027253
0 0.32591918110847473 0.609109661599258 0.02074245611826575 0.023430639459181148
0 0.35248345136642456 0.6090671628020531 0.020508329073588016 0.023588845896166423
0 0.37834832072257996 0.6097213999507015 0.020508329073588016 0.023588845896166423
0 0.40519243478775024 0.6104004065369 0.020508329073588016 0.023588845896166423
0 0.45876380801200867 0.6117554639309586 0.020508329073588016 0.023588845896166423
0 0.48612019419670105 0.6124474281488463 0.020670751730600956 0.023664637129436224
0 0.5130695104598999 0.6133565608230421 0.020670751730601067 0.023664637129436224
0 0.5396708846092224 0.6142539557024321 0.020670751730601067 0.023664637129436224
0 0.5670257806777954 0.6151767705735883 0.020670751730601067 0.023664637129436224
0 0.5946664810180664 0.6161092270252316 0.020670751730601067 0.023664637129436224
0 0.6217979192733765 0.6170101799431943 0.020766576131184822 0.02367404080176544
0 0.6776632070541382 0.6184968611895947 0.021391908327738518 0.024035047191057965
0 0.7057276368141174 0.6193042134129724 0.021391908327738518 0.024035047191057965
0 0.7335184812545776 0.6201036951854667 0.021391908327738518 0.024035047191057965
0 0.7625373601913452 0.6205912745276163 0.021650314331054688 0.024073756018350292
0 0.7899029850959778 0.6212493731308808 0.021650314331054688 0.024073756018350292
0 0.8174072504043579 0.623148053191429 0.022460301717122322 0.02463312666545548
0 0.1649276614189148 0.6370689924373183 0.020641853411992372 0.023745810338693128
0 0.19116610288619995 0.6380425252990902 0.020641853411992372 0.023745810338693128
0 0.21796196699142456 0.6388133736543877 0.020487835009892763 0.023753528447114276
0 0.2444203794002533 0.639600323493078 0.02048783500989279 0.023753528447114276
0 0.27063244581222534 0.6403799462881237 0.02048783500989282 0.023753528447114276
0 0.2970489263534546 0.6411264996195949 0.020748575528462765 0.023857323698295234
0 0.32393550872802734 0.6419653338055278 0.020861446857452393 0.023883050726365727
0 0.35018274188041687 0.6427430200346805 0.020861446857452393 0.023883050726365727
0 0.3763688802719116 0.6435188960709667 0.020861446857452393 0.023883050726365727
0 0.4033338129520416 0.6443178472096873 0.020861446857452393 0.023883050726365727
0 0.4302945137023926 0.6451166729594386 0.020861446857452393 0.023883050726365727
0 0.45687010884284973 0.6459366715570003 0.021145065625508663 0.02400473661200945
0 0.4845496714115143 0.646770156281357 0.021145065625508663 0.02400473661200945
0 0.5110107660293579 0.6475669505984284 0.021145065625508552 0.02400473661200945
0 0.5387660264968872 0.6482203649445687 0.021048545837402344 0.02422391906265135
0 0.5658120512962341 0.6490008258826375 0.021298885345458984 0.024285161217977833
0 0.6210437417030334 0.6511027313942133 0.021298885345458984 0.024285161217977833
0 0.6491831541061401 0.6521736091020466 0.021298885345458984 0.024285161217977833
0 0.6767964363098145 0.6532244643199318 0.021298885345458984 0.024285161217977833
0 0.7054784893989563 0.654315992843273 0.021298885345458984 0.024285161217977833
0 0.7335940599441528 0.6553859632217783 0.021298885345458984 0.024285161217977833
0 0.7602824568748474 0.6559041448768724 0.020686348279317146 0.02351145781287846
0 0.7998703122138977 0.657051352567451 0.020686348279317146 0.02351145781287846
0 0.16284038126468658 0.670788565347361 0.020533323287963867 0.02392530810925382
0 0.18893253803253174 0.6717210015365195 0.020533323287963867 0.02392530810925382
0 0.21556253731250763 0.6726726582074051 0.020533323287963867 0.02392530810925382
0 0.2422667294740677 0.6736269662546557 0.020533323287963867 0.02392530810925382
0 0.26827141642570496 0.6745562765994152 0.020533323287963867 0.02392530810925382
0 0.3213159441947937 0.6762201985114961 0.020737896362940433 0.023987052976623006
0 0.34758391976356506 0.6771880598202779 0.02139383554458618 0.024293766465297965
0 0.37473973631858826 0.6780443413313045 0.02139383554458618 0.024293766465297965
0 0.40114372968673706 0.6788769162344603 0.02139383554458618 0.024293766465297965
0 0.4280511140823364 0.6797253641432666 0.02139383554458618 0.024293766465297965
0 0.4549228250980377 0.6805726871934048 0.02139383554458618 0.024293766465297965
0 0.4829901456832886 0.6814577103939596 0.02139383554458618 0.024293766465297965
0 0.5374796390533447 0.6830140490864598 0.02164248625437426 0.024367576421693314
0 0.5647357106208801 0.6840123338270393 0.02164248625437426 0.024367576421693314
0 0.5925233364105225 0.6850300873479015 0.02164248625437426 0.024367576421693314
0 0.620638906955719 0.6860598522198645 0.02164248625437426 0.024367576421693314
0 0.6483376622200012 0.6870743507562682 0.02164248625437426 0.024367576421693314
0 0.6762691140174866 0.6878080589826717 0.02164204915364576 0.024503929670466933
0 0.1603422313928604 0.7046687547550645 0.020476728677749634 0.02397977843765135
0 0.18662597239017487 0.7055300588662539 0.020476728677749634 0.02397977843765135
0 0.21316705644130707 0.7063997959714475 0.020476728677749634 0.02397977843765135
0 0.23947268724441528 0.7072618173998456 0.020476728677749634 0.02397977843765135
0 0.26643118262290955 0.7081452328506121 0.020476728677749634 0.02397977843765135
0 0.29326215386390686 0.7090767910908486 0.020319253206253052 0.024104598880738196
0 0.31941843032836914 0.7102610297883052 0.0209808349609375 0.02406914289607558
0 0.34602099657058716 0.7111351989036383 0.0209808349609375 0.02406914289607558
0 0.37254881858825684 0.7120069118990597 0.0209808349609375 0.02406914289607558
0 0.3995189368724823 0.7128931588959202 0.0209808349609375 0.02406914289607558
0 0.45415717363357544 0.714688589406568 0.0209808349609375 0.02406914289607558
0 0.4811302423477173 0.7161248672840207 0.021848956743876102 0.024730830229529984
0 0.509258508682251 0.717061123606668 0.021836201349894224 0.024824719096339026
0 0.5362355709075928 0.7180453899294831 0.02183620134989428 0.024824719096339026
0 0.5631504058837891 0.7190273858721811 0.02183620134989428 0.024824719096339026
0 0.5921693444252014 0.7200861506736103 0.02183620134989428 0.024824719096339026
0 0.6203179359436035 0.7211131605991098 0.02183620134989428 0.024824719096339026
0 0.6476359367370605 0.72210986616931 0.02183620134989428 0.024824719096339026
0 0.10426207631826401 0.7363841256429983 0.020900994539260864 0.023808146631994914
0 0.13036846742033958 0.7372584897418355 0.02098323156436284 0.023906826048858378
0 0.15747547149658203 0.738355791845987 0.020913630723953247 0.023977368376975835
0 0.18401692807674408 0.7393158746985345 0.020913630723953247 0.023977368376975835
0 0.21061359345912933 0.7402779546164716 0.020913630723953247 0.023977368376975835
0 0.237100750207901 0.7412360732837885 0.020913630723953247 0.023977368376975835
0 0.29033127427101135 0.7431615785110829 0.021200259526570675 0.024161523626756273
0 0.31689807772636414 0.7442768096301506 0.021200259526570675 0.024161523626756273
0 0.3439992070198059 0.7454144708772297 0.021200259526570675 0.024161523626756273
0 0.37074774503707886 0.7465373309170746 0.021200259526570675 0.024161523626756273
0 0.39750584959983826 0.7476605925449106 0.021200259526570675 0.024161523626756273
0 0.4246422052383423 0.7487480271275474 0.02122233311335242 0.0241726572199385
0 0.4524941146373749 0.7498836935028013 0.02122233311335242 0.0241726572199385
0 0.4797397255897522 0.7509946379550668 0.02122233311335242 0.0241726572199385
0 0.5072039365768433 0.7519136473189952 0.022147615750630678 0.024965345397476104
0 0.5628469586372375 0.75426582957423 0.02232281366984057 0.02533857951792633
0 0.5902093052864075 0.7553928590965739 0.02232281366984057 0.02533857951792633
0 0.6186676621437073 0.7565650322565302 0.02232281366984057 0.02533857951792633
0 0.6472076773643494 0.7577405688482642 0.02232281366984057 0.025338579517926247
0 0.6752995848655701 0.7588976483012355 0.02232281366984057 0.025338579517926247
0 0.7039448022842407 0.7594605089472339 0.022881786028544182 0.02549242418865825
0 0.7311144471168518 0.7603815655375636 0.022881786028544182 0.02549242418865825
0 0.10186854749917984 0.7703298524368641 0.021471197406450898 0.024332564006480026
0 0.12804238498210907 0.7714093833166099 0.021471197406450912 0.024332564006480026
0 0.15497978031635284 0.7725204068760023 0.021471197406450926 0.024332564006480026
0 0.1816755086183548 0.7736214629621844 0.021471197406450926 0.024332564006480026
0 0.2083110511302948 0.7747200367062591 0.021471197406450926 0.024332564006480026
0 0.23502765595912933 0.7756160469942315 0.021361450354258238 0.024430031000181686
0 0.2615370452404022 0.7765350993105814 0.021784186363220215 0.025257731592932414
0 0.28821203112602234 0.777662055436955 0.021784186363220215 0.025257731592932414
0 0.34230974316596985 0.7799475579773361 0.021784186363220215 0.025257731592932414
0 0.369523823261261 0.7810972895805134 0.021784186363220215 0.025257731592932414
0 0.42325565218925476 0.7833673344102017 0.021784186363220215 0.025257731592932414
0 0.4502107799053192 0.7845061258774984 0.021784186363220215 0.025257731592932414
0 0.4780336916446686 0.7857635661403882 0.022143959999084473 0.025096922881843398
0 0.506434977054596 0.7870777041413063 0.022143959999084473 0.025096922881843398
0 0.533667802810669 0.7886602972349385 0.022134224573771233 0.024930791337360817
0 0.5615206360816956 0.7897900426110556 0.022134224573771233 0.024930791337360817
0 0.5898717641830444 0.7909399994419652 0.022134224573771233 0.024930791337360817
0 0.6178668141365051 0.7920755133026678 0.022134224573771233 0.024930791337360817
0 0.6460565328598022 0.793218923169513 0.022134224573771233 0.024930791337360817
0 0.6747269630432129 0.7943818312879014 0.022134224573771233 0.024930791337360817
0 0.09843450784683228 0.8047460387177842 0.021363663176695497 0.024512239204820846
0 0.1253197081387043 0.8059890214786973 0.02136366317669551 0.024512239204820846
0 0.15196476876735687 0.8072209018688504 0.021363663176695524 0.024512239204820846
0 0.17844875156879425 0.808445335152037 0.021363663176695524 0.024512239204820846
0 0.20536814630031586 0.8096898988235829 0.021363663176695524 0.024512239204820846
0 0.23167426884174347 0.8104522372425117 0.021759425600369753 0.02505055508872346
0 0.2588224485516548 0.8115677057310592 0.02175942560036978 0.02505055508872346
0 0.2854386568069458 0.8126613164965191 0.02175942560036981 0.02505055508872346
0 0.3397369980812073 0.814892334904347 0.02175942560036981 0.02505055508872346
0 0.36689892411231995 0.8160083682038063 0.02175942560036981 0.02505055508872346
0 0.3941132128238678 0.81712655298895 0.02175942560036981 0.02505055508872346
0 0.42112985253334045 0.8183425193609193 0.02179163694381714 0.024757089540940032
0 0.47644391655921936 0.8213444199672965 0.021770894527435303 0.024861653645833225
0 0.5036477446556091 0.8224226843819368 0.021848579247792543 0.024802037911821596
0 0.5320708751678467 0.8237125485442406 0.021848579247792488 0.024802037911821596
0 0.5885410904884338 0.8264230210566553 0.02208630243937182 0.025184276492096657
0 0.6162202954292297 0.827981275029094 0.022786617279052734 0.025584849276283805
0 0.6449771523475647 0.829185219698174 0.022786617279052734 0.025584849276283805
0 0.6737483739852905 0.8303897657656402 0.022786617279052734 0.025584849276283805
0 0.7020667791366577 0.8315753540590919 0.022786617279052734 0.025584849276283805
0 0.730416476726532 0.8327622524527616 0.022786617279052734 0.025584849276283805
0 0.09561174362897873 0.8390186538486579 0.021399741371472686 0.024103268172389888
0 0.12189585715532303 0.8403122480525527 0.021399741371472672 0.024103268172389888
0 0.1491260826587677 0.8411992846519346 0.021721730629603087 0.02440761595733395
0 0.17559970915317535 0.8424011053040971 0.021760871013005556 0.02439235716827145
0 0.2025689035654068 0.8436128763525578 0.021760871013005556 0.02439235716827145
0 0.256130188703537 0.8460329632426418 0.022195200125376374 0.024612663328185673
0 0.28341007232666016 0.8468399428649223 0.021843314170837402 0.024504905523255814
0 0.31001016497612 0.8484403920728106 0.021843314170837402 0.024504905523255814
0 0.3377324938774109 0.8501083629297388 0.021843314170837402 0.024504905523255814
0 0.36485961079597473 0.8517405216352271 0.021843314170837402 0.024504905523255814
0 0.39145341515541077 0.8533405924952308 0.021843314170837402 0.024504905523255814
0 0.44690898060798645 0.8566771904902523 0.021843314170837402 0.024504905523255814
0 0.4744653105735779 0.8563662075982831 0.022581398487091064 0.024875433870064304
0 0.5297894477844238 0.859318769890312 0.022581398487091064 0.024875433870064304
0 0.5584046244621277 0.8608459169168681 0.022581398487091064 0.024875433870064304
0 0.5871232748031616 0.8623785861702853 0.022581398487091064 0.024875433870064304
0 0.6153529286384583 0.8635854993165875 0.022508621215820312 0.025466504947159532
0 0.6437780261039734 0.8651625167491824 0.022508621215820312 0.025466504947159532
0 0.6721399426460266 0.8667572283194339 0.022688349088032966 0.025694972784944394
0 0.29569031642033505 0.6759173314203161 0.020861446857452393 0.023883050726365727
