0 0.12330262362957001 0.07540181625721067 0.020902365446090698 0.023992704790691998
0 0.14876307547092438 0.07466669969780501 0.021577566862106323 0.025050684463146122
0 0.17546458542346954 0.07347035962481831 0.021797388792037964 0.024181598840757858
0 0.09627746790647507 0.1161256612733353 0.021607359250386565 0.025323217229325626
0 0.12268475443124771 0.11561039765284145 0.02160735925038655 0.025323217229325626
0 0.14953063428401947 0.11494996796792623 0.021484399835268675 0.0257619074148725
0 0.17607639729976654 0.1145686105240223 0.021484399835268675 0.0257619074148725
0 0.2020038664340973 0.11419613551359971 0.021484399835268675 0.0257619074148725
0 0.22913984954357147 0.11380629894531909 0.021484399835268675 0.0257619074148725
0 0.2549312636256218 0.11343577850696653 0.021484399835268647 0.0257619074148725
0 0.28216108679771423 0.1130445938287674 0.02148439983526862 0.0257619074148725
0 0.30925577878952026 0.11188784310984057 0.02221125364303589 0.025858531626620048
0 0.3628641664981842 0.11060405977536578 0.02221125364303589 0.025858531626620048
0 0.38907259702682495 0.11052799224853516 0.02181227008501685 0.02552941048792165
0 0.41650688648223877 0.11001788101428586 0.02181227008501685 0.02552941048792165
0 0.4429886043071747 0.10952548182943826 0.02181227008501685 0.02552941048792165
0 0.46931755542755127 0.10923730168835029 0.021884550650914547 0.025298754374186185
0 0.4963500648736954 0.10853328261264535 0.02188455065091449 0.025298754374186185
0 0.5229470729827881 0.10784060548243718 0.021884550650914436 0.025298754374186185
0 0.549870491027832 0.10713942752022644 0.021884550650914436 0.025298754374186185
0 0.5767892599105835 0.10643837063811547 0.021884550650914436 0.025298754374186185
0 0.09608598053455353 0.1573926903480707 0.02189990133047104 0.0253969015077103
0 0.12277482077479362 0.15700867009717365 0.02185422430435817 0.02559453387593114
0 0.1762264519929886 0.1563276928519676 0.021854224304358183 0.02559453387593114
0 0.20315204560756683 0.1559846590446298 0.021854224304358183 0.02559453387593114
0 0.23006890714168549 0.15564173648456286 0.021854224304358183 0.02559453387593114
0 0.2561992406845093 0.1553088343420694 0.021854224304358155 0.02559453387593114
0 0.2829754054546356 0.15464614510982752 0.02224041024843848 0.026294989179271124
0 0.33711889386177063 0.15417385680832396 0.02219390869140625 0.0260542344677356
0 0.390485554933548 0.15306420658909997 0.02219390869140625 0.0260542344677356
0 0.417290061712265 0.15257265092218292 0.02192964156468713 0.025954061700392127
0 0.4439331591129303 0.15198392646257267 0.02192964156468713 0.025954061700392127
0 0.4705705940723419 0.15139532712421305 0.02192964156468713 0.025954061700392127
0 0.49704377353191376 0.15081035728992073 0.021929641564687075 0.025954061700392127
0 0.5239256024360657 0.1502163576525311 0.02192964156468702 0.025954061700392127
0 0.5507966876029968 0.14962259541625123 0.02192964156468702 0.025954061700392127
0 0.5782526731491089 0.1494095380916152 0.021970361471176147 0.02563826243082681
0 0.2040567398071289 0.19789457875628805 0.022128244241078676 0.026904013729834735
0 0.25753702968358994 0.19743503470621152 0.022128244241078704 0.026904013729834735
0 0.28429916501045227 0.19720507372273122 0.02212824424107873 0.026904013729834735
0 0.3104138672351837 0.1969806759856468 0.02212824424107873 0.026904013729834735
0 0.3375564217567444 0.19674744614596054 0.02212824424107873 0.026904013729834735
0 0.3643313944339752 0.1954470104046921 0.02170530954996741 0.02643052552097527
0 0.39125293493270874 0.1952234520779828 0.02170530954996741 0.02643052552097527
0 0.41813433170318604 0.19500022710755813 0.02170530954996741 0.02643052552097527
0 0.4452075660228729 0.1947754091049107 0.02170530954996741 0.02643052552097527
0 0.20449043810367584 0.24092195200365643 0.02189690868059796 0.026570593663888357
0 0.2317880243062973 0.2413840628333505 0.021840294202168764 0.026450475056966117
0 0.2581409215927124 0.24074102002520895 0.021639764308929443 0.026422308396923423
0 0.28409719467163086 0.24022767349579485 0.021639764308929443 0.026422308396923423
0 0.311262309551239 0.2396904192681875 0.021639764308929443 0.026422308396923423
0 0.3381839394569397 0.23915798053030543 0.021639764308929443 0.026422308396923423
0 0.36464208364486694 0.23863470831582712 0.021639764308929443 0.026422308396923423
0 0.3917817175388336 0.23836140299952308 0.021833519140879276 0.025857097418733373
0 0.4181259572505951 0.2379292266911202 0.021833519140879276 0.025857097418733373
0 0.44487202167510986 0.23749045846270433 0.021833519140879276 0.025857097418733373
0 0.47149190306663513 0.23705376026242278 0.021833519140879276 0.025857097418733373
0 0.4988602101802826 0.23660478416499034 0.02183351914087933 0.025857097418733373
0 0.2050653100013733 0.28324592147898947 0.02241326868534088 0.027169678562371277
0 0.23194944858551025 0.2827490429545558 0.02241326868534088 0.027169678562371277
0 0.25929101556539536 0.2822923438493596 0.022172277172406524 0.026657089706539155
0 0.28564244508743286 0.28204677471929046 0.02217227717240655 0.026657089706539155
0 0.3387545347213745 0.281551822836826 0.02217227717240655 0.026657089706539155
0 0.3930123448371887 0.2810461939783061 0.02217227717240655 0.026657089706539155
0 0.41958802938461304 0.2807985350143078 0.02217227717240655 0.026657089706539155
0 0.44593027234077454 0.2798802797184434 0.02220652500788367 0.026267990585445405
0 0.4722568690776825 0.27978129836338966 0.022039343913396237 0.026324412619420697
0 0.4994080513715744 0.2795307248137718 0.02203934391339618 0.026324412619420697
0 0.20531010627746582 0.3254491007605264 0.02244932452837628 0.02629095269728079
0 0.23236525058746338 0.32504162541676196 0.02244932452837628 0.02629095269728079
0 0.26033157110214233 0.32462042692175586 0.022449324528376252 0.02629095269728079
0 0.2862686514854431 0.3237767161565499 0.021935681502024296 0.02625589592512264
0 0.3400869071483612 0.32341923824576446 0.021935681502024296 0.02625589592512264
0 0.39376968145370483 0.3230626602450943 0.021935681502024296 0.02625589592512264
0 0.4207095503807068 0.32288371709760216 0.021935681502024296 0.02625589592512264
0 0.44686371088027954 0.32270999287450036 0.021935681502024296 0.02625589592512264
0 0.47341060638427734 0.32253365998102934 0.021935681502024296 0.02625589592512264
0 0.49974922835826874 0.32141763110493504 0.0218818684418996 0.02618495438450064
0 0.09911324828863144 0.41236802034599834 0.022214387853940337 0.026818061059759625
0 0.1263262927532196 0.4120478665884127 0.022214387853940323 0.026818061059759625
0 0.18021754920482635 0.41149167363437517 0.022147178649902344 0.026462584502937314
0 0.20708438754081726 0.41112589281658796 0.021902243296305357 0.02634367831917696
0 0.2339668869972229 0.4107815054960029 0.022050817807515444 0.026325196258781436
0 0.26084280759096146 0.4104067772826835 0.02205081780751547 0.026325196258781436
0 0.28779271245002747 0.410031017514316 0.0220508178075155 0.026325196258781436
0 0.31518861651420593 0.4097195115200309 0.02204463879267371 0.02633433378944096
0 0.342300683259964 0.40936324844891403 0.02204463879267371 0.02633433378944096
0 0.3689332902431488 0.40901328566501216 0.02204463879267371 0.02633433378944096
0 0.3955041468143463 0.40866413430547066 0.02204463879267371 0.02633433378944096
0 0.4223172664642334 0.40831179951512536 0.02204463879267371 0.02633433378944096
0 0.44955140352249146 0.40825790582701216 0.022091786066691044 0.026233673095703125
0 0.5019563436508179 0.40737492938893954 0.0220917860666911 0.026233673095703125
0 0.5291211009025574 0.4069172274902156 0.022091786066691155 0.026233673095703125
0 0.5556033849716187 0.4064710246550999 0.022091786066691155 0.026233673095703125
0 0.5826845765113831 0.4060147307639898 0.022091786066691155 0.026233673095703125
0 0.6371782422065735 0.4056094857149346 0.022049109141031975 0.026169148526450404
0 0.66402667760849 0.40531211675599566 0.022056182225545173 0.025951444640640087
0 0.691405713558197 0.40496650959093095 0.022124171257019043 0.025953100633251628
0 0.7189425230026245 0.40394946699422046 0.02177973588307691 0.025817486666893718
0 0.7466830611228943 0.40345706496127814 0.02177973588307691 0.025817486666893718
0 0.7740127444267273 0.4029719557121305 0.02177973588307691 0.025817486666893718
0 0.8015968799591064 0.4024823298673034 0.02177973588307691 0.025817486666893718
0 0.8292531967163086 0.4019914227862691 0.02177973588307691 0.025817486666893718
0 0.8576136827468872 0.40148801651072596 0.02177973588307691 0.025817486666893718
0 0.10018197447061539 0.45545422753622367 0.02215568721294403 0.026697114456531612
0 0.15381698310375214 0.45480840376172815 0.02215568721294403 0.026697114456531612
0 0.1804659217596054 0.4544875215881699 0.02215568721294403 0.026697114456531612
0 0.20683294534683228 0.45418139822640674 0.022145738204320253 0.026272411494291974
0 0.23458538949489594 0.4538358643997547 0.022145738204320253 0.026272411494291974
0 0.26224052906036377 0.4534915420708934 0.02214573820432031 0.026272411494291974
0 0.2891084849834442 0.4531570206292903 0.02214573820432031 0.026272411494291974
0 0.3160594701766968 0.4528214654257131 0.02214573820432031 0.026272411494291974
0 0.34301790595054626 0.4524858174581397 0.02214573820432031 0.026272411494291974
0 0.37002840638160706 0.45219678656999457 0.021865765253702762 0.026254964429278705
0 0.4234165549278259 0.4515642058300778 0.021865765253702762 0.026254964429278705
0 0.45068225264549255 0.45124114245915653 0.021865765253702762 0.026254964429278705
0 0.47663891315460205 0.4509335894917333 0.021865765253702762 0.026254964429278705
0 0.5030186176300049 0.4506425635759221 0.021761695543924986 0.026011888370957484
0 0.5297621488571167 0.4499887832754363 0.022116978963216072 0.026337172633917702
0 0.5567497611045837 0.44961370423782704 0.022116978963216072 0.026337172633917702
0 0.5838972330093384 0.44923640343988347 0.022116978963216072 0.026337172633917702
0 0.6107645630836487 0.4488629961071044 0.022116978963216072 0.026337172633917702
0 0.6376494765281677 0.4484893443972565 0.022116978963216072 0.026337172633917702
0 0.10096494853496552 0.4980159138524255 0.022295325994491577 0.02637851330661029
0 0.1551264524459839 0.4972822363733583 0.022295325994491577 0.02637851330661029
0 0.18262356519699097 0.49698886193073716 0.022142956654230772 0.026712225389111003
0 0.20807114243507385 0.4966251905574355 0.021774093310038267 0.02630366835483285
0 0.23528233170509338 0.4962263535055529 0.021774093310038267 0.02630366835483285
0 0.26244792342185974 0.49582818478145013 0.02177409331003821 0.02630366835483285
0 0.28946617245674133 0.49546197403308956 0.021707793076833126 0.026495231214419872
0 0.34359240531921387 0.4946388422056686 0.02188199758529663 0.026073160097580494
0 0.3707156479358673 0.4943289758746596 0.02188199758529663 0.026073160097580494
0 0.3972429931163788 0.4940259173046107 0.02188199758529663 0.026073160097580494
0 0.423856645822525 0.49372187272427226 0.02188199758529663 0.026073160097580494
0 0.4510837197303772 0.493410820184752 0.02188199758529663 0.026073160097580494
0 0.4771752655506134 0.4933588782022166 0.021341065565745 0.026046545930611016
0 0.5033686608076096 0.4930258462595385 0.021458576122919737 0.025957299757373372
0 0.5309600234031677 0.49273611799955924 0.021458576122919792 0.025957299757373372
0 0.10146720707416534 0.5398505142122496 0.021670470635096223 0.026211583337118458
0 0.15567253530025482 0.539517690969068 0.02167047063509625 0.026211583337118458
0 0.18254432082176208 0.5393526969527963 0.02167047063509625 0.026211583337118458
0 0.20942577719688416 0.5391876435570323 0.02167047063509625 0.026211583337118458
0 0.2356589138507843 0.5390265708745912 0.02167047063509625 0.026211583337118458
0 0.26375627517700195 0.5388540517657237 0.021670470635096195 0.026211583337118458
0 0.2911006212234497 0.5378079702241418 0.021898021300633785 0.02608436761900436
0 0.34495434165000916 0.5372256345527117 0.021898021300633785 0.02608436761900436
0 0.3718462884426117 0.5367005755711739 0.021475593249003055 0.02588248437689262
0 0.3982900083065033 0.5362154494884402 0.021563827991485596 0.02581429296685738
0 0.4249718487262726 0.5359233230230432 0.021563827991485596 0.02581429296685738
0 0.4516068696975708 0.5356317091609666 0.021563827991485596 0.02581429296685738
0 0.4781898558139801 0.535340665003153 0.021563827991485596 0.02581429296685738
0 0.504570722579956 0.5350518337515897 0.021563827991485596 0.02581429296685738
0 0.5316416025161743 0.5347418230633403 0.021383027235666985 0.025372527366460756
0 0.5587145090103149 0.5348124393196994 0.021569470564524407 0.025846111682034333
0 0.10196202993392944 0.6268425431362418 0.022199610869089753 0.02627158349798637
0 0.1286913901567459 0.6266609901605651 0.021934250990549728 0.026091316873713112
0 0.15615756809711456 0.6265122883374621 0.021713336308797182 0.02572380479916116
0 0.18378466367721558 0.6258613590604956 0.021824528773625673 0.026087738746820494
0 0.21082940697669983 0.6255372513172238 0.021824528773625673 0.026087738746820494
0 0.23835359513759613 0.625207397843984 0.021824528773625673 0.026087738746820494
0 0.26542913913726807 0.6248829209810902 0.02182452877362573 0.026087738746820494
0 0.31922587752342224 0.6242382138274437 0.02182452877362573 0.026087738746820494
0 0.3459354639053345 0.623918122648537 0.02182452877362573 0.026087738746820494
0 0.40012362599372864 0.6227308858767807 0.021889150142669678 0.02684639036193369
0 0.4265308976173401 0.6224487767014636 0.021889150142669678 0.02684639036193369
0 0.45367589592933655 0.6221587863837613 0.021889150142669678 0.02684639036193369
0 0.4799279272556305 0.6218783356422601 0.021889150142669678 0.02684639036193369
0 0.5065658837556839 0.6217465330892188 0.021856447060902895 0.02671811007714081
0 0.5333881378173828 0.6207987765855368 0.021976232528686523 0.026640751565149532
0 0.5603771209716797 0.6207710532254951 0.021976232528686523 0.026640751565149532
0 0.5877173542976379 0.6207429690576778 0.021976232528686523 0.026640751565149532
0 0.6139454245567322 0.6207160273151588 0.021976232528686523 0.026640751565149532
0 0.6418182849884033 0.620687396027321 0.021976232528686523 0.026640751565149532
0 0.66893070936203 0.620659545867194 0.021976232528686523 0.026640751565149532
0 0.6964657306671143 0.6199481875397438 0.022440870602925544 0.02696426155031195
0 0.7241004109382629 0.6196785206837405 0.022440870602925544 0.02696426155031195
0 0.752051055431366 0.6197284875914107 0.0229379336039226 0.0267084402631419
0 0.7798956632614136 0.6195924508377173 0.0229379336039226 0.0267084402631419
0 0.8080886006355286 0.6194547122959906 0.0229379336039226 0.0267084402631419
0 0.8359331488609314 0.6193186758334996 0.0229379336039226 0.0267084402631419
0 0.864069938659668 0.6191812116046285 0.0229379336039226 0.0267084402631419
0 0.10199036449193954 0.6705629215684048 0.022269874811172485 0.027372168016064128
0 0.12912976741790771 0.670372674631518 0.022235850493113204 0.027417619098988558
0 0.1565701812505722 0.6697792230650436 0.02234327793121338 0.027376692424448942
0 0.18349120020866394 0.6694706188765548 0.02234327793121338 0.027376692424448942
0 0.2109016329050064 0.669156404382982 0.02234327793121338 0.027376692424448942
0 0.238552525639534 0.6688394334196386 0.02234327793121338 0.027376692424448942
0 0.2656621038913727 0.6685286677160929 0.02221435308456421 0.027218338130980554
0 0.29258957505226135 0.6679539810954648 0.02221435308456421 0.027218338130980554
0 0.31940892338752747 0.6662985130141381 0.021896203358968136 0.027246046435925333
0 0.3461173176765442 0.6663117963214253 0.021896203358968136 0.027246046435925333
0 0.37362176179885864 0.6663254755407407 0.021896203358968136 0.027246046435925333
0 0.4008343517780304 0.6663390096076285 0.021896203358968136 0.027246046435925333
0 0.42718860507011414 0.6663521167843841 0.021896203358968136 0.027246046435925333
0 0.4539831280708313 0.6663654429274228 0.021896203358968136 0.027246046435925333
0 0.4810662567615509 0.6658338954518418 0.02208632230758667 0.026831782141397167
0 0.5072808116674423 0.6655817511740412 0.02208632230758667 0.026831782141397167
0 0.5346766114234924 0.6653182451115098 0.02208632230758667 0.026831782141397167
0 0.5619120001792908 0.6648949077658015 0.021743466456731086 0.02690825351448946
0 0.5895017385482788 0.6646644707616507 0.021743466456731086 0.02690825351448946
0 0.6162417531013489 0.6644411308820858 0.021743466456731086 0.02690825351448946
0 0.6424553394317627 0.6643583936998106 0.022389690081278557 0.027262103649996917
0 0.6703720688819885 0.6643864334527912 0.0225907564163208 0.027214996574460942
0 0.6981431841850281 0.6642504403757494 0.0225907564163208 0.027214996574460942
0 0.7255505919456482 0.6641162283473726 0.0225907564163208 0.027214996574460942
0 0.7530340552330017 0.6639816438807631 0.0225907564163208 0.027214996574460942
0 0.7813510894775391 0.6638429774794468 0.0225907564163208 0.027214996574460942
0 0.8100318312644958 0.6637025300294653 0.0225907564163208 0.027214996574460942
0 0.10196476429700851 0.7146870812704397 0.022248735030492156 0.027081304742384273
0 0.15703776478767395 0.7125852717909702 0.022625282406806946 0.027035824088163154
0 0.1842794120311737 0.7129540110743323 0.022433931628863035 0.0271447943162549
0 0.21128946542739868 0.7125319581942527 0.02248451610406238 0.02723066936167641
0 0.23872936517000198 0.7120146640511447 0.02248451610406238 0.02723066936167641
0 0.266030490398407 0.7114999860707806 0.022484516104062435 0.02723066936167641
0 0.2926490902900696 0.7109981749872542 0.022484516104062435 0.02723066936167641
0 0.31964147090911865 0.7099537104265252 0.02208995819091797 0.027302557183790523
0 0.3741058111190796 0.7095207391783248 0.02208995819091797 0.027302557183790523
0 0.40128278732299805 0.7093046923252103 0.02208995819091797 0.027302557183790523
0 0.42803868651390076 0.7090919928777416 0.02208995819091797 0.027302557183790523
0 0.4553358256816864 0.7088749907737555 0.02208995819091797 0.027302557183790523
0 0.4818851351737976 0.7086639336375569 0.02208995819091797 0.027302557183790523
0 0.5086484551429749 0.708341508925703 0.02201739947001141 0.027018938877785798
0 0.5352298021316528 0.7077019282722343 0.02214682102203369 0.027052531870760715
0 0.5627588033676147 0.7078000445698582 0.02214682102203369 0.027052531870760715
0 0.6171453595161438 0.7079938840587694 0.02214682102203369 0.027052531870760715
0 0.644498348236084 0.7080913730290065 0.02214682102203369 0.027052531870760715
0 0.6719925999641418 0.7081893654756768 0.02214682102203369 0.027052531870760715
0 0.6994251608848572 0.7082871380497274 0.02214682102203369 0.027052531870760715
0 0.7270513772964478 0.7077156776605651 0.022500673929850334 0.02756946770719785
0 0.7548520565032959 0.7070893521471042 0.022664785385131836 0.0274913699127907
0 0.7825790643692017 0.7066525747609693 0.022664785385131836 0.0274913699127907
0 0.10296256840229034 0.7575464470441952 0.022713457544644683 0.026369006134742915
0 0.15792827308177948 0.7566769824204557 0.022713457544644655 0.026369006134742915
0 0.18455184996128082 0.755877873081303 0.02253401279449463 0.027088076569313228
0 0.21202638745307922 0.7556438667829647 0.02253401279449463 0.027088076569313228
0 0.2391209602355957 0.7554130967223662 0.02253401279449463 0.027088076569313228
0 0.26591959595680237 0.7551848472187118 0.02253401279449463 0.027088076569313228
0 0.2934210002422333 0.7549506120903547 0.02253401279449463 0.027088076569313228
0 0.3477829396724701 0.754487600248195 0.02253401279449463 0.027088076569313228
0 0.37486517429351807 0.7537468722645996 0.022172649701436398 0.02731935368027798
0 0.40153762698173523 0.7533526550731874 0.022172649701436398 0.02731935368027798
0 0.42913341522216797 0.7531041991873334 0.022136876980463627 0.02716553858084275
0 0.4561734199523926 0.7528832901355832 0.022136876980463627 0.02716553858084275
0 0.48276978731155396 0.7526660054733975 0.022136876980463627 0.02716553858084275
0 0.5097677856683731 0.7524454396016211 0.022136876980463682 0.02716553858084275
0 0.5370584726333618 0.7522224825482036 0.022136876980463738 0.02716553858084275
0 0.564228892326355 0.7520005080437642 0.022136876980463738 0.02716553858084275
0 0.6183434128761292 0.7520130688931339 0.02222127715746569 0.027885747510333393
0 0.6459992527961731 0.751903445221657 0.02222127715746569 0.027885747510333393
0 0.6728761792182922 0.7517092123545062 0.022323687871297127 0.027545618456463482
0 0.7012760639190674 0.7515039734463976 0.022323687871297127 0.027545618456463482
0 0.7288455963134766 0.7513047352880282 0.022323687871297127 0.027545618456463482
0 0.7563982605934143 0.7511056190313294 0.022323687871297127 0.027545618456463482
0 0.7840747833251953 0.7515056299608808 0.02248072624206543 0.026931437411049513
0 0.2939034402370453 0.7985961381779161 0.022475500901540157 0.02763893068298802
0 0.3486008644104004 0.7979505672011264 0.02225373188654578 0.027383138967114827
0 0.40319910645484924 0.7973784129883292 0.02225373188654578 0.027383138967114827
0 0.42968326807022095 0.7973398607830668 0.022045065959294674 0.027178150738856478
0 0.45616617798805237 0.7970522666957595 0.022045065959294674 0.027178150738856478
0 0.48383018374443054 0.7967518463676514 0.022045065959294674 0.027178150738856478
0 0.5110756903886795 0.7964559707769066 0.022045065959294563 0.027178150738856478
0 0.5379654765129089 0.7961639581724654 0.022045065959294563 0.027178150738856478
0 0.5648418664932251 0.7963532736135084 0.02239639560381579 0.027474041132964016
0 0.6206770539283752 0.79622909069252 0.02239639560381579 0.027474041132964016
0 0.675254762172699 0.7958451605218957 0.022377411524454827 0.027012314907340115
0 0.7027409672737122 0.7957813351653343 0.022377411524454827 0.027012314907340115
0 0.730251133441925 0.7956672363665879 0.022686362266540527 0.027903534645257994
0 0.7584538459777832 0.7950030082532468 0.02316359678904223 0.026952758315921865
0 0.7860236167907715 0.7947343338367551 0.02316359678904223 0.026952758315921865
0 0.29440951347351074 0.8433026158532431 0.022560139497121212 0.02773048341736302
0 0.32169508934020996 0.8429534348105217 0.022560139497121212 0.02773048341736302
0 0.34906068444252014 0.842603229739564 0.022560139497121212 0.02773048341736302
0 0.37658438086509705 0.8422510014023892 0.022514601548512814 0.027748285337936048
0 0.40345606207847595 0.8420651719008226 0.022514601548512814 0.027748285337936048
0 0.43054065108299255 0.8418778700481818 0.022514601548512814 0.027748285337936048
0 0.4846915900707245 0.8416491360460917 0.022426803906758663 0.02706749494685683
0 0.5394150018692017 0.8409809947766538 0.02246677875518799 0.027271596036216195
0 0.566676914691925 0.840854289919831 0.02246677875518799 0.027271596036216195
0 0.594183623790741 0.8407264473263676 0.02246677875518799 0.027271596036216195
0 0.6217966079711914 0.8405981107995147 0.02246677875518799 0.027271596036216195
0 0.6498040556907654 0.8404679409293241 0.02246677875518799 0.027271596036216195
0 0.6769930124282837 0.840341575149601 0.02246677875518799 0.027271596036216195
0 0.29510873556137085 0.8876309062159339 0.02218914031982422 0.02612742342690154
0 0.3224693834781647 0.887350837904284 0.02218914031982422 0.02612742342690154
0 0.3493868112564087 0.8869766412779342 0.02200816075007117 0.026310706323431333
0 0.3760756552219391 0.8867839592426207 0.02200816075007117 0.026310706323431333
0 0.4039192199707031 0.8865171033282613 0.022247910499572754 0.026616414388020725
0 0.4319085478782654 0.8863895013488082 0.022247910499572754 0.026616414388020725
0 0.4851934611797333 0.8861465780305097 0.022247910499572754 0.026616414388020725
0 0.5127197504043579 0.8859943123750909 0.02253655592600512 0.02692768185637718
0 0.5407373905181885 0.8859087614159005 0.02253655592600512 0.02692768185637718
0 0.5680058598518372 0.8858254980254909 0.02253655592600512 0.02692768185637718
0 0.5951512455940247 0.8857426104668529 0.02253655592600512 0.02692768185637718
0 0.6507819294929504 0.8855727439702943 0.022907574971516853 0.026348971581274337
0 0.6779478788375854 0.8853232167003957 0.022907574971516853 0.026348971581274337
0 0.7054071426391602 0.885070995250561 0.022907574971516853 0.026348971581274337
0 0.7333303093910217 0.8848145127150853 0.022907574971516853 0.026348971581274337
0 0.761475145816803 0.8845559940781704 0.022907574971516853 0.026348971581274337
