0 0.7775681614875793 0.05075806795164596 0.02082979679107666 0.02230685256248297
0 0.8028014898300171 0.04961864338364712 0.02214944362640381 0.02300221420997797
0 0.8301236629486084 0.049436181090598885 0.021090149879455566 0.022481729817944905
0 0.08759263902902603 0.09612085730353875 0.021372968951861054 0.02220391303069832
0 0.1133226677775383 0.0947824885058153 0.02119062344233194 0.022404981213946674
0 0.14003105461597443 0.09397879034973854 0.02119062344233197 0.022404981213946674
0 0.1668192446231842 0.09317269078844101 0.02119062344233197 0.022404981213946674
0 0.19335535168647766 0.09237417680685031 0.02119062344233197 0.022404981213946663
0 0.22008101642131805 0.09156995873118556 0.02119062344233197 0.022404981213946674
0 0.24728358536958694 0.09075138984357262 0.02119062344233194 0.022404981213946663
0 0.0875362679362297 0.1606342404387718 0.02166329324245453 0.024274663407673192
0 0.1403511017560959 0.15923162948253544 0.021676247318585695 0.02434806675873987
0 0.1675247997045517 0.15840702636728227 0.021676247318585695 0.02434806675873987
0 0.194741889834404 0.15758110648873747 0.021676247318585695 0.02434806675873987
0 0.22172565758228302 0.1567622669259965 0.021676247318585695 0.02434806675873987
0 0.24900507181882858 0.15593445578286813 0.021676247318585723 0.02434806675873987
0 0.2756425738334656 0.1550015737844068 0.021320775151252747 0.024068536684494598
0 0.3024924397468567 0.15476940216511273 0.021623512109120724 0.023571738901064364
0 0.3296760022640228 0.15430661134941634 0.021623512109120724 0.023571738901064364
0 0.3568194508552551 0.15384450345953188 0.021623512109120724 0.023571738901064364
0 0.3844994604587555 0.15337326080269467 0.021623512109120724 0.023571738901064364
0 0.41086387634277344 0.1529244156770928 0.021623512109120724 0.023571738901064364
0 0.43748751282691956 0.1524711574098027 0.021623512109120724 0.023571738901064364
0 0.0891927964729337 0.2269916837377189 0.02196073437372023 0.0247687303428312
0 0.11532371070018341 0.22620775445686828 0.021043944579014665 0.02408892647346079
0 0.14188749747690058 0.22543828154294412 0.022281706077126706 0.02412943068059461
0 0.16885437345279453 0.22503300988968541 0.021706523712967718 0.024939973987111973
0 0.2234533280134201 0.222664101179256 0.02112746238708496 0.02338356195494186
0 0.25043273717164993 0.22219667144423721 0.02112746238708496 0.02338356195494186
0 0.30504927039146423 0.2212504167838458 0.02112746238708496 0.02338356195494186
0 0.33220231533050537 0.22113797551831849 0.02019025882085168 0.022311587666356287
0 0.35930129885673523 0.22031047732331033 0.02019025882085168 0.022311587666356287
0 0.38558945059776306 0.21950773879642987 0.02019025882085168 0.022311587666356287
0 0.4129849672317505 0.21867118562667728 0.02019025882085168 0.022311587666356287
0 0.4401082694530487 0.21784294483273528 0.02019025882085168 0.022311587666356287
0 0.4676573574542999 0.21700170218711753 0.02019025882085168 0.022311587666356287
0 0.49347418546676636 0.217972527138516 0.020627498626708984 0.02212139987206277
0 0.08994442969560623 0.29256169018587597 0.02064347453415394 0.0234400283458621
0 0.1159512996673584 0.2922103730910478 0.02064347453415394 0.0234400283458621
0 0.14239203929901123 0.2918531950130019 0.02064347453415394 0.0234400283458621
0 0.16943751275539398 0.29010245914801036 0.021398812532424927 0.02448161812715752
0 0.2261340171098709 0.2893795856209688 0.021398812532424927 0.02448161812715752
0 0.2793349027633667 0.2887112576158939 0.021311084429422977 0.024689119915629543
0 0.30687758326530457 0.28835427483846976 0.021311084429422977 0.024689119915629543
0 0.3337275981903076 0.2880062697522861 0.021311084429422977 0.024689119915629543
0 0.3611227571964264 0.28765119901219266 0.021311084429422977 0.024689119915629543
0 0.38841092586517334 0.28729751498200173 0.021311084429422977 0.024689119915629543
0 0.415527880191803 0.28694605007392493 0.021311084429422977 0.024689119915629543
0 0.44288191199302673 0.28532673575503537 0.020817041397094727 0.023628737575324035
0 0.46895208954811096 0.28438350766204123 0.020817041397094727 0.023628737575324035
0 0.0899481475353241 0.3607969387061775 0.02115710328022638 0.023063704024913742
0 0.11676593497395515 0.35984143545461256 0.021157103280226394 0.0230637040249137
0 0.14454223215579987 0.35885178101968124 0.021157103280226408 0.0230637040249137
0 0.17186999320983887 0.35787810768421774 0.021157103280226408 0.0230637040249137
0 0.19850757718086243 0.3569290249846702 0.021157103280226408 0.0230637040249137
0 0.22679966688156128 0.35592099314146 0.021157103280226408 0.0230637040249137
0 0.2537262439727783 0.3562588583966463 0.020956754684448242 0.022807734881260627
0 0.30949318408966064 0.3556390038127852 0.021667222181955936 0.023769615232482465
0 0.3363785743713379 0.35490275538244914 0.021667222181955936 0.023769615232482465
0 0.3634749948978424 0.3541607279515153 0.021667222181955936 0.023769615232482465
0 0.3906573951244354 0.3534163459920228 0.021667222181955936 0.023769615232482465
0 0.41765543818473816 0.3526770125987918 0.021667222181955936 0.023769615232482465
0 0.09093691408634186 0.428147648656091 0.021915907661120088 0.023966826209726205
0 0.11848843842744827 0.42750142978162453 0.0219159076611201 0.023966826209726205
0 0.14543549716472626 0.4268693886011876 0.021915907661120115 0.023966826209726205
0 0.1735367327928543 0.4262102762909612 0.021915907661120115 0.023966826209726205
0 0.2006826549768448 0.4255735707837482 0.021915907661120115 0.023966826209726205
0 0.2568444386124611 0.4245782452960347 0.02215994894504547 0.02434069611305414
0 0.28450384736061096 0.4238107071273133 0.02215994894504547 0.02434069611305414
0 0.3392803966999054 0.42229067852686203 0.02215994894504547 0.02434069611305414
0 0.36610147356987 0.42154640375181684 0.02138475577036536 0.02404897527177199
0 0.39399442076683044 0.42112517290450646 0.02138475577036536 0.02404897527177199
0 0.4207623302936554 0.4207209320356198 0.02138475577036536 0.02404897527177199
0 0.4481126666069031 0.42030789553366454 0.02138475577036536 0.02404897527177199
0 0.4741528332233429 0.4199146448179733 0.02138475577036536 0.02404897527177199
0 0.5002615004777908 0.41916700739407753 0.021790762742360414 0.02402898507524836
0 0.5268775820732117 0.41840483985468285 0.02179076274236036 0.02402898507524836
0 0.5544161200523376 0.41761625722072787 0.02179076274236036 0.02402898507524836
0 0.5818371772766113 0.4168310387189998 0.02179076274236036 0.02402898507524836
0 0.09230250865221024 0.4954120724700218 0.02242271105448404 0.024079226708227295
0 0.1188163235783577 0.49562214696130086 0.02204318344593048 0.023795578830926048
0 0.14730103313922882 0.49475827301237524 0.02204318344593048 0.023795578830926048
0 0.17491401731967926 0.49392083643488044 0.02204318344593048 0.023795578830926048
0 0.2028709352016449 0.49307296916072496 0.02204318344593048 0.023795578830926048
0 0.2302277684211731 0.492243301036746 0.02204318344593048 0.023795578830926048
0 0.25832605361938477 0.4917774404271557 0.02174810568491617 0.023577874945115727
0 0.28643032908439636 0.4914738313596474 0.022060096263885498 0.02359680057496058
0 0.3411450684070587 0.49034003324286884 0.022060096263885498 0.02359680057496058
0 0.3691522181034088 0.48975966945104316 0.022060096263885498 0.02359680057496058
0 0.3960014581680298 0.4892032998475496 0.022060096263885498 0.02359680057496058
0 0.4237177073955536 0.48862896409145623 0.022060096263885498 0.02359680057496058
0 0.4507036805152893 0.4880697611073726 0.022060096263885498 0.02359680057496058
0 0.47671371698379517 0.4874118963643809 0.021992206573486328 0.02345678048540461
0 0.5025724768638611 0.48606757230536884 0.021670103073120117 0.023395479187484913
0 0.5287090539932251 0.4852185936776081 0.021661976973215813 0.02328130441118586
0 0.09173960983753204 0.5653859515522801 0.02260732154051462 0.0247147730154584
0 0.1197827011346817 0.5645931155182594 0.022330741087595626 0.024227497189543968
0 0.14750683307647705 0.5638771079457231 0.02233074108759564 0.024227497189543968
0 0.1758926957845688 0.563144010415577 0.02233074108759564 0.024227497189543968
0 0.20370414853096008 0.5624257476828984 0.02233074108759564 0.024227497189543968
0 0.2601814270019531 0.560967157053393 0.022330741087595612 0.024227497189543968
0 0.31574535369873047 0.5584253266800282 0.021782338619232178 0.023478840672692586
0 0.34386926889419556 0.5595204996508222 0.02192590634028113 0.024197541466055045
0 0.37145304679870605 0.5584929566486857 0.02192590634028113 0.024197541466055045
0 0.3986159563064575 0.5574810917156451 0.02192590634028113 0.024197541466055045
0 0.4258873760700226 0.5564651845896021 0.02192590634028113 0.024197541466055045
0 0.4540516138076782 0.5554160184638445 0.02192590634028113 0.024197541466055045
0 0.09264937619265823 0.6376305710237623 0.022299220164616912 0.024713353593220026
0 0.12161820957955627 0.6365862945967544 0.022299220164616898 0.024713353593220026
0 0.14839833805856018 0.6356209172027337 0.022299220164616884 0.024713353593220026
0 0.1768188459664276 0.6345964069625252 0.022299220164616884 0.024713353593220026
0 0.2051146907597473 0.6335763906123569 0.022299220164616884 0.024713353593220026
0 0.2329180008664573 0.6329765112904616 0.022057106097539247 0.023978477300599564
0 0.26103093390612253 0.6319713243099696 0.022057106097539247 0.023978477300599564
0 0.2890546536937202 0.6309693271780551 0.022057106097539303 0.023978477300599564
0 0.3172598696246589 0.6303831476528764 0.021995921929677364 0.023759590562923878
0 0.34487723474650034 0.6296190574168588 0.021995921929677364 0.023759590562923878
0 0.09146958589553833 0.7072927108721315 0.022996964553991944 0.025480019029720753
0 0.12025896459817886 0.707683970379239 0.023217062155405685 0.025776589563650622
0 0.14826339483261108 0.7063495724700218 0.0232170621554057 0.025776589563650622
0 0.17732195556163788 0.7050700520360192 0.02291994790236157 0.025919418926386814
0 0.20555008947849274 0.7042400658824827 0.02291994790236157 0.025919418926386814
0 0.23458947241306305 0.7033862267369714 0.02291994790236157 0.025919418926386814
0 0.2614176496863365 0.7028885647242088 0.02221548557281494 0.024618134018062676
0 0.290195107460022 0.7017512654149255 0.02221548557281494 0.024618134018062676
0 0.3179137408733368 0.7002105600747597 0.02260712782541907 0.024411755938862644
0 0.3459695279598236 0.6995375877202943 0.02260712782541907 0.024411755938862644
0 0.37429267168045044 0.6988582022994977 0.02260712782541907 0.024411755938862644
0 0.40302443504333496 0.6981690153457097 0.02260712782541907 0.024411755938862644
0 0.43081140518188477 0.6975024910860284 0.02260712782541907 0.024411755938862644
0 0.4583379328250885 0.6968422140436771 0.02260712782541907 0.024411755938862644
0 0.4855167865753174 0.6961530255578627 0.02244557936986291 0.024957405504330128
0 0.511323869228363 0.6955224414204442 0.0224455793698628 0.024957405504330128
0 0.5396769642829895 0.6950353472828027 0.02214646339416504 0.025739004445630452
0 0.567615270614624 0.6945239665896393 0.02214646339416504 0.025739004445630452
0 0.5955507159233093 0.6922725358274692 0.022810498873392815 0.025815653246502545
0 0.6234537959098816 0.6920949802842251 0.022810498873392815 0.025815653246502545
0 0.6519967317581177 0.6919133531490576 0.022810498873392815 0.025815653246502545
0 0.6803560256958008 0.6917328945816326 0.022810498873392815 0.025815653246502545
0 0.7081344723701477 0.6915561321169831 0.022810498873392815 0.025815653246502545
0 0.7364437580108643 0.691375991767129 0.022810498873392815 0.025815653246502545
0 0.7637211680412292 0.6897641194341884 0.022990862528483147 0.026076412940210205
0 0.7920356392860413 0.6891038584154706 0.022990862528483147 0.026076412940210205
0 0.8202704665083322 0.6891131022925944 0.022920846939086914 0.026034628698068128
0 0.09267501533031464 0.7794735043547875 0.022056783239046723 0.02531486333802689
0 0.12029704079031944 0.7787498490135694 0.022056783239046737 0.02531486333802689
0 0.17744888365268707 0.777600133141806 0.022998174031575502 0.02617355464964863
0 0.20555588603019714 0.7764890672601592 0.021939098834991455 0.025202847266381913
0 0.23435452580451965 0.7757617152014444 0.021939098834991455 0.025202847266381913
0 0.262990802526474 0.7750384638607262 0.021939098834991455 0.025202847266381913
0 0.29160284996032715 0.7743158244663609 0.021939098834991455 0.025202847266381913
0 0.3201548755168915 0.7735947010128997 0.021939098834991455 0.025202847266381913
0 0.3487486243247986 0.7728725237772808 0.021939098834991455 0.025202847266381913
0 0.40410202741622925 0.7709048958711846 0.022551675637563107 0.025818285091902968
0 0.43272295594215393 0.7702052981354469 0.02240643898646033 0.02539482412412174
0 0.4608129560947418 0.7693947108611151 0.02240643898646033 0.02539482412412174
0 0.48789387941360474 0.7686132423064629 0.02240643898646033 0.02539482412412174
0 0.5155108571052551 0.7678163049426054 0.022406438986460442 0.02539482412412174
0 0.5424440503120422 0.7670390994049782 0.022406438986460442 0.02539482412412174
0 0.5714441537857056 0.7664520133277192 0.022126615047454834 0.02511093967644732
0 0.09404076635837555 0.853572476351817 0.02335020899772644 0.027473804562590843
0 0.14964906871318817 0.8518168427223383 0.023558090130488096 0.027865505957788163
0 0.17779605090618134 0.8509523767210934 0.023558090130488096 0.027865505957788163
0 0.20761007070541382 0.8500458473382995 0.0229252775510152 0.026266112808109365
0 0.23571759462356567 0.8491025586353452 0.0229252775510152 0.026266112808109365
0 0.26660528779029846 0.8480659674326007 0.022925277551015255 0.026266112808109365
0 0.3217026889324188 0.8462168982577123 0.022925277551015255 0.026266112808109365
0 0.35056621665807114 0.8459805653438782 0.022925277551015255 0.026266112808109365
0 0.37924623489379883 0.8448070201088642 0.02263430754343665 0.02628048445827288
0 0.4071126878261566 0.8443873668608328 0.02263430754343665 0.02628048445827288
0 0.4350799322128296 0.843966195749682 0.02263430754343665 0.02628048445827288
0 0.4639454185962677 0.8435314976147519 0.02263430754343665 0.02628048445827288
0 0.4915992021560669 0.8416178503701853 0.02311323086420697 0.027113093886264535
0 0.51892241006045 0.8412820436033634 0.023062149683634514 0.026585364526556333
