0 0.15395601093769073 0.1446028421091479 0.021573007106781006 0.022885677426360374
0 0.1782272905111313 0.1427095102709393 0.02074742317199707 0.022845423498819042
0 0.8187245726585388 0.12675008108449537 0.020619869232177734 0.023417051448378454
0 0.844936728477478 0.1260247784991597 0.021566152572631836 0.023785191912983738
0 0.8705263137817383 0.1253489339074423 0.021673202514648438 0.022695075633913972
0 0.17870064079761505 0.17507873579513195 0.020782599846522032 0.022940391717955103
0 0.20360596477985382 0.17250858597833787 0.021497358878453554 0.023263909095941587
0 0.22957922518253326 0.170566210689102 0.021548489729563414 0.02303745949915212
0 0.2561376988887787 0.1694576573926349 0.021548489729563386 0.02303745949915212
0 0.2829817831516266 0.16833718268353204 0.021548489729563358 0.02303745949915212
0 0.3099111020565033 0.1665009074264961 0.02150382598241174 0.023356851681258315
0 0.3366994559764862 0.16609500175298647 0.02150382598241174 0.023356851681258315
0 0.3635285496711731 0.16568847877743062 0.02150382598241174 0.023356851681258315
0 0.39098742604255676 0.1652724131341053 0.02150382598241174 0.023356851681258315
0 0.4452461004257202 0.16445026841274527 0.02150382598241174 0.023356851681258315
0 0.4727639853954315 0.16403330865233762 0.02150382598241174 0.023356851681258315
0 0.4996013790369034 0.1633323625076649 0.021460642417271913 0.023381979890571995
0 0.5264571905136108 0.1638462666973578 0.020538012186686272 0.02328160751697629
0 0.5535218715667725 0.16344014988389127 0.020771940549214607 0.023180798966755223
0 0.5805351734161377 0.16309000493590772 0.020771940549214607 0.023180798966755223
0 0.6069350838661194 0.16274781073385028 0.020771940549214607 0.023180798966755223
0 0.6343805193901062 0.1623920644927014 0.020771940549214607 0.023180798966755223
0 0.6605015397071838 0.1620534852493641 0.020771940549214607 0.023180798966755223
0 0.6868208646774292 0.16170851713998188 0.02077428499857592 0.023282901261203987
0 0.7130544781684875 0.16180988799693974 0.02077794075012207 0.02286450437797134
0 0.1791933923959732 0.20620523497115734 0.020102232694625854 0.022823215455047872
0 0.2046307921409607 0.20525681695272757 0.020262608925501524 0.02294824289721112
0 0.23041285574436188 0.20302852143539662 0.020550494392712892 0.022909607998160428
0 0.25748779624700546 0.20212486178375955 0.02055049439271292 0.022909607998160428
0 0.28428196907043457 0.20123057310094009 0.020550494392712948 0.022909607998160428
0 0.31140586733818054 0.2003252794232946 0.020550494392712948 0.022909607998160428
0 0.33806559443473816 0.19943547803302145 0.020550494392712948 0.022909607998160428
0 0.365388423204422 0.19852354480364495 0.020550494392712948 0.022909607998160428
0 0.39157751202583313 0.19799021787421647 0.02034405867258704 0.023219914399376183
0 0.44685935974121094 0.19744675302004847 0.02034405867258704 0.023219914399376203
0 0.47361260652542114 0.19718374716979253 0.02034405867258704 0.023219914399376203
0 0.5279332995414734 0.19664973123638402 0.02034405867258715 0.023219914399376203
0 0.5551439523696899 0.19638222871824754 0.02034405867258715 0.023219914399376203
0 0.5816490054130554 0.19593541803472803 0.020396153132120842 0.023162701333216
0 0.6087807416915894 0.19586698953495468 0.020396153132120842 0.023162701333216
0 0.634880781173706 0.19514350003974382 0.020044445991516113 0.02284065512723701
0 0.6619731187820435 0.19500720850778394 0.020044445991516113 0.02284065512723701
0 0.6884858012199402 0.19487383300663433 0.020044445991516113 0.02284065512723701
0 0.7142757177352905 0.19474409347356753 0.020044445991516113 0.02284065512723701
0 0.18038494884967804 0.2386109108148619 0.02048803369204205 0.022717350213102564
0 0.2060469686985016 0.23699440308210615 0.02047832806905109 0.02292448236036673
0 0.23186735808849335 0.2361584375070971 0.02047832806905109 0.02292448236036673
0 0.2584141492843628 0.23500693866426955 0.020408332347869873 0.023106493691141265
0 0.31236547231674194 0.23363015818041424 0.020408332347869873 0.023106493691141265
0 0.33895447850227356 0.23269136561903841 0.020481069882710812 0.02310046114662818
0 0.3665250539779663 0.23221477416438985 0.020481069882710812 0.02310046114662818
0 0.39371657371520996 0.23174473515642266 0.020481069882710812 0.02310046114662818
0 0.4211122393608093 0.23127116723425092 0.020481069882710812 0.02310046114662818
0 0.4482389986515045 0.2308022476906 0.020481069882710812 0.02310046114662818
0 0.4752442538738251 0.23024414001190333 0.020378867785135868 0.02338833771934802
0 0.529455304145813 0.2295599704575926 0.02037886778513598 0.02338833771934802
0 0.5560653805732727 0.22922413848167242 0.02037886778513598 0.02338833771934802
0 0.5835391283035278 0.22883533047431603 0.020227670669555664 0.02336766738300173
0 0.6102752089500427 0.22848960965178733 0.020227670669555664 0.02336766738300173
0 0.636750340461731 0.2281472631289821 0.020227670669555664 0.02336766738300173
0 0.6633405089378357 0.22760240037081605 0.020218292872111077 0.023023442704548234
0 0.6899480819702148 0.22717910589173781 0.020218292872111077 0.023023442704548234
0 0.7160822749137878 0.2264834115671557 0.02001909414927172 0.022656063700831213
0 0.18133465945720673 0.27066931613655976 0.021183053652445494 0.023195503294005902
0 0.23320382833480835 0.26944863519003226 0.02099196116129559 0.023349584535110827
0 0.2600919082760811 0.2686531628890849 0.020991961161295564 0.023349584535110827
0 0.2868717312812805 0.2678608933231124 0.020991961161295536 0.023349584535110827
0 0.31392160058021545 0.2670606345534813 0.020991961161295536 0.023349584535110827
0 0.34065234661102295 0.2662698169087255 0.020991961161295536 0.023349584535110827
0 0.3683071732521057 0.2657717540440681 0.020932157834370968 0.023570526477902434
0 0.3949480652809143 0.26529195212113055 0.020932157834370968 0.023570526477902434
0 0.4498700797557831 0.2643028077588415 0.020932157834370968 0.023570526477902434
0 0.4764977991580963 0.2638232430746389 0.020932157834370968 0.023570526477902434
0 0.5311836004257202 0.26286423209759874 0.020799438158671135 0.023340713146121003
0 0.5580390691757202 0.26238949354304825 0.020799438158671135 0.023340713146121003
0 0.5845454931259155 0.26192092524101784 0.020799438158671135 0.023340713146121003
0 0.6115425229072571 0.2614696413971657 0.02048269907633471 0.02295529565145803
0 0.6383092403411865 0.2610319939065587 0.020337700843811035 0.022464900053748817
0 0.6650612950325012 0.26059458615818093 0.020337700843811035 0.022464900053748817
0 0.6916691064834595 0.26015953684962073 0.020337700843811035 0.022464900053748817
0 0.7184174656867981 0.2597221895240814 0.020337700843811035 0.022464900053748817
0 0.7444739937782288 0.2593446775924328 0.02077881495157885 0.023035655650057506
0 0.4521472156047821 0.33089943819267803 0.0205422739187876 0.023383975953094747
0 0.479806512594223 0.33042303874367435 0.0205422739187876 0.023383975953094747
0 0.5072144120931625 0.32995096932612444 0.020542273918787657 0.023383975953094747
0 0.5339857935905457 0.32948986319608464 0.020542273918787712 0.023383975953094747
0 0.561025083065033 0.329024142660526 0.020542273918787712 0.023383975953094747
0 0.5871843099594116 0.3284055798552757 0.020513663689295525 0.023152417914811953
0 0.31890439987182617 0.367305644722872 0.02098029851913452 0.023332218791163203
0 0.34588029980659485 0.3673710153242487 0.020960410435994503 0.02371613554252212
0 0.4009285867214203 0.36585884316023004 0.020960410435994503 0.02371613554252212
0 0.427239328622818 0.3650577234667401 0.02063387632369995 0.02344140341115548
0 0.45455697178840637 0.36401192231996676 0.020434637864430782 0.02337518588517065
0 0.4812210202217102 0.36365321625110714 0.020434637864430782 0.02337518588517065
0 0.5085629820823669 0.3632853903495574 0.020434637864430727 0.023375185885170607
0 0.5627509951591492 0.3625564099323973 0.02043463786443067 0.02337518588517065
0 0.5893338322639465 0.3621987963831702 0.02043463786443067 0.02337518588517065
0 0.6158142685890198 0.3618425604109916 0.02043463786443067 0.02337518588517065
0 0.6420308947563171 0.36067934150445863 0.020903905232747322 0.02336694288623424
0 0.6688729524612427 0.3601741356036784 0.020903905232747322 0.023366942886234282
0 0.6962499022483826 0.3596588622692019 0.020903905232747322 0.023366942886234282
0 0.7221623063087463 0.35917115377909253 0.020903905232747322 0.023366942886234282
0 0.13269375264644623 0.40539089469022527 0.02072385946909587 0.023756633433260715
0 0.15831054747104645 0.4049107751180959 0.021018306414286314 0.02351349823234612
0 0.1845490038394928 0.4040642822911773 0.021242727835973085 0.02347005799759266
0 0.21116401255130768 0.40346181115438773 0.021168301502863585 0.023347159688786888
0 0.23820066452026367 0.4028367305837029 0.021168301502863585 0.023347159688786888
0 0.2655622959136963 0.40215172878531524 0.021086136500040653 0.02335561707962391
0 0.32098785042762756 0.4009940360398147 0.021086136500040653 0.02335561707962391
0 0.34797751903533936 0.40005104029146765 0.020410656929016113 0.023270215174948577
0 0.3752110004425049 0.39957374750181684 0.020410656929016113 0.023270215174948577
0 0.4022793173789978 0.39909934937736813 0.020410656929016113 0.023270215174948577
0 0.429148405790329 0.3986284429232325 0.020410656929016113 0.023270215174948577
0 0.4563348591327667 0.3981519743453625 0.020410656929016113 0.023270215174948577
0 0.48305433988571167 0.39768368990842534 0.020410656929016113 0.023270215174948577
0 0.5371080636978149 0.39653432092001273 0.02030102411905932 0.023179934006328676
0 0.5635801553726196 0.3959573336344609 0.02030102411905932 0.023179934006328676
0 0.5903542041778564 0.395373764873324 0.02030102411905932 0.023179934006328676
0 0.6172291040420532 0.39478799795650416 0.02030102411905932 0.023179934006328676
0 0.6437203288078308 0.39421059364496275 0.02030102411905932 0.023179934006328676
0 0.13327699527144432 0.4379737127908928 0.020536353190739945 0.023070549780084125
0 0.18567584455013275 0.4370818914369095 0.02102269728978473 0.023056592128073577
0 0.2126658409833908 0.4364289097529275 0.02102269728978473 0.023056592128073577
0 0.23985745012760162 0.43577105035775954 0.02102269728978476 0.023056592128073577
0 0.2673615515232086 0.4351056306905088 0.021022697289784786 0.023056592128073577
0 0.29501038789749146 0.4342155075962199 0.020373880863189697 0.02275907531265135
0 0.34985271096229553 0.4333369676456895 0.020373880863189697 0.02275907531265135
0 0.3770468533039093 0.4328886520030887 0.020391186078389523 0.023072294486585567
0 0.4039372503757477 0.4323747838022892 0.020391186078389523 0.023072294486585567
0 0.45803579688072205 0.431340975239176 0.020391186078389523 0.023072294486585567
0 0.48473894596099854 0.4308306852967515 0.020391186078389523 0.023072294486585567
0 0.5114704966545105 0.43031985260719474 0.02039118607838941 0.023072294486585567
0 0.5382684469223022 0.4296348483063454 0.020138661066691155 0.02272078048351199
0 0.5650347471237183 0.429002361627285 0.020138661066691155 0.02272078048351199
0 0.5916940569877625 0.42837240312592073 0.020138661066691155 0.02272078048351199
0 0.618318498134613 0.4277432685710479 0.020138661066691155 0.02272078048351199
0 0.6448153853416443 0.4271171481110329 0.020138661066691155 0.02272078048351199
0 0.6712865829467773 0.4264584074227573 0.020625154177347893 0.02283471868943804
0 0.6985160112380981 0.42575853924418605 0.020625154177347893 0.02283471868943804
0 0.7248460054397583 0.42510968382361947 0.020590821901957268 0.02275443261908012
0 0.7512816190719604 0.42427688421205034 0.020986715952555413 0.022633160731589202
0 0.7781370282173157 0.4236707816620453 0.020933032035827637 0.022852136183154622
0 0.13318423926830292 0.4718012255291606 0.020817503333091736 0.023426440335059407
0 0.15950241684913635 0.47139126657599967 0.02092785636583966 0.0229955865431201
0 0.1871553510427475 0.4706718089968659 0.02092785636583966 0.0229955865431201
0 0.21453005075454712 0.46995959035683776 0.02092785636583966 0.0229955865431201
0 0.24186568707227707 0.46924838804494073 0.02092785636583963 0.0229955865431201
0 0.2690874934196472 0.4685401472934457 0.020927856365839603 0.0229955865431201
0 0.2968180775642395 0.467818669464115 0.020927856365839603 0.0229955865431201
0 0.32445403933525085 0.4676644752621833 0.021098102132479313 0.02312055484269022
0 0.37880587577819824 0.46666380416515263 0.021098102132479313 0.02312055484269022
0 0.4060640335083008 0.46557017417141333 0.02020273605982459 0.022900573967039067
0 0.4327647089958191 0.4650161654450173 0.02020273605982459 0.022900573967039067
0 0.4594089984893799 0.46446332666403006 0.02020273605982459 0.022900573967039067
0 0.48686692118644714 0.4638936059170777 0.02020273605982459 0.022900573967039067
0 0.5129814147949219 0.4633517597996911 0.0202027360598247 0.022900573967039067
0 0.5398398041725159 0.46279447868899093 0.0202027360598247 0.022900573967039067
0 0.5657888650894165 0.4620024293950632 0.020103752613067627 0.022999578668165523
0 0.5925593972206116 0.4613532576450082 0.020103752613067627 0.022999578668165523
0 0.6194988489151001 0.4605617966762809 0.01990707715352369 0.02276549228402071
0 0.13430533930659294 0.5046873314436092 0.0208688701192538 0.02314039718273074
0 0.1890445351600647 0.5037385403827307 0.020868870119253813 0.02314039718273074
0 0.2161647230386734 0.5032684678610692 0.020868870119253813 0.02314039718273074
0 0.2439608871936798 0.502786678684853 0.020868870119253785 0.02314039718273074
0 0.2719830572605133 0.5023009721622911 0.020872652530670166 0.02272953358731523
0 0.29914629459381104 0.5014698879878963 0.020872652530670166 0.02272953358731523
0 0.32639533281326294 0.5006361786566486 0.020872652530670166 0.02272953358731523
0 0.35422495007514954 0.49978470597679 0.020872652530670166 0.02272953358731523
0 0.38101276755332947 0.49899132948518476 0.02062545220057166 0.022861510284187314
0 0.40796372294425964 0.4984456882920376 0.02062545220057166 0.022861510284187314
0 0.43462935090065 0.4979058237550262 0.02062545220057166 0.022861510284187314
0 0.4615384042263031 0.4973610308988883 0.02062545220057166 0.022861510284187314
0 0.4879480302333832 0.4968263493027798 0.02062545220057166 0.022861510284187314
0 0.5145103931427002 0.4962885754398345 0.02062545220057177 0.022861510284187314
0 0.5410770773887634 0.49526804860088086 0.020041386286417717 0.02264856737713481
0 0.5677151083946228 0.49448674224143807 0.020041386286417717 0.02264856737713481
0 0.5945643186569214 0.49369924189205644 0.020041386286417717 0.02264856737713481
0 0.6207872629165649 0.49331181359987497 0.01986130078633619 0.022954689439877003
0 0.6474378705024719 0.49229250628780447 0.01997617880503344 0.022639548131661878
0 0.6740622520446777 0.49134307683900347 0.02001897493998217 0.02270348127498183
0 0.7010264992713928 0.4904585924723078 0.02001897493998217 0.02270348127498183
0 0.19004768133163452 0.5377268236736918 0.0209244042634964 0.023240466450535974
0 0.21738243103027344 0.5366469538489054 0.021059592564900698 0.023059697114220016
0 0.24579695612192154 0.535947714020383 0.021059592564900725 0.023059697114220016
0 0.27272218465805054 0.5352851235979212 0.021059592564900753 0.023059697114220016
0 0.30076566338539124 0.5345950146767541 0.021059592564900753 0.023059697114220016
0 0.32825976610183716 0.5339184250942496 0.021059592564900753 0.023059697114220016
0 0.3550645411014557 0.5332513409991597 0.020389656225840214 0.0232339903365734
0 0.38195735216140747 0.5324466636260838 0.020389656225840214 0.0232339903365734
0 0.4089474380016327 0.5316003311512082 0.02040960391362512 0.02333772644516115
0 0.43585383892059326 0.5309259883788886 0.02040960391362512 0.02333772644516115
0 0.4626004695892334 0.5296990241802236 0.020108381907145145 0.022616275521211846
0 0.48902541399002075 0.5291020592977834 0.020108381907145145 0.022616275521211846
0 0.5424968004226685 0.5278940893042978 0.020108381907145256 0.022616275521211846
0 0.5691340565681458 0.527305336885674 0.02008998394012451 0.022712973661200946
0 0.5955973267555237 0.5266687722939235 0.02008998394012451 0.022712973661200946
0 0.6224526762962341 0.5263382667718932 0.02047940095265699 0.02305665127066679
0 0.6488434076309204 0.5256496459175051 0.02047940095265699 0.02305665127066679
0 0.6755572557449341 0.5249525938851469 0.02047940095265699 0.02305665127066679
0 0.7025068998336792 0.524249389161394 0.02047940095265699 0.02305665127066679
0 0.7292988300323486 0.5235502997110056 0.02047940095265699 0.02305665127066679
0 0.7560725212097168 0.522987543150436 0.02078898747762037 0.022880465485328853
0 0.7818937301635742 0.52242381063745 0.02078898747762037 0.022880465485328853
0 0.19198466837406158 0.5706698460838329 0.020840262373288454 0.023786825727122644
0 0.21898719668388367 0.5700104292048964 0.020860408743222536 0.023864095525224026
0 0.24658790975809097 0.5692737679721707 0.020860408743222564 0.023864095525224026
0 0.27467814087867737 0.5685240415346975 0.02086040874322259 0.023864095525224026
0 0.3017086386680603 0.5678025993107526 0.02086040874322259 0.023864095525224026
0 0.32897573709487915 0.5670748422312182 0.02086040874322259 0.023864095525224026
0 0.3564622402191162 0.5663361346016084 0.020782311757405636 0.02354930907256849
0 0.3828141689300537 0.5653498038861559 0.02098659674326575 0.02333462145901471
0 0.4371732175350189 0.563897731692292 0.020784417788187626 0.02316086052000055
0 0.4638725519180298 0.5628982810086982 0.02046304941177368 0.02282918885696766
0 0.518028736114502 0.5614786097772249 0.02046304941177368 0.02282918885696766
0 0.5444713234901428 0.5606963536422285 0.02030038833618164 0.023062388102213487
0 0.570908784866333 0.5599100785432164 0.02020895481109619 0.022874107656552865
0 0.5972764492034912 0.559401179468909 0.02020895481109619 0.022874107656552865
0 0.6244732141494751 0.5588762786537212 0.02020895481109619 0.022874107656552865
0 0.6508923172950745 0.5583663868042607 0.02020895481109619 0.022874107656552865
0 0.677761971950531 0.5578477992567905 0.02020895481109619 0.022874107656552865
0 0.7042921781539917 0.5573357631050294 0.02020895481109619 0.022874107656552865
0 0.19242845475673676 0.6039948130762854 0.020844886700312315 0.02386814679286282
0 0.219768688082695 0.6038505199343659 0.020739853382110596 0.02375840771105868
0 0.27536335587501526 0.602338515027652 0.020739853382110596 0.02375840771105868
0 0.3022296130657196 0.6016078350126346 0.020739853382110596 0.02375840771105868
0 0.32942691445350647 0.6008681516080799 0.020739853382110596 0.02375840771105868
0 0.35711780190467834 0.60011504417242 0.020739853382110596 0.02375840771105868
0 0.3838185966014862 0.5995329923407976 0.02041771014531457 0.023480053095854474
0 0.410804808139801 0.59858781896124 0.02041771014531457 0.023480053095854474
0 0.4385838508605957 0.5976148772183054 0.02041771014531457 0.023480053095854474
0 0.46537309885025024 0.5966766023507036 0.02041771014531457 0.023480053095854474
0 0.4921010732650757 0.5957404735476471 0.020417710145314516 0.023480053095854474
0 0.5196300745010376 0.5949278597554974 0.020594676335652595 0.023820714433063776
0 0.545932412147522 0.5942959452784339 0.020594676335652595 0.023820714433063776
0 0.599711000919342 0.5930039130165979 0.020594676335652595 0.023820714433063776
0 0.6264066696166992 0.592322726582372 0.02067522207895922 0.02377304550289189
0 0.6530812978744507 0.5917041077711119 0.02067522207895922 0.02377304550289189
0 0.6801285147666931 0.5910768481519679 0.02067522207895922 0.02377304550289189
0 0.7333980798721313 0.5898414586753674 0.02067522207895922 0.02377304550289189
0 0.7608281373977661 0.5892053204913472 0.02067522207895922 0.02377304550289189
0 0.787312924861908 0.5878293118796708 0.021251042683919197 0.0232640052026557
0 0.8140005469322205 0.5871873012808866 0.021251042683919197 0.0232640052026557
0 0.19195307791233063 0.638614299685456 0.02073006828625995 0.02368921087693804
0 0.21980711817741394 0.6378216264781572 0.02073006828625995 0.02368921087693804
0 0.2753605246543884 0.6362406817940326 0.020730068286260006 0.02368921087693804
0 0.30215877294540405 0.6354780544257704 0.020730068286260006 0.02368921087693804
0 0.3301421105861664 0.6346817016601562 0.020730068286260006 0.02368921087693804
0 0.35753607749938965 0.6339703884835861 0.020627160867055294 0.02365771744602416
0 0.38481301069259644 0.6333293914794922 0.020885735750198364 0.024088245953700394
0 0.412596732378006 0.6325406806413517 0.02090472976366675 0.02414800954419513
0 0.4669768512248993 0.6306210539958994 0.02090472976366675 0.02414800954419513
0 0.4939042180776596 0.6296705137617383 0.020904729763666807 0.02414800954419513
0 0.5210787653923035 0.6287112480188634 0.020904729763666863 0.02414800954419513
0 0.5752741694450378 0.6267981418343478 0.020904729763666863 0.02414800954419513
0 0.6016552448272705 0.6261179280835528 0.02074107527732849 0.02392675710278888
0 0.6283707022666931 0.6252363835045022 0.02074107527732849 0.02392675710278888
0 0.655509889125824 0.6249619558443565 0.020793159802754646 0.023552709771681148
0 0.6827786564826965 0.6242814500084068 0.020793159802754646 0.023552709771681148
0 0.7091957926750183 0.6236221970574872 0.020793159802754646 0.023552709771681148
0 0.7360872030258179 0.6229511083558549 0.020793159802754646 0.023552709771681148
0 0.13647355139255524 0.6750132982120958 0.021215875943501772 0.024255678635234926
0 0.16431878507137299 0.6736498100813045 0.020971705516179384 0.024444934933684593
0 0.1917925477027893 0.6729185439708276 0.020971705516179384 0.024444934933684593
0 0.21954569220542908 0.6721798415838913 0.020971705516179384 0.024444934933684593
0 0.24796897172927856 0.6719399829243504 0.02067301670710245 0.024016032847323215
0 0.2754390835762024 0.6710480556379613 0.02067301670710242 0.024016032847323215
0 0.30339324474334717 0.6701404117502322 0.02067301670710242 0.024016032847323215
0 0.3304600119590759 0.6692615806639746 0.02067301670710242 0.024016032847323215
0 0.3582158088684082 0.6683603774669559 0.02067301670710242 0.024016032847323215
0 0.38578423857688904 0.6677486508391625 0.020586401224136353 0.02358994003414189
0 0.4136445224285126 0.6668870139938672 0.020586401224136353 0.02358994003414189
0 0.44082963466644287 0.6660462582258199 0.020586401224136353 0.02358994003414189
0 0.46780329942703247 0.6652120419079193 0.020586401224136353 0.02358994003414189
0 0.495442196726799 0.6643572518991869 0.020586401224136353 0.02358994003414189
0 0.550272524356842 0.6621729323886494 0.020677049954732185 0.023891922115355554
0 0.5768100023269653 0.6612433996756765 0.020677049954732185 0.023891922115355554
0 0.6039811372756958 0.6602916717529297 0.020677049954732185 0.023891922115355554
0 0.6307632923126221 0.6596006246011241 0.02083786328633619 0.023701837820600116
0 0.6581567525863647 0.6590813313774542 0.02087569236755371 0.023665051127589026
0 0.6848679184913635 0.6582045887791833 0.02087569236755371 0.023665051127589026
0 0.7116538882255554 0.6573253908892266 0.02087569236755371 0.023665051127589026
0 0.7385741472244263 0.6564417852126815 0.02087569236755371 0.023665051127589026
0 0.7924754619598389 0.6546725783237192 0.02087569236755371 0.023665051127589026
0 0.819047749042511 0.6538003941554309 0.02087569236755371 0.023665051127589026
0 0.845660924911499 0.6529375742651016 0.02098194758097338 0.02374628347943914
0 0.8724005222320557 0.6520600429801053 0.02098194758097338 0.02374628347943914
0 0.8992888331413269 0.6511811363850863 0.021203239758809334 0.023718309032824667
0 0.924642026424408 0.6512350925179415 0.021679480870564705 0.023605169251907702
0 0.13772834837436676 0.7088165726772574 0.021121278405189514 0.024145200271015074
0 0.16479788720607758 0.7082611840342402 0.021121278405189514 0.024145200271015074
0 0.19226422905921936 0.707697654140905 0.021121278405189514 0.024145200271015074
0 0.22058099508285522 0.7071166760032915 0.021121278405189514 0.024145200271015074
0 0.24790560454130173 0.70655605404876 0.021121278405189514 0.024145200271015074
0 0.27617281675338745 0.7056175054505814 0.02114735047022498 0.024159246636915523
0 0.30381929874420166 0.704792242289199 0.02114735047022498 0.024159246636915523
0 0.3315378725528717 0.7039648271461817 0.02114735047022498 0.024159246636915523
0 0.36004671454429626 0.7031138220498728 0.02114735047022498 0.024159246636915523
0 0.3873114287853241 0.7022999548722618 0.02114735047022498 0.024159246636915523
0 0.4146069288253784 0.7013597710188045 0.020863860845565796 0.023807821347732006
0 0.44194769859313965 0.7002738576452392 0.020863860845565796 0.023807821347732006
0 0.46963152289390564 0.6991743189235795 0.020863860845565796 0.023807821347732006
0 0.49693046510219574 0.6977990970374359 0.020839651425679506 0.024032237917877907
0 0.5245139002799988 0.6969945153524709 0.02083965142567945 0.024032237917877907
0 0.551501989364624 0.6962072993277182 0.02083965142567945 0.024032237917877907
0 0.5780010223388672 0.6954343485888806 0.02083965142567945 0.024032237917877907
0 0.6057702898979187 0.6943895727381929 0.021027247111002678 0.024100577184396253
0 0.633093535900116 0.6935749053955078 0.021027247111002678 0.024100577184396253
0 0.6603714227676392 0.6927615904765321 0.021027247111002678 0.024100577184396253
0 0.6870858669281006 0.691965075112517 0.021027247111002678 0.024100577184396253
0 0.7142576575279236 0.6911549235499183 0.021027247111002678 0.024100577184396253
0 0.741195797920227 0.6903517384800143 0.021027247111002678 0.024100577184396253
0 0.7689276337623596 0.6893752342046693 0.02094864845275879 0.023873114770697125
0 0.7950711846351624 0.6886382879212846 0.021032293637593513 0.023669900820236744
0 0.8218619227409363 0.6878039903915539 0.020981192588806152 0.02336318733156195
0 0.13867314159870148 0.7430029580759446 0.02123825748761493 0.024637680645136814
0 0.19361190497875214 0.7420420350287057 0.02123825748761493 0.024637680645136814
0 0.22187143564224243 0.7415477531656275 0.02123825748761493 0.024637680645136897
0 0.2489120364189148 0.7414658568626227 0.021139363447825105 0.024348103722860562
0 0.2764320373535156 0.7406249046111232 0.021139363447825077 0.024348103722860562
0 0.30415695905685425 0.739777690420089 0.021139363447825077 0.024348103722860646
0 0.332409530878067 0.7389143523722393 0.021139363447825077 0.024348103722860646
0 0.3606395721435547 0.7380517028098883 0.021630505720774296 0.02453347139580297
0 0.4164278209209442 0.73605818115403 0.021630505720774296 0.024533471395803134
0 0.44435641169548035 0.735060188713923 0.021630505720774296 0.02453347139580305
0 0.4989030212163925 0.7331110354474798 0.02163050572077435 0.02453347139580305
0 0.5539700388908386 0.7311432860618414 0.021630505720774407 0.02453347139580305
0 0.5810111165046692 0.7303510425978074 0.021412690480550056 0.02460334836974619
0 0.608090341091156 0.7295576815122722 0.021412690480550056 0.02460334836974619
0 0.6363439559936523 0.7287299134010492 0.021412690480550056 0.02460334836974619
0 0.6631137728691101 0.7279456172736597 0.021412690480550056 0.02460334836974619
0 0.6900492906570435 0.7270415397492755 0.021603067715962654 0.024476783220158067
0 0.1394982486963272 0.7781050038892169 0.021223445733388246 0.024440854094749272
0 0.16595718264579773 0.7795069741182631 0.02157878875732422 0.024799258209938228
0 0.2216331958770752 0.7775634842177462 0.021606504917144775 0.024809963019319394
0 0.2491021752357483 0.7767278981763263 0.021606504917144775 0.024809963019319394
0 0.2773439288139343 0.7758688049145411 0.021606504917144775 0.024809963019319394
0 0.3050113916397095 0.7750271811528114 0.021606504917144775 0.024809963019319394
0 0.36144083738327026 0.7733106391374455 0.021606504917144775 0.024809963019319394
0 0.38898855447769165 0.7724938934638882 0.021722515424092648 0.02464217548222494
0 0.4172516465187073 0.7714179282964662 0.021722515424092648 0.02464217548222494
0 0.44516849517822266 0.7703551444829243 0.021722515424092648 0.02464217548222494
0 0.47271907329559326 0.7693063044496538 0.021722515424092648 0.02464217548222494
0 0.5285284519195557 0.7671816626260447 0.021722515424092537 0.02464217548222494
0 0.5558211207389832 0.7661426411016808 0.021722515424092537 0.02464217548222494
0 0.5833511352539062 0.7651156048442043 0.021430651346842522 0.024480657060017067
0 0.6099956035614014 0.7641079544297406 0.021430651346842522 0.024480657060017067
0 0.19355833530426025 0.812475514966388 0.02159904440244037 0.025113955948703862
0 0.22095221281051636 0.8121888885534969 0.02159904440244037 0.025113955948703862
0 0.2491188496351242 0.8125434390022737 0.021853784720102937 0.025094557178112997
0 0.27782806754112244 0.8115937876146894 0.022126535574595096 0.024909914001937875
0 0.30601468682289124 0.810645953903798 0.022126535574595096 0.024909914001937875
0 0.3339168429374695 0.8098459310513775 0.021441280841827393 0.02480736074521549
0 0.3616681396961212 0.80882050270258 0.021441280841827393 0.02480736074521549
0 0.41856905817985535 0.8067662046943848 0.02153567473093665 0.024618400159732205
0 0.446813702583313 0.8057132099950036 0.02153567473093665 0.024618400159732205
0 0.502251386642456 0.8036258608795875 0.021454373995463072 0.02477435917817334
0 0.5576675534248352 0.8015807815326405 0.021454373995463127 0.02477435917817334
0 0.5852247476577759 0.8005638102757342 0.021454373995463127 0.02477435917817334
0 0.6126461029052734 0.799551852023512 0.021454373995463127 0.02477435917817334
0 0.6395001411437988 0.7985608300497365 0.021454373995463127 0.02477435917817334
0 0.6678751111030579 0.7972238200850479 0.021443843841552734 0.023958309676296138
0 0.695040225982666 0.7961649340252543 0.021443843841552734 0.023958309676296138
0 0.7217915654182434 0.79512217677815 0.021443843841552734 0.023958309676296138
0 0.7495514154434204 0.7940401081639036 0.021443843841552734 0.023958309676296138
0 0.7765881419181824 0.7929862266363099 0.021443843841552734 0.023958309676296138
0 0.19464443624019623 0.8485609542491824 0.02180988093217212 0.02536418826081032
0 0.22178559005260468 0.8485906734022983 0.022082934776941954 0.025484247725139183
0 0.24980323761701584 0.8478786696534399 0.022082934776941926 0.025484247725139183
0 0.2783486545085907 0.8474883146064226 0.021930694580078125 0.02521804691285137
0 0.3070072531700134 0.846436754221238 0.021930694580078125 0.02521804691285137
0 0.3350871801376343 0.8458827990290065 0.02217322587966919 0.02535342430883611
0 0.39114487171173096 0.843634849370912 0.02217322587966919 0.02535342430883611
0 0.41978976130485535 0.8424861707871374 0.02217322587966919 0.02535342430883611
0 0.44808298349380493 0.8413515942935269 0.02217322587966919 0.02535342430883611
0 0.47537967562675476 0.8402569792991461 0.02217322587966919 0.02535342430883611
0 0.5035700350999832 0.8390431909429918 0.02203508218129474 0.02477672488190407
0 0.5590602159500122 0.8368351071379906 0.022035082181294685 0.02477672488190407
0 0.6149699091911316 0.8346103299558444 0.022035082181294685 0.02477672488190407
0 0.6418114900588989 0.8335422408073347 0.022035082181294685 0.02477672488190407
0 0.6695013046264648 0.8324403984602108 0.022035082181294685 0.02477672488190407
0 0.6970758438110352 0.8313431431896182 0.022035082181294685 0.02477672488190407
0 0.7517452239990234 0.8289974123932594 0.021968921025594 0.024859524512475663
0 0.7790879011154175 0.8276745108670966 0.02233223120371508 0.02488010613493206
0 0.8058044910430908 0.8264533784262894 0.02233223120371508 0.02488010613493206
0 0.8326608538627625 0.8252258574002161 0.02233223120371508 0.02488010613493206
0 0.8593040704727173 0.8240080786261305 0.02233223120371508 0.02488010613493206
0 0.886110782623291 0.8227828269781068 0.02233223120371508 0.02488010613493206
0 0.9134431481361389 0.8214958420107216 0.022204597791035896 0.024907666583393894
0 0.1953141987323761 0.8848845016124637 0.02175168196360272 0.025083260942799068
0 0.22246688604354858 0.8848131225420225 0.02163525422414142 0.025156656901041775
0 0.27933740615844727 0.8830617860306141 0.021592716375986698 0.02524566650390625
0 0.3079814314842224 0.8824495223144676 0.02186604340871179 0.025381635325823753
0 0.33627986907958984 0.8814249260481014 0.02186604340871179 0.025381635325823753
0 0.36400336027145386 0.8805871439360256 0.02196115255355835 0.02534325178279433
0 0.39204150438308716 0.8794981490734012 0.02196115255355835 0.02534325178279433
0 0.4205789566040039 0.8783897612023197 0.02196115255355835 0.02534325178279433
0 0.44924071431159973 0.8772765453356388 0.02196115255355835 0.02534325178279433
0 0.4777751863002777 0.8761682732160702 0.02196115255355835 0.02534325178279433
0 0.5055309683084488 0.8750902452305274 0.02196115255355835 0.02534325178279433
0 0.5338448286056519 0.8736963120623713 0.022044916947682625 0.02501175754754107
0 0.5615417957305908 0.8724752265695258 0.022044916947682625 0.02501175754754107
0 0.5891098976135254 0.8712598224018895 0.022099971771240234 0.02536761853121983
0 0.6166146397590637 0.8700423092703402 0.022099971771240234 0.02536761853121983
0 0.6712892651557922 0.8672849078511082 0.021921316782633538 0.025118095930232558
0 0.6988736391067505 0.866173326148034 0.021921316782633538 0.025118095930232558
0 0.7546308636665344 0.8639264485953642 0.021921316782633538 0.025118095930232558
0 0.7812153100967407 0.8628551614858321 0.021921316782633538 0.025118095930232558
0 0.8083683848381042 0.8617609600688136 0.021921316782633538 0.025118095930232558
0 0.1967208832502365 0.9198712193688681 0.02189291516939801 0.025196814721868833
0 0.22384096682071686 0.9196261290097137 0.02189291516939801 0.025196814721868833
0 0.25185876339673996 0.9193729258140938 0.02189291516939798 0.025196814721868833
0 0.28042352199554443 0.9191147795983589 0.021892915169397953 0.025196814721868833
0 0.3091099262237549 0.918855534043423 0.021892915169397953 0.025196814721868833
0 0.337746262550354 0.9176756236599544 0.022472083568572998 0.025478392608405898
0 0.39450979232788086 0.9153367812388089 0.022472083568572998 0.025478392608405898
0 0.4225635826587677 0.9141406144277244 0.022326747576395634 0.025560364242671885
0 0.4511464238166809 0.913003167440725 0.022326747576395634 0.025560364242671885
0 0.47918039560317993 0.9118875625725451 0.022326747576395634 0.025560364242671885
0 0.5352876782417297 0.9096547873479494 0.022326747576395745 0.025560364242671885
0 0.5631279349327087 0.9085468913233558 0.022326747576395745 0.025560364242671885
0 0.6193816065788269 0.9063082905849608 0.022326747576395745 0.025560364242671885
0 0.6466594338417053 0.9045659534956945 0.022101203600565666 0.02451732546784157
0 0.6737569570541382 0.9030233775433887 0.022213776906331306 0.024464156276495994
0 0.7011241316795349 0.9017076714094295 0.022213776906331306 0.024464156276495994
0 0.7561274766921997 0.8990633268831121 0.022213776906331306 0.024464156276495994
0 0.7836626172065735 0.8977395456097403 0.022213776906331306 0.024464156276495994
0 0.8106988072395325 0.8964397519133812 0.022213776906331306 0.024464156276495994
0 0.8371601700782776 0.8951675936479989 0.022213776906331306 0.024464156276495994
