0 0.9226552248001099 0.0582639475663503 0.024586081504821777 0.025248984495798748
0 0.9543792605400085 0.057460442185401917 0.02506542205810547 0.025043557087580364
0 0.11577456071972847 0.13529627521832785 0.023426033556461334 0.023904356691572388
0 0.17125597596168518 0.13326987624168396 0.0235167344411214 0.02414107322692871
0 0.22773846983909607 0.13018095284100903 0.02382699648539227 0.024513059192233604
0 0.25647565722465515 0.1288136144479116 0.023826996485392243 0.024513059192233604
0 0.2848370671272278 0.12746415584843676 0.023826996485392216 0.024513059192233604
0 0.31402334570884705 0.1260754493365274 0.023826996485392216 0.024513059192233604
0 0.3443041741847992 0.12463466326395671 0.02398959795633948 0.024595174524519165
0 0.3732583224773407 0.12337706957790319 0.02398959795633948 0.024595174524519165
0 0.40345725417137146 0.12206541000359074 0.02398959795633948 0.024595174524519165
0 0.43228447437286377 0.12081332930877682 0.02398959795633948 0.024595174524519165
0 0.46146994829177856 0.11954568823178609 0.02398959795633948 0.024595174524519165
0 0.49139364063739777 0.1181376576423645 0.024484068155288696 0.025287793742285847
0 0.5219836235046387 0.1168316591063333 0.024484068155288696 0.025287793742285847
0 0.5524795055389404 0.11552967807990944 0.024484068155288696 0.025287793742285847
0 0.6131988763809204 0.1129373454927185 0.024484068155288696 0.025287793742285847
0 0.643000602722168 0.11166500051816304 0.024484068155288696 0.025287793742285847
0 0.673854649066925 0.110405704674041 0.024793823560078865 0.025874025291866738
0 0.7051191329956055 0.1091365913550059 0.024793823560078865 0.025874025291866738
0 0.7367220520973206 0.10784520870217477 0.024634122848510742 0.026332769129011353
0 0.11457684636116028 0.1747149576743444 0.02333856622378032 0.02448772059546576
0 0.14250586926937103 0.17355883496684046 0.023338566223780333 0.02448772059546576
0 0.17103774845600128 0.1723777570063321 0.023338566223780333 0.02448772059546576
0 0.1991933286190033 0.17121225595474243 0.023338566223780333 0.02448772059546576
0 0.2273721545934677 0.17004579264211786 0.023338566223780333 0.02448772059546576
0 0.25592190772295 0.16864734391371408 0.023227964838345855 0.024261219633950133
0 0.2848722040653229 0.16702951182677858 0.023631056149800655 0.025194297234217327
0 0.3143709897994995 0.16591315964857736 0.023631056149800655 0.025194297234217344
0 0.3435916006565094 0.16480733472166179 0.023631056149800655 0.025194297234217306
0 0.37323758006095886 0.16368541214554969 0.023631056149800655 0.025194297234217306
0 0.4033609628677368 0.16254542271296182 0.02427838246027625 0.025411744912465395
0 0.46269986033439636 0.1599519775071719 0.02427838246027625 0.025411744912465433
0 0.4926922023296356 0.15864114264372217 0.024278382460276304 0.025411744912465412
0 0.523037850856781 0.15731486628792146 0.02427838246027636 0.025411744912465412
0 0.5537962913513184 0.15597054859002432 0.02427838246027636 0.025411744912465395
0 0.6147470474243164 0.15393384794394174 0.023892084757487053 0.026131639877955137
0 0.6450684666633606 0.15284249861227295 0.023892084757487053 0.02613163987795512
0 0.6752731204032898 0.15175535198458764 0.023892084757487053 0.02613163987795512
0 0.7065078616142273 0.15063112974166867 0.023892084757487053 0.02613163987795512
0 0.738461434841156 0.14948103480347616 0.023892084757487053 0.02613163987795512
0 0.7696235179901123 0.1477555831273397 0.02403402328491211 0.026071978939904095
0 0.8021018505096436 0.14628279387568918 0.02403402328491211 0.026071978939904095
0 0.11309775710105896 0.21508322159449259 0.02400387326876323 0.02546396520402694
0 0.16970482468605042 0.21297951539357504 0.023541261752446474 0.025445938110351562
0 0.19818690419197083 0.21183895409667386 0.023541261752446474 0.025445938110351562
0 0.2272445261478424 0.21067534527464374 0.023541261752446474 0.025445938110351562
0 0.284237265586853 0.20839307818122466 0.02354126175244653 0.025445938110351562
0 0.3142012059688568 0.2071931759516398 0.02354126175244653 0.025445938110351562
0 0.3740915358066559 0.20477364408717133 0.023688852787017822 0.02552493413289388
0 0.4038630723953247 0.20406888999979086 0.0246121883392334 0.02590046988593205
0 0.43384745717048645 0.20289178689320883 0.0246121883392334 0.02590046988593205
0 0.46411487460136414 0.20170357271595438 0.0246121883392334 0.02590046988593205
0 0.5241891741752625 0.1993452236891385 0.0246121883392334 0.02590046988593205
0 0.5550329685211182 0.19813438256581625 0.0246121883392334 0.02590046988593205
0 0.585409939289093 0.1969418676308707 0.0246121883392334 0.02590046988593205
0 0.6157656311988831 0.1960087560685714 0.02459307511647535 0.02534156375461157
0 0.6464541554450989 0.1949346661567688 0.02459307511647535 0.02534156375461157
0 0.6776347160339355 0.1938433551082439 0.02459307511647535 0.02534156375461157
0 0.11290512606501579 0.2555746038754781 0.023722104728221893 0.02574937873416479
0 0.16928069293498993 0.25341370701968285 0.023722104728221893 0.02574937873416479
0 0.19793203473091125 0.2523154902240288 0.023722104728221893 0.02574937873416479
0 0.22666598856449127 0.25121410687764484 0.023722104728221893 0.02574937873416479
0 0.2551918029785156 0.25012070159413907 0.023722104728221893 0.02574937873416479
0 0.2848222255706787 0.24908827074864437 0.023863404989242554 0.025329987208048504
0 0.3142237365245819 0.24787026643753052 0.024017035961151123 0.025342517428927975
0 0.3436080515384674 0.24693790371658184 0.024017035961151123 0.025342517428927975
0 0.3738285303115845 0.24597900956492436 0.024017035961151123 0.025342517428927975
0 0.40437930822372437 0.24500963503950826 0.024017035961151123 0.025342517428927975
0 0.43426603078842163 0.2440613309542338 0.024017035961151123 0.025342517428927975
0 0.49455608427524567 0.24214732199272668 0.023990392684936523 0.025234209166632732
0 0.5250692963600159 0.24087830384572348 0.02388867735862732 0.025306860605875652
0 0.5554416179656982 0.23985826270574126 0.024169713258743286 0.025435103310479084
0 0.5858920216560364 0.23883056640625 0.024169713258743286 0.025435103310479084
0 0.617116391658783 0.2377767488663548 0.024169713258743286 0.025435103310479084
0 0.647722065448761 0.23668655921778795 0.023968617121378655 0.025101515981886147
0 0.6789104342460632 0.23655416568120322 0.02424089113871264 0.025428295135498047
0 0.7106286883354187 0.2357779381086638 0.02425626913706469 0.02583111657036678
0 0.1117977648973465 0.29598355293273926 0.023236761490503938 0.025361087587144615
0 0.14035509526729584 0.2951290695000214 0.023236761490503965 0.025361087587144615
0 0.16939909756183624 0.2942600240234659 0.023236761490503965 0.025361087587144615
0 0.19832558929920197 0.2933944946607409 0.023236761490503965 0.025361087587144615
0 0.2260441929101944 0.29256510734558105 0.023236761490503965 0.025361087587144615
0 0.28357526659965515 0.2907607147979409 0.02353171507517493 0.02562732166714136
0 0.31360748410224915 0.2898326516151428 0.024180730183919308 0.02566248840755884
0 0.3441908061504364 0.2888874838338068 0.024180730183919308 0.02566248840755884
0 0.3743787109851837 0.2879545362949199 0.024180730183919308 0.02566248840755884
0 0.4043247401714325 0.28702906384555044 0.024180730183919308 0.02566248840755884
0 0.43483152985572815 0.2860862612724304 0.02422923843065894 0.025884588559468586
0 0.4652061462402344 0.2851804071476498 0.02422923843065894 0.025884588559468586
0 0.494972363114357 0.2842926971600335 0.024229238430658995 0.025884588559468586
0 0.5261343121528625 0.28336336262242495 0.02422923843065905 0.025884588559468586
0 0.5875289440155029 0.2815324068069458 0.02422923843065905 0.025884588559468586
0 0.618389904499054 0.28076807657877606 0.024412790934244866 0.026358710394965252
0 0.6493788957595825 0.2798544600233808 0.024412790934244866 0.026358710394965252
0 0.712338924407959 0.277998274256709 0.024412790934244866 0.026358710394965252
0 0.7447068691253662 0.2768690225106292 0.02472531795501709 0.025734676255120197
0 0.7759603261947632 0.2761225899060567 0.02472531795501709 0.025734676255120197
0 0.8082510232925415 0.2753513846891543 0.02472531795501709 0.025734676255120197
0 0.8405712246894836 0.27457947481513756 0.02472531795501709 0.025734676255120197
0 0.8726351857185364 0.2738136847813924 0.02472531795501709 0.025734676255120197
0 0.9039774537086487 0.2730651310877284 0.02472531795501709 0.025734676255120197
0 0.9367145895957947 0.2721996307373047 0.024851441383361816 0.025723947419060627
0 0.11152111738920212 0.3368757168451945 0.023484875758488982 0.02599500947528414
0 0.13989771902561188 0.3361877157310007 0.023484875758488954 0.02599500947528414
0 0.1688304841518402 0.33548623022901536 0.023484875758488954 0.02599500947528414
0 0.22575445473194122 0.33410608768463135 0.023484875758488954 0.02599500947528414
0 0.2551423907279968 0.3333935663979668 0.023484875758488982 0.02599500947528414
0 0.28450414538383484 0.33293063271111323 0.023631711800893185 0.026120470629798054
0 0.3144533634185791 0.3320646660351579 0.023631711800893185 0.026120470629798054
0 0.34445908665657043 0.33119706553948236 0.023631711800893185 0.026120470629798016
0 0.37459561228752136 0.33032568295796716 0.023631711800893185 0.026120470629798016
0 0.4051816165447235 0.32946315120564534 0.023439188798268673 0.02581412262386747
0 0.46577051281929016 0.3279122412204743 0.023808201154073116 0.02611719237433537
0 0.49598951637744904 0.3273257215817769 0.024555315574010195 0.026748239994049034
0 0.527073860168457 0.3265054286339604 0.02455531557401014 0.026748239994049072
0 0.5574250817298889 0.32570448224204523 0.02455531557401014 0.026748239994049072
0 0.5887129306793213 0.3248788189429219 0.02455531557401014 0.026748239994049072
0 0.6195937395095825 0.32406389713287354 0.02455531557401014 0.026748239994049034
0 0.6512425541877747 0.32333705250956646 0.024251898129781013 0.026554021570417603
0 0.681803286075592 0.3225489060084025 0.024251898129781013 0.026554021570417603
0 0.7137698531150818 0.3219786087671916 0.02445455392201734 0.027091158760918537
0 0.11091048270463943 0.37940649191538495 0.023667022585868835 0.02643932236565479
0 0.1397220939397812 0.3787969246942707 0.023855626583099365 0.02666645579867888
0 0.19729019701480865 0.377422571182251 0.02379661798477173 0.02645452817281087
0 0.255034901201725 0.3760483919461601 0.02379661798477173 0.02645452817281087
0 0.28454965353012085 0.37534601481254865 0.02379661798477173 0.02645452817281087
0 0.31373220682144165 0.37464269002278644 0.023750344912211063 0.02644838227166065
0 0.34483808279037476 0.37390878824319546 0.023750344912211063 0.02644838227166065
0 0.3749828338623047 0.3731975629274669 0.023750344912211063 0.02644838227166065
0 0.4054880142211914 0.37247783376200344 0.023750344912211063 0.02644838227166065
0 0.4355503022670746 0.3717685540517171 0.023750344912211063 0.02644838227166065
0 0.4970048666000366 0.37059143920748694 0.02407097816467285 0.026881509357028488
0 0.5587498545646667 0.3691149552663167 0.02407097816467285 0.026881509357028488
0 0.5897579193115234 0.36837347144463833 0.02407097816467285 0.026881509357028488
0 0.6207730174064636 0.36778627576981454 0.024323701858520508 0.027385393778483074
0 0.6524654030799866 0.367107351620992 0.024323701858520508 0.027385393778483074
0 0.684450626373291 0.36642215421354507 0.024323701858520508 0.027385393778483074
0 0.7158373594284058 0.36630431530157476 0.024304628372192383 0.02729511260986328
0 0.7477597594261169 0.3659885880426024 0.024392326672871834 0.026908185746934727
0 0.1105695366859436 0.42194557189941406 0.02373396356900534 0.026464038425021652
0 0.14080022275447845 0.4208662509918213 0.023469775915145874 0.026412407557169598
0 0.19682703912258148 0.42018404953257676 0.023469775915145874 0.026412407557169598
0 0.22489657998085022 0.41984226531253427 0.023469775915145874 0.026412407557169598
0 0.25430452078580856 0.4194841842822165 0.023469775915145874 0.026412407557169598
0 0.28382259607315063 0.4191247622172038 0.023906151453653934 0.026252110799153645
0 0.31484168767929077 0.41835937444348764 0.023906151453653934 0.026252110799153645
0 0.37514403462409973 0.4168714301908322 0.023906151453653934 0.026252110799153645
0 0.40517857670783997 0.416130335912768 0.023906151453653934 0.026252110799153645
0 0.43505778908729553 0.41539307435353595 0.023906151453653934 0.026252110799153645
0 0.46642056107521057 0.415168563524882 0.02451678117116296 0.026641845703125
0 0.4971611499786377 0.41458718555821855 0.024516781171162905 0.026641845703125
0 0.5280961990356445 0.414002129885541 0.02451678117116285 0.026641845703125
0 0.5594773292541504 0.413408637752539 0.02451678117116285 0.026641845703125
0 0.5904850959777832 0.4128222068150838 0.02451678117116285 0.026641845703125
0 0.11102853715419769 0.463171450737637 0.023367419838905334 0.026160558064778645
0 0.16829533874988556 0.4626348416010539 0.023367419838905334 0.026160558064778645
0 0.19693094491958618 0.4623665163676884 0.023367419838905334 0.026160558064778645
0 0.22506755590438843 0.4621028668865539 0.023367419838905334 0.026160558064778645
0 0.2544952854514122 0.4618271191914876 0.023367419838905334 0.026160558064778645
0 0.2837212085723877 0.46155326249031337 0.023367419838905334 0.026160558064778645
0 0.3144795298576355 0.4615623829392146 0.023384953538576725 0.02648480733235677
0 0.3449927568435669 0.460257809872282 0.02403924862543738 0.026478873358832516
0 0.40579500794410706 0.45950757396427594 0.02403924862543738 0.026478873358832516
0 0.4358566403388977 0.45874291136976814 0.024510343869527218 0.026599407196044922
0 0.4667080342769623 0.4583384195963542 0.024510343869527218 0.026599407196044922
0 0.49788181483745575 0.45792970102084185 0.024510343869527162 0.026599407196044922
0 0.52854984998703 0.4573915542868991 0.024372220039367676 0.02696845266554086
0 0.5599316954612732 0.4570407266030578 0.024304072062174553 0.026846302880181156
0 0.6228024363517761 0.4565369288126628 0.024304072062174553 0.026846302880181156
0 0.6538011431694031 0.45635783672332764 0.024772922197977776 0.02702527576022673
0 0.6859598159790039 0.4560206334832569 0.024772922197977776 0.02702527576022673
0 0.7169710397720337 0.4556954619438877 0.024772922197977776 0.02702527576022673
0 0.7492755055427551 0.4553567299759631 0.024772922197977776 0.02702527576022673
0 0.7827390432357788 0.45500584443410236 0.024772922197977776 0.02702527576022673
0 0.11020885407924652 0.5056211948394775 0.023222426573435456 0.025951835844251796
0 0.1394178420305252 0.5054053958695276 0.023222426573435484 0.025951835844251796
0 0.1682889312505722 0.5051920933297266 0.023222426573435484 0.025951835844251796
0 0.19730186462402344 0.5049777428309122 0.023222426573435484 0.025951835844251796
0 0.2256157100200653 0.5047685572650864 0.023222426573435484 0.025951835844251796
0 0.257500022649765 0.5044709064099276 0.023633629083633423 0.026313967174953934
0 0.31535622477531433 0.5032258212152323 0.02346700429916382 0.026630772484673344
0 0.3456158936023712 0.5031908750534058 0.02346700429916382 0.026630772484673344
0 0.3758745789527893 0.5031559300273728 0.02346700429916382 0.026630772484673344
0 0.4061693251132965 0.5031209433555798 0.02346700429916382 0.026630772484673344
0 0.436348557472229 0.5030860900878906 0.02346700429916382 0.026630772484673344
0 0.49810315668582916 0.5030147711904506 0.02346700429916382 0.026630772484673344
0 0.529649555683136 0.5020484714543046 0.023397664229075188 0.026299317677815754
0 0.5606156587600708 0.5017040913707225 0.023397664229075188 0.026299317677815754
0 0.5922579765319824 0.5013521909713745 0.023397664229075188 0.026299317677815754
0 0.6230776309967041 0.5011672685644923 0.023964325586954827 0.02609554926554362
0 0.6548472046852112 0.5009766465041825 0.023964325586954827 0.02609554926554362
0 0.6866260766983032 0.5007859686525736 0.023964325586954827 0.02609554926554362
0 0.7188220620155334 0.5005927880605062 0.023964325586954827 0.02609554926554362
0 0.7505168318748474 0.500421823519764 0.023832321166992188 0.026255899005465988
0 0.7839038372039795 0.4996155897776286 0.024662812550862556 0.026630030737982906
0 0.10993921011686325 0.5902146498362223 0.023990203936894744 0.02580939398871533
0 0.16758882999420166 0.590415067553267 0.023859426379203796 0.02626008457607698
0 0.19730710983276367 0.5905853509902954 0.023859426379203796 0.02626008457607698
0 0.22568103671073914 0.5907479313891953 0.023859426379203796 0.02626008457607698
0 0.2552739605307579 0.5909174965459664 0.023859426379203796 0.02626008457607698
0 0.2858726978302002 0.5910928249359131 0.023859426379203796 0.02626008457607698
0 0.34690600633621216 0.5914425410568351 0.023859426379203796 0.02626008457607698
0 0.3769336938858032 0.5911478039252946 0.024159391721089718 0.02691046396891276
0 0.4070526361465454 0.5910994211832682 0.024159391721089718 0.02691046396891276
0 0.4679517447948456 0.5910015935159529 0.024159391721089718 0.02691046396891276
0 0.4988406002521515 0.5909519739937218 0.024159391721089662 0.02691046396891276
0 0.5301661491394043 0.5909016529719034 0.024122238159179688 0.026807890997992672
0 0.5618236064910889 0.5908835914859389 0.024122238159179688 0.026807890997992672
0 0.5933786630630493 0.5908655884225517 0.024122238159179688 0.026807890997992672
0 0.6246952414512634 0.5908477214177973 0.024122238159179688 0.026807890997992672
0 0.6557422876358032 0.5908300081888834 0.024122238159179688 0.026807890997992672
0 0.4370087683200836 0.6359975735346476 0.0245627760887146 0.027593162324693516
0 0.46859338879585266 0.6354065406173462 0.024454236030578613 0.027266661326090496
0 0.530900776386261 0.6357227563858032 0.024454236030578613 0.027266661326090496
0 0.5621452331542969 0.6358813249005334 0.024454236030578613 0.027266661326090496
0 0.5935010313987732 0.6360404584835787 0.024454236030578613 0.027266661326090496
0 0.6247944831848145 0.6361992756525675 0.024454236030578613 0.027266661326090496
0 0.6574049592018127 0.636364776841628 0.024454236030578613 0.027266661326090496
0 0.11085931211709976 0.6758794784545898 0.023879706859588623 0.025443408224317787
0 0.14048492908477783 0.6762419070593114 0.023879706859588623 0.025443408224317787
0 0.1689385175704956 0.676906168460846 0.023462623357772827 0.02566081947750513
0 0.2269068956375122 0.6773042531656515 0.023462623357772827 0.02566081947750513
0 0.2557715103030205 0.6772977379794195 0.023254891236623138 0.025602142016092937
0 0.28588569164276123 0.6776132583618164 0.023174862066904667 0.02588192621866862
0 0.3155066967010498 0.6779119636911739 0.023174862066904667 0.02588192621866862
0 0.34659281373023987 0.6782254435615354 0.023174862066904667 0.02588192621866862
0 0.377483606338501 0.6785369537335234 0.023174862066904667 0.02588192621866862
0 0.43751612305641174 0.6791423360506693 0.023174862066904667 0.02588192621866862
0 0.46858641505241394 0.6791312336622366 0.023711740970611572 0.025756080945332844
0 0.49939054250717163 0.6793259183565775 0.023711740970611572 0.025756080945332844
0 0.5306177139282227 0.6793837348620096 0.023894329865773445 0.02650264898935954
0 0.5619154572486877 0.6794648853339237 0.023894329865773445 0.02650264898935954
0 0.5938103199005127 0.6803457926565524 0.024647434552510505 0.02690198686387794
0 0.6254061460494995 0.6806360806394621 0.024647434552510505 0.02690198686387794
0 0.6565385460853577 0.6809221108754476 0.024647434552510505 0.02690198686387794
0 0.4374200701713562 0.7227917334837738 0.024093767007192013 0.027633878919813466
0 0.4686388075351715 0.7233002980550131 0.024093767007192013 0.027633878919813466
0 0.5317514538764954 0.7243284259883214 0.024093767007191902 0.027633878919813466
0 0.5629293918609619 0.7248363259228515 0.024093767007191902 0.027633878919813466
0 0.5942606925964355 0.7253467241923014 0.024093767007191902 0.027633878919813466
0 0.6257602572441101 0.7258598635419998 0.024093767007191902 0.027633878919813466
0 0.656772255897522 0.7255712350209554 0.023926615715026855 0.027094099256727528
0 0.11173263192176819 0.7611043453216553 0.023097321391105652 0.025194274054633148
0 0.14059661328792572 0.7618102256066898 0.023097321391105652 0.025194274054633148
0 0.16993843019008636 0.7625277915521352 0.023097321391105652 0.025194274054633148
0 0.1989547312259674 0.7632373968760172 0.023097321391105652 0.025194274054633148
0 0.2275492250919342 0.7639366867357381 0.023097321391105652 0.025194274054633148
0 0.25706779956817627 0.7639710903167725 0.023657143115997314 0.026147471533881195
0 0.28682705760002136 0.7645698760402393 0.023657143115997314 0.026147471533881195
0 0.3172580599784851 0.7651821779247657 0.023657143115997314 0.026147471533881195
0 0.34760162234306335 0.765792720429676 0.023657143115997314 0.026147471533881195
0 0.40818914771080017 0.7661635676850745 0.023762842019399044 0.026835229661729503
0 0.4385770261287689 0.7666959762573242 0.023762842019399044 0.026835229661729503
0 0.500229224562645 0.7677761490319011 0.02376284201939899 0.026835229661729503
0 0.5314635038375854 0.7683233869076518 0.023762842019398933 0.026835229661729503
0 0.5630542635917664 0.768876870473226 0.023762842019398933 0.026835229661729503
0 0.5942726135253906 0.7694238292601324 0.023762842019398933 0.026835229661729503
0 0.6255021095275879 0.7700315282602737 0.024202187856038337 0.026829931471082997
0 0.6585379838943481 0.770642360051473 0.024202187856038337 0.026829931471082997
0 0.4384439289569855 0.8108493487040201 0.023987094561258915 0.02699051962958432
0 0.47001850605010986 0.8109869731210547 0.0238953332106272 0.026698218451605804
0 0.501084104180336 0.8117484251658121 0.023895333210627256 0.026698218451605804
0 0.5319371223449707 0.8125046666413479 0.023895333210627312 0.026698218451605804
0 0.5630189776420593 0.8132665171671806 0.023895333210627312 0.026698218451605804
0 0.5945504903793335 0.814039389292399 0.023895333210627312 0.026698218451605804
0 0.6257055997848511 0.8148030353571561 0.023895333210627312 0.026698218451605804
0 0.657988965511322 0.8152343991149658 0.02387889226277662 0.026745584275987316
0 0.11299276724457741 0.8466748396555582 0.02377788970867792 0.025150458017985027
0 0.1421782672405243 0.847410437082905 0.023777889708677946 0.025150458017985027
0 0.1998184323310852 0.8488632118223592 0.023777889708677946 0.025150458017985027
0 0.2289217859506607 0.8495967388153076 0.023777889708677946 0.025150458017985027
0 0.25835970789194107 0.8503386983379969 0.02377788970867792 0.025150458017985027
0 0.28837692737579346 0.8510006944306694 0.023370161652565002 0.025208738115098644
0 0.3485080599784851 0.8524206126959707 0.023370161652565002 0.025208738115098644
0 0.37900808453559875 0.8531408309936523 0.023370161652565002 0.025208738115098644
0 0.4088788330554962 0.853756825129191 0.024157722791036007 0.025932364993625317
0 0.4395814836025238 0.8545463893224395 0.024157722791036007 0.025932364993625317
0 0.5006851106882095 0.8566768964131674 0.023963560660680117 0.026125590006510418
0 0.5322657823562622 0.8569294611612955 0.023860494295756096 0.026069217258029614
0 0.5631614327430725 0.8572747216265054 0.02347330252329516 0.0263268682691787
0 0.5936506986618042 0.858001708984375 0.02347330252329516 0.0263268682691787
0 0.6263871788978577 0.8588540554046631 0.023677825927734375 0.026019308302137684
0 0.4400351345539093 0.8974599838256836 0.023889164129892948 0.02593035168117937
0 0.4702778458595276 0.8976694332969041 0.024093548456827762 0.02569521798027896
0 0.5005265474319458 0.8987429936726888 0.024160146713256836 0.025916788313124012
0 0.5322389006614685 0.899765037649614 0.024160146713256836 0.025916788313124012
0 0.5626965761184692 0.9007466451489589 0.024160146713256836 0.025916788313124012
0 0.5950064659118652 0.9017879468782709 0.024160146713256836 0.025916788313124012
0 0.6257579326629639 0.9027790228525797 0.024160146713256836 0.025916788313124012
0 0.657780110836029 0.9038055085558926 0.024322668711344475 0.026026831732855804
