0 0.05126159265637398 0.11087145707444722 0.020641446113586426 0.022385582443355603
0 0.07668321579694748 0.11033680970342491 0.020860562721888215 0.02266654118086939
0 0.10224258899688721 0.10906060906343681 0.020860562721888215 0.02266654118086939
0 0.12708498537540436 0.10782020766904048 0.02086056272188823 0.02266654118086939
0 0.17810194194316864 0.10527288883955607 0.020860562721888243 0.02266654118086939
0 0.20369070768356323 0.10399522060571714 0.020860562721888243 0.0226665411808694
0 0.2294149100780487 0.10220639543309762 0.020899102091789246 0.02259745708731718
0 0.2549595460295677 0.10093316643737084 0.020899102091789246 0.02259745708731718
0 0.2806953191757202 0.099650410532792 0.020899102091789246 0.02259745708731718
0 0.30666714906692505 0.09835588878065878 0.020899102091789246 0.02259745708731718
0 0.3601294457912445 0.0956911513971728 0.020899102091789246 0.02259745708731718
0 0.3862956166267395 0.09433077934176423 0.02182624737421668 0.02348781371301459
0 0.41268160939216614 0.09297547246223266 0.02182624737421668 0.02348781371301458
0 0.4388285279273987 0.09163244554320064 0.02182624737421668 0.02348781371301459
0 0.4657074809074402 0.09025181794232488 0.02182624737421668 0.02348781371301459
0 0.4924575388431549 0.08887781098831532 0.021826247374216734 0.02348781371301459
0 0.10249899327754974 0.14026407862818518 0.02015454073747 0.022409135981123592
0 0.12679508328437805 0.13938806727818762 0.020540952682495117 0.0224292148915372
0 0.15259169042110443 0.13810573622237804 0.02057755490144092 0.022426353868587982
0 0.17825135588645935 0.136790869112405 0.02057755490144092 0.022426353868587982
0 0.20359466969966888 0.13549221267295505 0.02057755490144092 0.022426353868587982
0 0.22959639132022858 0.13415981772775556 0.02057755490144092 0.022426353868587982
0 0.2556489035487175 0.13282482014145963 0.020577554901440948 0.022426353868587982
0 0.28237247467041016 0.1318898415800707 0.02071852485338843 0.022750418315562182
0 0.3082878589630127 0.13032349412904126 0.021245261033376095 0.02335858160211133
0 0.33373165130615234 0.1294694833977278 0.021245261033376095 0.02335858160211133
0 0.36076435446739197 0.12856214150919304 0.021245261033376095 0.02335858160211133
0 0.3878089189529419 0.12765440150004356 0.021245261033376095 0.02335858160211133
0 0.41414204239845276 0.12677054072535315 0.021245261033376095 0.02335858160211133
0 0.44085893034935 0.1258737990482612 0.021245261033376095 0.02335858160211133
0 0.05176727846264839 0.17371429267271557 0.019947727521260575 0.022321353587069267
0 0.10238237679004669 0.17191689531117155 0.020183533430099487 0.022507187007933638
0 0.12746043503284454 0.17067328164743822 0.020436450839042664 0.022451977397120276
0 0.15302325785160065 0.16950241668039628 0.020436450839042664 0.022451977397120276
0 0.20424944162368774 0.16715608175489735 0.020436450839042664 0.022451977397120276
0 0.22972597181797028 0.16598916928604496 0.020436450839042664 0.022451977397120276
0 0.25596343725919724 0.16478740337283113 0.020436450839042664 0.022451977397120276
0 0.30902671813964844 0.16235498690506153 0.020487770438194275 0.022690898688264582
0 0.33463993668556213 0.16193406032909657 0.02137725055217743 0.023335264634716434
0 0.3618963062763214 0.16094555965689725 0.02137725055217743 0.023335264634716434
0 0.38916659355163574 0.1599565542351387 0.02137725055217743 0.023335264634716434
0 0.4145006239414215 0.15819707027701443 0.021870672702789307 0.023649444875791105
0 0.4413985013961792 0.15699110990880652 0.021870672702789307 0.023649444875791105
0 0.4952205568552017 0.15457800999308838 0.021870672702789307 0.023649444875791105
0 0.5218767523765564 0.1533828853807458 0.021870672702789307 0.023649444875791105
0 0.5492755174636841 0.15215446782666583 0.021870672702789307 0.023649444875791105
0 0.5762702822685242 0.15088400708849228 0.021910568078358894 0.023628501004950946
0 0.10191372781991959 0.20331805924012167 0.02067473530769348 0.022249828013338756
0 0.1274917721748352 0.20264280189316253 0.020700474580128983 0.02225523956062255
0 0.1536177396774292 0.2014810650847679 0.02070047458012897 0.02225523956062255
0 0.1788308173418045 0.20035992151859336 0.02070047458012897 0.02225523956062255
0 0.204897940158844 0.19925802807475246 0.021222442388534546 0.022601985192114097
0 0.23132388293743134 0.19823498854756283 0.021222442388534546 0.022601985192114097
0 0.2828736901283264 0.1962393174444671 0.021222442388534546 0.022601985192114076
0 0.30904942750930786 0.19522596423249478 0.021222442388534546 0.022601985192114076
0 0.3355666697025299 0.19419939018959223 0.021222442388534546 0.022601985192114076
0 0.36228910088539124 0.19321851671056028 0.021279950936635372 0.022710881491964183
0 0.3888106644153595 0.19205399446709212 0.021578987439473507 0.02281506117000136
0 0.41597801446914673 0.19098183610420935 0.021578987439473507 0.02281506117000136
0 0.4419730305671692 0.18972858162813408 0.021527449289957645 0.022939441740050803
0 0.05236809700727463 0.26915310704430867 0.020503262678782143 0.02241180479064471
0 0.0765649676322937 0.2682552781215934 0.020270079374313354 0.02246478176856223
0 0.1032421812415123 0.2674670832683684 0.020270079374313354 0.02246478176856223
0 0.12878850102424622 0.2667123013759809 0.020270079374313354 0.02246478176856223
0 0.1543959528207779 0.26595571330025847 0.020270079374313354 0.02246478176856223
0 0.18002429604530334 0.26519850797431416 0.020270079374313354 0.02246478176856223
0 0.20591910183429718 0.26432264019050217 0.02069466312726337 0.022963974827019715
0 0.23172535002231598 0.26334942218869234 0.02069466312726337 0.022963974827019715
0 0.2581273913383484 0.26235373534161244 0.020694663127263396 0.022963974827019715
0 0.31092482805252075 0.2603626122815969 0.020694663127263424 0.022963974827019715
0 0.33718815445899963 0.2593721567198288 0.020694663127263424 0.022963974827019715
0 0.3905693292617798 0.25735901944015466 0.020694663127263424 0.022963974827019715
0 0.417056679725647 0.25700843121751477 0.02105359236399329 0.023185153340184412
0 0.4438759684562683 0.25598227489531805 0.02105359236399329 0.023185153340184412
0 0.47086235880851746 0.25494972495145574 0.02105359236399329 0.023185153340184412
0 0.49761150777339935 0.25392625230833693 0.021053592363993345 0.023185153340184412
0 0.5251557230949402 0.25274148098258087 0.02153482039769483 0.023443887400072673
0 0.5523492097854614 0.25177867618714606 0.02177479863166809 0.023629048073938678
0 0.10367333143949509 0.29961834397426873 0.01993224521478018 0.022371853968893806
0 0.12881341204047203 0.2988626711946611 0.019932245214780167 0.022371853968893806
0 0.15488165616989136 0.2980790992239331 0.019932245214780153 0.022371853968893806
0 0.20628774166107178 0.29660755151521356 0.020265787839889526 0.022642165191413793
0 0.23288530111312866 0.2957344276960506 0.020265787839889526 0.022642165191413793
0 0.25914523005485535 0.294872387346451 0.020265787839889526 0.022642165191413793
0 0.2847202718257904 0.2938496123912723 0.020692964394887325 0.02300572949786519
0 0.31143537163734436 0.29366031810696114 0.020785748958587646 0.023172615110412152
0 0.3380796015262604 0.29275029204612557 0.020785748958587646 0.023172615110412152
0 0.39100486040115356 0.2909426449475445 0.020785748958587646 0.023172615110412152
0 0.41804176568984985 0.29001920717059854 0.020785748958587646 0.023172615110412152
0 0.4446689784526825 0.2891097623248433 0.020785748958587646 0.023172615110412152
0 0.47144797444343567 0.2881951333662958 0.020785748958587646 0.023172615110412152
0 0.05320357903838158 0.33337440047153205 0.020489715039730072 0.022409113802651075
0 0.0789690688252449 0.33259889231788176 0.020489715039730072 0.022409113802651075
0 0.12943850457668304 0.33107982711636064 0.020489715039730072 0.022409113802651075
0 0.15524259209632874 0.3303031572205221 0.020489715039730072 0.022409113802651075
0 0.18129819631576538 0.32951891699502633 0.020489715039730072 0.022409113802651075
0 0.20732775330543518 0.3286843893755218 0.020135829846064268 0.022307122400564768
0 0.23322300612926483 0.32767652910809186 0.020526995261510195 0.023042028264481918
0 0.2595434859395027 0.3272405608146697 0.020526995261510222 0.023042028264481918
0 0.2852552831172943 0.3268146746447656 0.02052699526151025 0.023042028264481918
0 0.3118574619293213 0.3263740403333242 0.02052699526151025 0.023042028264481918
0 0.33746442198753357 0.3259498906690021 0.02052699526151025 0.023042028264481918
0 0.3649877607822418 0.32470853938612826 0.02069286008675897 0.0230304511018502
0 0.41918355226516724 0.3235729713130801 0.020798027515411377 0.023063748381858647
0 0.4459196627140045 0.3227953127867105 0.020798027515411377 0.023063748381858647
0 0.4721885919570923 0.3220312429028888 0.020798027515411377 0.023063748381858647
0 0.526779294013977 0.3200946413324847 0.021306395530700684 0.023283655329268082
0 0.5541564226150513 0.31912343949326405 0.021306395530700684 0.023283655329268082
0 0.5818654894828796 0.31814046216582914 0.021306395530700684 0.023283655329268082
0 0.6088232398033142 0.31718413774357285 0.021306395530700684 0.023283655329268082
0 0.6352882981300354 0.31665750991466435 0.02156301339467359 0.023482226586157066
0 0.10477957129478455 0.36369087529736893 0.020283242066701263 0.022254330243251134
0 0.13015176355838776 0.3631601904362929 0.02028324206670125 0.022254330243251092
0 0.15568189322948456 0.36262620215585584 0.020283242066701235 0.022254330243251134
0 0.20787827670574188 0.3615344624186671 0.020283242066701235 0.022254330243251134
0 0.23395195603370667 0.3609891052517284 0.020283242066701235 0.022254330243251092
0 0.2603552043437958 0.36008278159208074 0.02059982220331824 0.022608749626218838
0 0.286460816860199 0.3594011927374115 0.02059982220331824 0.022608749626218838
0 0.31266072392463684 0.35871714195571586 0.02059982220331824 0.022608749626218838
0 0.36611616611480713 0.35732147910370116 0.02059982220331824 0.022608749626218838
0 0.3927002549171448 0.3570302268675738 0.021121064821879032 0.022944442985593838
0 0.4193251430988312 0.35628312133079354 0.021121064821879032 0.022944442985593838
0 0.4461996853351593 0.35552901039646073 0.021121064821879032 0.022944442985593838
0 0.4730319678783417 0.35477608528685395 0.021121064821879032 0.022944442985593838
0 0.4999362826347351 0.3540211389231127 0.021121064821879088 0.022944442985593838
0 0.20871692895889282 0.42649090442301874 0.020645002524058043 0.022803580114083753
0 0.23458433151245117 0.4259890179301417 0.020645002524058043 0.022803580114083753
0 0.26106733083724976 0.42547518745858715 0.020645002524057987 0.022803580114083753
0 0.2874516248703003 0.42496327209438056 0.020645002524057987 0.022803580114083753
0 0.3410833775997162 0.4239226940066315 0.020645002524057987 0.022803580114083753
0 0.3671105206012726 0.42369186046511625 0.0211619337399801 0.023402694583863196
0 0.3942081332206726 0.4230029685496246 0.0211619337399801 0.023402694583863196
0 0.42117857933044434 0.42231730953813945 0.0211619337399801 0.023402694583863196
0 0.44724491238594055 0.42165463543615633 0.0211619337399801 0.023402694583863196
0 0.4743885397911072 0.42096457370491913 0.0211619337399801 0.023402694583863196
0 0.5016154050827026 0.42024257787884484 0.02146144707997638 0.023508707682291612
0 0.5566243529319763 0.41921694312058677 0.02178192138671875 0.023647456206092484
0 0.5839899182319641 0.4186353850736822 0.02178192138671875 0.023647456206092484
0 0.6117792129516602 0.41804482216058775 0.02178192138671875 0.023647456206092484
0 0.6394538879394531 0.4174010698185411 0.02160966396331787 0.023804036221762904
0 0.6669632196426392 0.4167938388744588 0.021899700164794922 0.023847801740779433
0 0.05490070581436157 0.46205170210017715 0.02031934758027395 0.022751534632009997
0 0.10556141287088394 0.46142196390593676 0.020319347580273955 0.022751534632009997
0 0.13086463510990143 0.4611074320644548 0.02031934758027394 0.022751534632009997
0 0.1570700705051422 0.4610899012648442 0.02050196131070453 0.02303178181019859
0 0.18612127006053925 0.46042056416356286 0.02050196131070453 0.02303178181019859
0 0.20904499292373657 0.4598924035902766 0.02050196131070453 0.02303178181019859
0 0.23513498902320862 0.4592912923580756 0.02050196131070453 0.02303178181019859
0 0.2887548506259918 0.45805589542832487 0.020501961310704586 0.02303178181019859
0 0.31574779748916626 0.4574339802893652 0.020501961310704586 0.02303178181019859
0 0.3423967957496643 0.45692430540572765 0.020624558130900028 0.023235321044921875
0 0.36830171942710876 0.45647748177339964 0.020624558130900028 0.023235321044921875
0 0.39571473002433777 0.4561160775118096 0.02066708604494727 0.023255163384962398
0 0.42234864830970764 0.45554823674966366 0.02066708604494727 0.023255163384962398
0 0.44866082072257996 0.45498725567746257 0.02066708604494727 0.023255163384962398
0 0.47588393092155457 0.4544068532192985 0.02066708604494727 0.023255163384962398
0 0.5028631538152695 0.4538316504899846 0.020667086044947325 0.023255163384962398
0 0.530006468296051 0.45359675999939914 0.021004656950632805 0.023765209109284157
0 0.5569965839385986 0.453226133834484 0.02156233787536621 0.023806135783823942
0 0.5845134258270264 0.45255767144691783 0.02156233787536621 0.023806135783823942
0 0.6123681664466858 0.4518810005376924 0.02156233787536621 0.023806135783823942
0 0.6403528451919556 0.4512011730616621 0.02156233787536621 0.023806135783823942
0 0.66837078332901 0.450520537620367 0.02156233787536621 0.023806135783823942
0 0.6966565847396851 0.44973976188616055 0.0214649041493733 0.024297226307003997
0 0.724056601524353 0.4488320911544364 0.021757086118062263 0.024113765982694404
0 0.0549540389329195 0.4945543422255405 0.019284515331188835 0.022394431653872997
0 0.08038781583309174 0.49419146703741457 0.01928451533118883 0.022394431653872997
0 0.10571397095918655 0.4938301273377718 0.01928451533118883 0.022394431653872997
0 0.1312696933746338 0.4934655122978743 0.019284515331188842 0.022394431653872997
0 0.15704329311847687 0.49309778870367754 0.019284515331188856 0.022394431653872997
0 0.2097206860780716 0.49228739184002546 0.01965509851773578 0.022664624591206394
0 0.23642344772815704 0.49146426001260446 0.020575682322184263 0.022806714671526715
0 0.26240959763526917 0.4911282613262617 0.020575682322184208 0.022806714671526715
0 0.2892524003982544 0.49078118619207045 0.020575682322184208 0.022806714671526715
0 0.31611716747283936 0.49043382706121685 0.020575682322184208 0.022806714671526715
0 0.36945056915283203 0.48974423075831214 0.020575682322184208 0.022806714671526715
0 0.39590558409690857 0.48928773102233725 0.020763436953226688 0.023130047228909333
0 0.42247235774993896 0.4888121365809096 0.020763436953226688 0.023130047228909333
0 0.44950130581855774 0.48832826836164606 0.020763436953226688 0.023130047228909333
0 0.47628888487815857 0.4879551030489026 0.020708004633585575 0.023123541543650074
0 0.5033578723669052 0.4874631961904503 0.02070800463358563 0.023123541543650074
0 0.5306532382965088 0.4869671755058821 0.020708004633585686 0.023123541543650074
0 0.0559722576290369 0.5269863687790471 0.01990643640359243 0.022600218307140263
0 0.08072817325592041 0.5266500073809957 0.019906436403592437 0.022600218307140263
0 0.10642386227846146 0.5263008771765716 0.019906436403592437 0.022600218307140263
0 0.13177910819649696 0.5259563726107349 0.019906436403592423 0.022600218307140263
0 0.15798573195934296 0.5256003002787746 0.01990643640359241 0.022600218307140263
0 0.18439900875091553 0.5252414201289696 0.01990643640359241 0.022600218307140263
0 0.23669922351837158 0.5249971345413563 0.020008293290932955 0.022792904875999272
0 0.26280367374420166 0.5246971610697371 0.02000829329093301 0.022792904875999272
0 0.2897992730140686 0.5240021066307904 0.020908882220586178 0.023356385933336308
0 0.31609824299812317 0.5233177556025428 0.0208398699760437 0.02331649425417878
0 0.3429216146469116 0.5230066609937091 0.0208398699760437 0.02331649425417878
0 0.3699893653392792 0.522692732102744 0.0208398699760437 0.02331649425417878
0 0.39679720997810364 0.522381817574519 0.0208398699760437 0.02331649425417878
0 0.42342114448547363 0.5220730360164199 0.0208398699760437 0.02331649425417878
0 0.4502061903476715 0.521762385905979 0.0208398699760437 0.02331649425417878
0 0.5043143630027771 0.5206296610277753 0.021005749702453613 0.023133181786352295
0 0.531497061252594 0.5203654710636583 0.0209540526072185 0.023384863091993648
0 0.5583547353744507 0.5201877976022857 0.0209540526072185 0.023384863091993648
0 0.5860639214515686 0.5200044910739617 0.0209540526072185 0.023384863091993648
0 0.6134611368179321 0.5198232483474313 0.0209540526072185 0.023384863091993648
0 0.6415685415267944 0.5196373074553734 0.0209540526072185 0.023384863091993648
0 0.05594589747488499 0.5594229118893854 0.0198684831460317 0.022852609323900798
0 0.0810927078127861 0.5591007146104761 0.020025317867596953 0.023105148197144446
0 0.10681737959384918 0.5589063777480014 0.020025317867596953 0.023105148197144446
0 0.13270961120724678 0.558710775055884 0.02002531786759694 0.023105148197144446
0 0.15829585492610931 0.5585174839472878 0.020025317867596926 0.023105148197144446
0 0.2103395164012909 0.5581243204516034 0.020025317867596926 0.023105148197144446
0 0.23701712489128113 0.5579227846350769 0.020025317867596926 0.023105148197144446
0 0.2900126874446869 0.5573601899676366 0.02082184950510657 0.023686874744503997
0 0.31613847613334656 0.5568994921307231 0.02082184950510657 0.023686874744503997
0 0.3434351682662964 0.5564181467761233 0.02082184950510657 0.023686874744503997
0 0.3699641823768616 0.5559503385288075 0.02082184950510657 0.023686874744503997
0 0.3969018757343292 0.5554753236992415 0.02082184950510657 0.023686874744503997
0 0.42410045862197876 0.5549957083868475 0.02082184950510657 0.023686874744503997
0 0.47746384143829346 0.5540376707564952 0.020664334297180176 0.02364086180694349
0 0.5050537437200546 0.5535467246611363 0.020664334297180176 0.02364086180694349
0 0.532396674156189 0.5538298141124637 0.020992080370585198 0.023711418920709125
0 0.5593243837356567 0.5536290388038099 0.020932912826538086 0.023689831874167327
0 0.587009847164154 0.5534908383391625 0.020932912826538086 0.023689831874167327
0 0.6146994233131409 0.55266455716865 0.021192282438278198 0.023561729017154247
0 0.6415454149246216 0.5526424230531205 0.021292726198832268 0.02361359707144804
0 0.0564421322196722 0.5920833765074264 0.019536379724740982 0.023019421008206208
0 0.08130666613578796 0.5926122493646331 0.01987839738527933 0.023473488268002003
0 0.10690496861934662 0.5923478769701581 0.01987839738527933 0.023473488268002003
0 0.1331152208149433 0.592077184523376 0.019878397385279342 0.023473488268002003
0 0.15879277884960175 0.5918119935988507 0.019878397385279356 0.023473488268002003
0 0.21097126603126526 0.5912731081940407 0.019878397385279356 0.023473488268002003
0 0.23700273036956787 0.5906405781590661 0.020602643489837646 0.023335567740506904
0 0.29056432843208313 0.5900865709229598 0.020602643489837646 0.023335567740506904
0 0.31676557660102844 0.5898155618118486 0.020602643489837646 0.023335567740506904
0 0.3438184857368469 0.5895357436592706 0.020602643489837646 0.023335567740506904
0 0.37040334939956665 0.5892607666725336 0.020602643489837646 0.023335567740506904
0 0.39755985140800476 0.5890006111313411 0.020757456620534298 0.023388529932776164
0 0.42470064759254456 0.5885747018190792 0.020829180876413944 0.02338953535686173
0 0.4514000415802002 0.5881760175838027 0.02053093910217285 0.023184310558230378
0 0.5058122277259827 0.5874473017838306 0.020705223083496094 0.023312413415243458
0 0.5329757332801819 0.5878861005916152 0.021274129549662346 0.02352195562318314
0 0.5607719421386719 0.5875155438812235 0.021274129549662346 0.02352195562318314
0 0.5885146856307983 0.5871456999281139 0.021274129549662346 0.02352195562318314
0 0.6157814264297485 0.5867822016602386 0.021274129549662346 0.02352195562318314
0 0.64333575963974 0.5864148694415425 0.021274129549662346 0.02352195562318314
0 0.0570775531232357 0.6248882648556732 0.019815288484096527 0.02269395931746603
0 0.08234067261219025 0.6247121677842251 0.019945626457532256 0.022670716278312686
0 0.10777004063129425 0.6245676500571196 0.019945626457532256 0.022670716278312686
0 0.13347604870796204 0.6244215601559705 0.019945626457532242 0.022670716278312686
0 0.15953975915908813 0.6242994264114735 0.02012970050175983 0.022807542667832484
0 0.18563279509544373 0.6241489584904887 0.02012970050175983 0.022807542667832484
0 0.21150454878807068 0.6239997666141637 0.02012970050175983 0.022807542667832484
0 0.26386427879333496 0.623697829356405 0.020129700501759884 0.022807542667832484
0 0.29094311594963074 0.6242091935317038 0.020607133706410763 0.023377263268759083
0 0.3174450099468231 0.6237491341524346 0.020607133706410763 0.023377263268759083
0 0.34395480155944824 0.6232889376745847 0.020607133706410763 0.023377263268759083
0 0.37102964520454407 0.6228189321812984 0.020607133706410763 0.023377263268759083
0 0.4249575436115265 0.6218827713367551 0.021286427974700928 0.02394929043082304
0 0.47965797781944275 0.6216905579019172 0.021286427974700928 0.02394929043082304
0 0.5065593123435974 0.6215960285259535 0.021286427974700928 0.02394929043082304
0 0.533957839012146 0.621499752052161 0.021286427974700928 0.02394929043082304
0 0.5613762140274048 0.6214034058326898 0.021286427974700928 0.02394929043082304
0 0.5892244577407837 0.6211614386979923 0.021477580070495605 0.02391664371934048
0 0.6166692972183228 0.6209407177400944 0.021477580070495605 0.02391664371934048
0 0.05821195989847183 0.6570227866949037 0.019692185024420418 0.02309272825255869
0 0.08307559788227081 0.6571345436865218 0.01969218502442041 0.02309272825255869
0 0.10862002521753311 0.6572493606876966 0.01969218502442041 0.02309272825255869
0 0.13334092870354652 0.6573604761168014 0.019692185024420425 0.02309272825255869
0 0.15969125926494598 0.657478915488932 0.01969218502442044 0.02309272825255869
0 0.21166004240512848 0.6573028120883676 0.020337005456288637 0.023031308669452574
0 0.23810285329818726 0.657215006062517 0.020337005456288637 0.023031308669452574
0 0.29147762060165405 0.6570377697536931 0.020337005456288693 0.023031308669452574
0 0.31799712777137756 0.6569497090501051 0.020337005456288693 0.023031308669452574
0 0.34473350644111633 0.6568609282027843 0.020337005456288693 0.023031308669452574
0 0.3715806007385254 0.6568182363994016 0.020575881004333496 0.023295557776162792
0 0.39786428213119507 0.6567719038142714 0.020575881004333496 0.023295557776162792
0 0.05790643207728863 0.6898766894673192 0.019497100263834 0.022719508917756728
0 0.08313923329114914 0.6901213725519315 0.019497100263834 0.022719508917756728
0 0.10870277881622314 0.6903692628721417 0.019497100263834 0.022719508917756728
0 0.13400879874825478 0.6906146559604379 0.019497100263834 0.022719508917756728
0 0.1599751114845276 0.6908664519240516 0.019497100263834 0.022719508917756728
0 0.18606223165988922 0.690698861398689 0.01975638667742413 0.0229141471921935
0 0.21261897683143616 0.6908908222996911 0.01975638667742413 0.0229141471921935
0 0.23898519575595856 0.690983449772849 0.019845910370349884 0.023100505503573215
0 0.109115831553936 0.723999866219454 0.0201915999253591 0.023061500963314503
0 0.13500964641571045 0.7235663289078862 0.020174453655878707 0.023189722105514173
0 0.160956010222435 0.7236741975296376 0.02017445365587872 0.023189722105514173
0 0.18717725574970245 0.7237832089362723 0.02017445365587872 0.023189722105514173
0 0.21365690231323242 0.7238932946114963 0.02017445365587872 0.023189722105514173
0 0.2396753877401352 0.7240014630694722 0.02017445365587872 0.023189722105514173
0 0.26585283875465393 0.724110292406135 0.020174453655878666 0.023189722105514173
0 0.3191022574901581 0.7239029680159308 0.020262181758880615 0.023248480271923503
0 0.34623125195503235 0.7241941939952762 0.02082499861717224 0.02346387759659647
0 0.37340590357780457 0.7245114792224973 0.021626989046732548 0.023996988932291612
0 0.3999105989933014 0.7242680483086165 0.021795352300008175 0.024170809013898984
0 0.45466288924217224 0.7247493502917859 0.02197364966074622 0.024374052535655888
0 0.509673535823822 0.7246803461119186 0.021973649660746275 0.024374052535655888
0 0.5369933247566223 0.72464607675232 0.02197364966074633 0.024374052535655888
0 0.5649017095565796 0.72461106907064 0.02197364966074633 0.024374052535655888
0 0.5922430753707886 0.7245767726454624 0.02197364966074633 0.024374052535655888
0 0.6209275722503662 0.7245407914253699 0.02197364966074633 0.024374052535655888
0 0.6485857963562012 0.7246319060813016 0.02183377742767334 0.02403924631517987
0 0.6766019463539124 0.7246593209200127 0.02183377742767334 0.02403924631517987
0 0.7050226330757141 0.7246871316128667 0.02183377742767334 0.02403924631517987
0 0.7321247458457947 0.7230129582806244 0.023652950922648186 0.024369232414304692
0 0.7606565952301025 0.7222922527492568 0.023652950922648186 0.024369232414304692
0 0.7887327671051025 0.7233796470546104 0.023652950922648186 0.024369232414304692
0 0.10915887355804443 0.7562071334484012 0.020188542703787477 0.023075961327368087
0 0.13507189229130745 0.7562644426212755 0.020404594639937088 0.023164083791333577
0 0.16099362075328827 0.7569804524266442 0.020505547523498535 0.0231830685637718
0 0.18723885715007782 0.757117252509359 0.020505547523498535 0.0231830685637718
0 0.21363064646720886 0.7572548164812354 0.020505547523498535 0.0231830685637718
0 0.23972900211811066 0.7573908509660382 0.020505547523498535 0.0231830685637718
0 0.26644861698150635 0.7575301236884538 0.020505547523498535 0.0231830685637718
0 0.2929549515247345 0.7576102446248536 0.02066924174626672 0.023393971051356478
0 0.34686851501464844 0.7578643976255904 0.020979444185892704 0.02396865963011738
0 0.37369897961616516 0.7579581487508367 0.020979444185892704 0.02396865963011738
0 0.40048661828041077 0.7580517502335077 0.020979444185892704 0.02396865963011738
0 0.42808231711387634 0.758148175243511 0.020979444185892704 0.02396865963011738
0 0.48277512192726135 0.7587312487944425 0.021383007367452023 0.023972858754239452
0 0.5100466012954712 0.758817007375318 0.021383007367451967 0.023972858754239452
0 0.5377906560897827 0.7589042520287803 0.02138300736745191 0.023972858754239452
0 0.5657417178153992 0.7589921476414524 0.02138300736745191 0.023972858754239452
0 0.593298077583313 0.7590788020644077 0.02138300736745191 0.023972858754239452
0 0.6211506128311157 0.7591663878482362 0.02138300736745191 0.023972858754239452
0 0.6494733691215515 0.7592906508334848 0.021536588668823242 0.023961976517078487
0 0.1088915690779686 0.7905662891476654 0.020700400074323028 0.023581334786821596
0 0.16225647926330566 0.790583714976822 0.020700400074323 0.023581334786821596
0 0.18852977454662323 0.7905922942839623 0.020700400074323 0.023581334786821596
0 0.24082249402999878 0.7906093699989345 0.020700400074323028 0.023581334786821596
0 0.26673629879951477 0.791040974226991 0.021241168181101444 0.02389088711997346
0 0.2935333251953125 0.7912836296613827 0.021241168181101444 0.02389088711997346
0 0.3203917443752289 0.7915268410265882 0.021241168181101444 0.02389088711997346
0 0.3472450375556946 0.7917700059742697 0.021241168181101444 0.02389088711997346
0 0.40125012397766113 0.792259038880814 0.021537204583485958 0.02402656022892442
0 0.4558367431163788 0.7926776206857332 0.021537204583485958 0.02402656022892442
0 0.5114913582801819 0.7931043921113119 0.021537204583485847 0.02402656022892442
0 0.5386173725128174 0.7933124001575496 0.021537204583485847 0.02402656022892442
0 0.5667105913162231 0.7935278249341388 0.021537204583485847 0.02402656022892442
0 0.5943543314933777 0.7937189146529796 0.021328846613566155 0.02404773327731358
0 0.6220408082008362 0.7934535891685364 0.021585186322530037 0.02424686638883831
0 0.6507475972175598 0.7931784858109241 0.021585186322530037 0.02424686638883831
0 0.677798867225647 0.7929192476494368 0.021585186322530037 0.02424686638883831
0 0.11084672808647156 0.8224400365075399 0.020651017626126617 0.023577667946039244
0 0.13655586540699005 0.8228357978220142 0.02065101762612659 0.023577667946039244
0 0.16258704662322998 0.823236516615765 0.02065101762612659 0.023577667946039244
0 0.18880808353424072 0.8236401580100836 0.02065101762612659 0.023577667946039244
0 0.2149660587310791 0.8240428286449952 0.02065101762612659 0.023577667946039244
0 0.24116773903369904 0.8243169562761173 0.02070145805676779 0.023740428362706022
0 0.2672734558582306 0.8247302970439532 0.02070145805676782 0.023740428362706022
0 0.2939051389694214 0.8251519656163938 0.02070145805676782 0.023740428362706022
0 0.32050690054893494 0.8255731604309613 0.02070145805676782 0.023740428362706022
0 0.3753366768360138 0.826441299083621 0.02070145805676782 0.023740428362706022
0 0.40146008133888245 0.8265889189964117 0.021515190601348877 0.023928797522256542
0 0.42900264263153076 0.8268769748551087 0.021515190601348877 0.023928797522256542
0 0.4567500650882721 0.8273473421700089 0.021707793076833126 0.023872198060501452
0 0.4838058054447174 0.8274731303370276 0.021707793076833126 0.023872198060501452
0 0.5117229223251343 0.827602923235487 0.021707793076833015 0.023872198060501452
0 0.5674601197242737 0.8278620578887332 0.021707793076833015 0.023872198060501452
0 0.5952032804489136 0.8279910420262536 0.021707793076833015 0.023872198060501452
0 0.6233798265457153 0.8281220410689608 0.021707793076833015 0.023872198060501452
0 0.6515446305274963 0.8279842902167771 0.021547794342041016 0.023840497630511253
0 0.6791374087333679 0.8275203261264535 0.021946191787719727 0.02398208499878887
0 0.7070671319961548 0.8273636918099302 0.021946191787719727 0.02398208499878887
0 0.11152555048465729 0.8553933431935865 0.02071760594844818 0.02321334957152363
0 0.13722911477088928 0.8558600669683412 0.020636742313702883 0.02325687852016715
0 0.1626771241426468 0.8563731671234122 0.020636742313702883 0.02325687852016715
0 0.18920868635177612 0.8570118394008902 0.02085732420285541 0.02340438014777143
0 0.21546830236911774 0.8574432796431796 0.02085732420285541 0.02340438014777143
0 0.24123846739530563 0.8578666783035175 0.020857324202855437 0.02340438014777143
0 0.2942858338356018 0.8587382359308148 0.020857324202855465 0.02340438014777143
0 0.34866344928741455 0.8596316492834757 0.020857324202855465 0.02340438014777143
0 0.375159353017807 0.8602207982262899 0.020802701512972477 0.023641068806019974
0 0.40228748321533203 0.8605273318508354 0.021476904551188114 0.023861374965933865
0 0.4294588565826416 0.8610048515852108 0.021476904551188114 0.023861374965933865
0 0.457079142332077 0.861817293388899 0.021141469478607178 0.023882429729136276
0 0.48502883315086365 0.8623540736604358 0.02173892656962073 0.023981730143229275
0 0.5125696659088135 0.8624019233701602 0.021937886873881096 0.023952513702155898
0 0.539882242679596 0.8623539237088935 0.021937886873881096 0.023952513702155898
0 0.5963256359100342 0.8622547289760588 0.021937886873881096 0.023952513702155898
0 0.6236679553985596 0.8622066770443533 0.021937886873881096 0.023952513702155898
0 0.652401328086853 0.8621561804483103 0.021937886873881096 0.023952513702155898
0 0.6800310611724854 0.8621076234102788 0.021937886873881096 0.023952513702155898
0 0.7076386213302612 0.8612302908049252 0.02227616310119629 0.024104628452034885
0 0.7338413596153259 0.8606735939203307 0.0223466157913208 0.02398930039516715
0 0.1122601330280304 0.8874562951954911 0.021308769782384246 0.02288741474003744
0 0.13727401196956635 0.8881957475529161 0.021308769782384218 0.02288741474003744
0 0.16345348954200745 0.8889696569674591 0.021308769782384218 0.02288741474003744
0 0.18897855281829834 0.8897242207940926 0.021308769782384218 0.02288741474003744
0 0.21563848853111267 0.8905123333598293 0.021308769782384218 0.02288741474003744
0 0.24174262583255768 0.8912840155891714 0.021308769782384246 0.02288741474003744
0 0.29488858580589294 0.8919290054676144 0.021674732367197636 0.024097649626029446
0 0.3222828507423401 0.8927218625689534 0.021674732367197636 0.024097649626029446
0 0.3488372564315796 0.8933613799339117 0.021656135718027714 0.0238849728606468
0 0.375895231962204 0.8939801319459663 0.02226310968399048 0.024059620938559945
0 0.4021655321121216 0.8943304904671603 0.02226310968399048 0.024059620938559945
0 0.4586031436920166 0.8950831806922439 0.02226310968399048 0.024059620938559945
0 0.4858000874519348 0.8954458975604312 0.02226310968399048 0.024059620938559945
0 0.513344943523407 0.8958132544229197 0.02226310968399048 0.024059620938559945
0 0.5405611991882324 0.8961762288477549 0.02226310968399048 0.024059620938559945
0 0.5685830116271973 0.8963918534869028 0.022415578365325928 0.023652365041333577
0 0.5969496369361877 0.896654350813045 0.022415578365325928 0.023652365041333577
