0 0.22352372109889984 0.14388356632537416 0.021268347899119078 0.022871157919713708
0 0.2760438919067383 0.14000968230881317 0.021858155727386475 0.022870669993319267
0 0.3011355400085449 0.13781422238017238 0.021858155727386475 0.022870669993319267
0 0.32629644870758057 0.13561270231290565 0.021858155727386475 0.022870669993319267
0 0.3530975580215454 0.13326766856688818 0.021858155727386475 0.022870669993319267
0 0.3790665864944458 0.13099543992863144 0.021858155727386475 0.022870669993319267
0 0.40653589367866516 0.12859194044761743 0.021858155727386475 0.022870669993319267
0 0.22471418976783752 0.17513886163401052 0.021005739768346132 0.022724366003228698
0 0.24976412951946259 0.17398494897886763 0.021391163269678742 0.023095027420871956
0 0.3020007014274597 0.1697519311835678 0.021391163269678715 0.023095027420871956
0 0.32782357931137085 0.1676593608326464 0.021391163269678715 0.023095027420871956
0 0.3546702265739441 0.1654838287972218 0.021391163269678715 0.023095027420871956
0 0.38068196177482605 0.16337595429531362 0.021391163269678715 0.023095027420871956
0 0.40690505504608154 0.16119278308957122 0.020940124988555908 0.022766542065051187
0 0.2244909256696701 0.20693177955095157 0.021235595146815 0.022786887117134537
0 0.2765430808067322 0.20329301781049464 0.021235595146814945 0.022786887117134537
0 0.3023494482040405 0.20148899601546547 0.021235595146814945 0.022786887117134537
0 0.32895609736442566 0.1996290296653376 0.021235595146814945 0.022786887117134537
0 0.3557538688182831 0.19775570270627044 0.021235595146814945 0.022786887117134537
0 0.3819107413291931 0.19575842036757357 0.02229793866475427 0.023904656254967977
0 0.40851330757141113 0.19379148574538096 0.02229793866475427 0.023904656254967977
0 0.4643038809299469 0.18966645474905822 0.02229793866475427 0.023904656254967977
0 0.4912635385990143 0.18767311758042093 0.022297938664754213 0.023904656254967977
0 0.519427478313446 0.18559073847393656 0.022297938664754158 0.023904656254967977
0 0.5471889972686768 0.18353417399719937 0.022285719712575203 0.023842009463051508
0 0.5754973292350769 0.18247819659936354 0.02249884605407715 0.024110165677329373
0 0.6045074462890625 0.18197829224342524 0.023233453432718987 0.024446542872939
0 0.3828125596046448 0.22880698359289833 0.021803418795267704 0.02336300990378207
0 0.4100435972213745 0.22693956457280395 0.021803418795267704 0.02336300990378207
0 0.437942236661911 0.22502636351674116 0.021803418795267704 0.02336300990378207
0 0.4648264944553375 0.22318272556760468 0.021803418795267704 0.02336300990378207
0 0.4923710823059082 0.22129380425741507 0.02180341879526776 0.02336300990378207
0 0.5202786326408386 0.21946043573124427 0.023266514142354255 0.02447217009788336
0 0.5490848422050476 0.2183090476102607 0.023266514142354255 0.02447217009788336
0 0.5778810381889343 0.21715805973344693 0.023266514142354255 0.02447217009788336
0 0.60617595911026 0.21602710788917992 0.023266514142354255 0.02447217009788336
0 0.6362494249812892 0.21376166160080298 0.023266514142354255 0.02447217009788336
0 0.17476338148117065 0.27583368434462435 0.020981892943382263 0.023030879885651345
0 0.1997154951095581 0.2737831806201415 0.02117567261060077 0.023050042085869367
0 0.22514216601848602 0.2721215846926667 0.02064107358455658 0.023163388865862732
0 0.2511451616883278 0.2704864958524481 0.02064107358455658 0.023163388865862732
0 0.2775541841983795 0.2688258757248469 0.02064107358455658 0.023163388865862732
0 0.3040836751461029 0.2671576804470384 0.02064107358455658 0.023163388865862732
0 0.3295038342475891 0.2655592408291129 0.02064107358455658 0.023163388865862732
0 0.17525532841682434 0.3078719948048559 0.020590116580327333 0.02315385212269867
0 0.2007625848054886 0.30639965589656387 0.020590116580327333 0.02315385212269867
0 0.22595323622226715 0.3049455921728532 0.020590116580327333 0.02315385212269867
0 0.2518026530742645 0.30345350295683043 0.02059011658032736 0.02315385212269867
0 0.27795296907424927 0.3019440451333689 0.02059011658032739 0.02315385212269867
0 0.30467700958251953 0.3004014705801691 0.02059011658032739 0.02315385212269867
0 0.33116450905799866 0.2985344154890193 0.02086193362871802 0.023201979407968476
0 0.35750612616539 0.2978442214256109 0.02084461847941077 0.023481162019478287
0 0.17584611475467682 0.34058260363201764 0.02001290520032245 0.023259392080380907
0 0.20092450082302094 0.33943433539811957 0.020492523908615112 0.023475794829139442
0 0.22678576409816742 0.337977170113892 0.020492523908615112 0.023475794829139442
0 0.25288334488868713 0.3365066894059053 0.020492523908615112 0.023475794829139442
0 0.27880650758743286 0.33504603636896346 0.020492523908615112 0.023475794829139442
0 0.305561363697052 0.3335385211678438 0.020492523908615112 0.023475794829139442
0 0.3323546051979065 0.3320064214584375 0.021073679129282596 0.023588446683661883
0 0.3589310646057129 0.3304986005599117 0.021073679129282596 0.023588446683661883
0 0.38604891300201416 0.32896006384561227 0.021073679129282596 0.023588446683661883
0 0.41274699568748474 0.328062656313874 0.022401769955953 0.024259508118148896
0 0.44038286805152893 0.3267938153292198 0.022401769955953 0.024259508118148896
0 0.49625007808208466 0.3242287938654039 0.022401769955952944 0.024259508118148896
0 0.5531883239746094 0.32161459811898163 0.022401769955952888 0.024259508118148896
0 0.5818844437599182 0.32029707817951636 0.022401769955952888 0.024259508118148896
0 0.6106163859367371 0.31889190230258674 0.022716164588928223 0.02444700492444886
0 0.6398895382881165 0.31761309124628917 0.022946367661158318 0.024612825970317043
0 0.17662912607192993 0.37348249346710916 0.02029109001159668 0.02297541152599246
0 0.20195622742176056 0.37226662800845994 0.02029109001159668 0.02297541152599246
0 0.2277311086654663 0.3710292662049065 0.02029109001159668 0.02297541152599246
0 0.2536410689353943 0.369785419730253 0.02029109001159668 0.02297541152599246
0 0.28022122383117676 0.36850939955814815 0.02029109001159668 0.0229754115259925
0 0.30621957778930664 0.3672765132992767 0.02045425772666931 0.023014504780140985
0 0.333699107170105 0.3659603457728519 0.02045425772666931 0.023014504780140985
0 0.3598884344100952 0.36456536035420145 0.02197469274202979 0.024354912513910337
0 0.4142705202102661 0.36222963554914606 0.02197469274202979 0.02435491251391038
0 0.4420076310634613 0.3610383193852454 0.02197469274202979 0.02435491251391038
0 0.4692639708518982 0.359867652464289 0.02197469274202979 0.024354912513910337
0 0.4977906793355942 0.35864242287569265 0.021974692742029844 0.024354912513910337
0 0.5265178680419922 0.3574085826091093 0.0219746927420299 0.024354912513910337
0 0.5544555187225342 0.35657924829527393 0.022043555974960327 0.024351393529611014
0 0.5832371115684509 0.35530230056407835 0.0222148597240448 0.024545499520708395
0 0.611955463886261 0.3547474395397097 0.02232488989830017 0.024518611819245095
0 0.17640449106693268 0.4068436363870278 0.020355443159739195 0.023310254710589215
0 0.22921743988990784 0.4044081665748774 0.020355443159739195 0.023310254710589215
0 0.2544246315956116 0.4029884781948356 0.02067744731903076 0.02346130489378942
0 0.28107595443725586 0.40190161800284546 0.02067744731903076 0.02346130489378942
0 0.30785757303237915 0.4008094442559342 0.02067744731903076 0.02346130489378942
0 0.3339635133743286 0.39974482515613474 0.02067744731903076 0.02346130489378942
0 0.3615102767944336 0.39862144825070406 0.02067744731903076 0.02346130489378942
0 0.416348397731781 0.3963282365523235 0.02111184597015381 0.02354771222255032
0 0.4435088634490967 0.3952133267424827 0.02111184597015381 0.02354771222255032
0 0.4717400372028351 0.39426896014204227 0.021898269653320312 0.023983149565467484
0 0.49928489327430725 0.39334755169070595 0.021898269653320312 0.023983149565467484
0 0.5280511379241943 0.39238528632744396 0.021898269653320312 0.023983149565467484
0 0.5559898018836975 0.391450704530228 0.021898269653320312 0.023983149565467484
0 0.22935590147972107 0.43696075262025347 0.02033923069636029 0.023471861846687314
0 0.25520215183496475 0.4361484238349122 0.02033923069636026 0.023471861846687314
0 0.2814529240131378 0.4353021133777707 0.020702044169108036 0.023720438166182224
0 0.30832749605178833 0.4346342849695754 0.02085079749425256 0.02393905876218805
0 0.33532389998435974 0.43363025576569314 0.02085079749425256 0.02393905876218805
0 0.36201122403144836 0.4326377216198983 0.02085079749425256 0.02393905876218805
0 0.41755709052085876 0.4305719030668195 0.02085079749425256 0.02393905876218805
0 0.44485417008399963 0.42955669136934505 0.02085079749425256 0.02393905876218805
0 0.4719446301460266 0.4285491641032388 0.02085079749425256 0.02393905876218805
0 0.5005496889352798 0.4275112751769502 0.021725118160247803 0.024242223695267077
0 0.5291846394538879 0.42668316931252687 0.021725118160247803 0.024242223695267077
0 0.5580556392669678 0.42584823704185853 0.021725118160247803 0.024242223695267077
0 0.5865234732627869 0.4250249640886174 0.021725118160247803 0.024242223695267077
0 0.6151440739631653 0.42421665191241925 0.021829873323440552 0.02426410645477526
0 0.23003055155277252 0.47103957242743916 0.02055692176024121 0.023450038229772343
0 0.25599993020296097 0.47015332066735555 0.020780180891354888 0.023377292840055772
0 0.28237849473953247 0.4692973295326041 0.020780180891354916 0.023377292840055772
0 0.30936336517333984 0.46842166361713206 0.020780180891354916 0.023377292840055772
0 0.3363403081893921 0.4673824224551666 0.021128714084625244 0.02376961523248238
0 0.36308181285858154 0.4666784863139308 0.021128714084625244 0.02376961523248238
0 0.3903762996196747 0.46595999362156737 0.021128714084625244 0.02376961523248238
0 0.4177853763103485 0.465238484494869 0.021128714084625244 0.02376961523248238
0 0.4458180367946625 0.4645005603169286 0.021128714084625244 0.02376961523248238
0 0.4729718267917633 0.4637857712881531 0.021128714084625244 0.02376961523248238
0 0.502102792263031 0.46238696526914 0.021975298722585024 0.024082863977713122
0 0.5302609205245972 0.46170101609340936 0.02197529872258497 0.024082863977713122
0 0.5880181789398193 0.4595863430999046 0.023110151290893555 0.025060284045315583
0 0.616848886013031 0.45886970397043947 0.023110151290893555 0.025060284045315583
0 0.6458165049552917 0.4581496616499809 0.023110151290893555 0.025060284045315583
0 0.6746007204055786 0.4574341781535044 0.023110151290893555 0.025060284045315583
0 0.7039392590522766 0.45670491595600926 0.023110151290893555 0.025060284045315583
0 0.2307986468076706 0.5041428055874136 0.020855814218521118 0.02383419894432831
0 0.28399789333343506 0.5029529496842559 0.020855814218521118 0.02383419894432831
0 0.3104262351989746 0.5025654726250227 0.021192332108815548 0.02388092159300817
0 0.337117999792099 0.5018774719327914 0.021192332108815548 0.02388092159300817
0 0.3643234670162201 0.5011762301614815 0.021192332108815548 0.02388092159300817
0 0.39175131916999817 0.5004692562481465 0.021192332108815548 0.02388092159300817
0 0.41869354248046875 0.4997747997904933 0.021192332108815548 0.02388092159300817
0 0.2314644157886505 0.5382083626680596 0.020471145709355654 0.023652986038562862
0 0.2574741542339325 0.5377789430840071 0.020750244458516448 0.023982617282128093
0 0.3115176260471344 0.5367221992117156 0.021175801753997803 0.02435663504193914
0 0.33803319931030273 0.5361445670904115 0.021175801753997803 0.02435663504193914
0 0.36519256234169006 0.5355529102431172 0.021175801753997803 0.02435663504193914
0 0.3920471966266632 0.5349678918007508 0.021175801753997803 0.02435663504193914
0 0.42008015513420105 0.5343572039936864 0.021175801753997803 0.02435663504193914
0 0.4484466314315796 0.5337392506228522 0.021175801753997803 0.02435663504193914
0 0.47639837861061096 0.5327073917832486 0.021910150845845577 0.02465308729068259
0 0.23193632066249847 0.5721653024827884 0.02102170387903851 0.023221304250317952
0 0.2584971487522125 0.571786924850109 0.021021703879038484 0.023221304250317952
0 0.2854042947292328 0.5714282102363054 0.021281957626342773 0.02391188274058266
0 0.31234726309776306 0.5709954519699253 0.021281957626342773 0.02391188274058266
0 0.3394037187099457 0.5705608708701386 0.021281957626342773 0.02391188274058266
0 0.3939587473869324 0.5696846073749795 0.021281957626342773 0.02391188274058266
0 0.4207450747489929 0.5692543650782386 0.02214902639389038 0.025038726570070308
0 0.4779234230518341 0.5680586438608142 0.02214902639389038 0.025038726570070308
0 0.5060282200574875 0.5674709126113372 0.02214902639389038 0.025038726570070308
0 0.535054087638855 0.5668639198115911 0.02214902639389038 0.025038726570070308
0 0.5635827779769897 0.5662673240484193 0.02214902639389038 0.025038726570070308
0 0.39443424344062805 0.6043653361620108 0.021551460027694702 0.024770396624424606
0 0.42198047041893005 0.6039476616438045 0.021479209264119503 0.024837405182594478
0 0.45024240016937256 0.602213954044482 0.022006551424662235 0.025304542955502003
0 0.4781917929649353 0.6029994107589886 0.02251284321149194 0.025476500045421513
0 0.5070950835943222 0.6026570963305097 0.022512843211491884 0.025476500045421513
0 0.535567581653595 0.602319883968585 0.02251284321149183 0.025476500045421513
0 0.5645590424537659 0.6019765253018564 0.02251284321149183 0.025476500045421513
0 0.5941315293312073 0.6016262852868368 0.02251284321149183 0.025476500045421513
0 0.6236339211463928 0.6012768754385787 0.02251284321149183 0.025476500045421513
0 0.6524991393089294 0.6007395456003588 0.022768497467041016 0.02554214832394622
0 0.1831514686346054 0.6407544592730516 0.02066610256830853 0.02427070085392442
0 0.20820888876914978 0.6408112991687863 0.020712614059448242 0.0242151068162549
0 0.23439456522464752 0.6407812832253654 0.020712614059448242 0.0242151068162549
0 0.2606784403324127 0.6407511547194451 0.020712614059448242 0.0242151068162549
0 0.2869349420070648 0.640721057590962 0.020712614059448242 0.0242151068162549
0 0.31342509388923645 0.6406906926354696 0.020712614059448242 0.0242151068162549
0 0.34089308977127075 0.6405795341314271 0.020857473214467404 0.024576822916666612
0 0.36792707443237305 0.6404839638853088 0.020857473214467404 0.024576822916666612
0 0.42371195554733276 0.639578526550069 0.021020253499348995 0.024492485578670058
0 0.4513247013092041 0.6399533540708661 0.022663156191507938 0.025501399077186234
0 0.5087399482727051 0.6391424578289653 0.022663156191507994 0.025501399077186234
0 0.5377249121665955 0.6387330927293408 0.02266315619150805 0.025501399077186234
0 0.5666573643684387 0.6383244692712833 0.02266315619150805 0.025501399077186234
0 0.5953630208969116 0.6379190489303234 0.02266315619150805 0.025501399077186234
0 0.6250124573707581 0.6375002992447842 0.02266315619150805 0.025501399077186234
0 0.6540788412094116 0.6367389324099518 0.022801518440246582 0.02547910231952525
0 0.18361929059028625 0.6745867561000812 0.0203636686007182 0.02398069514784702
0 0.20853938162326813 0.6748406166254088 0.0203636686007182 0.02398069514784702
0 0.2350226193666458 0.6751538653706395 0.020603994528452574 0.024458419444949128
0 0.26144883036613464 0.6751750919693239 0.02060399452845252 0.024458419444949128
0 0.28766530752182007 0.6752207982659802 0.021210014820098877 0.024741801180580846
0 0.3141648471355438 0.6752522490745367 0.02116350332895911 0.024907814439877003
0 0.3691028654575348 0.675263172815708 0.02116350332895911 0.024907814439877003
0 0.39684802293777466 0.67526868959495 0.02116350332895911 0.024907814439877003
0 0.42467939853668213 0.6752742235175917 0.02116350332895911 0.024907814439877003
0 0.45269834995269775 0.6752797947373501 0.02116350332895911 0.024907814439877003
0 0.48136448860168457 0.6752184394827173 0.02194966872533166 0.02521674577579942
0 0.5099675059318542 0.6751662853152253 0.021949668725331606 0.02521674577579942
0 0.18419310450553894 0.7087517405700446 0.020592610041300474 0.0241948800493581
0 0.20979638397693634 0.7091707628826762 0.020592610041300474 0.0241948800493581
0 0.23527899384498596 0.7095878103211001 0.020592610041300474 0.0241948800493581
0 0.2617882788181305 0.7102534715519395 0.020581305027008057 0.024411460225896263
0 0.28866660594940186 0.7104060410431515 0.020581305027008057 0.024411460225896263
0 0.31538206338882446 0.7105576860368715 0.020581305027008057 0.024411460225896263
0 0.34244900941848755 0.7107113261858377 0.020581305027008057 0.024411460225896263
0 0.3698381185531616 0.7108667950297511 0.020581305027008057 0.024411460225896263
0 0.42583468556404114 0.7111463553190365 0.020872970422109005 0.024467349976532164
0 0.48288673162460327 0.711871788808631 0.02241714795430505 0.02519787928854778
0 0.5115716457366943 0.7116087980048601 0.02241714795430494 0.02519787928854778
0 0.5405757427215576 0.7113428808489332 0.02241714795430494 0.02519787928854778
0 0.5700147747993469 0.7110729760941857 0.02241714795430494 0.02519787928854778
0 0.5993831157684326 0.7108037194540334 0.02241714795430494 0.02519787928854778
0 0.629127562046051 0.7105310145819288 0.02241714795430494 0.02519787928854778
0 0.6593075394630432 0.7096667178841525 0.02292851607004809 0.025307943654614827
0 0.1843993067741394 0.7427110006642896 0.02096801002820331 0.02449350578840389
0 0.23679551482200623 0.7442152576256884 0.02096801002820331 0.02449350578840389
0 0.262948602437973 0.7454344711492872 0.021018127600351932 0.02478192943011146
0 0.289814829826355 0.7457716298657794 0.021018127600351932 0.02478192943011146
0 0.31639739871025085 0.7461415582250005 0.021421313285827637 0.0252328917037609
0 0.3436109125614166 0.746473511984182 0.021553893884023068 0.025178007377210487
0 0.37104758620262146 0.7467916902565542 0.021553893884023068 0.025178007377210487
0 0.42716488242149353 0.7474424726580444 0.021553893884023068 0.025178007377210487
0 0.455373078584671 0.747769598141232 0.021553893884023068 0.025178007377210487
0 0.4840410053730011 0.7481020550395168 0.021553893884023068 0.025178007377210487
0 0.5137550234794617 0.74802539489146 0.022290150324503655 0.02558705233788308
0 0.5425158143043518 0.7479511940050313 0.022290150324503655 0.02558705233788308
0 0.571699857711792 0.7478759011556936 0.022290150324503655 0.02558705233788308
0 0.2375962734222412 0.7796350523482921 0.020901968081792177 0.024942146715267795
0 0.26342424750328064 0.7802410811869024 0.020901968081792233 0.024942146715267795
0 0.2908805012702942 0.7811516144016284 0.021093706289927128 0.024754960407582474
0 0.3170482814311981 0.7815872902093932 0.021093706289927128 0.024754960407582474
0 0.345304936170578 0.7819965274978401 0.02168550093968713 0.024942265000454215
0 0.3727140724658966 0.782481171364008 0.02168550093968713 0.024942265000454215
0 0.4004533886909485 0.7829716534177041 0.02168550093968713 0.024942265000454215
0 0.4286714792251587 0.783470601080448 0.02168550093968713 0.024942265000454215
0 0.4859178960323334 0.7844828228617824 0.02168550093968713 0.024942265000454215
0 0.514751672744751 0.7849926569868553 0.02168550093968702 0.024942265000454215
0 0.5435677170753479 0.784531007852565 0.022681117057800293 0.02531338477319514
0 0.5733032822608948 0.7845558614931916 0.022681117057800293 0.02531338477319514
0 0.6029899716377258 0.7845806742823401 0.022681117057800293 0.02531338477319514
0 0.2377450317144394 0.8142104925111283 0.021196564038594545 0.02505978133327288
0 0.29181477427482605 0.816133791427428 0.0211965640385946 0.02505978133327288
0 0.3185420036315918 0.8175361639068753 0.02173207203547156 0.02555084228515625
0 0.34594789147377014 0.8180593446243641 0.02173207203547156 0.02555084228515625
0 0.3737640380859375 0.8185903572164807 0.02173207203547156 0.02555084228515625
0 0.40141159296035767 0.8191181513780604 0.02173207203547156 0.02555084228515625
0 0.45824551582336426 0.8202031157737555 0.02173207203547156 0.02555084228515625
0 0.4867793619632721 0.8207478293105751 0.02173207203547156 0.02555084228515625
0 0.5158419013023376 0.8213086682696675 0.022163788477579827 0.025627727656401516
0 0.5453119874000549 0.821873312638471 0.022163788477579827 0.025627727656401516
0 0.5745837092399597 0.8215833085965382 0.022860725720723396 0.026228852974352096
0 0.6048901081085205 0.8217250025549601 0.022860725720723396 0.026228852974352096
0 0.6351101398468018 0.8218662927141505 0.022860725720723396 0.026228852974352096
0 0.6644617915153503 0.820822516153025 0.023247957229614258 0.026409237883811772
0 0.6935928463935852 0.8205903586192538 0.023247957229614258 0.026409237883811772
0 0.23909977078437805 0.8496539093727289 0.021076192458470644 0.02446652198022639
0 0.2654385566711426 0.8506790266419442 0.0210761924584707 0.02446652198022639
0 0.2920137643814087 0.8517133455537536 0.0210761924584707 0.02446652198022639
0 0.31942230463027954 0.8527800981388536 0.0210761924584707 0.02446652198022639
0 0.346221923828125 0.8538231512456373 0.0210761924584707 0.02446652198022639
0 0.37432846426963806 0.8547690635503724 0.022455473740895626 0.025930182878361192
0 0.40245556831359863 0.855409117591538 0.022455473740895626 0.025930182878361192
0 0.43072596192359924 0.8560524322977782 0.022455473740895626 0.025930182878361192
0 0.4875810444355011 0.8573462137430943 0.022455473740895626 0.025930182878361192
0 0.5175055861473083 0.8580271698707758 0.022455473740895515 0.025930182878361192
0 0.5466625094413757 0.8584341089399241 0.023195306460062737 0.026461283365885525
0 0.57573002576828 0.858567627395886 0.023195306460062737 0.026461283365885525
0 0.6059527397155762 0.8587064521257267 0.023195306460062737 0.026461283365885525
0 0.6367858648300171 0.8586806363837663 0.02341703573862719 0.026480327280916798
0 0.6669679284095764 0.8586946595214511 0.02341703573862719 0.026480327280916798
0 0.6970141530036926 0.8572384146756904 0.02357304096221924 0.026481687560562125
0 0.23815889656543732 0.8847863840502362 0.021872023741404234 0.02485668566799892
0 0.29302066564559937 0.8873490608563944 0.02187202374140418 0.02485668566799892
0 0.3195471465587616 0.8885881531883576 0.02187202374140418 0.02485668566799892
0 0.3469652533531189 0.8898688947234693 0.02187202374140418 0.02485668566799892
0 0.375095933675766 0.8911829216535702 0.02187202374140418 0.02485668566799892
0 0.4030630886554718 0.8923427670501 0.022774656613667843 0.02611476691194294
0 0.43166762590408325 0.8932514634243277 0.022864659627278683 0.02600570796996113
0 0.48937636613845825 0.8946726288696286 0.022864659627278627 0.02600570796996113
0 0.5185123682022095 0.8953901472070425 0.022864659627278572 0.02600570796996113
0 0.5469816327095032 0.8960912461186903 0.022864659627278572 0.02600570796996113
0 0.5778194665908813 0.8968506746513899 0.022864659627278572 0.02600570796996113
0 0.6080349087715149 0.896490592724993 0.023205916086832756 0.026222643002059218
0 0.6378694176673889 0.896464325660883 0.023205916086832756 0.026222643002059218
0 0.6682348251342773 0.8964375911801031 0.023205916086832756 0.026222643002059218
