0 0.1402207314968109 0.1481844263753445 0.01903863251209259 0.021300419356471794
0 0.16363203525543213 0.1473366633730325 0.019269724686940493 0.021177210549051462
0 0.21120110154151917 0.14457389920256858 0.01945654551188153 0.021310924559600607
0 0.23539431393146515 0.14315429145930644 0.01945654551188153 0.021310924559600607
0 0.25895386189222336 0.1417718658362111 0.0194565455118815 0.021310924559600607
0 0.2817888855934143 0.14043195380050078 0.019456545511881473 0.021310924559600607
0 0.3072947561740875 0.1389353219852891 0.019456545511881473 0.021310924559600607
0 0.33180585503578186 0.13771270237217575 0.019638975461324093 0.02203679639239644
0 0.3571433424949646 0.13644886229346667 0.019638975461324093 0.02203679639239644
0 0.3819243013858795 0.13481198909670808 0.01970495780309045 0.021980211716289656
0 0.407512903213501 0.133936416271121 0.019565264383951786 0.022422975347947717
0 0.43309831619262695 0.132724969855229 0.019565264383951786 0.022422975347947717
0 0.45884108543395996 0.1315060727610922 0.019565264383951786 0.022422975347947717
0 0.48464715480804443 0.13028417846229776 0.019565264383951786 0.022422975347947717
0 0.5109037756919861 0.12904095095257426 0.02070462703704834 0.023062373316565226
0 0.5368044376373291 0.12778415069358803 0.02070462703704834 0.023062373316565226
0 0.5632690787315369 0.1264999839857499 0.02070462703704834 0.023062373316565226
0 0.5901005268096924 0.1251980183848412 0.02070462703704834 0.023062373316565226
0 0.6169568300247192 0.12389484671659248 0.02070462703704834 0.023062373316565226
0 0.6440208554267883 0.12275965694852216 0.021851102511088127 0.023332396218943043
0 0.6704868674278259 0.1216495506144176 0.021851102511088127 0.023332396218943043
0 0.6976186037063599 0.12051152074059775 0.021851102511088127 0.023332396218943043
0 0.7254675626754761 0.1193434072466334 0.021851102511088127 0.023332396218943043
0 0.1867395043373108 0.17585146704385446 0.018757770458857237 0.021307664324146824
0 0.2106197029352188 0.1746272961101542 0.018757770458857237 0.021307664324146845
0 0.23424853384494781 0.1729891313369154 0.019038652380307497 0.02106704268344613
0 0.25872165709733963 0.17189125682032386 0.019116098682085664 0.02109075886334561
0 0.2826310992240906 0.17084003289077607 0.019116098682085636 0.02109075886334561
0 0.3073892891407013 0.16975149215633914 0.019116098682085636 0.02109075886334561
0 0.33185505867004395 0.16861046192257903 0.019702792167663574 0.02181723690772243
0 0.35728663206100464 0.1675523607170527 0.019702792167663574 0.02181723690772243
0 0.38229283690452576 0.16651195731440782 0.019702792167663574 0.02181723690772243
0 0.43349218368530273 0.1643817670301466 0.019702792167663574 0.02181723690772243
0 0.45930349826812744 0.16330786638481673 0.019702792167663574 0.02181723690772243
0 0.48478493094444275 0.16268844459389956 0.01977519194285071 0.022400597269220883
0 0.5107718110084534 0.16164649919021962 0.02041669686635328 0.022745783014815
0 0.5375352501869202 0.1606220970408358 0.02041669686635328 0.022745783014815
0 0.5635231137275696 0.1596273809622552 0.02041669686635328 0.022745783014815
0 0.5899662375450134 0.1586152392604964 0.02041669686635328 0.022745783014815
0 0.6167752742767334 0.15758909181106923 0.02041669686635328 0.022745783014815
0 0.13733364641666412 0.23815536499023438 0.018869757652282715 0.02113535977149192
0 0.16049890220165253 0.23724498615509668 0.018869757652282715 0.02113535977149192
0 0.18407540023326874 0.2362956778947697 0.018965204556783022 0.021360190339790787
0 0.2081637680530548 0.23553654798983814 0.018965204556783022 0.021360190339790787
0 0.2322944700717926 0.23477301486702853 0.018898804982503237 0.02150458698124846
0 0.2568926438689232 0.23397674256095607 0.018898804982503264 0.02150458698124846
0 0.28152185678482056 0.2331794654814853 0.018898804982503292 0.02150458698124846
0 0.30642470717430115 0.23237333042971484 0.018898804982503292 0.02150458698124846
0 0.3562926948070526 0.23075904402621958 0.018898804982503292 0.02150458698124846
0 0.4072459042072296 0.22958876669524955 0.01930791139602661 0.02190737761268323
0 0.432906836271286 0.22899217383806095 0.019852956136067745 0.022029300068700037
0 0.4582635462284088 0.22822690503059545 0.019852956136067745 0.022029300068700037
0 0.48417115211486816 0.22744501011226645 0.019852956136067745 0.022029300068700037
0 0.5108604431152344 0.22663952383543925 0.019852956136067634 0.022029300068700037
0 0.5367138385772705 0.22585926499477652 0.019852956136067634 0.022029300068700037
0 0.5622756481170654 0.2253105917642283 0.019756654898325676 0.021621304889057957
0 0.1831659972667694 0.26669852074300904 0.018503343065579714 0.02135486750639689
0 0.2075202465057373 0.2661790404208871 0.018503343065579714 0.02135486750639689
0 0.23202593624591827 0.2656563298468456 0.018503343065579714 0.02135486750639689
0 0.256599597632885 0.2651321694258957 0.01850334306557974 0.02135486750639689
0 0.30603325366973877 0.2640777410462845 0.01850334306557977 0.02135486750639689
0 0.33074232935905457 0.2635506922149913 0.01850334306557977 0.02135486750639689
0 0.356089323759079 0.26291638751362645 0.01854461431503296 0.021651556325513265
0 0.3815357983112335 0.262388828188874 0.019453585147857666 0.022100906963496272
0 0.4076399803161621 0.2611998624579851 0.019630451997121212 0.022341306819472204
0 0.432352215051651 0.2606054744204764 0.019630451997121212 0.022341306819472204
0 0.48434552550315857 0.2593549116084264 0.019630451997121212 0.022341306819472204
0 0.5366777181625366 0.25859713718444455 0.02051413059234619 0.02274341731108439
0 0.5625355243682861 0.25747425611629043 0.02051413059234619 0.02274341731108439
0 0.5891246795654297 0.2563196160531885 0.02051413059234619 0.02274341731108439
0 0.6158928275108337 0.2551572031896116 0.02051413059234619 0.02274341731108439
0 0.642698347568512 0.2539931674336278 0.02051413059234619 0.02274341731108439
0 0.6696323752403259 0.25282355120550815 0.02051413059234619 0.02274341731108439
0 0.6979067921638489 0.25304169310428415 0.021243254343668694 0.02294021429017533
0 0.725231945514679 0.25257076547447566 0.021243254343668694 0.02294021429017533
0 0.754185140132904 0.25207177982773893 0.021243254343668694 0.02294021429017533
0 0.1352928727865219 0.29929782069006633 0.018323088685671507 0.02140780012736946
0 0.1825055032968521 0.29808765233949175 0.0182149161895116 0.021481329156446852
0 0.20629847049713135 0.2975296962013305 0.0182149161895116 0.021481329156446852
0 0.23112542927265167 0.29673833625261176 0.018299713730812073 0.021511698878088664
0 0.25578009337186813 0.2958182250236698 0.018491387367248535 0.021797446317450946
0 0.30600735545158386 0.2951914765114008 0.018491387367248535 0.021797446317450946
0 0.3312239944934845 0.2948768168952972 0.018491387367248535 0.021797446317450946
0 0.35612139105796814 0.29456614086777666 0.018491387367248535 0.021797446317450946
0 0.3809608221054077 0.294256188148676 0.019128421942392948 0.02188790491385056
0 0.40720656514167786 0.29373234983111485 0.019128421942392948 0.02188790491385056
0 0.43246951699256897 0.29322812702530937 0.019128421942392948 0.02188790491385056
0 0.4577319622039795 0.29272391433151224 0.019128421942392948 0.02188790491385056
0 0.4838370680809021 0.2922028829885084 0.019128421942392948 0.02188790491385056
0 0.536587655544281 0.29115041320597845 0.019326090812683105 0.022059714147286795
0 0.5627275705337524 0.2900567609210347 0.020778656005859375 0.02284580792567524
0 0.5896186828613281 0.2892619906529509 0.020778656005859375 0.02284580792567524
0 0.6157653331756592 0.2884892230549923 0.020778656005859375 0.02284580792567524
0 0.6434372067451477 0.287671377288432 0.020778656005859375 0.02284580792567524
0 0.6702260971069336 0.286879628203636 0.020778656005859375 0.02284580792567524
0 0.6977103352546692 0.28601673621343826 0.020998477935791016 0.022883792256200037
0 0.18199019134044647 0.3290238934893941 0.01835671067237854 0.02133333960244822
0 0.20621033012866974 0.3286700673931065 0.01835671067237854 0.02133333960244822
0 0.23032259941101074 0.32831781713610325 0.01835671067237854 0.02133333960244822
0 0.25517475605010986 0.32795475804528523 0.01835671067237854 0.02133333960244822
0 0.2802140712738037 0.3275889648003836 0.01835671067237854 0.02133333960244822
0 0.3053060472011566 0.3270805642289233 0.0194530884424845 0.021854740704676873
0 0.33070582151412964 0.3268216350164062 0.0194530884424845 0.021854740704676873
0 0.38126903772354126 0.3263061858004363 0.0194530884424845 0.021854740704676873
0 0.4067016839981079 0.32604692148607833 0.0194530884424845 0.021854740704676873
0 0.43232354521751404 0.3257676469388132 0.019297003746032715 0.0220820848331895
0 0.45833638310432434 0.32580560650515716 0.019957661628723145 0.022241134052128728
0 0.48401305079460144 0.325013094170149 0.019957661628723145 0.022241134052128728
0 0.5102112889289856 0.32420448352302655 0.019957661628723145 0.022241134052128728
0 0.5362129807472229 0.32340193929315997 0.019957661628723145 0.022241134052128728
0 0.5617305636405945 0.3226143371227176 0.019957661628723145 0.022241134052128728
0 0.1330079771578312 0.3916124198667307 0.01871219277381897 0.021595356076262718
0 0.18085864186286926 0.3913293439288472 0.01871219277381897 0.021595356076262718
0 0.20530641078948975 0.3911847153189685 0.01871219277381897 0.021595356076262718
0 0.2302016317844391 0.39103743966302085 0.01871219277381897 0.021595356076262718
0 0.2550365626811981 0.3908905206724655 0.01871219277381897 0.021595356076262718
0 0.2800653278827667 0.39074245499297755 0.01871219277381897 0.021595356076262718
0 0.30484816431999207 0.39062149580134903 0.01891229550043738 0.02177089129307468
0 0.3557569980621338 0.3903398857405569 0.01891229550043738 0.02177089129307468
0 0.3810601830482483 0.39036942694029286 0.019465386867523193 0.022112351055293064
0 0.4065254032611847 0.3903183112299747 0.019547919432322147 0.022160611411397715
0 0.4321276545524597 0.39005425918933956 0.019547919432322147 0.022160611411397715
0 0.45734158158302307 0.3897942121798364 0.019547919432322147 0.022160611411397715
0 0.4832809865474701 0.38952668286236364 0.019547919432322147 0.022160611411397715
0 0.5086820721626282 0.3892647055692451 0.019547919432322203 0.022160611411397715
0 0.18055714666843414 0.4222194760344749 0.01831314961115521 0.021343615628028157
0 0.20469382405281067 0.42204958893531974 0.01831880211830139 0.021303014237751276
0 0.229549378156662 0.4220563438682053 0.01831880211830139 0.021303014237751276
0 0.2544374167919159 0.4220631076293321 0.01831880211830139 0.021303014237751276
0 0.27990061044692993 0.4220700276989259 0.01831880211830139 0.021303014237751276
0 0.3044191002845764 0.42207669102868367 0.01831880211830139 0.021303014237751276
0 0.3554415702819824 0.4221923849020101 0.019054075082143185 0.0217698267263959
0 0.38095423579216003 0.4220239062641942 0.019054075082143185 0.0217698267263959
0 0.40641602873802185 0.4218557635748246 0.019054075082143185 0.0217698267263959
0 0.4323071539402008 0.4216847856931194 0.019054075082143185 0.0217698267263959
0 0.4574536681175232 0.4215187250181686 0.019054075082143185 0.0217698267263959
0 0.48306673765182495 0.42134958333974615 0.019054075082143185 0.0217698267263959
0 0.5351272225379944 0.42160992864077307 0.018885989983876472 0.021616617838541612
0 0.5613389611244202 0.42079258684203086 0.019485513369242424 0.021961064301720016
0 0.5879857540130615 0.42076504564316236 0.02018638451894117 0.022585314373637356
0 0.6141501069068909 0.42066272469454036 0.02018638451894117 0.022585314373637356
0 0.6410155296325684 0.42055766207175815 0.02018638451894117 0.022585314373637356
0 0.6685319542884827 0.41999657209529434 0.02054043610890699 0.022785364195357923
0 0.13169287517666817 0.4534867418157738 0.018637915452321366 0.02157586859178179
0 0.15549610555171967 0.45350598180016805 0.018637915452321352 0.02157586859178179
0 0.18002769351005554 0.4535258105108954 0.018637915452321352 0.02157586859178179
0 0.20453204214572906 0.453545617204269 0.018637915452321352 0.02157586859178179
0 0.22930608689785004 0.45356564189112464 0.01883813738822937 0.02181847150935683
0 0.2539435029029846 0.45359236552631005 0.01883813738822937 0.02181847150935683
0 0.30461087822914124 0.453647323256201 0.01883813738822937 0.02181847150935683
0 0.32921597361564636 0.453674011833959 0.01883813738822937 0.02181847150935683
0 0.3549329340457916 0.4537019064260084 0.01883813738822937 0.02181847150935683
0 0.4060647189617157 0.4538728226885367 0.01886969804763794 0.021914075511370465
0 0.431613028049469 0.45393411503281705 0.01886969804763794 0.021914075511370465
0 0.45697852969169617 0.4539989770426563 0.018942594528198242 0.021967303845309417
0 0.482761412858963 0.45392409036325854 0.019383211930592892 0.022029433139534885
0 0.5087131261825562 0.4538159972668296 0.019383211930592836 0.022029433139534885
0 0.5342242121696472 0.45370973945474496 0.01938321193059278 0.022029433139534885
0 0.5612733364105225 0.45359707546380024 0.01938321193059278 0.022029433139534885
0 0.5873289704322815 0.45348854952080303 0.01938321193059278 0.022029433139534885
0 0.6137617826461792 0.4533391553302144 0.01950736840565992 0.022228802821432952
0 0.17957128584384918 0.4843728549457732 0.018571784098943056 0.021421181139095753
0 0.2035280168056488 0.4845813041509584 0.018571784098943056 0.021421181139095753
0 0.22917453944683075 0.48482288468735235 0.018735945224761963 0.021609639012536336
0 0.25390350818634033 0.48502855522688043 0.018735945224761963 0.021609639012536336
0 0.278629869222641 0.4852342040781719 0.018735945224761963 0.021609639012536336
0 0.30381685495376587 0.4854436839395837 0.018735945224761963 0.021609639012536336
0 0.3294389545917511 0.48565678263819495 0.018735945224761963 0.021609639012536336
0 0.35482504963874817 0.4858679184894238 0.018735945224761963 0.021609639012536336
0 0.38009101152420044 0.4858785255305229 0.018803497155507443 0.021629067354424054
0 0.4314440190792084 0.48642905052743685 0.019073426723480225 0.02194258224132449
0 0.4570263624191284 0.48666639106218207 0.01940131187438965 0.02259403790614407
0 0.48263174295425415 0.4859540453703453 0.01977247993151343 0.022218098012051785
0 0.5083969384431839 0.48591103664664337 0.019772479931513487 0.022218098012051785
0 0.5339767932891846 0.4858683373040405 0.019772479931513542 0.022218098012051785
0 0.5604634881019592 0.48582412421279997 0.019772479931513542 0.022218098012051785
0 0.5873449444770813 0.4857792521631995 0.019772479931513542 0.022218098012051785
0 0.6135576963424683 0.48573549635304336 0.019772479931513542 0.022218098012051785
0 0.6408802270889282 0.4862499046607454 0.02017887433369947 0.022656433342039067
0 0.6682666540145874 0.48639749926190046 0.02017887433369947 0.022656433342039067
0 0.695606529712677 0.4858240526775981 0.02039281527201342 0.022182316743126266
0 0.27776703238487244 0.5168256094289381 0.018927375475565555 0.02187406554702635
0 0.30303052067756653 0.5169486132138961 0.018927375475565555 0.02187406554702635
0 0.32887932658195496 0.5170744668143985 0.018927375475565555 0.02187406554702635
0 0.3543277084827423 0.5171983708160387 0.018927375475565555 0.02187406554702635
0 0.37954819202423096 0.5173211652179097 0.018927375475565555 0.02187406554702635
0 0.4055476784706116 0.5174368110139633 0.018974165121714237 0.02178949163865679
0 0.4311687648296356 0.5177607482817826 0.01919964949289954 0.021655119666757455
0 0.456369549036026 0.5179507233375726 0.01919964949289954 0.021655119666757455
0 0.2775058448314667 0.5485205095867778 0.0189304153124491 0.0216516302537549
0 0.30253171920776367 0.5487711385618941 0.019138892491658566 0.02171748553135593
0 0.3279837965965271 0.5489671840224155 0.019138892491658566 0.02171748553135593
0 0.35374879837036133 0.5491656397932722 0.019138892491658566 0.02171748553135593
0 0.37910428643226624 0.5493609412713368 0.019138892491658566 0.02171748553135593
0 0.40501856803894043 0.549560546875 0.019138892491658566 0.02171748553135593
0 0.27678126096725464 0.5802807475245276 0.018927772839864132 0.022134026815724926
0 0.30169373750686646 0.5806114027327652 0.01894698540369666 0.02193093115045113
0 0.32748639583587646 0.5808372497558594 0.01894698540369666 0.02193093115045113
0 0.35305923223495483 0.5810611719626801 0.01894698540369666 0.02193093115045113
0 0.3784869313240051 0.5812838233106002 0.01894698540369666 0.02193093115045113
0 0.40420711040496826 0.5815090356871139 0.01894698540369666 0.02193093115045113
0 0.4301087558269501 0.5817358370286885 0.01894698540369666 0.02193093115045113
0 0.45594361424446106 0.5820377704709075 0.01940709352493286 0.022273928620094478
0 0.12968888878822327 0.6093964764782484 0.01884472370147705 0.021769353585649884
0 0.15347051620483398 0.6099006297976471 0.018831610679626465 0.021669343460437862
0 0.17785227298736572 0.6103974813232713 0.018831610679626465 0.021669343460437862
0 0.202238067984581 0.6108944151396485 0.018831610679626465 0.021669343460437862
0 0.25202998518943787 0.611909075003892 0.018831610679626465 0.021669343460437862
0 0.2768179774284363 0.6124142047970794 0.018831610679626465 0.021669343460437862
0 0.3021448254585266 0.6123249142668968 0.018949449062347412 0.02193187743194349
0 0.327502965927124 0.6127227811897558 0.018949449062347412 0.02193187743194349
0 0.35281065106391907 0.6131198564730371 0.018949449062347412 0.02193187743194349
0 0.3783125579357147 0.6130366565329437 0.01950974265734351 0.02280479253724564
0 0.43020832538604736 0.6141384923180868 0.01950974265734351 0.02280479253724564
0 0.4555473327636719 0.61467648272579 0.01950974265734351 0.02280479253724564
0 0.48137998580932617 0.6152249540742123 0.01950974265734351 0.02280479253724564
0 0.5077212303876877 0.6157842236895894 0.019509742657343565 0.02280479253724564
0 0.5337343215942383 0.6159269643384356 0.020363489786783928 0.02293103240257086
0 0.5599882006645203 0.6163831648239302 0.020363489786783928 0.02293103240257086
0 0.5867422819137573 0.6168480570717457 0.020363489786783928 0.02293103240257086
0 0.6136201620101929 0.6173151005100215 0.020363489786783928 0.02293103240257086
0 0.6409425139427185 0.6177898673124091 0.020363489786783928 0.02293103240257086
0 0.6675391793251038 0.6183653543161791 0.02059149742126465 0.023178662440573577
0 0.17710188031196594 0.6423532796460528 0.01892492175102234 0.022073021230771615
0 0.2014635056257248 0.6427285394003225 0.018761257330576597 0.022158896276193128
0 0.22605064511299133 0.6431259372706087 0.018761257330576597 0.022158896276193128
0 0.2513083517551422 0.6435341734069475 0.01876125733057657 0.022158896276193128
0 0.27636241912841797 0.6440151569455169 0.018937428792317745 0.022147304327912978
0 0.3268377184867859 0.6449983186777907 0.018937428792317745 0.022147304327912978
0 0.3521379232406616 0.6454911179964454 0.018937428792317745 0.022147304327912978
0 0.37763530015945435 0.6459877578495732 0.018937428792317745 0.022147304327912978
0 0.40340250730514526 0.6464896534764489 0.019462019205093384 0.02269889772400381
0 0.42884817719459534 0.6470156690041308 0.019462019205093384 0.02269889772400381
0 0.45495474338531494 0.6475553466487138 0.019462019205093384 0.02269889772400381
0 0.4813067615032196 0.6481000983009986 0.019462019205093384 0.02269889772400381
0 0.507563129067421 0.6486428726551144 0.019462019205093384 0.02269889772400381
0 0.5335701704025269 0.6488803597383721 0.019403477509816414 0.022438138030296147
0 0.5595661401748657 0.6495859531225372 0.0200498104095459 0.023404557575551058
0 0.6131688356399536 0.6510408596955486 0.0200498104095459 0.023404557575551058
0 0.6405272483825684 0.6517834330714026 0.0200498104095459 0.023404557575551058
0 0.6682890057563782 0.6525369541943806 0.0200498104095459 0.023404557575551058
0 0.6955872178077698 0.6534487697697776 0.02180870374043775 0.023921789124954577
0 0.7227938175201416 0.6540010609192615 0.02180870374043775 0.023921789124954577
0 0.7519060969352722 0.6545920371688575 0.02180870374043775 0.023921789124954577
0 0.779789388179779 0.6551580650861873 0.02180870374043775 0.023921789124954577
0 0.17650361359119415 0.6739002493924873 0.01887147625287372 0.021792862766472923
0 0.20096002519130707 0.6751299718048529 0.019238909085591616 0.022254529849503445
0 0.22524972259998322 0.6757805230460029 0.01897017161051434 0.022177940191224564
0 0.2503359615802765 0.6761833013490189 0.018970171610514314 0.022177940191224564
0 0.3008160889148712 0.6769937974955252 0.018970171610514286 0.022177940191224564
0 0.3259747624397278 0.6773977387892536 0.018970171610514286 0.022177940191224564
0 0.35109931230545044 0.6778011322021484 0.018970171610514286 0.022177940191224564
0 0.3773474395275116 0.6782225654886669 0.018970171610514286 0.022177940191224564
0 0.40291017293930054 0.6792302324046976 0.01955668131510413 0.022792283878769984
0 0.4288102984428406 0.6799143088441564 0.01955668131510413 0.022792283878769984
0 0.4809189736843109 0.6814176293762365 0.019924521446228027 0.023594967154569404
0 0.5067046284675598 0.6819716608801554 0.019924521446228027 0.023594967154569404
0 0.5329609513282776 0.6825358051752753 0.019924521446228027 0.023594967154569404
0 0.5597826242446899 0.6831120966019779 0.019924521446228027 0.023594967154569404
0 0.5863182544708252 0.6836822421051735 0.019924521446228027 0.023594967154569404
0 0.613496720790863 0.6842661996077489 0.019924521446228027 0.023594967154569404
0 0.6407524347305298 0.6852776404726233 0.020346124966939216 0.023366735887157878
0 0.6685371994972229 0.6860919774964799 0.020346124966939216 0.023366735887157878
0 0.6956987380981445 0.6868880485337323 0.020346124966939216 0.023366735887157878
0 0.7232977747917175 0.6878300156704215 0.021078070004781013 0.02327062917310138
0 0.749532163143158 0.6886568018633873 0.021078070004781013 0.02327062917310138
0 0.17561064660549164 0.7058737998784974 0.018904954195022583 0.022189295569131542
0 0.19975925981998444 0.7064898108362648 0.018904954195022583 0.022189295569131542
0 0.22476503252983093 0.7070824379144713 0.019034157196680723 0.02254146014073093
0 0.274956613779068 0.7083997665815301 0.019034157196680668 0.02254146014073093
0 0.2997550368309021 0.7090506262032228 0.019034157196680668 0.02254146014073093
0 0.32524242997169495 0.7097195685397122 0.019034157196680668 0.02254146014073093
0 0.35072073340415955 0.7103882723076399 0.019034157196680668 0.02254146014073093
0 0.37666019797325134 0.7111321323400727 0.019203782081604004 0.02282812429028888
0 0.40227216482162476 0.7118286753809729 0.019203782081604004 0.02282812429028888
0 0.45412391424179077 0.713441446736627 0.019750456015268925 0.023191614668498724
0 0.4798851013183594 0.71424271005116 0.019750456015268925 0.023191614668498724
0 0.5063775032758713 0.715066716714336 0.01975045601526898 0.023191614668498724
0 0.5327082276344299 0.715885694636855 0.019750456015269036 0.023191614668498724
0 0.5593870878219604 0.7167810395706532 0.019899964332580566 0.023279204849124824
0 0.5866662263870239 0.7176335110753049 0.019899964332580566 0.023279204849124824
0 0.613045334815979 0.7178072374920512 0.020355621973673577 0.023409259411715667
0 0.17457544803619385 0.7374033151670943 0.018964429696400942 0.022078728491021708
0 0.19882617890834808 0.7381894754809003 0.019177446762720762 0.02208121247993886
0 0.22374679148197174 0.7389886734086576 0.019177446762720762 0.02208121247993886
0 0.2488972172141075 0.7397952413879941 0.019177446762720735 0.02208121247993886
0 0.2743813097476959 0.7406125099797451 0.019177446762720707 0.02208121247993886
0 0.2994309067726135 0.7414158444071925 0.019177446762720707 0.02208121247993886
0 0.3501565158367157 0.7430904149116242 0.019741415977478027 0.02229516081107685
0 0.40115952491760254 0.7448353435556329 0.020089467366536495 0.022692037183184955
0 0.4269227087497711 0.7456028073333031 0.020089467366536495 0.022692037183184955
0 0.47941163182258606 0.7471664086121561 0.020089467366536495 0.022692037183184955
0 0.5057681202888489 0.7482379425403684 0.020655671755472838 0.023189485535141083
0 0.5326043367385864 0.7491544193221611 0.020655671755472893 0.023189485535141083
0 0.5589587092399597 0.7500544407741965 0.020655671755472893 0.023189485535141083
0 0.5861650109291077 0.7509835562425881 0.020655671755472893 0.023189485535141083
0 0.6125556230545044 0.7518848153047784 0.020655671755472893 0.023189485535141083
0 0.4793563485145569 0.7796882806822311 0.020041942596435547 0.023559747740279798
0 0.5050827860832214 0.780637874159702 0.020252227783203125 0.022758661314498548
0 0.12410174310207367 0.7997882754303688 0.019258717695871994 0.022417349408763432
0 0.1485484391450882 0.8007934056268659 0.019258717695872007 0.022417349408763432
0 0.17317602038383484 0.8018059729499183 0.019258717695872007 0.022417349408763432
0 0.1975843906402588 0.802809527374976 0.019258717695872007 0.022417349408763432
0 0.22276437282562256 0.8038448067598565 0.019258717695872007 0.022417349408763432
0 0.2478046864271164 0.8047484020684529 0.019600510597229004 0.022825374159702035
0 0.27301403880119324 0.805658097246416 0.019600510597229004 0.022825374159702035
0 0.29796701669692993 0.8065585409916871 0.019600510597229004 0.022825374159702035
0 0.3232206404209137 0.807469833728879 0.019600510597229004 0.022825374159702035
0 0.3747079074382782 0.8093520404542759 0.01962319016456604 0.022899420686470554
0 0.42661240696907043 0.8112961525140807 0.02070351441701257 0.0235889050387598
0 0.4526733160018921 0.8122913679718556 0.02070351441701257 0.0235889050387598
0 0.4789150357246399 0.8132934882384122 0.02070351441701257 0.0235889050387598
0 0.5050255507230759 0.8142905980515879 0.020703514417012514 0.0235889050387598
0 0.5318688154220581 0.8153156901514808 0.02070351441701246 0.0235889050387598
0 0.5582008361816406 0.8162404437397801 0.020602107048034668 0.02365615016730268
0 0.12339993566274643 0.8319946929166804 0.01904492576917012 0.022359448809956394
0 0.14733685553073883 0.8330283941224564 0.019044925769170107 0.022359448809956394
0 0.17259538173675537 0.8341191680874974 0.019044925769170107 0.022359448809956394
0 0.19700226187705994 0.8351731642394417 0.019044925769170107 0.022359448809956394
0 0.2215753197669983 0.8362343366755995 0.019044925769170107 0.022359448809956394
0 0.24707439541816711 0.8373354986209186 0.019044925769170135 0.022359448809956394
0 0.27242201566696167 0.8387926987404348 0.01952512065569556 0.022808163665061772
0 0.2970704138278961 0.840032888013263 0.01952512065569556 0.022808163665061772
0 0.32303711771965027 0.8403789608977562 0.020418206850687626 0.023659107296965843
0 0.37373971939086914 0.8426014143923901 0.020418206850687626 0.023659107296965843
0 0.4001171886920929 0.8437576213106909 0.020418206850687626 0.023659107296965843
0 0.45258674025535583 0.8460575257414302 0.020418206850687626 0.023659107296965843
0 0.47865888476371765 0.8472003493198129 0.020418206850687626 0.023659107296965843
0 0.5045943856239319 0.8483541621718296 0.020587801933288574 0.023662241854408805
0 0.5320183038711548 0.8496458081542672 0.020587801933288574 0.023662241854408805
0 0.5855828523635864 0.8521686582166695 0.020587801933288574 0.023662241854408805
0 0.6126613020896912 0.8534440328908521 0.020587801933288574 0.023662241854408805
0 0.6400454640388489 0.8547338063814667 0.020587801933288574 0.023662241854408805
0 0.6671283841133118 0.855949135713799 0.02123061815897631 0.023841680482376452
0 0.17174287140369415 0.8661520487421238 0.019401907920837402 0.022703954415727846
0 0.19605635106563568 0.8673751298771348 0.019401907920837402 0.022703954415727846
0 0.2207755297422409 0.8685864687484576 0.01978522539138794 0.023027582686076683
0 0.2464393675327301 0.8698893702307413 0.01978522539138794 0.023027582686076683
0 0.27117225527763367 0.8711450092496231 0.01978522539138794 0.023027582686076683
0 0.29657769203186035 0.8724347922304605 0.01978522539138794 0.023027582686076683
0 0.34783267974853516 0.8750369049781976 0.01978522539138794 0.023027582686076683
0 0.3729391098022461 0.8763115079895974 0.01978522539138794 0.023027582686076683
0 0.39900752902030945 0.8770534847026946 0.019805729389190674 0.02296382697053669
0 0.4512830376625061 0.8798042212389934 0.020797063906987545 0.02381583516911954
0 0.4784543514251709 0.8811860326379847 0.020797063906987545 0.02381583516911954
0 0.5046921521425247 0.8825203697419021 0.02079706390698749 0.02381583516911954
0 0.5314742922782898 0.883882389512173 0.020797063906987434 0.02381583516911954
0 0.5860682725906372 0.8865716623705487 0.02131243546803785 0.024125269217084654
0 0.612492024898529 0.8877789843819649 0.02131243546803785 0.024125269217084654
0 0.668134868144989 0.8903213496239053 0.02131243546803785 0.024125269217084654
0 0.6956918239593506 0.8915804485942043 0.02268330256144213 0.024875552155250728
0 0.7226747870445251 0.8930150341129838 0.02268330256144213 0.024875552155250728
0 0.7515180110931396 0.8945485229075405 0.02268330256144213 0.024875552155250728
0 0.7790759205818176 0.896013676225043 0.02268330256144213 0.024875552155250728
0 0.8065993189811707 0.8974769947140716 0.02268330256144213 0.024875552155250728
0 0.17148137092590332 0.8974035396132358 0.019770155350367247 0.022298531938892818
0 0.19516731798648834 0.8988008536302095 0.019770155350367247 0.022298531938892818
0 0.22048673033714294 0.9003251541492551 0.019972791274388613 0.022395644077034885
0 0.24525149166584015 0.9017619340326115 0.01997279127438864 0.022395644077034885
0 0.27071091532707214 0.903239016216962 0.019972791274388668 0.022395644077034885
0 0.29582154750823975 0.9046958625276291 0.019972791274388668 0.022395644077034885
0 0.3213843107223511 0.9056246967788883 0.021315673987070682 0.022952944733375728
0 0.3466833829879761 0.907027754672738 0.021315673987070682 0.022952944733375728
0 0.3720594346523285 0.9084350817568532 0.021315673987070682 0.022952944733375728
0 0.4241539239883423 0.911324183132648 0.021315673987070682 0.022952944733375728
0 0.450397253036499 0.9127796084381813 0.021315673987070682 0.022952944733375728
0 0.5040156692266464 0.9157532250712904 0.021315673987070738 0.022952944733375728
0 0.5306061506271362 0.9170655332899273 0.021740883588790894 0.02331714482270459
0 0.5580991506576538 0.9185875960642044 0.021740883588790894 0.02331714482270459
0 0.5851919651031494 0.9200875038324401 0.021740883588790894 0.02331714482270459
0 0.612564206123352 0.9216028811670032 0.021740883588790894 0.02331714482270459
0 0.6394895911216736 0.9226825033987204 0.02165353298187256 0.02366230099700218
