0 0.15167298913002014 0.06791099282198174 0.02356304725011188 0.025152006814646168
0 0.18138456344604492 0.06820697182379583 0.02356304725011188 0.025152006814646168
0 0.24032098054885864 0.0687940811340952 0.023563047250111907 0.025152006814646168
0 0.26983165740966797 0.06908805884753497 0.023563047250111935 0.025152006814646168
0 0.3000730276107788 0.06927113179297222 0.023155589898427364 0.024668338686920876
0 0.3305535614490509 0.06987110958542934 0.023155589898427364 0.024668338686920876
0 0.36097562313079834 0.07046993641394413 0.023155589898427364 0.024668338686920876
0 0.39053642749786377 0.07105181028273902 0.023155589898427364 0.024668338686920876
0 0.4205140471458435 0.0716418887293616 0.023155589898427364 0.024668338686920876
0 0.4499730169773102 0.07222175809061773 0.023155589898427364 0.024668338686920876
0 0.9211346507072449 0.054611072983852656 0.02255547046661377 0.02442263447961142
0 0.9504069089889526 0.05467887257420739 0.023087620735168457 0.025140307670415835
0 0.14684279263019562 0.13873246618219823 0.023313323656717955 0.024921868198601788
0 0.17643873393535614 0.1393246761588163 0.02334803342819214 0.025041099666625044
0 0.2071128785610199 0.13984887544498886 0.0234239399433136 0.02555579547734225
0 0.23626971244812012 0.14044083151479478 0.0234239399433136 0.02555579547734225
0 0.2671329081058502 0.14113945184752 0.023370027542114258 0.02524435797403025
0 0.29716458916664124 0.1416932199376707 0.023370027542114258 0.02524435797403025
0 0.32768839597702026 0.14225606256267384 0.023370027542114258 0.02524435797403025
0 0.3575662672519684 0.1428069944828752 0.023370027542114258 0.02524435797403025
0 0.3879321217536926 0.14336692455203034 0.023370027542114258 0.02524435797403025
0 0.4183447062969208 0.14394483553100904 0.023404737313588497 0.025363589442053507
0 0.44814983010292053 0.14530020164330928 0.022734224796295166 0.02532513197078261
0 0.478083074092865 0.14617695627285066 0.022734224796295166 0.02532513197078261
0 0.5079481601715088 0.1471516587013422 0.02302654584248859 0.02595710015112114
0 0.537613034248352 0.14793227218504118 0.023026545842488533 0.02595710015112114
0 0.5665868520736694 0.14869470093528944 0.023026545842488533 0.02595710015112114
0 0.5965216159820557 0.1494824164090751 0.023026545842488533 0.02595710015112114
0 0.6558460593223572 0.15104350378346998 0.023026545842488533 0.02595710015112114
0 0.6860589385032654 0.1518415181894741 0.023018399874369377 0.025860350261362963
0 0.715957760810852 0.15206480258893726 0.023515741030375237 0.025745243989219974
0 0.7459812760353088 0.15291291613911473 0.023515741030375237 0.025745243989219974
0 0.7749239802360535 0.15309915986171987 0.02398582299550367 0.026704374209854966
0 0.359108567237854 0.17333792531213096 0.02099752426147461 0.021796426107717114
0 0.14319643378257751 0.21243598849274392 0.023506959279378237 0.02566736797953761
0 0.17398473620414734 0.21286137154179535 0.023506959279378237 0.02566736797953761
0 0.2341010719537735 0.21369196199945759 0.023506959279378237 0.02566736797953761
0 0.2629449665546417 0.2140904803608739 0.023506959279378292 0.02566736797953761
0 0.32528072595596313 0.2149517352308564 0.023506959279378292 0.02566736797953761
0 0.3549114763736725 0.21663059404557092 0.02265808979670203 0.02521387736002607
0 0.3855363130569458 0.2178417915521666 0.022833317518234253 0.025129259094711396
0 0.41558223962783813 0.21830631965814634 0.022678355375925663 0.02488440875859221
0 0.47533899545669556 0.21980645503262447 0.022904107968012455 0.02514127982679261
0 0.5054237395524979 0.22036150874765825 0.02274958292643231 0.02504600110904188
0 0.5635033845901489 0.22177738367125047 0.022749582926432366 0.02504600110904188
0 0.5935150384902954 0.22250901259469166 0.022749582926432366 0.02504600110904188
0 0.6235557794570923 0.22324135060731973 0.022749582926432366 0.02504600110904188
0 0.6536941528320312 0.22397606871848882 0.022749582926432366 0.02504600110904188
0 0.683718204498291 0.22470799987666543 0.022749582926432366 0.02504600110904188
0 0.7130508422851562 0.225482186605764 0.02284351984659838 0.025339777155439957
0 0.13891567289829254 0.2855443733708427 0.023171305656433105 0.026041016098140718
0 0.17001841962337494 0.28623791628105694 0.023013055324554443 0.026109281436417428
0 0.1992691457271576 0.28655841302337853 0.023320496082305908 0.026131962620934774
0 0.23007932305335999 0.28741494999375455 0.023320496082305908 0.026131962620934774
0 0.26092466711997986 0.28827246461554024 0.023320496082305908 0.026131962620934774
0 0.29230818152427673 0.2891449406179664 0.023320496082305908 0.026131962620934774
0 0.35254955291748047 0.2908196781956872 0.023320496082305908 0.026131962620934774
0 0.3829028010368347 0.29166351232588267 0.023320496082305908 0.026131962620934774
0 0.41211193799972534 0.2926155578258426 0.02256057659784949 0.026212012120919607
0 0.44275981187820435 0.29313483898674564 0.02256057659784949 0.026212012120919607
0 0.5023859739303589 0.2941451127425504 0.022560576597849546 0.026212012120919607
0 0.5319676995277405 0.294646329657976 0.022244413693745857 0.02581986715627271
0 0.5611162185668945 0.29537037092932744 0.022244413693745857 0.02581986715627271
0 0.5909920334815979 0.2961124780320741 0.022244413693745857 0.02581986715627271
0 0.6206154227256775 0.29684831494993635 0.022244413693745857 0.02581986715627271
0 0.6502934694290161 0.2976785843830105 0.02293527126312256 0.02547635218893832
0 0.6807094216346741 0.29821056543394575 0.02293527126312256 0.02547635218893832
0 0.7101863622665405 0.2987261229857748 0.02293527126312256 0.02547635218893832
0 0.7406685948371887 0.2992592632934707 0.02293527126312256 0.02547635218893832
0 0.7706878185272217 0.29978430548379587 0.02293527126312256 0.02547635218893832
0 0.1360587179660797 0.3608223383975949 0.02329535285631816 0.026411182196565363
0 0.16713212430477142 0.3614635039753657 0.023022125164667784 0.026443163553873727
0 0.22833067178726196 0.36281522484712825 0.023022125164667784 0.026443163553873685
0 0.2583470940589905 0.363485713337743 0.022922317186991364 0.026087272998898528
0 0.2888203561306 0.3641681953651745 0.022922317186991337 0.026087272998898528
0 0.31930145621299744 0.36485085293342867 0.022922317186991337 0.02608727299889857
0 0.3503580391407013 0.3655463990693095 0.022922317186991337 0.026087272998898528
0 0.4101569950580597 0.3668856620788574 0.022922317186991337 0.026087272998898528
0 0.44005095958709717 0.367552037598364 0.022653132677078247 0.025580494902854783
0 0.49981172382831573 0.3689019181007563 0.022653132677078247 0.02558049490285474
0 0.529286801815033 0.36939154977542354 0.02264271179835009 0.025480270385742146
0 0.5584189891815186 0.3700043434320494 0.02264271179835009 0.025480270385742188
0 0.5876836180686951 0.37083839742287167 0.022475560506184822 0.025300950042961165
0 0.6171697974205017 0.37172478298808254 0.022475560506184822 0.025300950042961165
0 0.6770955920219421 0.37352621540442765 0.022475560506184822 0.025300950042961165
0 0.707273542881012 0.37190750033356423 0.023372133572896248 0.025404006011726335
0 0.737308144569397 0.37272225711466295 0.023372133572896248 0.025404006011726335
0 0.7675638794898987 0.37354301263688905 0.023372133572896248 0.025404006011726335
0 0.7964394688606262 0.374326328576688 0.023372133572896248 0.025404006011726335
0 0.8260151147842407 0.3751286351403525 0.023372133572896248 0.025404006011726335
0 0.8552210330963135 0.3758007759271666 0.023397326469421387 0.026083458301632903
0 0.134719330817461 0.4332184902457304 0.024106857677300766 0.02682246718295785
0 0.1654140204191208 0.4344291695762859 0.024106857677300753 0.02682246718295785
0 0.22634875774383545 0.43683259596532076 0.024106857677300753 0.02682246718295785
0 0.28700509667396545 0.4392250415890716 0.024106857677300808 0.02682246718295785
0 0.31737399101257324 0.4404228706971265 0.024106857677300808 0.02682246718295785
0 0.34773874282836914 0.43976310708102295 0.02329432964324951 0.025913297667983837
0 0.37786442041397095 0.44049169850903885 0.02243330081303918 0.023762281550917516
0 0.40778735280036926 0.4408779603306832 0.02243330081303918 0.023762281550917516
0 0.43731051683425903 0.44125906172051954 0.02243330081303918 0.023762281550917516
0 0.49741165339946747 0.44203488055380763 0.022433300813039125 0.023762281550917516
0 0.5262929797172546 0.4430323100791598 0.022539377212524414 0.02545724913131359
0 0.5844979286193848 0.4441871199496957 0.022539377212524414 0.02545724913131359
0 0.614326000213623 0.4447789210275387 0.022539377212524414 0.02545724913131359
0 0.6442139148712158 0.4453719094161095 0.022539377212524414 0.02545724913131359
0 0.6744910478591919 0.4459726200547329 0.022539377212524414 0.02545724913131359
0 0.7043037414550781 0.44656411602683116 0.022539377212524414 0.02545724913131359
0 0.13079459965229034 0.5088347501532976 0.024887462457021073 0.026912127354348298
0 0.1612333357334137 0.5094038726979749 0.02488746245702106 0.026912127354348298
0 0.19193121790885925 0.5099778405780252 0.02488746245702106 0.026912127354348298
0 0.22274520993232727 0.5105539794001275 0.02488746245702106 0.026912127354348298
0 0.2537403106689453 0.5111335044683412 0.024887462457021087 0.026912127354348298
0 0.31464800238609314 0.5117541468420694 0.022809167702992794 0.024849706841993648
0 0.3449940085411072 0.5124966662679602 0.022809167702992794 0.024849706841993648
0 0.3750579357147217 0.5132322836612652 0.022809167702992794 0.024849706841993648
0 0.40496790409088135 0.5139641339229976 0.022809167702992794 0.024849706841993648
0 0.4347348213195801 0.5146924839463345 0.02253534396489465 0.025729778201081032
0 0.4654898941516876 0.5153199654366414 0.02253534396489465 0.025729778201081032
0 0.49475274980068207 0.5158867584752018 0.022980093955993652 0.026226723840994372
0 0.5526906847953796 0.5170848314152208 0.022980093955993652 0.026226723840994372
0 0.5825098752975464 0.5177014492708136 0.022980093955993652 0.026226723840994372
0 0.612139105796814 0.518314139027499 0.022980093955993652 0.026226723840994372
0 0.6413914561271667 0.5189190354458121 0.022980093955993652 0.026226723840994372
0 0.6719560027122498 0.5195510661902784 0.022980093955993652 0.026226723840994372
0 0.1267191618680954 0.5838321068490991 0.023542851209640503 0.026225067848382994
0 0.15731537342071533 0.5841792350591615 0.023542851209640503 0.026225067848382994
0 0.1878659576177597 0.5845258456057137 0.023542851209640503 0.026225067848382994
0 0.21864114701747894 0.5847593295355844 0.023123164971669496 0.02595162206841988
0 0.24907517433166504 0.5852202925571176 0.023318231105804443 0.026079044785610465
0 0.2798289358615875 0.5856859773685126 0.023318231105804443 0.026079044785610465
0 0.31119248270988464 0.5861608957743314 0.023318231105804443 0.026079044785610465
0 0.3418169915676117 0.5866246233940438 0.023318231105804443 0.026079044785610465
0 0.3718520402908325 0.5870794251907704 0.023318231105804443 0.026079044785610465
0 0.12423598393797874 0.6597043414448582 0.02352839956680934 0.025827452193859013
0 0.15388141572475433 0.6599468733869347 0.023528399566809355 0.025827452193859013
0 0.18535412847995758 0.6599044799804688 0.023503263791402162 0.02626226853954705
0 0.24684125185012817 0.660539981578742 0.02350326379140219 0.02626226853954705
0 0.27789226174354553 0.6608609100160096 0.023503263791402218 0.02626226853954705
0 0.30858278274536133 0.6611781126119266 0.023503263791402218 0.02626226853954705
0 0.338988333940506 0.6614923698957577 0.023503263791402218 0.02626226853954705
0 0.3687306046485901 0.6617238769246552 0.023403843243916866 0.025853741076565583
0 0.39975884556770325 0.6623165982736027 0.023366212844848633 0.026282081308290885
0 0.12081462889909744 0.734484450761662 0.023986533284187317 0.02654353592746939
0 0.1517476588487625 0.7352105517720067 0.024338225523630796 0.026779884515806686
0 0.1824585497379303 0.7357048433880473 0.02412518858909607 0.026791993961777796
0 0.21244433522224426 0.7359854988732973 0.02412518858909607 0.026791993961777796
0 0.24356654286384583 0.7364896064580873 0.023953100045522063 0.02706641559452971
0 0.27379629015922546 0.7368101652490596 0.02395310004552209 0.02706641559452979
0 0.30548301339149475 0.7371461739357998 0.02395310004552209 0.02706641559452979
0 0.3355446457862854 0.7374649500221816 0.02395310004552209 0.02706641559452971
0 0.365877628326416 0.7377866035283998 0.02395310004552209 0.02706641559452971
0 0.42638808488845825 0.7382473834725314 0.023667454719543457 0.027343868285186503
0 0.4863719046115875 0.7392857156253597 0.023667454719543457 0.027343868285186503
0 0.5159009695053101 0.7397968697609855 0.023667454719543457 0.027343868285186586
0 0.5454962253570557 0.7403091696755939 0.023667454719543457 0.027343868285186503
0 0.5759648084640503 0.7408365870631018 0.023667454719543457 0.027343868285186503
0 0.6061591506004333 0.7413265316985375 0.02369381984074903 0.02740343966225318
0 0.6363533139228821 0.7418496133557105 0.02367182572682691 0.027540177337883
0 0.6666814684867859 0.7426691952443862 0.024161458015441895 0.02758710698563926
0 0.11728791892528534 0.8111428549123365 0.02459947268168132 0.027360428211300872
0 0.14779211580753326 0.8114562112272692 0.024599472681681334 0.027360428211300872
0 0.17920535802841187 0.8117789057686277 0.024599472681681334 0.027360428211300872
0 0.2100304514169693 0.8120955585134607 0.024599472681681334 0.027360428211300872
0 0.24032504856586456 0.8129256329213224 0.024237414201100677 0.026857479598171138
0 0.2712770700454712 0.8132658670114916 0.024237414201100704 0.026857479598171138
0 0.3025476336479187 0.8136096026141363 0.024237414201100704 0.026857479598171138
0 0.33242687582969666 0.8139380443860368 0.024237414201100704 0.026857479598171138
0 0.3621271848678589 0.8142645192700763 0.024237414201100704 0.026857479598171138
0 0.4241876006126404 0.8149467063479178 0.024237414201100704 0.026857479598171138
0 0.4842583239078522 0.8160481040784439 0.023759285608927372 0.02713367550872093
0 0.5140635967254639 0.8164070484250091 0.023759285608927483 0.02713367550872093
0 0.5434394478797913 0.8167608212544648 0.023759285608927483 0.02713367550872093
0 0.5742719769477844 0.8171321368289601 0.023759285608927483 0.02713367550872093
0 0.6042877435684204 0.8174936161484829 0.023759285608927483 0.02713367550872093
0 0.6343889236450195 0.8180494086686955 0.02446305751800537 0.027853618296541798
0 0.6647964715957642 0.8185901146219317 0.02446305751800537 0.027853618296541798
0 0.6946591734886169 0.819121132141639 0.02446305751800537 0.027853618296541798
0 0.7248668670654297 0.819658284291394 0.02446305751800537 0.027853618296541798
0 0.755830705165863 0.8202088821765988 0.02446305751800537 0.027853618296541798
0 0.11551739275455475 0.8872114669444949 0.023906638224919632 0.027275913445524356
0 0.1462271362543106 0.8876677663317404 0.02390663822491962 0.027275913445524356
0 0.17687302827835083 0.888123116984613 0.02390663822491962 0.027275913445524356
0 0.2378549724817276 0.8890292145485101 0.02390663822491962 0.027275913445524356
0 0.26839354634284973 0.8894829706191297 0.023906638224919674 0.027275913445524356
0 0.29812636971473694 0.8898741256359012 0.023334145545959473 0.02714260604030413
0 0.3302524983882904 0.8901761435274886 0.02385612328847253 0.02736137449279323
0 0.3602263927459717 0.8904200709143351 0.02385612328847253 0.02736137449279323
0 0.39089125394821167 0.890669621385549 0.02385612328847253 0.02736137449279323
0 0.42151638865470886 0.8909188485627596 0.02385612328847253 0.02736137449279323
0 0.45172014832496643 0.8911646465922511 0.024002571900685665 0.027667378270348836
0 0.4818972051143646 0.8916375247898457 0.024002571900685665 0.027667378270348836
0 0.5123063325881958 0.8921140395636558 0.024002571900685554 0.027667378270348836
0 0.5419378876686096 0.8925869076751 0.024202307065327888 0.02737521385961736
0 0.5713385939598083 0.8931069237960306 0.024202307065327888 0.02737521385961736
0 0.6013503074645996 0.8936377469226817 0.024202307065327888 0.02737521385961736
0 0.6314470767974854 0.8941700744486267 0.024202307065327888 0.02737521385961736
0 0.6622698307037354 0.894715242607649 0.024202307065327888 0.02737521385961736
0 0.6928931474685669 0.8953120175224533 0.024528463681538826 0.027290699093840843
0 0.7233141660690308 0.8958892822265625 0.024528463681538826 0.027290699093840843
0 0.7538757920265198 0.896502650061319 0.025285402933756584 0.027527979178022154
