0 0.1682439250808184 0.08800208985362319 0.019696911176045717 0.022119425988012503
0 0.1916850507259369 0.08441615931306908 0.019696911176045717 0.022119425988012503
0 0.2151748090982437 0.08174764930990656 0.019936074813206972 0.02212834912677144
0 0.23804017901420593 0.07913547892903172 0.019936074813206972 0.02212834912677144
0 0.2617560923099518 0.07642614133710865 0.019936074813207028 0.02212834912677144
0 0.28642886877059937 0.07360749041996525 0.019936074813207028 0.02212834912677144
0 0.3104088306427002 0.07086798756621605 0.019936074813207028 0.02212834912677144
0 0.3350643515586853 0.06805130794552833 0.019936074813207028 0.02212834912677144
0 0.36035263538360596 0.06487777566588507 0.020815352598826053 0.022052136502524685
0 0.385884165763855 0.06190362087515897 0.020815352598826053 0.022052136502524685
0 0.41066858172416687 0.05930209183768507 0.022757689158121708 0.02379493195881216
0 0.4365996718406677 0.05721026243165482 0.022757689158121708 0.02379493195881216
0 0.46441391110420227 0.05496652168121106 0.022757689158121708 0.02379493195881216
0 0.4913072884082794 0.05279706574166547 0.022757689158121763 0.02379493195881216
0 0.5188214778900146 0.05057752964108489 0.02275768915812182 0.02379493195881216
0 0.545538067817688 0.04842233492352862 0.02275768915812182 0.02379493195881216
0 0.5739327073097229 0.04652002245880837 0.022730529308319092 0.024179743241894147
0 0.16885297000408173 0.11815240914758438 0.01875482996304828 0.02128056962360706
0 0.19111911952495575 0.11561393737792969 0.01875482996304828 0.02128056962360706
0 0.21458443999290466 0.11293875307999139 0.01875482996304828 0.02128056962360706
0 0.23802876472473145 0.11026596241923671 0.01875482996304828 0.02128056962360706
0 0.26129597425460815 0.10761336393134538 0.020483215649922726 0.02260197595108387
0 0.28502920269966125 0.10612357537274439 0.020824790000915527 0.022996362789656753
0 0.31028205156326294 0.10465432496835003 0.021410663922627804 0.023607651392618813
0 0.3597826361656189 0.09779443574506183 0.021410663922627804 0.023607651392618813
0 0.4119028951846012 0.09252264896453488 0.021410663922627804 0.023607651392618813
0 0.437737375497818 0.09010558442622381 0.021410663922627804 0.023607651392618813
0 0.46455517411231995 0.08746048461559208 0.021410663922627804 0.023607651392618823
0 0.49107520282268524 0.08484475452051253 0.02141066392262775 0.023607651392618823
0 0.5190973877906799 0.08447558340408988 0.022092392047246223 0.024016025454499
0 0.5468043088912964 0.08258295336435008 0.022092392047246223 0.02401602545449901
0 0.21318572759628296 0.14474329837532932 0.019708325465520204 0.022361592728962255
0 0.23643788695335388 0.14240295300827494 0.019708325465520204 0.022361592728962255
0 0.2604289650917053 0.14027515677518623 0.02042589584986365 0.022409010303112875
0 0.3092522621154785 0.13499529417171036 0.02056245009104407 0.022855403811432595
0 0.33403798937797546 0.13257943752200105 0.020991653203964233 0.023035685221354154
0 0.3602973222732544 0.13044785109602494 0.020991653203964233 0.023035685221354154
0 0.38601601123809814 0.12836015113388236 0.020991653203964233 0.023035685221354154
0 0.4385240972042084 0.12409783709316771 0.020991653203964233 0.023035685221354154
0 0.491718128323555 0.11977984184442564 0.020991653203964233 0.023035685221354154
0 0.5193608999252319 0.11847366436724333 0.0213659405708313 0.023586036622986327
0 0.546906054019928 0.11668052864221713 0.0213659405708313 0.023586036622986327
0 0.5748961316484983 0.11539605953444072 0.0213659405708313 0.023586036622986327
0 0.603119580113158 0.11452464170234147 0.021050165096918816 0.023378926654194675
0 0.21141916513442993 0.17461552730826443 0.02043410142262775 0.022179640540780934
0 0.23603469133377075 0.1728915211021747 0.02043410142262775 0.022179640540780934
0 0.25961971282958984 0.17123968871393835 0.020434101422627776 0.022179640540780934
0 0.28377091884613037 0.16954820226266834 0.020434101422627804 0.022179640540780934
0 0.30948472023010254 0.167747275773869 0.020434101422627804 0.022179640540780934
0 0.33474302291870117 0.16559560063909126 0.021140336990356445 0.023685300072958302
0 0.35973429679870605 0.16368563230647598 0.021140336990356445 0.023685300072958302
0 0.41145530343055725 0.15973283321059398 0.021140336990356445 0.023685300072958302
0 0.4650101065635681 0.15563988546672822 0.021140336990356445 0.023685300072958302
0 0.49233734607696533 0.1535513900047125 0.021140336990356445 0.023685300072958302
0 0.519581139087677 0.15146927197581048 0.021140336990356445 0.023685300072958302
0 0.5476426482200623 0.15077954669331395 0.02211940288543701 0.024055894955184096
0 0.5761910676956177 0.1491031869240261 0.02211940288543701 0.024055894955184096
0 0.6321911215782166 0.14731851318657188 0.022150079409281487 0.02411015089168105
0 0.6614983677864075 0.1471745008254457 0.022523244222005134 0.024479045424350473
0 0.21075555682182312 0.20870262842059614 0.02044882376988727 0.023021594498508633
0 0.2594567835330963 0.20440900048544242 0.020521998405456543 0.022924086844274213
0 0.284856379032135 0.20267034131427145 0.020454227924346924 0.023160110148348522
0 0.30890750885009766 0.2008367364062133 0.020454227924346924 0.023160110148348522
0 0.33355849981307983 0.19895739941205415 0.020454227924346924 0.023160110148348522
0 0.35942691564559937 0.19698524864021089 0.020454227924346924 0.023160110148348543
0 0.3851627707481384 0.19502320400504178 0.021850764751434326 0.023960253989049624
0 0.4377306401729584 0.19176576825264272 0.021850764751434326 0.023960253989049624
0 0.46522992849349976 0.19003065242323763 0.022748728593190548 0.024553221325541653
0 0.4928305298089981 0.18850138264410898 0.022748728593190493 0.024553221325541653
0 0.5478435754776001 0.1854532683209049 0.022748728593190437 0.024553221325541653
0 0.5754891633987427 0.18392150596360052 0.022748728593190437 0.024553221325541674
0 0.6036071181297302 0.18236357112263524 0.022748728593190437 0.024553221325541653
0 0.6320737348932798 0.18301404633301002 0.023409684499104744 0.024682399838469708
0 0.6611387133598328 0.18162446286423609 0.023409684499104744 0.024682399838469708
0 0.6900768403698798 0.18108829752664518 0.021578887287451165 0.02542030417151587
0 0.21124929189682007 0.2397561184195585 0.020258118708928408 0.022528522698454127
0 0.2349492609500885 0.2382912081341411 0.020325024922688784 0.02267022835191833
0 0.25907838344573975 0.23644797746525253 0.020404279232025146 0.022924763287684686
0 0.2836875915527344 0.23483488536785802 0.020404279232025146 0.022924763287684686
0 0.30793192982673645 0.23324570987280266 0.020404279232025146 0.022924763287684686
0 0.3335927128791809 0.23156368881081296 0.020404279232025146 0.022924763287684686
0 0.3855740427970886 0.2281564002813295 0.020404279232025146 0.022924763287684686
0 0.4375472664833069 0.22526282764264932 0.021487196286519405 0.023698540621025617
0 0.4648699164390564 0.22374165834198198 0.021487196286519405 0.023698540621025617
0 0.4920611083507538 0.22222780787536847 0.02148719628651935 0.023698540621025617
0 0.5200272798538208 0.22067081096560456 0.021487196286519294 0.023698540621025617
0 0.5474113821983337 0.219366486022991 0.021659910678863525 0.023591862168422965
0 0.16405856609344482 0.2757580557534861 0.019675935308138548 0.022374825884205397
0 0.18700623512268066 0.2740662980794532 0.019675935308138548 0.022374825884205397
0 0.21057023108005524 0.27232910329330834 0.019675935308138548 0.022374825884205397
0 0.23428207635879517 0.2705810086975269 0.019675935308138548 0.022374825884205397
0 0.2589983865618706 0.26875886251760084 0.01967593530813852 0.022374825884205397
0 0.2827763855457306 0.26757566318955534 0.02028137445449829 0.02291753310565798
0 0.3077337443828583 0.26580103387718673 0.020428339640299442 0.023226346156393806
0 0.33281615376472473 0.26437200501907704 0.020428339640299442 0.023226346156393806
0 0.3849753737449646 0.2614003195867301 0.020428339640299442 0.023226346156393806
0 0.41122400760650635 0.25990484701457695 0.020428339640299442 0.023226346156393806
0 0.4376024007797241 0.2584019816199014 0.020428339640299442 0.023226346156393806
0 0.4646397829055786 0.2568615714177811 0.020428339640299442 0.023226346156393806
0 0.5194058418273926 0.25485131906908615 0.0229302247365315 0.024878908497418518
0 0.5481972098350525 0.25387048032366794 0.0229302247365315 0.024878908497418518
0 0.5759602785110474 0.25292467276628205 0.0229302247365315 0.024878908497418518
0 0.6048574447631836 0.25194022978026814 0.0229302247365315 0.024878908497418518
0 0.6339871883392334 0.2509478635566179 0.0229302247365315 0.024878908497418518
0 0.66229248046875 0.2499823048355704 0.023132602373759026 0.02493583324343659
0 0.6903607249259949 0.2497444847148248 0.02315143744150805 0.024965892466463756
0 0.7179348468780518 0.24978996642020404 0.02331467469533277 0.025097573450369455
0 0.16541580855846405 0.30612368916356286 0.01935605208079022 0.022396945214086753
0 0.18718338012695312 0.30523670822635074 0.01935605208079022 0.022396945214086753
0 0.21037931740283966 0.3044322036033453 0.01983994742234546 0.022725127464117006
0 0.23334653675556183 0.3032018168362922 0.01983994742234546 0.022725127464117006
0 0.2578878477215767 0.30188710373171523 0.01983994742234549 0.022725127464117006
0 0.2823231816291809 0.30057806796962694 0.019839947422345516 0.022725127464117006
0 0.3080029785633087 0.29947983633724057 0.020934581756591797 0.023935288421867457
0 0.332555890083313 0.2981776969377385 0.020934581756591797 0.023935288421867457
0 0.3845382332801819 0.295420864734766 0.020934581756591797 0.023935288421867457
0 0.41088321805000305 0.2926897171312736 0.021423955758412716 0.024421603180641353
0 0.46468910574913025 0.29117014241773026 0.021447161833445194 0.024226447408513534
0 0.49206307530403137 0.29040829615350594 0.02144716183344525 0.024226447408513534
0 0.5193406343460083 0.2896491330949071 0.021447161833445305 0.024226447408513534
0 0.5472491979598999 0.28887240851769624 0.021447161833445305 0.024226447408513534
0 0.5756601691246033 0.2880817014117574 0.021447161833445305 0.024226447408513534
0 0.16365231573581696 0.3376901094303575 0.018926690022150694 0.022376467091168518
0 0.18643243610858917 0.3377181208410928 0.019348472356796265 0.022809109946554048
0 0.20968970656394958 0.33626589664193085 0.01954434315363568 0.023115439008372728
0 0.25690168887376785 0.33426602523651566 0.01954434315363565 0.023115439008372728
0 0.28124767541885376 0.3332347437705389 0.019544343153635624 0.023115439008372728
0 0.3063780665397644 0.33217023539468205 0.019544343153635624 0.023115439008372728
0 0.3319992125034332 0.3310849389364553 0.019544343153635624 0.023115439008372728
0 0.38418081402778625 0.3290232935929266 0.02024751901626587 0.02336728295614553
0 0.4106624126434326 0.3277738689601314 0.02162832021713257 0.024405472038328213
0 0.43736743927001953 0.32688961472622186 0.02162832021713257 0.024405472038328213
0 0.4644887149333954 0.325991577694853 0.02162832021713257 0.024405472038328213
0 0.4914763867855072 0.3250979645398362 0.02162832021713257 0.024405472038328213
0 0.5188812017440796 0.32419053898301237 0.02162832021713257 0.024405472038328213
0 0.5473719239234924 0.3232471569723311 0.02162832021713257 0.024405472038328213
0 0.5751854777336121 0.32222365520778284 0.021848301092783684 0.0244624559269395
0 0.6034508347511292 0.322158202439156 0.022079606850941902 0.024674378624258086
0 0.16327452659606934 0.37015641012857126 0.01914811134338379 0.021876571714416017
0 0.18556304275989532 0.3697928297456774 0.01957171161969501 0.022716840108235648
0 0.2089238315820694 0.36886348280795783 0.01949205994606018 0.022790383922961344
0 0.2327643781900406 0.36801633571774206 0.01949205994606018 0.022790383922961302
0 0.28212738037109375 0.36626227678823686 0.01949205994606018 0.022790383922961344
0 0.3064495623111725 0.36539801532657445 0.01949205994606018 0.022790383922961344
0 0.3320034146308899 0.36448998783909997 0.01949205994606018 0.022790383922961344
0 0.35776287317276 0.3630316645600075 0.019670307636260986 0.022948472074760036
0 0.38437122106552124 0.36269467768351704 0.020568271478017208 0.023884507112724877
0 0.4101707637310028 0.36203761433446124 0.021384139855702755 0.02420787663422811
0 0.4639623463153839 0.36057167023416586 0.021384139855702755 0.02420787663422811
0 0.49143168330192566 0.3597988527874614 0.02217282851537067 0.02489665127539821
0 0.5185197591781616 0.3591195617913725 0.022172828515370613 0.02489665127539817
0 0.546328604221344 0.358422195978615 0.022172828515370613 0.02489665127539817
0 0.5754607319831848 0.357691646043066 0.022172828515370613 0.02489665127539817
0 0.6045858263969421 0.35696127248364823 0.022172828515370613 0.02489665127539817
0 0.6329857707023621 0.35636305254559186 0.022339344024658203 0.025074212126029526
0 0.6621271967887878 0.35570260805427617 0.022339344024658203 0.025074212126029526
0 0.2084207832813263 0.401008827741756 0.019592354695002256 0.023064014523528343
0 0.23202136158943176 0.4003707587064988 0.019592354695002256 0.023064014523528343
0 0.2568611726164818 0.3996991855759134 0.01959235469500223 0.023064014523528343
0 0.28195154666900635 0.39902083818302597 0.0195923546950022 0.023064014523528343
0 0.30667534470558167 0.3983524015983312 0.0195923546950022 0.023064014523528343
0 0.33200985193252563 0.39779977328485655 0.020429591337839725 0.023608776950096843
0 0.3581201732158661 0.39709312971248184 0.020550747712453243 0.02352148248243696
0 0.38453638553619385 0.3965022977968188 0.020550747712453243 0.02352148248243696
0 0.41004130244255066 0.3959318481527943 0.020550747712453243 0.02352148248243696
0 0.4370206296443939 0.3953284214623714 0.020550747712453243 0.02352148248243696
0 0.4639362096786499 0.3947264205577762 0.020550747712453243 0.02352148248243696
0 0.4913637936115265 0.39412176089313855 0.021590590476989746 0.024149399395136814
0 0.5190544724464417 0.39351130112319 0.021590590476989746 0.024149399395136814
0 0.546829342842102 0.39289898529326134 0.021590590476989746 0.024149399395136814
0 0.5753372311592102 0.3922705095867778 0.021590590476989746 0.024149399395136814
0 0.6041183471679688 0.3921245142189424 0.022076129913330078 0.024574072786079766
0 0.632698118686676 0.39174137559047967 0.022076129913330078 0.024574072786079766
0 0.6614538431167603 0.39135587814829803 0.022076129913330078 0.024574072786079766
0 0.6905775666236877 0.39126169958779977 0.022600173950195312 0.02468511300493586
0 0.7193114161491394 0.391182747333898 0.022883693377176995 0.02483364962792206
0 0.7489465475082397 0.39099161015000455 0.022883693377176995 0.02483364962792206
0 0.7768109440803528 0.3912522661395858 0.022635221481323242 0.024946700694949128
0 0.8045338988304138 0.39144746647324674 0.022635221481323242 0.024946700694949128
0 0.8314483165740967 0.3916369738100808 0.022635221481323242 0.024946700694949128
0 0.2075873613357544 0.4333725965028386 0.02001232902208966 0.023306499155916965
0 0.231617733836174 0.432979938595794 0.02001232902208966 0.023306499155916965
0 0.25604093074798584 0.4325808619113786 0.02001232902208963 0.023306499155916965
0 0.2809370458126068 0.43217405771245715 0.020012329022089603 0.023306499155916965
0 0.30619627237319946 0.4317613202472066 0.020012329022089603 0.023306499155916965
0 0.33121055364608765 0.4306787890057231 0.020291805267333984 0.023674839226774522
0 0.38387060165405273 0.4301005294180997 0.020291805267333984 0.023674839226774522
0 0.40993964672088623 0.4298142654320167 0.020291805267333984 0.023674839226774522
0 0.4363464415073395 0.42952429261882513 0.020291805267333984 0.023674839226774522
0 0.4640471935272217 0.42922011087107104 0.020291805267333984 0.023674839226774522
0 0.49160441756248474 0.42866476192030795 0.02174439032872516 0.024244973825853923
0 0.5188242793083191 0.42830110566000773 0.021744390328725105 0.024244973825853923
0 0.5466235876083374 0.4279297080170029 0.021744390328725105 0.024244973825853923
0 0.6038303971290588 0.42716542733812696 0.021744390328725105 0.024244973825853923
0 0.6325643062591553 0.4267815434655478 0.021744390328725105 0.024244973825853923
0 0.6610670685768127 0.4264533313750522 0.02192676067352295 0.024243199548055958
0 0.689561665058136 0.42625267180482546 0.022413810094197517 0.024499198263005638
0 0.7190884947776794 0.42594208828238556 0.022413810094197517 0.024499198263005638
0 0.7479483485221863 0.4264882109885992 0.022394021352132087 0.024804462758145535
0 0.776840329170227 0.4267449933429097 0.022513628005981445 0.02516372444093695
0 0.16081087291240692 0.4662480019223932 0.01961610714594525 0.02286106671473782
0 0.18373554944992065 0.4660370405330214 0.01961610714594525 0.02286106671473782
0 0.20720979571342468 0.46598115078238556 0.019853681325912476 0.02290906092917278
0 0.25575336813926697 0.4654334186956763 0.019853681325912476 0.02290906092917278
0 0.28061121702194214 0.46515293992661977 0.019853681325912476 0.02290906092917278
0 0.30541756749153137 0.46487304223002757 0.019853681325912476 0.02290906092917278
0 0.33111336827278137 0.46458310859147894 0.019853681325912476 0.02290906092917278
0 0.35685503482818604 0.4642997564271439 0.020303070545196533 0.02343392187310738
0 0.3836354613304138 0.4640026721797045 0.020303070545196533 0.02343392187310738
0 0.4100024998188019 0.46413142826115494 0.020066022872924805 0.02352006306019859
0 0.4632836580276489 0.463452108807177 0.02104785044988 0.02426144503807831
0 0.5188449621200562 0.4629248139044339 0.02104785044987989 0.02426144503807831
0 0.5456814765930176 0.46282808464645525 0.022196610768635994 0.024720421133115365
0 0.574600338935852 0.46265455733898075 0.022196610768635994 0.024720421133115365
0 0.6318729519844055 0.46217864804182107 0.022543629010518318 0.025199032569116455
0 0.6610894799232483 0.46207099737123003 0.022543629010518318 0.025199032569116455
0 0.6895198225975037 0.4619662434641119 0.022543629010518318 0.025199032569116455
0 0.7189341187477112 0.4618578641004804 0.022543629010518318 0.025199032569116455
0 0.7481400966644287 0.4617502523023029 0.022543629010518318 0.025199032569116455
0 0.7763805389404297 0.46164619809862867 0.022543629010518318 0.025199032569116455
0 0.8042458295822144 0.46228275742641717 0.022467414538065666 0.0252893728803294
0 0.16043291985988617 0.498586614817953 0.019372175137201963 0.023477509964344112
0 0.1833161562681198 0.49852881320687226 0.019372175137201963 0.023477509964344112
0 0.20661529898643494 0.49846996104269864 0.019372175137201963 0.023477509964344112
0 0.2308732569217682 0.49840868697179463 0.019372175137201963 0.023477509964344112
0 0.2552618980407715 0.4983470828034157 0.019372175137201936 0.023477509964344112
0 0.27996429800987244 0.4982846860999816 0.019372175137201908 0.023477509964344112
0 0.33118265867233276 0.4980581720993593 0.020259062449137333 0.023579767508100116
0 0.35657939314842224 0.4979615267499558 0.020259062449137333 0.023579767508100116
0 0.40980035066604614 0.49775899842728016 0.0210421085357666 0.02412618592728016
0 0.4365507960319519 0.4976210130283224 0.0210421085357666 0.02412618592728016
0 0.4639352858066559 0.4974797570718279 0.0210421085357666 0.02412618592728016
0 0.4904959201812744 0.4973427507648069 0.0210421085357666 0.02412618592728016
0 0.5188127756118774 0.4971966854361601 0.0210421085357666 0.02412618592728016
0 0.5468472242355347 0.4973002421717787 0.021604577700297112 0.02429063190785484
0 0.5749411582946777 0.49724157466444857 0.021604577700297112 0.02429063190785484
0 0.6032504439353943 0.497276820525891 0.021972338358561272 0.024675295334453676
0 0.6319200396537781 0.49730402924293693 0.021972338358561272 0.024675295334453676
0 0.6610785722732544 0.49724160798852507 0.02257319291432691 0.02531634190285847
0 0.6899312138557434 0.4971798415716693 0.02257319291432691 0.02531634190285847
0 0.7195252180099487 0.49711648807969205 0.02257319291432691 0.02531634190285847
0 0.747559666633606 0.4970564732129402 0.02257319291432691 0.02531634190285847
0 0.15989992022514343 0.5315312211516994 0.019403467575709044 0.022585728371790157
0 0.20651192963123322 0.5313644833311789 0.019403467575709044 0.022585728371790157
0 0.23025758564472198 0.5312795417253361 0.019403467575709044 0.022585728371790157
0 0.25488848239183426 0.53148635150096 0.020261367162068694 0.023772454076959125
0 0.27977365255355835 0.5314294681992642 0.020261367162068722 0.023772454076959125
0 0.3051411807537079 0.5313714823084501 0.020261367162068722 0.023772454076959125
0 0.3299969434738159 0.5313146662272057 0.020261367162068722 0.023772454076959125
0 0.38231056928634644 0.5311950861021529 0.020261367162068722 0.023772454076959125
0 0.4362402856349945 0.5316595907902825 0.021554867426554325 0.02424961651942532
0 0.46324706077575684 0.5316817792614521 0.0216043392817179 0.02446513212928471
0 0.49062132835388184 0.5317941710006359 0.021604339281717955 0.02446513212928471
0 0.5185285210609436 0.5319087507940543 0.02160433928171801 0.02446513212928471
0 0.546309769153595 0.5320228134911079 0.02160433928171801 0.02446513212928471
0 0.5741333961486816 0.5321370501850926 0.02160433928171801 0.02446513212928471
0 0.15891705453395844 0.563175361860011 0.019511982798576355 0.02268632992293478
0 0.18158309161663055 0.5634564688039381 0.019511982798576355 0.02268632992293478
0 0.20555487275123596 0.5637537697441357 0.019511982798576355 0.02268632992293478
0 0.22961799800395966 0.564209871513899 0.020208537578582764 0.023422063783157702
0 0.2541443631052971 0.5645051131390063 0.020208537578582764 0.023422063783157702
0 0.27912774682044983 0.5648058562282602 0.020208537578582764 0.023422063783157702
0 0.3042360544204712 0.5651081031168186 0.020208537578582764 0.023422063783157702
0 0.32970529794692993 0.5654146948526072 0.020208537578582764 0.023422063783157702
0 0.3557313084602356 0.5658915320108103 0.02106870214144385 0.023988294971081583
0 0.4092705547809601 0.566283781732795 0.02106870214144385 0.023988294971081583
0 0.4354803264141083 0.566475804899778 0.02106870214144385 0.023988294971081583
0 0.4629684090614319 0.5662808972735738 0.021584153175354004 0.024604383365128445
0 0.4904114753007889 0.5665591412913044 0.021584153175354004 0.024604383365128445
0 0.5184409022331238 0.5668433303938019 0.021584153175354004 0.024604383365128445
0 0.5462700128555298 0.5671254884982175 0.021584153175354004 0.024604383365128445
0 0.5740165710449219 0.5674068096072175 0.021584153175354004 0.024604383365128445
0 0.20510399341583252 0.5965406728345294 0.01984852055708569 0.023719580598579766
0 0.22869917750358582 0.5970654378775008 0.01984852055708569 0.023719580598579766
0 0.25356534868478775 0.5974153610240537 0.02069695790608725 0.023782656174297426
0 0.27875587344169617 0.5979550827381223 0.020696957906087277 0.023782656174297426
0 0.30434712767601013 0.5987478744151981 0.021066327889760372 0.024236723434093388
0 0.3291528522968292 0.599222005526255 0.021066327889760372 0.024236723434093388
0 0.3551843762397766 0.5997195662933056 0.021066327889760372 0.024236723434093388
0 0.381553590297699 0.6002235815942129 0.021066327889760372 0.024236723434093388
0 0.40828338265419006 0.6007344889086347 0.021066327889760372 0.024236723434093388
0 0.43487703800201416 0.6013180007774215 0.0211770931879679 0.024289182914319942
0 0.46252286434173584 0.6012387690384589 0.02194325129191077 0.024810465731362096
0 0.48973172903060913 0.6017443337082902 0.021943251291910826 0.024810465731362096
0 0.5172838568687439 0.6022562765097601 0.02194325129191088 0.024810465731362096
0 0.5459073781967163 0.6027881267458893 0.022527893384297615 0.025397455969522167
0 0.5746673941612244 0.6031941258630087 0.02251899242401123 0.025550960570342836
0 0.6035271883010864 0.6034715644154229 0.02251899242401123 0.025550960570342836
0 0.6320270299911499 0.6037455426283029 0.02251899242401123 0.025550960570342836
0 0.6912222504615784 0.6043146054635249 0.02251899242401123 0.025550960570342836
0 0.7200672626495361 0.6045919019122457 0.02251899242401123 0.025550960570342836
0 0.7487449645996094 0.6048670843763294 0.023011445999145508 0.02565191697704705
0 0.7764943242073059 0.6040530864949041 0.022026260693867927 0.025315040765806686
0 0.8308568000793457 0.6038308665377712 0.022026260693867927 0.025315040765806686
0 0.8569748401641846 0.6037241026412609 0.022026260693867927 0.025315040765806686
0 0.8817049264907837 0.6036230123462507 0.022026260693867927 0.025315040765806686
0 0.9055219292640686 0.6028919219970703 0.02128557364145922 0.024840451026147705
0 0.20491242408752441 0.6296736695045648 0.02046257257461548 0.023538545120594112
0 0.22854472696781158 0.6303944932086933 0.02046257257461548 0.023538545120594112
0 0.2531070113182068 0.6311436828613901 0.02046257257461548 0.023538545120594112
0 0.2780827581882477 0.6319054837939287 0.02046257257461548 0.023538545120594112
0 0.3030989170074463 0.6326685173566952 0.02046257257461548 0.023538545120594112
0 0.3292410969734192 0.6331444230190543 0.02133587996164954 0.024410188660141163
0 0.354388564825058 0.6337400323949408 0.02133587996164954 0.024410188660141163
0 0.3810943365097046 0.6343725496765814 0.02133587996164954 0.024410188660141163
0 0.4354463815689087 0.6356598597082257 0.02133587996164954 0.024410188660141163
0 0.46229320764541626 0.6362957178160201 0.02133587996164954 0.024410188660141163
0 0.5183295011520386 0.6378588121990825 0.02245628833770752 0.025164197581682965
0 0.5462592244148254 0.6383251844356573 0.02245628833770752 0.025164197581682965
0 0.5745816826820374 0.6387981145854872 0.02245628833770752 0.025164197581682965
0 0.6037384867668152 0.6392849766930868 0.02245628833770752 0.025164197581682965
0 0.6624941825866699 0.6399666098661201 0.022390206654866462 0.025447815887687686
0 0.6915101408958435 0.6400062553758453 0.022390206654866462 0.025447815887687686
0 0.7200334668159485 0.6400452277848593 0.022390206654866462 0.025447815887687686
0 0.7488290071487427 0.6400845721298621 0.022390206654866462 0.025447815887687686
0 0.7777745127677917 0.6401241213776344 0.022390206654866462 0.025447815887687686
0 0.8050166368484497 0.6395020152247229 0.02237912019093824 0.025273729664410785
0 0.40755173563957214 0.6700259363928507 0.022282282511393192 0.025347066480059955
0 0.43368446826934814 0.6708509755689044 0.02235734462738037 0.025526327680247644
0 0.4618908762931824 0.6714414552200673 0.022468189398447636 0.02532914627430051
0 0.4893464148044586 0.6722693091512847 0.02246818939844769 0.02532914627430051
0 0.5179199576377869 0.673130873740654 0.022468189398447747 0.02532914627430051
0 0.546286940574646 0.673986210026679 0.022468189398447747 0.02532914627430051
0 0.5747231245040894 0.6748436328976654 0.022468189398447747 0.02532914627430051
0 0.6044749021530151 0.6757492686426917 0.02252727746963501 0.025491019552068138
0 0.6331363320350647 0.6755059385126145 0.022860050201416016 0.025702276895212574
0 0.6623243093490601 0.6761000877202943 0.022860050201416016 0.025702276895212574
0 0.15806244313716888 0.6926470786119021 0.020763258139292418 0.023802853369897705
0 0.18150201439857483 0.6940870506818905 0.020738263924916567 0.0239518335623334
0 0.20482592284679413 0.6954155074365974 0.020738263924916567 0.0239518335623334
0 0.22841456532478333 0.6974983066376848 0.021170218785603823 0.02401029601577635
0 0.2527284324169159 0.698462730230287 0.02117021878560385 0.02401029601577635
0 0.2776145339012146 0.6994498518308292 0.021170218785603878 0.02401029601577635
0 0.3028399646282196 0.7004504331219291 0.021170218785603878 0.02401029601577635
0 0.32842880487442017 0.7014654292616733 0.021170218785603878 0.02401029601577635
0 0.3541269302368164 0.7024847602587226 0.021170218785603878 0.02401029601577635
0 0.3801274597644806 0.7041160228640534 0.021328051884969113 0.024485861608224378
0 0.4069330096244812 0.7053859026948658 0.021328051884969113 0.024485861608224378
0 0.46171924471855164 0.7070746310921603 0.022654076417287228 0.025465617808260715
0 0.5179657340049744 0.709412649503834 0.022576570510864258 0.025225055310153167
0 0.5466603636741638 0.7100571033566497 0.022576570510864258 0.025225055310153167
0 0.5747821927070618 0.7106886926567177 0.022576570510864258 0.025225055310153167
0 0.6042810082435608 0.7113512077525793 0.022576570510864258 0.025225055310153167
0 0.662498950958252 0.712658726891806 0.022576570510864258 0.025225055310153167
0 0.6918306946754456 0.7133174897148943 0.022576570510864258 0.025225055310153167
0 0.7208466529846191 0.7131638000432969 0.02290125687917066 0.025217692057291612
0 0.15717703104019165 0.7264196681043114 0.020714382330576597 0.023419106653494372
0 0.179512619972229 0.7277582130424975 0.020714382330576597 0.023419106653494372
0 0.22815923392772675 0.7309572414750851 0.02086347838242847 0.023955293404039433
0 0.2518707439303398 0.7320876897767533 0.020863478382428496 0.023955293404039433
0 0.27708563208580017 0.7332637919936069 0.021345237890879276 0.02427061214003452
0 0.3017922341823578 0.7343442194092838 0.021707097689310673 0.024597049683563414
0 0.32771191000938416 0.735703423965809 0.021707097689310673 0.024597049683563497
0 0.37981802225112915 0.738630271712704 0.02223294973373413 0.024996543115423688
0 0.40580394864082336 0.7398118529208871 0.02223294973373413 0.024996543115423604
0 0.4612608253955841 0.7423334795296634 0.02223294973373413 0.024996543115423688
0 0.48822328448295593 0.7435594637222718 0.02223294973373413 0.024996543115423688
0 0.5176175832748413 0.7448960237724837 0.02223294973373413 0.024996543115423604
0 0.5461983680725098 0.7461955933058386 0.02223294973373413 0.024996543115423604
0 0.15764403343200684 0.758347888325536 0.02098225553830463 0.02395535254663264
0 0.20377419888973236 0.7618956223446227 0.02098225553830463 0.02395535254663264
0 0.22847624123096466 0.763795383056195 0.02098225553830463 0.02395535254663264
0 0.25163862109184265 0.7655767328991899 0.020982255538304656 0.02395535254663264
0 0.2765513062477112 0.7674926935240279 0.020982255538304684 0.02395535254663264
0 0.30160558223724365 0.7689676506574764 0.020609349012374878 0.02417281986207012
0 0.3271624743938446 0.7707754224111842 0.020609349012374878 0.02417281986207012
0 0.35318076610565186 0.7712826717866949 0.022495726744333866 0.025387549585150083
0 0.4060239791870117 0.7745073007982831 0.022495726744333866 0.025387549585150083
0 0.4337763786315918 0.7762008237158315 0.022495726744333866 0.025387549585150083
0 0.4617140591144562 0.7782342600267987 0.02260877688725793 0.025656766669694766
0 0.4889480471611023 0.7793053286014932 0.022608776887257875 0.025656766669694766
0 0.5178849101066589 0.7804433684837953 0.02260877688725782 0.025656766669694766
0 0.5463693737983704 0.7815636162372628 0.02260877688725782 0.025656766669694766
0 0.5754926800727844 0.7827089886332668 0.02260877688725782 0.025656766669694766
0 0.6044064164161682 0.7834428299305051 0.0229907830556233 0.025923440622728923
0 0.6329923868179321 0.7838064991796632 0.0229907830556233 0.025923440622728923
0 0.6919570565223694 0.7845566446831 0.0229907830556233 0.025923440622728923
0 0.7209580540657043 0.7849255938862645 0.0229907830556233 0.025923440622728923
0 0.7780097126960754 0.7856514021609435 0.0229907830556233 0.025923440622728923
0 0.8062718510627747 0.7837260933809502 0.023192008336385017 0.0255941346634266
0 0.832764744758606 0.7834145303915906 0.023192008336385017 0.0255941346634266
0 0.8593538403511047 0.7811195905818495 0.022387663523356194 0.02521106808684593
0 0.1566666066646576 0.7910676113394803 0.021363566319147764 0.023613153501998548
0 0.1802615374326706 0.7930989274192498 0.021363566319147764 0.023613153501998548
0 0.20329110324382782 0.795556665707277 0.021752665440241514 0.02452956798464753
0 0.22686392068862915 0.797330989394077 0.02191902200380963 0.02488040184789861
0 0.25159913301467896 0.7992064963176649 0.021919022003809602 0.02488040184789861
0 0.2759395241737366 0.8010520665735376 0.021919022003809574 0.02488040184789861
0 0.32659557461738586 0.8052164567077015 0.02278157075246179 0.02567805800327035
0 0.35319897532463074 0.8069101377975109 0.022850831349690792 0.02576854617096657
0 0.37920498847961426 0.8085592888413146 0.022850831349690792 0.02576854617096657
0 0.40555304288864136 0.8102301301645073 0.022850831349690792 0.02576854617096657
0 0.4329903721809387 0.8119700470049672 0.022850831349690792 0.02576854617096657
0 0.46122798323631287 0.8137607130893442 0.022850831349690792 0.02576854617096657
0 0.48866474628448486 0.8155028062006701 0.023001432418823242 0.025688407957091923
0 0.5172335505485535 0.8168631971560945 0.023275554180145264 0.025827629621638808
0 0.5461200475692749 0.8179812048008038 0.023275554180145264 0.025827629621638808
0 0.5746637582778931 0.8190859454260764 0.023275554180145264 0.025827629621638808
0 0.6036088466644287 0.8202062207599019 0.023275554180145264 0.025827629621638808
0 0.6025386809491786 0.046549685486810266 0.022730529308319092 0.024179743241894147
0 0.6312877033032528 0.04537471425889735 0.02275768915812182 0.02379493195881216
0 0.6598936769427086 0.04490999348686761 0.02275768915812182 0.02379493195881216
0 0.6891639788134569 0.04395088891480622 0.02275768915812182 0.023794931958812153
0 0.5754102825307522 0.08162384879228869 0.022092392047246223 0.02401602545449902
0 0.6310612255213214 0.11405992093031174 0.021050165096918816 0.023378926654194675
0 0.6603315273920697 0.113595200158282 0.021050165096918816 0.023378926654194675
0 0.6902661574941106 0.11313047938625226 0.021050165096918816 0.023378926654194675
0 0.7188721311335664 0.11316014241425415 0.021050165096918816 0.023378926654194675
0 0.6907686696571558 0.1472041638534476 0.022523244222005134 0.024479045424350473
0 0.7188322714396888 0.1467485777884038 0.021050165096918816 0.023378926654194675
0 0.7487669015417296 0.14628385701637409 0.021050165096918816 0.023378926654194675
0 0.7760772680749699 0.14641778962443552 0.022092392047246223 0.024016025454499
0 0.7189950482780432 0.1808559371406303 0.0222033558248661 0.024896257343482327
