0 0.12790566682815552 0.17185432966365372 0.020064612229665116 0.022691401400307367
0 0.1512753963470459 0.17049915543414348 0.020064612229665102 0.022691401400307367
0 0.17491449415683746 0.16912836095683445 0.020064612229665102 0.022691401400307367
0 0.19923436641693115 0.16771808942907807 0.020064612229665102 0.022691401400307367
0 0.22326169908046722 0.16632478181705918 0.021105835835138975 0.023074305334756542
0 0.2473701909184456 0.16468801677333458 0.021105835835138947 0.023074305334756542
0 0.2727300524711609 0.16296629418769396 0.02110583583513892 0.023074305334756542
0 0.2969036102294922 0.16132511171194217 0.02110583583513892 0.023074305334756542
0 0.322147399187088 0.15961126948511878 0.02110583583513892 0.023074305334756542
0 0.3474622070789337 0.1574119390950185 0.02238415678342187 0.024927701136862598
0 0.39927369356155396 0.1549256346946539 0.02238415678342187 0.024927701136862598
0 0.4533054530620575 0.15233278491315597 0.02238415678342187 0.024927701136862598
0 0.4803806245326996 0.15103351476018198 0.02238415678342187 0.024927701136862598
0 0.5076129883527756 0.14905937961089172 0.022188464800516783 0.024471438208291698
0 0.5342157483100891 0.14769745981970497 0.02218846480051684 0.024471438208291698
0 0.5624379515647888 0.14625263314664005 0.02218846480051684 0.024471438208291698
0 0.5910356044769287 0.1447885854483927 0.02218846480051684 0.024471438208291698
0 0.6192725300788879 0.1433430050694665 0.02218846480051684 0.024471438208291698
0 0.6768245697021484 0.1411821423225126 0.022135337193806892 0.02499680186426917
0 0.705149233341217 0.14052126894755015 0.022166093190510994 0.025332680044248136
0 0.7343548536300659 0.14069893193799396 0.022166093190510994 0.025332680044248136
0 0.7632279992103577 0.1408745724255638 0.022166093190510994 0.025332680044248136
0 0.791713535785675 0.1410478550185139 0.022166093190510994 0.025332680044248136
0 0.8202260136604309 0.14122130150018736 0.022166093190510994 0.025332680044248136
0 0.12820282578468323 0.20416223712404985 0.019376834233601883 0.02227317455203034
0 0.15203873813152313 0.20274069566522795 0.0196407636006673 0.022468518841174193
0 0.17582309246063232 0.2013943916143373 0.019867777824401855 0.02265199395113213
0 0.19928811490535736 0.20005907767119802 0.019867777824401855 0.02265199395113213
0 0.2228919416666031 0.19871586485049933 0.019867777824401855 0.02265199395113213
0 0.24781331419944763 0.197297675019074 0.019867777824401855 0.02265199395113213
0 0.2730427384376526 0.19586195502170298 0.019867777824401855 0.02265199395113213
0 0.2980838716030121 0.19450738019528194 0.021177669366200802 0.023779100225877384
0 0.3489203453063965 0.19166369083879345 0.021177669366200802 0.023779100225877384
0 0.37432122230529785 0.19024281723554745 0.021177669366200802 0.023779100225877384
0 0.4010012745857239 0.18922801032368 0.021369675795237186 0.023584668950517054
0 0.42712053656578064 0.18799525083497512 0.021369675795237186 0.023584668950517054
0 0.4534599781036377 0.18683695189123942 0.02196160952250159 0.023789047270782227
0 0.4807955026626587 0.1856605230375778 0.02196160952250159 0.023789047270782227
0 0.5078836679458618 0.18424143347629282 0.02194110552469891 0.02375680716462838
0 0.534949004650116 0.1831495928209881 0.02237923940022779 0.02448906639749691
0 0.562789261341095 0.18109934529358898 0.022479573885599846 0.024506254713664678
0 0.5908965468406677 0.1801364255505939 0.022479573885599846 0.024506254713664678
0 0.6192255020141602 0.17916591168736815 0.022479573885599846 0.024506254713664678
0 0.6475100517272949 0.17819691909856342 0.022479573885599846 0.024506254713664678
0 0.6768164038658142 0.17699912897807607 0.02164701620737719 0.024619120960087733
0 0.7054926753044128 0.17688506703044093 0.02164701620737719 0.024619120960087733
0 0.7342543005943298 0.17677066558167712 0.02164701620737719 0.024619120960087754
0 0.7633573412895203 0.17665490612839863 0.02164701620737719 0.024619120960087733
0 0.7916832566261292 0.17654223774754724 0.02164701620737719 0.024619120960087733
0 0.8187851309776306 0.17643443807841264 0.02164701620737719 0.024619120960087754
0 0.8465339541435242 0.17866668314448822 0.021541277567545647 0.02425334619921305
0 0.8716718554496765 0.17964030975519224 0.021541277567545647 0.02425334619921307
0 0.12670110166072845 0.2664946622626726 0.019016782442728683 0.02268248565437255
0 0.15045292675495148 0.26630080023477243 0.019741296768188477 0.022851175116014085
0 0.17414192855358124 0.2653952378899288 0.019741296768188477 0.022851175116014085
0 0.19803789258003235 0.26448176397490114 0.019741296768188477 0.022851175116014085
0 0.22230969369411469 0.26355392288994167 0.019741296768188477 0.022851175116014085
0 0.2467372566461563 0.2626201274783112 0.019741296768188477 0.022851175116014085
0 0.2713494598865509 0.26150984706690716 0.019792844851811764 0.022792239521825037
0 0.2965025305747986 0.26049205868743186 0.019792844851811764 0.022792239521825037
0 0.12730567157268524 0.29892161164881376 0.01907007396221161 0.022122774937356194
0 0.15034529566764832 0.2981555406437364 0.01907007396221161 0.022122774937356194
0 0.1739269345998764 0.297371447562889 0.01907007396221161 0.022122774937356194
0 0.1979597508907318 0.2965723527662512 0.01907007396221161 0.022122774937356194
0 0.24671148508787155 0.2949513501899187 0.01907007396221161 0.022122774937356194
0 0.271869421005249 0.29411484499458823 0.01907007396221161 0.022122774937356194
0 0.2969079315662384 0.2933189316223356 0.01977895200252533 0.022311188453851744
0 0.3217436671257019 0.2925148232038631 0.01977895200252533 0.022311188453851744
0 0.3471934497356415 0.2920536961130744 0.020847400029500363 0.02345635170160338
0 0.3727523982524872 0.291590591034582 0.020847400029500363 0.02345635170160338
0 0.3997822403907776 0.29110083469124726 0.020847400029500363 0.02345635170160338
0 0.1270560324192047 0.3626486756080805 0.018543610970179245 0.0218253172645273
0 0.1498291939496994 0.3614709360121551 0.019244074821472168 0.022597142892290468
0 0.17343363165855408 0.3612101133479628 0.019244074821472168 0.022597142892290468
0 0.19696497917175293 0.36095009831070046 0.019244074821472168 0.022597142892290426
0 0.22110991179943085 0.36071300506591797 0.0195980966091156 0.023001826086709667
0 0.24546223878860474 0.3604369048952001 0.0195980966091156 0.023001826086709667
0 0.27009961009025574 0.36015757296829837 0.0195980966091156 0.023001826086709667
0 0.32087692618370056 0.3593360102453897 0.02091226975123084 0.023720837378686684
0 0.3464355170726776 0.359061005586353 0.02091226975123084 0.023720837378686684
0 0.3991088271141052 0.35849425268001317 0.02091226975123084 0.023720837378686684
0 0.42531827092170715 0.35821224499073323 0.02091226975123084 0.023720837378686684
0 0.45227476954460144 0.3579221991605537 0.02091226975123084 0.023720837378686684
0 0.47860822081565857 0.3574230168856437 0.021360158920288086 0.023848674094030072
0 0.5059079527854919 0.3568919425786928 0.021360158920288086 0.023848674094030072
0 0.5332982540130615 0.35513256871423055 0.022746523221333748 0.024978238482807957
0 0.5885305404663086 0.35558059603668923 0.023146430651346916 0.024921284165493277
0 0.6164138317108154 0.3551093867661124 0.023146430651346916 0.024921284165493277
0 0.6445549726486206 0.35463382000542326 0.023146430651346916 0.024921284165493277
0 0.67290860414505 0.3541546622941445 0.023146430651346916 0.024921284165493277
0 0.7019102573394775 0.3536645534426667 0.023146430651346916 0.024921284165493277
0 0.7306581139564514 0.35346552383068 0.022521575291951423 0.024544856345006635
0 0.1259457916021347 0.425490889438363 0.018530577421188354 0.022064563839934593
0 0.14895747601985931 0.4255916699356414 0.018530577421188354 0.022064563839934593
0 0.172366201877594 0.42569418929014713 0.018530577421188354 0.022064563839934593
0 0.19599945843219757 0.4257976919848931 0.018530577421188354 0.022064563839934593
0 0.22023960947990417 0.4259038525958394 0.018530577421188354 0.022064563839934593
0 0.26998138427734375 0.4256850880762817 0.01849385102589929 0.022193790406219664
0 0.32068756222724915 0.4256790072418923 0.01849385102589929 0.022193790406219664
0 0.34647199511528015 0.4256628036394718 0.019299626350402832 0.02234912842743151
0 0.3719702661037445 0.4256141130314317 0.019299626350402832 0.02234912842743151
0 0.3981287181377411 0.42512796091478927 0.019523799419403076 0.022548231967659885
0 0.4239371418952942 0.42494431648241077 0.019523799419403076 0.022548231967659885
0 0.12622525915503502 0.45761208937265213 0.018171628316243485 0.021979073221369362
0 0.14905446767807007 0.4576067157737236 0.018430928389231382 0.02213689523149836
0 0.17245547473430634 0.45765184801678327 0.018430928389231382 0.02213689523149836
0 0.22069838643074036 0.457744891483304 0.018430928389231382 0.02213689523149836
0 0.24486780166625977 0.4577915057132128 0.018430928389231355 0.02213689523149836
0 0.2699483036994934 0.4578398771064226 0.018430928389231327 0.02213689523149836
0 0.3208754062652588 0.45793809742513786 0.018430928389231327 0.02213689523149836
0 0.3466487526893616 0.4585230337121826 0.01971856753031409 0.022729622301205128
0 0.3729284107685089 0.45847266495270966 0.01971856753031409 0.022729622301205128
0 0.3973630964756012 0.4584258323492006 0.01971856753031409 0.022729622301205128
0 0.42382410168647766 0.4583751160117634 0.01971856753031409 0.022729622301205128
0 0.47732052206993103 0.4585305899656093 0.020458370447158813 0.023149505142093574
0 0.5036837309598923 0.458551007647847 0.020458370447158813 0.023149505142093574
0 0.1259889155626297 0.48910526410311167 0.018299579620361328 0.02216309540031487
0 0.14910241961479187 0.4888203845984554 0.018527592221895872 0.022301814352819218
0 0.1725868582725525 0.4892273836357649 0.018527592221895872 0.022301814352819218
0 0.19639547169208527 0.48964000081102027 0.018527592221895872 0.022301814352819218
0 0.22087323665618896 0.49038340658415097 0.019198919336001097 0.022385737692662968
0 0.24530880898237228 0.49048769751260446 0.01919891933600107 0.022385737692662968
0 0.2703997790813446 0.4905947856762247 0.01919891933600104 0.022385737692662968
0 0.29499486088752747 0.4906997573905237 0.01919891933600104 0.022385737692662968
0 0.32076141238212585 0.4908097289329351 0.01919891933600104 0.022385737692662968
0 0.3724914491176605 0.4910305125302279 0.01919891933600104 0.022385737692662968
0 0.4244549870491028 0.4915549554902872 0.019277572631835938 0.022642120834468926
0 0.45023807883262634 0.49173142189203306 0.019277572631835938 0.022642120834468926
0 0.4768655300140381 0.49238754982172056 0.019772827625274658 0.022977902907733824
0 0.5032346695661545 0.4925281613372093 0.020119895537694277 0.023193684659262904
0 0.5305106043815613 0.49265821589980013 0.02029317617416382 0.023067503936531064
0 0.5578574538230896 0.4929739515269079 0.020267516374588013 0.0230961585229682
0 0.12536754831671715 0.5208860885265262 0.018297411501407623 0.0220076390939166
0 0.14828899502754211 0.5212695915289715 0.018297411501407623 0.0220076390939166
0 0.172024205327034 0.5220469639343538 0.01898918549219769 0.022345727728318852
0 0.2205684930086136 0.5225103067797284 0.01898918549219769 0.022345727728318852
0 0.24495048075914383 0.522706069702793 0.019369324048360198 0.022710312244503997
0 0.26989784836769104 0.5229557835778524 0.019369324048360226 0.022710312244503997
0 0.29529649019241333 0.5232100145400452 0.019369324048360226 0.022710312244503997
0 0.320874959230423 0.5234660455057886 0.019369324048360226 0.022710312244503997
0 0.3463000953197479 0.5240399164469768 0.020077645778656006 0.023095478383145535
0 0.37199559807777405 0.524360922879951 0.020077645778656006 0.023095478383145535
0 0.3978136479854584 0.5246834602587779 0.020077645778656006 0.023095478383145535
0 0.4504328966140747 0.5253408172082454 0.020077645778656006 0.023095478383145535
0 0.4769379198551178 0.5256719367448673 0.020077645778656006 0.023095478383145535
0 0.5036386847496033 0.5260055016249623 0.020077645778656006 0.023095478383145535
0 0.530571460723877 0.5262479766825894 0.020406941572825188 0.022785778193510724
0 0.5578685402870178 0.5265575675077216 0.020406941572825188 0.022785778193510724
0 0.6132985949516296 0.5271732227471414 0.021178801854451423 0.023118366566739285
0 0.6413444876670837 0.5274897730627726 0.021178801854451423 0.023118366566739285
0 0.1249907910823822 0.5522752948298862 0.01848742365837097 0.022165934244791612
0 0.14810311794281006 0.5528272140857785 0.018371562163035093 0.02212917712307721
0 0.17219391465187073 0.5533096402190453 0.018638441960016905 0.022419537684714202
0 0.19656892120838165 0.5538839596333865 0.018638441960016905 0.022419537684714202
0 0.22021885216236115 0.5545493281164835 0.01858211557070416 0.022574579992959667
0 0.24512997269630432 0.5550598201066781 0.018582115570704133 0.022574579992959667
0 0.2701255977153778 0.5552456881503113 0.019808928171793583 0.023149298143017253
0 0.2953321635723114 0.5557991293973701 0.019748806953430176 0.023039973059365917
0 0.3204955756664276 0.5563564890295253 0.019748806953430176 0.023039973059365917
0 0.3458361327648163 0.5569177723535091 0.019748806953430176 0.023039973059365917
0 0.37173980474472046 0.5574915284495499 0.019748806953430176 0.023039973059365917
0 0.397845596075058 0.558069761409316 0.019748806953430176 0.023039973059365917
0 0.42360740900039673 0.5583154260069073 0.0206738909085592 0.023401896158854112
0 0.4764660596847534 0.5592439784560093 0.0206738909085592 0.023401896158854112
0 0.5029999762773514 0.559710092004451 0.020673890908559145 0.023401896158854112
0 0.5303111672401428 0.5602187666782114 0.02102740605672193 0.023895441099654798
0 0.5580885410308838 0.5606621132460348 0.02102740605672193 0.023895441099654798
0 0.5852321982383728 0.561095345248159 0.02102740605672193 0.023895441099654798
0 0.612816333770752 0.5615356075964568 0.02102740605672193 0.023895441099654798
0 0.669776439666748 0.5624447312465933 0.02102740605672193 0.023895441099654798
0 0.6980192065238953 0.5626571566559547 0.021079182624816895 0.023892483969991465
0 0.726402223110199 0.5628981035809184 0.02173725763956713 0.023995332939680234
0 0.7545582056045532 0.5632507565257897 0.02173725763956713 0.023995332939680234
0 0.12484797462821007 0.5836970750675645 0.018395446240901947 0.021973365961119186
0 0.14804653823375702 0.5844608154708 0.018395446240901947 0.021973365961119186
0 0.17212308943271637 0.5856255158532476 0.01853633920351666 0.022042474081349926
0 0.19653825461864471 0.5862369980922965 0.01853633920351666 0.022042474081349926
0 0.22061684727668762 0.586840050811357 0.01853633920351666 0.022042474081349926
0 0.24497035145759583 0.5872972621474155 0.01939205328623453 0.022551396096399532
0 0.26942870020866394 0.5879277101561324 0.0193920532862345 0.022551396096399532
0 0.2946643829345703 0.5885781950308507 0.0193920532862345 0.022551396096399532
0 0.3201117217540741 0.5892341356362114 0.0193920532862345 0.022551396096399532
0 0.3453725278377533 0.5898852681004724 0.0193920532862345 0.022551396096399532
0 0.371110200881958 0.5902877928270843 0.01989235480626428 0.022844802501589753
0 0.42345356941223145 0.5913030491318814 0.01989235480626428 0.022844802501589753
0 0.44955509901046753 0.5917161453601926 0.01995738347371423 0.02286976067594785
0 0.4761500954627991 0.5921835188726604 0.01995738347371423 0.02286976067594785
0 0.5025138258934021 0.5932886977105976 0.021465142567952455 0.02351178309714153
0 0.5298780798912048 0.5939656191093977 0.021620472272237068 0.023315193117126994
0 0.5569779276847839 0.5944284377911755 0.021620472272237068 0.023315193117126994
0 0.6133896112442017 0.5953918520959606 0.021620472272237068 0.023315193117126994
0 0.6410878896713257 0.5958648909413001 0.021620472272237068 0.023315193117126994
0 0.6691256761550903 0.5963437279989553 0.021620472272237068 0.023315193117126994
0 0.12539058923721313 0.6153706838918287 0.01875067750612895 0.02197159168332122
0 0.14828602969646454 0.6160666463573868 0.018750677506128965 0.02197159168332122
0 0.17199398577213287 0.6167873072065692 0.018750677506128965 0.02197159168332122
0 0.19648736715316772 0.61753184296364 0.018750677506128965 0.02197159168332122
0 0.22051867842674255 0.6190032395452311 0.019365092118581118 0.02222939424736555
0 0.269105464220047 0.6203786273335301 0.019365092118581173 0.02222939424736555
0 0.2942243814468384 0.6210896900524349 0.019365092118581173 0.02222939424736555
0 0.3196159899234772 0.6218084720762677 0.019365092118581173 0.02222939424736555
0 0.34496769309043884 0.6225261244662973 0.019365092118581173 0.02222939424736555
0 0.1262665092945099 0.6467992649521939 0.018781701723734542 0.022089640299479112
0 0.14914143085479736 0.6477701877382779 0.018781701723734556 0.022089640299479112
0 0.17284390330314636 0.6487762358038847 0.018781701723734556 0.022089640299479112
0 0.19642381370067596 0.6498219689657522 0.01943764090538025 0.022117348604424054
0 0.22068457305431366 0.650664035279425 0.01943764090538025 0.022117348604424054
0 0.2683425545692444 0.6523181954079845 0.01943764090538025 0.022117348604424054
0 0.2944774925708771 0.6532253125587839 0.01943764090538025 0.022117348604424054
0 0.31922879815101624 0.6540844052336937 0.01943764090538025 0.022117348604424054
0 0.3451308608055115 0.6549459073362066 0.01956060528755188 0.022137634513914067
0 0.37044528126716614 0.655078976653343 0.01998271544774377 0.022080621054006176
0 0.12604884803295135 0.7095375948174055 0.01877495149771373 0.022212893463844478
0 0.14949281513690948 0.7106301950853925 0.01889251172542572 0.022386861401934955
0 0.17272087931632996 0.7118550660260169 0.01889251172542572 0.022386861401934955
0 0.22090494632720947 0.7143959262125071 0.01889251172542572 0.022386861401934955
0 0.24467121809720993 0.7157099080640216 0.01988653838634491 0.022691623185032154
0 0.2693546414375305 0.7164758203171888 0.02021080255508423 0.023106064907340115
0 0.2939896285533905 0.717762969260992 0.02021080255508423 0.023106064907340115
0 0.3191981613636017 0.7190800852890578 0.02021080255508423 0.023106064907340115
0 0.37054896354675293 0.7218338722406432 0.02061086893081665 0.022963058116824128
0 0.3963703215122223 0.7231099190707893 0.02061086893081665 0.022963058116824128
0 0.42227989435195923 0.7243903253273772 0.02061086893081665 0.022963058116824128
0 0.44834351539611816 0.7256783443796674 0.02061086893081665 0.022963058116824128
0 0.47527971863746643 0.7270094849342523 0.02061086893081665 0.022963058116824128
0 0.5023797154426575 0.7276232076245684 0.02070180575052899 0.023625336876211295
0 0.12496370449662209 0.7407440362974654 0.01851392537355423 0.02187236519747002
0 0.14782288670539856 0.741911119925869 0.01851392537355423 0.02187236519747002
0 0.17218568921089172 0.7431549714200522 0.01851392537355423 0.02187236519747002
0 0.19606290757656097 0.7443740312443223 0.01851392537355423 0.02187236519747002
0 0.22044377028942108 0.7462735952332963 0.01910745600859326 0.02255161788112436
0 0.2444373145699501 0.7476433376933254 0.019187981883684785 0.022373051606407433
0 0.26881399750709534 0.7489912358191009 0.019187981883684757 0.022373051606407433
0 0.293734610080719 0.7503692102985564 0.019187981883684757 0.022373051606407433
0 0.3192822337150574 0.7517818550830635 0.019187981883684757 0.022373051606407433
0 0.3445165753364563 0.7531771770743436 0.019187981883684757 0.022373051606407433
0 0.39595115184783936 0.7559129542768274 0.02020386854807532 0.022624718126400607
0 0.4220450818538666 0.757300876248303 0.02020386854807532 0.022624718126400607
0 0.44792822003364563 0.7586775863169726 0.02020386854807532 0.022624718126400607
0 0.47401490807533264 0.7603241477919235 0.021948377291361454 0.023451871650163516
0 0.5014216303825378 0.7614749642305596 0.02194837729136151 0.023451871650163516
0 0.5284768342971802 0.7626110203071171 0.021948377291361565 0.023451871650163516
0 0.5558294653892517 0.7637595654395071 0.021948377291361565 0.023451871650163516
0 0.5829875469207764 0.7648999413778615 0.021948377291361565 0.023451871650163516
0 0.6113618016242981 0.7660913847902056 0.021948377291361565 0.023451871650163516
0 0.638713538646698 0.7671546048896257 0.02229233582814527 0.023576958234920058
0 0.6955224871635437 0.7694814798855355 0.02229233582814527 0.023576958234920058
0 0.7239017486572266 0.7689016475233921 0.022136052449544197 0.023719314456910237
0 0.751372754573822 0.7695574711470531 0.022136052449544197 0.023719314456910237
0 0.7780437928820968 0.7694579585719139 0.021653811136881584 0.02335032381752654
0 0.12495117262005806 0.7723354188308154 0.01871591806411743 0.021929718727289244
0 0.14790689945220947 0.7737346028172692 0.01871591806411743 0.021929718727289244
0 0.17248913645744324 0.7752706436468949 0.01889530817667645 0.022093721138414596
0 0.19595612585544586 0.7766834525174873 0.01889530817667645 0.022093721138414596
0 0.22013536095619202 0.7781391414963804 0.01889530817667645 0.022093721138414596
0 0.24467302113771439 0.7796164091330627 0.018895308176676423 0.022093721138414596
0 0.2688070833683014 0.7810693785201671 0.018895308176676395 0.022093721138414596
0 0.2941696047782898 0.7825963061810145 0.018895308176676395 0.022093721138414596
0 0.3190024793148041 0.7837948335094017 0.019238710403442383 0.022211592326792526
0 0.1244310736656189 0.8033983097519986 0.01916680733362834 0.021023890768834676
0 0.14788232743740082 0.8045097228959208 0.019431809584299742 0.021254369454790346
0 0.1715732216835022 0.8060845663381178 0.01934449871381122 0.02124969718992259
0 0.19522595405578613 0.8075228183902294 0.019695421059926332 0.021555878395257994
0 0.21990816295146942 0.8092394984045694 0.019695421059926332 0.021555878395257994
0 0.24458792805671692 0.8109560084500781 0.01969542105992636 0.021555878395257994
0 0.26895514130592346 0.8126507801038984 0.019695421059926388 0.021555878395257994
0 0.29381927847862244 0.8143801134686137 0.020420630772908566 0.022271208060804154
0 0.3190251290798187 0.8159254459342986 0.020420630772908566 0.022271208060804154
0 0.3443167209625244 0.8174760350678922 0.020420630772908566 0.022271208060804154
0 0.3694663643836975 0.8190179215566306 0.020420630772908566 0.022271208060804154
0 0.3950519859790802 0.8205865372058957 0.020420630772908566 0.022271208060804154
0 0.421011745929718 0.822560050685595 0.0216178297996521 0.023683296617611545
0 0.4472740888595581 0.824115841887718 0.0216178297996521 0.023683296617611545
0 0.4734456539154053 0.8259046687636264 0.022219161192576053 0.023812168328336856
0 0.5006121397018433 0.8272634011835317 0.02221916119257611 0.023812168328336856
0 0.5281972885131836 0.828643073044387 0.022219161192576165 0.023812168328336856
0 0.554782509803772 0.829972733506982 0.022219161192576165 0.023812168328336856
0 0.5833078622817993 0.8313994296761447 0.022219161192576165 0.023812168328336856
0 0.6104761958122253 0.8334145656851835 0.02212158838907885 0.024275846259538516
0 0.6382327079772949 0.8349342456699215 0.02212158838907885 0.024275846259538516
0 0.6665058732032776 0.8354458055486407 0.022283871968587166 0.02406600833863262
0 0.6940633058547974 0.8360848503112155 0.022283871968587166 0.02406600833863262
0 0.7221676707267761 0.8367365781918219 0.022283871968587166 0.02406600833863262
0 0.7502079010009766 0.8373868188192678 0.022283871968587166 0.02406600833863262
0 0.7783113121986389 0.8379408713890891 0.022262732187906975 0.024024253667787064
0 0.8068777370161238 0.8367828250463837 0.024504273674174404 0.025282227014123915
0 0.8601427235005463 0.8365769787470906 0.023693910797072393 0.027027395183437504
