0 0.08014103025197983 0.11304874198381291 0.02108350892861685 0.02261739923048388
0 0.10313739627599716 0.11230142726454624 0.021132126450538635 0.0227786515110223
0 0.12732473015785217 0.11029571601185327 0.021132126450538635 0.0227786515110223
0 0.1510988175868988 0.10832427282130315 0.021132126450538635 0.0227786515110223
0 0.17684784531593323 0.10618905961780199 0.021132126450538635 0.0227786515110223
0 0.20269228518009186 0.1040459344553393 0.021132126450538635 0.02277865151102229
0 0.22955675423145294 0.10242261942491787 0.020872771739959717 0.022721031839533373
0 0.2556803226470947 0.10084407412866511 0.020872771739959717 0.022721031839533373
0 0.2815502882003784 0.09928085306373949 0.020872771739959717 0.022721031839533373
0 0.30757588148117065 0.0977082280225532 0.020872771739959717 0.022721031839533373
0 0.33306512236595154 0.09608444345947659 0.021810928980509403 0.023442656494850337
0 0.3603849411010742 0.09434404247505063 0.021810928980509403 0.023442656494850337
0 0.38787221908569336 0.09259297354858959 0.021810928980509403 0.023442656494850327
0 0.41516172885894775 0.0908545033876286 0.021810928980509403 0.023442656494850337
0 0.44252678751945496 0.089914319127105 0.022132396697998047 0.024256863335306335
0 0.4696202400308218 0.08903575349505279 0.02085162202517188 0.022011525871217727
0 0.4970832310663247 0.08733603233859218 0.020851622025171934 0.022011525871217727
0 0.07882307469844818 0.14510380944540335 0.021461978554725647 0.02268510271412459
0 0.10337550938129425 0.14344581212059354 0.021461978554725647 0.02268510271412459
0 0.1287020593881607 0.14157240376042282 0.02136053641637166 0.02331680475279342
0 0.15272943675518036 0.14011299887368844 0.021360536416371645 0.02331680475279342
0 0.1764904111623764 0.138669775102998 0.021360536416371645 0.02331680475279342
0 0.20272912085056305 0.13707605554902347 0.021360536416371645 0.02331680475279342
0 0.2286624312400818 0.13550088571947674 0.021360536416371645 0.02331680475279342
0 0.25490182638168335 0.13390712453157572 0.021360536416371673 0.02331680475279342
0 0.3082641661167145 0.12996235559153002 0.02117050687472022 0.02316935487495835
0 0.33545181155204773 0.12943546162095182 0.021784385045369503 0.023771478224170285
0 0.36067265272140503 0.12751784249326464 0.021784385045369503 0.023771478224170285
0 0.3880404531955719 0.12543698336094705 0.021784385045369503 0.023771478224170285
0 0.4168364405632019 0.12324753472971361 0.021784385045369503 0.023771478224170285
0 0.4706021464362587 0.12144549679771739 0.021784385045369503 0.023771478224170285
0 0.12634843111652688 0.17511388435686176 0.02145286897818248 0.02348512457322706
0 0.1770796775817871 0.1718941248668856 0.021289428075154604 0.02322863053905873
0 0.20233622193336487 0.17036704129950944 0.021387855211893736 0.023238056389860418
0 0.22891032695770264 0.16879270220644338 0.021387855211893736 0.023238056389860418
0 0.2551479712128639 0.16723829617760327 0.021387855211893708 0.023238056389860418
0 0.2815251052379608 0.1656756263070386 0.02138785521189368 0.023238056389860418
0 0.33540382981300354 0.16248366999071698 0.02138785521189368 0.023238056389860418
0 0.38894861936569214 0.15949148393083248 0.020992696285247803 0.023094886957212936
0 0.4161498033508812 0.15904532871580596 0.020992696285247803 0.023094886957212936
0 0.4437963366508484 0.15638332588728085 0.020992696285247803 0.023094886957212936
0 0.469714492559433 0.155400087667066 0.02087499698003137 0.023781133252520893
0 0.4982385816647835 0.1547287182375351 0.020731727282206347 0.024111200672711528
0 0.5277727061940223 0.1546806403541119 0.020735760529835945 0.024099386939706716
0 0.5833133889227798 0.1516283270625707 0.020456353823343987 0.023377322411352337
0 0.12576425448060036 0.2077237506245458 0.021457768976688385 0.023024462914282066
0 0.15052755177021027 0.2062589252543966 0.021457768976688385 0.023024462914282066
0 0.17715959250926971 0.20468355794861426 0.021457768976688385 0.023024462914282066
0 0.2018536776304245 0.203222826691583 0.021457768976688385 0.023024462914282066
0 0.2288345992565155 0.20162682200587073 0.021457768976688385 0.023024462914282066
0 0.2547808587551117 0.1999823803362276 0.021457890669504792 0.023935465849647255
0 0.30858859419822693 0.19753828159598416 0.021457890669504764 0.023935465849647234
0 0.33413541316986084 0.19637787319835132 0.021457890669504764 0.023935465849647234
0 0.3609986901283264 0.19515766757489766 0.021457890669504764 0.023935465849647234
0 0.388334721326828 0.19391598812369412 0.021457890669504764 0.023935465849647234
0 0.41495540738105774 0.19270680166167803 0.021457890669504764 0.023935465849647234
0 0.4714584946632385 0.18971392862116304 0.02265079816182458 0.024304264275602585
0 0.49815118312835693 0.18898744361345157 0.022650798161824526 0.024304264275602585
0 0.5263074040412903 0.18822112618559908 0.02265079816182447 0.024304264275602585
0 0.5545183420181274 0.18745331954370037 0.02265079816182447 0.024304264275602585
0 0.5831347107887268 0.1866744784421699 0.02265079816182447 0.024304264275602585
0 0.6109590530395508 0.18591719363284576 0.02265079816182447 0.024304264275602585
0 0.6406017541885376 0.18289841053097747 0.023894429206848145 0.024999186050060206
0 0.6708850264549255 0.1816333523929068 0.023894429206848145 0.024999186050060164
0 0.07647768408060074 0.24240595795387446 0.021662036577860505 0.023636381755503547
0 0.10084094107151031 0.2413773204005042 0.02102409303188324 0.023547919221626724
0 0.12495942413806915 0.2402799937164665 0.02102409303188324 0.023547919221626724
0 0.150971457362175 0.2390965155481209 0.02102409303188324 0.023547919221626724
0 0.20256464183330536 0.2367491631927338 0.02102409303188324 0.023547919221626724
0 0.22898688912391663 0.23554702137791833 0.02102409303188324 0.023547919221626724
0 0.2547767162322998 0.23358997078829033 0.021527002255121858 0.023411654686743003
0 0.2808689773082733 0.23253161408180414 0.02160435914993286 0.024059665295504813
0 0.30781131982803345 0.23081118145998378 0.021569093068440792 0.024162455122600204
0 0.33424827456474304 0.2297949236492778 0.021917998790740967 0.02440477711285729
0 0.3614201545715332 0.22872928036068402 0.021917998790740967 0.02440477711285729
0 0.3882698118686676 0.22767627419796785 0.021917998790740967 0.02440477711285729
0 0.443766325712204 0.22558496164721112 0.0229282180468241 0.024793329164963386
0 0.4993678331375122 0.22341147676821588 0.022928218046824156 0.024793329164963386
0 0.5278885364532471 0.22229659121446835 0.02292821804682421 0.024793329164963386
0 0.5558768510818481 0.22120251694470966 0.02292821804682421 0.024793329164963386
0 0.5846410393714905 0.2200781134671943 0.02292821804682421 0.024793329164963386
0 0.6135709881782532 0.2189785483655302 0.023277123769124275 0.025035651155220474
0 0.07666219025850296 0.27473128881249353 0.020589555303255708 0.023068287575891803
0 0.10096734017133713 0.2737534766973451 0.020589555303255708 0.023068287575891803
0 0.12523894384503365 0.2727770141693897 0.02058955530325572 0.023068287575891803
0 0.17669972777366638 0.27070671309488853 0.020589555303255735 0.023068287575891803
0 0.2019689828157425 0.2696901143983353 0.020589555303255735 0.023068287575891803
0 0.22832465171813965 0.2686298085599419 0.020589555303255735 0.023068287575891803
0 0.25477710366249084 0.26736096796642 0.021091130872567504 0.02319180688192678
0 0.28126755356788635 0.2664189353793564 0.021271884441375732 0.023957378180452123
0 0.3076811730861664 0.26536901607069857 0.021271884441375732 0.023957378180452123
0 0.3341997265815735 0.26431492572411686 0.021271884441375732 0.023957378180452123
0 0.3611451983451843 0.26278226940127686 0.02193002899487817 0.024104998093242822
0 0.38917654752731323 0.26175128581912016 0.02193002899487817 0.024104998093242822
0 0.4448944926261902 0.25949142349905063 0.02273012200991309 0.024600450382676234
0 0.4717612862586975 0.25860584613888765 0.02273012200991309 0.024600450382676234
0 0.5001272112131119 0.2576708547408327 0.022730122009913145 0.024600450382676234
0 0.528148889541626 0.25674721032457165 0.0227301220099132 0.024600450382676234
0 0.5572353005409241 0.25578847042349884 0.0227301220099132 0.024600450382676234
0 0.5853063464164734 0.25486319876497815 0.0227301220099132 0.024600450382676234
0 0.12532593309879303 0.3055012725120367 0.021031151215235397 0.023483424223670692
0 0.17688201367855072 0.30360344471641276 0.02103115121523541 0.023483424223670692
0 0.2017134577035904 0.3031056335126687 0.021297643582026182 0.023896032525587477
0 0.22813597321510315 0.30211741425270255 0.021297643582026182 0.023896032525587477
0 0.25400418043136597 0.30114992648338823 0.021297643582026154 0.023896032525587477
0 0.2806330919265747 0.30015398787943376 0.021297643582026127 0.023896032525587477
0 0.30743923783302307 0.2991514205932617 0.021297643582026127 0.023896032525587477
0 0.3612297475337982 0.2971396205560342 0.021297643582026127 0.023896032525587477
0 0.4161612391471863 0.29516094144238353 0.021295368671417236 0.024083691974018894
0 0.443924218416214 0.29441487555085516 0.022453924020131466 0.025058849837428867
0 0.47190046310424805 0.29353889199190364 0.022453924020131466 0.025058849837428867
0 0.4998037815093994 0.29266519187826556 0.02245392402013141 0.025058849837428867
0 0.5281915068626404 0.2917763241634322 0.022453924020131355 0.025058849837428867
0 0.556448221206665 0.2908915586249773 0.022453924020131355 0.025058849837428867
0 0.5856239199638367 0.2899780181295606 0.022453924020131355 0.025058849837428867
0 0.6142572164535522 0.2894590017386365 0.023338913917541504 0.025382138037866372
0 0.6731022000312805 0.2880007721656977 0.023338913917541504 0.025382138037866372
0 0.7017397284507751 0.28729110945023406 0.023338913917541504 0.025382138037866372
0 0.7318485975265503 0.2857491027477176 0.023342331250508552 0.02569649570672084
0 0.7610053420066833 0.2861812996100126 0.023342331250508552 0.02569649570672084
0 0.7900452613830566 0.2866117647479953 0.023342331250508552 0.02569649570672084
0 0.8183926939964294 0.287031965001764 0.023342331250508552 0.02569649570672084
0 0.8462673425674438 0.2874451570732649 0.023342331250508552 0.02569649570672084
0 0.12526855990290642 0.3390309976976971 0.021008722484111786 0.023706022159073678
0 0.14978072047233582 0.3382433957831804 0.020744731028874697 0.02371779153513354
0 0.17596884071826935 0.3373459319842776 0.020744731028874697 0.02371779153513354
0 0.20205378532409668 0.3364520040024191 0.020744731028874697 0.02371779153513354
0 0.2278740257024765 0.33556714740328375 0.020744731028874697 0.02371779153513354
0 0.28100886940956116 0.33374622256256814 0.020744731028874752 0.02371779153513354
0 0.30757367610931396 0.3332008361657565 0.021002084016799927 0.02396731413612073
0 0.33398038148880005 0.33253266090570494 0.021002084016799927 0.02396731413612073
0 0.3613114356994629 0.3310811685961346 0.022104809681574467 0.024824186812999638
0 0.3888412117958069 0.3302894858426826 0.022099177042643192 0.02464250076648801
0 0.4437497556209564 0.32894248526040337 0.022099177042643192 0.02464250076648801
0 0.4719823896884918 0.3284718047740848 0.022659391164779663 0.025368328242338933
0 0.5001647621393204 0.3277036464940539 0.022659391164779663 0.025368328242338933
0 0.5285910964012146 0.3269288386217821 0.022659391164779663 0.025368328242338933
0 0.5574524998664856 0.32614217220170555 0.022659391164779663 0.025368328242338933
0 0.6139646172523499 0.32460183875505316 0.022659391164779663 0.025368328242338933
0 0.6433748006820679 0.3238541808973981 0.022925376892089844 0.025356204010719478
0 0.6732132434844971 0.3230725000070971 0.022925376892089844 0.025356204010719478
0 0.7029190063476562 0.3225412368774414 0.023304422696431404 0.02580886663392533
0 0.7319597601890564 0.32245482975875533 0.023304422696431404 0.02580886663392533
0 0.761425793170929 0.32236715727535564 0.023304422696431404 0.02580886663392533
0 0.7898402214050293 0.3222826137099155 0.023304422696431404 0.02580886663392533
0 0.07498675584793091 0.3734261584586366 0.020542606711387634 0.023659159046734966
0 0.0996701642870903 0.3728202553682549 0.020542606711387634 0.023659159046734966
0 0.12508462369441986 0.37243927356808687 0.020771433909734086 0.023572278577227924
0 0.15043486654758453 0.37160529882527116 0.02077143390973407 0.023572278577227924
0 0.17579415440559387 0.370603032690103 0.0209749887386958 0.02381828958673992
0 0.2011977583169937 0.36996744954308797 0.020960127313931765 0.023844430612963298
0 0.22762790322303772 0.3693247965375905 0.020960127313931765 0.023844430612963298
0 0.2539732828736305 0.36867224892904593 0.02144487202167511 0.023897962052692723
0 0.2801738679409027 0.36797993133822104 0.02144487202167511 0.023897962052692765
0 0.30734044313430786 0.36726208867018256 0.02144487202167511 0.023897962052692765
0 0.33416467905044556 0.3665532918880689 0.02144487202167511 0.023897962052692723
0 0.36180606484413147 0.365822902945585 0.02144487202167511 0.023897962052692723
0 0.3891183137893677 0.36471006482146506 0.02170504132906592 0.024177743482959348
0 0.4443502128124237 0.36382212749747345 0.021666685740152958 0.024559338887532565
0 0.47148770093917847 0.3632771929629518 0.021666685740152958 0.024559338887532565
0 0.49956731498241425 0.36271334006187533 0.021666685740153013 0.024559338887532523
0 0.528961718082428 0.3621230855292514 0.02166668574015307 0.024559338887532523
0 0.5575326681137085 0.3617717709362543 0.02316363652547193 0.025489866271499503
0 0.58562171459198 0.3610773530117301 0.02316363652547193 0.025489866271499503
0 0.6439982652664185 0.35963416685047744 0.02316363652547193 0.02548986627149954
0 0.6741042733192444 0.3588898855647484 0.02316363652547193 0.02548986627149954
0 0.7026484608650208 0.3581842156343682 0.02316363652547193 0.02548986627149954
0 0.07472023367881775 0.4065703418402848 0.02048214276631674 0.023324360219083035
0 0.09934064745903015 0.4060127347014671 0.02052802840868631 0.023526923601017442
0 0.12431854009628296 0.40545146526088394 0.020528028408686325 0.023526923601017442
0 0.1491900235414505 0.40489258690383123 0.02052802840868634 0.023526923601017442
0 0.17448917031288147 0.4043107587237691 0.020789186159769713 0.023756633433260715
0 0.19960379600524902 0.4037528369018027 0.020789186159769713 0.023756633433260715
0 0.22579513490200043 0.4031709958783287 0.020789186159769713 0.023756633433260715
0 0.2805137634277344 0.4019554206475239 0.020789186159769657 0.023756633433260715
0 0.30753394961357117 0.40135516676791877 0.020789186159769657 0.023756633433260715
0 0.3344994783401489 0.4008143774966662 0.021376828352610233 0.02393796462421275
0 0.3618258237838745 0.4002663521051248 0.021376828352610233 0.02393796462421275
0 0.41637223958969116 0.3991724326514339 0.021376828352610233 0.02393796462421275
0 0.4441358745098114 0.3986156374909157 0.021376828352610233 0.02393796462421275
0 0.4724516272544861 0.3985596610256332 0.022486209869384766 0.024791806243186772
0 0.50050288438797 0.3979144872621048 0.022486209869384766 0.024791806243186772
0 0.5289387106895447 0.39726046847832175 0.022486209869384766 0.024791806243186772
0 0.5865163803100586 0.39593619264898927 0.022486209869384766 0.024791806243186772
0 0.6151703596115112 0.39527715638626454 0.022486209869384766 0.024791806243186772
0 0.6440303921699524 0.3946133809364628 0.022486209869384766 0.024791806243186772
0 0.6731433868408203 0.3945682436920876 0.02261042594909668 0.024938332018002003
0 0.44460251927375793 0.4332166716109875 0.02110767364501953 0.024515107620594112
0 0.4719661474227905 0.4334436904552371 0.02148449420928955 0.024475275084029798
0 0.07431475073099136 0.47252470547454417 0.02152388294537863 0.024235244869261804
0 0.12393978238105774 0.471635852236949 0.02143075068791707 0.024175599563953487
0 0.1743546724319458 0.47125669967296513 0.021430750687917055 0.024175599563953487
0 0.20012173056602478 0.4710629147386334 0.021430750687917055 0.024175599563953487
0 0.22657819092273712 0.470863945053922 0.021430750687917055 0.024175599563953487
0 0.2533527910709381 0.4706625827523165 0.021430750687917083 0.024175599563953487
0 0.28037166595458984 0.4704593833467886 0.02143075068791711 0.024175599563953487
0 0.3063910901546478 0.47014515814254426 0.02166273196538293 0.024597995965055772
0 0.36091122031211853 0.469666414482649 0.02166273196538293 0.024597995965055772
0 0.38842639327049255 0.4688777480014535 0.02160927653312683 0.024487783742505452
0 0.4166388511657715 0.4679540146228879 0.02186148365338647 0.024430031000181686
0 0.44439828395843506 0.46827857438908066 0.022251784801483154 0.02464587189430414
0 0.4725652039051056 0.46822123761684714 0.022251784801483154 0.02464587189430414
0 0.5003350526094437 0.46816470912551283 0.022251784801483154 0.02464587189430414
0 0.5290555953979492 0.46810624539488827 0.022251784801483154 0.02464587189430414
0 0.5580140948295593 0.4680472972781159 0.022251784801483154 0.02464587189430414
0 0.07454939931631088 0.5062301248886524 0.020460188388824463 0.023506992547087022
0 0.09829012304544449 0.5060203907101654 0.020460188388824463 0.023506992547087022
0 0.12367300689220428 0.5057961490925984 0.020460188388824463 0.023506992547087022
0 0.1484801024198532 0.5056407396183458 0.020828748742739378 0.023874090623486003
0 0.17449818551540375 0.5054300609911945 0.020828748742739378 0.023874090623486003
0 0.20011663436889648 0.5052226183592997 0.020828748742739378 0.023874090623486003
0 0.2531973347067833 0.5047928031021824 0.02082874874273935 0.023874090623486003
0 0.280038058757782 0.5045754632284475 0.020828748742739323 0.023874090623486003
0 0.3069949150085449 0.5043783623023878 0.02089870472749078 0.023944352024285423
0 0.33356186747550964 0.5036488466484602 0.0215531587600708 0.024708563043165523
0 0.3612024784088135 0.5036480222357725 0.0215531587600708 0.024708563043165523
0 0.3881605267524719 0.5036472181812911 0.0215531587600708 0.024708563043165523
0 0.4447227716445923 0.5036455311479457 0.0215531587600708 0.024708563043165523
0 0.47186994552612305 0.50364472145258 0.0215531587600708 0.024708563043165523
0 0.5003939867019653 0.5034951054772665 0.021605094273885073 0.024875788725623734
0 0.5285329222679138 0.5034569824171935 0.02155037720998121 0.02455298845158067
0 0.5579331517219543 0.5025610812874728 0.02208491166432691 0.024771431619806862
0 0.58771812915802 0.5024581760766109 0.022644400596618652 0.0248978784842084
0 0.6159542202949524 0.5022939194080441 0.022644400596618652 0.0248978784842084
0 0.07383701205253601 0.5391333679106163 0.02037709206342697 0.023671231528585215
0 0.09794992208480835 0.5391495589060514 0.020439835886160523 0.023602359978727647
0 0.12384383007884026 0.5392103860544604 0.020439835886160537 0.023602359978727647
0 0.14886164665222168 0.5392691551843242 0.02043983588616055 0.023602359978727647
0 0.2001190036535263 0.5393895633846657 0.02043983588616055 0.023602359978727647
0 0.22635746002197266 0.5394511999085893 0.02043983588616055 0.023602359978727647
0 0.2529206797480583 0.5395135993312208 0.020439835886160523 0.023602359978727647
0 0.2796292006969452 0.5386897315109068 0.02159089346726739 0.024652732435122997
0 0.3068004548549652 0.53855061717417 0.02159089346726739 0.024652732435122997
0 0.33293935656547546 0.5382531522696579 0.021785080432891846 0.024585723876953125
0 0.3606787919998169 0.5382747650146484 0.021785080432891846 0.024585723876953125
0 0.38778236508369446 0.538317879965139 0.021826128164927128 0.02453243640042096
0 0.44464826583862305 0.5381746450468585 0.021826128164927128 0.02453243640042096
0 0.4721498191356659 0.5381053736084959 0.021826128164927128 0.02453243640042096
0 0.5290615558624268 0.537962023237693 0.02182612816492724 0.02453243640042096
0 0.5582844614982605 0.5378884160241415 0.02182612816492724 0.02453243640042096
0 0.5869112610816956 0.5378339901372159 0.022051692008972168 0.024704718774603375
0 0.6157410740852356 0.5377646007017763 0.022051692008972168 0.024704718774603375
0 0.645793080329895 0.5376922696135765 0.022051692008972168 0.024704718774603375
0 0.6753407120704651 0.5391249545784884 0.022471745808919197 0.025270269822704753
0 0.7051504254341125 0.5379468784775845 0.022730708122253418 0.025266632553218926
0 0.07399328798055649 0.5730349518531976 0.020736160377661378 0.02389168554498238
0 0.09782222658395767 0.5729745392360674 0.020736160377661378 0.02389168554498238
0 0.12299196794629097 0.572910727331832 0.020736160377661392 0.02389168554498238
0 0.14882366359233856 0.5728452371996503 0.020736160377661406 0.02389168554498238
0 0.17464515566825867 0.5734257808951444 0.021352827548980713 0.024453835893971106
0 0.20021937787532806 0.5734170154539179 0.021352827548980713 0.024453835893971106
0 0.22640548646450043 0.573408040291587 0.021352827548980713 0.024453835893971106
0 0.25222161412239075 0.5733991919384347 0.021352827548980713 0.024453835893971106
0 0.3065207600593567 0.5733805811682413 0.021352827548980713 0.024453835893971106
0 0.3329470455646515 0.5732220938039381 0.021980474392573 0.025043014408081946
0 0.3887070417404175 0.5733186261867108 0.021980474392573 0.025043014408081946
0 0.4161671996116638 0.5733140901077626 0.021942118803660038 0.024877149005268894
0 0.4439178705215454 0.5734284497671629 0.021942118803660038 0.024877149005268894
0 0.5003861635923386 0.5736611538622626 0.021942118803660093 0.024877149005268894
0 0.529522716999054 0.5737812247007124 0.02194211880366015 0.024877149005268894
0 0.5578500032424927 0.5738979605741279 0.02194211880366015 0.024877149005268894
0 0.5874328017234802 0.5735537950382676 0.022058039903640747 0.025125133898831208
0 0.6169349551200867 0.574150795160338 0.022224754095077515 0.025209678235904247
0 0.646220862865448 0.5739354309015582 0.022248387336730957 0.025221122327701122
0 0.6756448149681091 0.5741264430755265 0.022248387336730957 0.025221122327701122
0 0.7049440741539001 0.5743166457775027 0.022248387336730957 0.025221122327701122
0 0.1230655200779438 0.6069692122423355 0.02062459786732991 0.02383233595264045
0 0.1487465500831604 0.6071898881779161 0.020624597867329897 0.02383233595264045
0 0.17451898753643036 0.6074113495735859 0.020624597867329897 0.02383233595264045
0 0.22610171139240265 0.6078545975992453 0.020624597867329897 0.02383233595264045
0 0.2525752782821655 0.6080820837686228 0.020624597867329925 0.02383233595264045
0 0.2787644863128662 0.6083071264551162 0.020624597867329952 0.02383233595264045
0 0.30522921681404114 0.6083107785406174 0.021380285422007206 0.024415836777797965
0 0.33298271894454956 0.6083704290561193 0.021791398525238037 0.024829716645470016
0 0.3601037263870239 0.6085491180419922 0.021791398525238037 0.024829716645470016
0 0.3878410756587982 0.6087318678466479 0.021791398525238037 0.024829716645470016
0 0.4161474108695984 0.6089183664619124 0.021791398525238037 0.024829716645470016
0 0.443888396024704 0.6091011402218841 0.021791398525238037 0.024829716645470016
0 0.5009804517030716 0.6094772959215649 0.021791398525238037 0.024829716645470016
0 0.5294821858406067 0.6096418380546617 0.0220297177632649 0.025200895560804317
0 0.5588176846504211 0.609830989394077 0.022737304369608635 0.025759704353273433
0 0.587999165058136 0.6100138395722084 0.022737304369608635 0.025759704353273433
0 0.6172077655792236 0.6101968596840613 0.022737304369608635 0.025759704353273433
0 0.6466265320777893 0.6103811966888847 0.022737304369608635 0.025759704353273433
0 0.6759543418884277 0.6105649637621503 0.022737304369608635 0.025759704353273433
0 0.7065914273262024 0.6104210450838138 0.022951086362202888 0.025396006975987106
0 0.7358293533325195 0.6104309614314589 0.022951086362202888 0.025396006975987106
0 0.7639269232749939 0.6109960245531659 0.023256421089172363 0.0258432432662609
0 0.12275589257478714 0.6413381275491343 0.02064814170201619 0.023608688236206946
0 0.1477600783109665 0.6414876982223155 0.020896504322687803 0.023862350818722747
0 0.17384788393974304 0.6414930506816104 0.02122783660888672 0.024122282516124638
0 0.22611336410045624 0.6422801794007768 0.02122783660888672 0.024122282516124638
0 0.25207090377807617 0.6421116673669149 0.021617333094278962 0.024307931116384997
0 0.2788856029510498 0.6425424073374796 0.021617333094278934 0.024307931116384997
0 0.30494749546051025 0.6429610545406411 0.021617333094278934 0.024307931116384997
0 0.33230310678482056 0.6434004834949099 0.021617333094278934 0.024307931116384997
0 0.3593902587890625 0.6438356000323628 0.021617333094278934 0.024307931116384997
0 0.4158865213394165 0.6442719716829813 0.022287428379058838 0.025661764218825756
0 0.4726690649986267 0.6451236369997956 0.022287428379058838 0.025661764218825756
0 0.5006906986236572 0.6455439255592893 0.022287428379058838 0.025661764218825756
0 0.5296392440795898 0.6459781166072459 0.022287428379058838 0.025661764218825756
0 0.5592257380485535 0.6464218760645667 0.022287428379058838 0.025661764218825756
0 0.5881263613700867 0.6468553483419797 0.022287428379058838 0.025661764218825756
0 0.6175321340560913 0.646433448513983 0.022431015968322754 0.025612646295118648
0 0.6468890905380249 0.6464365582133449 0.022431015968322754 0.025612646295118648
0 0.6768262386322021 0.6472545889920966 0.022666454315185547 0.025761656058851192
0 0.12321953475475311 0.6745711481848429 0.020657122135162354 0.023809388626453487
0 0.14785125851631165 0.675153187152196 0.020657122135162354 0.023809388626453487
0 0.1740437000989914 0.6759985582521301 0.02149765690167743 0.024657375128694228
0 0.19964663684368134 0.6765192164931186 0.02149765690167743 0.024657375128694228
0 0.2522808313369751 0.67758957913917 0.02149765690167746 0.024657375128694228
0 0.30430641770362854 0.6786475652035882 0.021497656901677487 0.024657375128694228
0 0.3324281573295593 0.6792194455168968 0.021497656901677487 0.024657375128694228
0 0.35939180850982666 0.6797677750829205 0.021497656901677487 0.024657375128694228
0 0.3878399431705475 0.6802144951842166 0.022585690021514893 0.025407717209453676
0 0.4157803952693939 0.6806722685348155 0.022585690021514893 0.025407717209453676
0 0.4439738690853119 0.6811341873659096 0.022585690021514893 0.025407717209453676
0 0.4722312390804291 0.681861452560915 0.0229550997416178 0.0260258460229682
0 0.5306857824325562 0.6825548659923465 0.022955099741617913 0.0260258460229682
0 0.5892285108566284 0.6832493255137793 0.022955099741617913 0.0260258460229682
0 0.6187031865119934 0.683598967044009 0.022955099741617913 0.0260258460229682
0 0.648357093334198 0.6839507346929505 0.022955099741617913 0.0260258460229682
0 0.6777181029319763 0.6842990278665512 0.022955099741617913 0.0260258460229682
0 0.7076054811477661 0.683634735817133 0.023458758989969963 0.026237073794815945
0 0.7366606593132019 0.6829876567042151 0.023351113001505608 0.02570345974707794
0 0.12372969463467598 0.7089405503383902 0.020789551238218948 0.024109123289123006
0 0.17421752214431763 0.7103409929721953 0.020789551238218962 0.024109123289123006
0 0.22543130815029144 0.7117615724048841 0.020789551238218962 0.024109123289123006
0 0.25131652504205704 0.7124795823314074 0.020789551238218934 0.024109123289123006
0 0.2778375744819641 0.7132152291231377 0.020789551238218906 0.024109123289123006
0 0.3047448992729187 0.7146066177723019 0.02129940688610077 0.02478677912275926
0 0.3328750431537628 0.7146583379701127 0.022350748380025265 0.025484011154766176
0 0.3605644702911377 0.7156840479651163 0.02224116524060571 0.025331689405810872
0 0.3880172073841095 0.7157612290493277 0.022621631622314453 0.025575386461361378
0 0.4157402515411377 0.7163730317831237 0.022621631622314453 0.025575386461361378
0 0.47212493419647217 0.7176173505093556 0.022621631622314453 0.025575386461361378
0 0.5016592293977737 0.71826912462343 0.022621631622314453 0.025575386461361378
0 0.5301607847213745 0.7188981078391852 0.022621631622314453 0.025575386461361378
0 0.5602162480354309 0.7193521904143263 0.022977868715922112 0.025888990062151715
0 0.5893950462341309 0.7197930281976983 0.022977868715922112 0.025888990062151715
0 0.6187865138053894 0.7202370790227507 0.022977868715922112 0.025888990062151715
0 0.648195207118988 0.720681390096975 0.022977868715922112 0.025888990062151715
0 0.07477954030036926 0.740096943920033 0.020577967166900635 0.023646509924600375
0 0.09867928922176361 0.7412552722664767 0.020671963691711426 0.023515863936076766
0 0.12306156009435654 0.742965885301381 0.02085224290688832 0.024321016415145072
0 0.14852473139762878 0.7439216791197311 0.020852242906888308 0.024321016415145072
0 0.17347480356693268 0.7446189745130656 0.02099469304084778 0.024152637452118184
0 0.19980408251285553 0.7455351186353106 0.02099469304084778 0.024152637452118184
0 0.25169309228658676 0.7473530189109711 0.021322170893351228 0.02474980021631995
0 0.2786217927932739 0.7482889086701149 0.021509408950805664 0.024876010510348563
0 0.3052109181880951 0.7492064626993442 0.021509408950805664 0.024876010510348563
0 0.3322448432445526 0.7501393661511543 0.021509408950805664 0.024876010510348563
0 0.3596839904785156 0.7510862532611774 0.021509408950805664 0.024876010510348563
0 0.3876117169857025 0.7520500005677689 0.021509408950805664 0.024876010510348563
0 0.4436432421207428 0.7539860502273463 0.02179439862569177 0.025126553321069497
0 0.5016238838434219 0.7556392758391625 0.022991170485814394 0.02606828083363617
0 0.5303910970687866 0.7559564288271948 0.02299117048581434 0.02606828083363617
0 0.5600972771644592 0.7562839337442185 0.02299117048581434 0.02606828083363617
0 0.5894532799720764 0.7566075780240517 0.02299117048581434 0.02606828083363617
0 0.6198145747184753 0.756942305453988 0.02299117048581434 0.02606828083363617
0 0.6490957140922546 0.7574986224054827 0.023560762405395508 0.026398843573045252
0 0.6774764657020569 0.7579231262207031 0.023560762405395508 0.026398843573045252
0 0.07206030935049057 0.7741110743371293 0.02140781283378601 0.024279039959574856
0 0.12447328865528107 0.7764670793400255 0.02141185601552327 0.024261711179748173
0 0.1486382633447647 0.7777791351882308 0.02149909734725952 0.0245525744534277
0 0.17413558065891266 0.7788063759027526 0.02149909734725952 0.0245525744534277
0 0.19952450692653656 0.7798292497384097 0.02149909734725952 0.0245525744534277
0 0.2256445586681366 0.780881579294645 0.02149909734725952 0.0245525744534277
0 0.2519052028656006 0.7819395730661791 0.02149909734725952 0.0245525744534277
0 0.27800244092941284 0.7829909835006738 0.02149909734725952 0.0245525744534277
0 0.30530238151550293 0.7844415728860905 0.02177913983662927 0.024965922037760525
0 0.33198148012161255 0.7857519042398887 0.02177913983662927 0.024965922037760525
0 0.3874260187149048 0.7884750366210938 0.02177913983662927 0.024965922037760525
0 0.4160235524177551 0.7898795910104823 0.02177913983662927 0.024965922037760525
0 0.4730914235115051 0.7903744010038154 0.02245442072550452 0.025558885677840468
0 0.50145523250103 0.7916419207035126 0.023338834444681822 0.026106546091478923
0 0.530896782875061 0.7922340215638627 0.023338834444681877 0.026106546091478923
0 0.5612911581993103 0.7928452847463602 0.023338834444681877 0.026106546091478923
0 0.5904724597930908 0.7934321517272191 0.023338834444681877 0.026106546091478923
0 0.6199191808700562 0.7940243565758993 0.023338834444681877 0.026106546091478923
0 0.1234559491276741 0.8103147994640262 0.02149849633375804 0.024089842803718398
0 0.1480237990617752 0.8114875083745912 0.021837234497070312 0.02461177618928669
0 0.17381812632083893 0.8128032861016764 0.021837234497070312 0.02461177618928669
0 0.2251819670200348 0.815423373723687 0.021837234497070312 0.02461177618928669
0 0.2520996928215027 0.8168947248203982 0.02264036734898886 0.025495011677113724
0 0.2777545750141144 0.8181051209915516 0.022640367348988888 0.025495011677113724
0 0.33267226815223694 0.8206961352477818 0.022640367348988888 0.025495011677113724
0 0.3599816560745239 0.8219845909237624 0.022640367348988888 0.025495011677113724
0 0.38754329085350037 0.823284947594931 0.022640367348988888 0.025495011677113724
0 0.41557714343070984 0.8246075834802716 0.022640367348988888 0.025495011677113724
0 0.4443890154361725 0.8257860091540818 0.02254994710286462 0.025648664134417503
0 0.47296780347824097 0.8270434002543605 0.02254994710286462 0.025648664134417503
0 0.5018502324819565 0.8283141507540052 0.022549947102864565 0.025648664134417503
0 0.5605502128601074 0.829197345997043 0.023316552241643196 0.026017063347868106
0 0.5901739597320557 0.83046104401705 0.023820718129475837 0.026474827019743106
0 0.619105339050293 0.8308037159054779 0.023820718129475837 0.026474827019743106
0 0.6799919605255127 0.831524875215976 0.023820718129475837 0.026474827019743106
0 0.709705114364624 0.8318768066750742 0.023820718129475837 0.026474827019743106
0 0.7390278577804565 0.8322241139966388 0.023820718129475837 0.026474827019743106
0 0.7689502835273743 0.8689444785894349 0.023941437403361077 0.026407463606013808
0 0.7982267141342163 0.8680833198235147 0.023941437403361077 0.026407463606013808
0 0.8273950219154358 0.8672253414630315 0.023941437403361077 0.026407463606013808
0 0.8560681939125061 0.8663819273958041 0.023941437403361077 0.026407463606013808
0 0.8851524591445923 0.865526421125545 0.023941437403361077 0.026407463606013808
0 0.12475788593292236 0.8767884720203488 0.022353505094846085 0.024491480154584654
0 0.14808408915996552 0.8791932980068549 0.02340001861254376 0.02534431634947311
0 0.1739306002855301 0.8808938847031704 0.02340001861254376 0.02534431634947311
0 0.22595269978046417 0.8843167099303627 0.02340001861254376 0.02534431634947311
0 0.2517641708254814 0.8860149911435697 0.023400018612543733 0.02534431634947311
0 0.2784554958343506 0.887771162875863 0.023400018612543705 0.02534431634947311
0 0.3051738440990448 0.8895291126194756 0.023400018612543705 0.02534431634947311
0 0.33273109793663025 0.8916630412256995 0.023962239424387577 0.025825204775315032
0 0.36040952801704407 0.893180508773535 0.023962239424387577 0.025825204775315032
0 0.3871474266052246 0.8946464117632278 0.023962239424387577 0.025825204775315032
0 0.41525739431381226 0.8961875383244005 0.023962239424387577 0.025825204775315032
0 0.4727356433868408 0.8993387783846685 0.023962239424387577 0.025825204775315032
0 0.5020312815904617 0.900743850563635 0.02388171354929608 0.026182603466418253
0 0.531273603439331 0.9022700287574945 0.023881713549296135 0.026182603466418253
0 0.5603451728820801 0.9034784893656886 0.024998227755228752 0.02706832294316244
0 0.5900720357894897 0.9042910964976422 0.024998227755228752 0.02706832294316244
0 0.6200586557388306 0.9051108042922356 0.024998227755228752 0.02706832294316244
0 0.6503214240074158 0.9059380608179008 0.024998227755228752 0.02706832294316244
0 0.6804162263870239 0.9067607258641442 0.024998227755228752 0.02706832294316244
0 0.7102934122085571 0.9075611555780342 0.02471137046813965 0.0271759033203125
0 0.7398735284805298 0.9073934099675184 0.02474002043406176 0.026930934699006894
0 0.526705261898337 0.08710664904188184 0.022132396697998158 0.024256863335306314
0 0.4432273740620957 0.1219645448144815 0.0213605364163717 0.02331680475279342
0 0.554640460567376 0.1534711258867482 0.020992696285247914 0.023094886957212936
0 0.611394645627012 0.15172871036130442 0.020735760529835945 0.024099386939706716
0 0.6401478672764965 0.15064983239438998 0.020735760529835945 0.024099386939706716
0 0.6986006701115481 0.14844712321193973 0.020735760529835945 0.024099386939706716
0 0.7268505090290739 0.14774285565020392 0.020735760529835945 0.024099386939706716
0 0.7561071134105172 0.14778780889882537 0.020735760529835945 0.024099386939706716
0 0.7872219737043086 0.1474656278182208 0.021810928980509514 0.023442656494850358
0 0.6714856603096442 0.2179490688260913 0.020992696285247914 0.023094886957212936
0 0.7007422646910875 0.21836863247989133 0.020992696285247914 0.023094886957212936
0 0.7299988690725308 0.21803897532333416 0.020992696285247914 0.023094886957212936
0 0.759255473453974 0.21770931816677694 0.020992696285247914 0.023094886957212936
