0 0.05963970348238945 0.18786579370498657 0.023437194526195526 0.02154819170633952
0 0.08879971504211426 0.18804667393366495 0.022266611456871033 0.021680196126302082
0 0.1170019768178463 0.18764803806940714 0.02243698388338089 0.021929184595743816
0 0.059764498844742775 0.21711640937315482 0.021649504701296486 0.02076306607988143
0 0.08792652934789658 0.21761985619862875 0.02164950470129648 0.02076306607988143
0 0.11652003973722458 0.21813101650125855 0.021649504701296493 0.02076306607988143
0 0.14489611983299255 0.21863828984726277 0.021649504701296507 0.02076306607988143
0 0.17320390625454574 0.21939087300603646 0.021649504701296507 0.02076306607988143
0 0.6919580440149239 0.2224650171907262 0.021649504701296562 0.02076306607988143
0 0.7152102380356891 0.22410700319306112 0.01849353102082063 0.02090537895666733
0 0.7364809217774606 0.2252005839883843 0.021140782904223054 0.0207807386380174
0 0.08806604892015457 0.27763284629445856 0.022294364869594574 0.021159569422403973
0 0.11633512005209923 0.278044859568278 0.022294364869594574 0.021159569422403973
0 0.14512929320335388 0.2784645260472931 0.022294364869594574 0.021159569422403973
0 0.1736014187335968 0.27887949877835877 0.022294364869594574 0.021159569422403973
0 0.2017899602651596 0.2792903383572896 0.021977479259173094 0.0208574401007758
0 0.23033885657787323 0.28007959191840825 0.021977479259173094 0.0208574401007758
0 0.25765547901391983 0.280834778434175 0.021977479259173066 0.0208574401007758
0 0.3121408224105835 0.28234106262931696 0.02197747925917304 0.0208574401007758
0 0.33909109234809875 0.2830861210823059 0.02197747925917304 0.0208574401007758
0 0.3913954198360443 0.2845243928181179 0.021853024760882023 0.02082828680674235
0 0.41674381494522095 0.28644512463600263 0.02166825532913208 0.020358721415201824
0 0.44193005132767943 0.2888343308299741 0.021265140535302707 0.022708283865343626
0 0.08853353559970856 0.3696720202763875 0.022530357042948396 0.023406982421875
0 0.11700225248932838 0.36995466272002336 0.02253035704294841 0.023406982421875
0 0.14582648873329163 0.37024083482252856 0.022530357042948423 0.023406982421875
0 0.23089148104190826 0.37091075441030696 0.020895342032114683 0.022408776813083175
0 0.2590833604335785 0.3713652690251668 0.020895342032114655 0.022408776813083175
0 0.33945366740226746 0.3726610137540136 0.020895342032114628 0.022408776813083175
0 0.3668369948863983 0.37383079528808594 0.020379404226938846 0.020888619952731613
0 0.4439387321472168 0.3756956556874958 0.020379404226938846 0.020888619952731613
0 0.46865591406822205 0.3762934903847033 0.020379404226938846 0.020888619952731613
0 0.541975200176239 0.3780668646047071 0.020379404226938957 0.020888619952731613
0 0.5651379227638245 0.37862710158030194 0.020379404226938957 0.020888619952731613
0 0.08931627869606018 0.4629741907119751 0.02224010725816092 0.021625041961669922
0 0.119264617562294 0.46294485597570684 0.022240107258160904 0.021625041961669922
0 0.1474739909172058 0.4629172245758033 0.02224010725816089 0.021625041961669922
0 0.17617152631282806 0.4628891150156657 0.02224010725816089 0.021625041961669922
0 0.20509590208530426 0.4628607832628162 0.02224010725816089 0.021625041961669922
0 0.23377861082553864 0.4626817366974283 0.02182588974634808 0.021504720052083332
0 0.2612948715686798 0.462599237759908 0.021825889746348026 0.021504720052083332
0 0.3158702850341797 0.46253910514515767 0.020955254634221432 0.02066938082377116
0 0.34282320737838745 0.4625375880039315 0.020955254634221432 0.02066938082377116
0 0.3954392075538635 0.4625346263249715 0.020955254634221432 0.02066938082377116
0 0.42112961411476135 0.4625222523844707 0.020707706610361698 0.020519627465142094
0 0.4461014642391675 0.46321192928283556 0.020461037571047502 0.022007211393176556
0 0.09202485531568527 0.5576347617919547 0.022967709228396416 0.023782359229193844
0 0.12138416990637779 0.5571696962172495 0.022967709228396416 0.023782359229193844
0 0.20777948200702667 0.5558011531829834 0.022967709228396416 0.023782359229193844
0 0.235842764377594 0.5553566173780529 0.022967709228396416 0.023782359229193844
0 0.3185252249240875 0.5535475810368856 0.022381708025932312 0.023480812708536785
0 0.34498265385627747 0.5525073210398356 0.02067818244298303 0.021703031327989415
0 0.4228987395763397 0.5509972287119359 0.02067818244298303 0.021703031327989415
0 0.44877782464027405 0.5504956659415919 0.02067818244298303 0.021703031327989415
0 0.5234560966491699 0.5490483257090936 0.020678182442982918 0.021703031327989415
0 0.5475889444351196 0.5485806067784628 0.020678182442982918 0.021703031327989415
0 0.03794608637690544 0.6847273730115423 0.023035600781440735 0.022519906361897785
0 0.06764238327741623 0.684473960092722 0.023047779997189842 0.022515296936035156
0 0.09663885086774826 0.6833535035451254 0.02304777999718985 0.022515296936035156
0 0.1262907236814499 0.6822077213928988 0.023047779997189835 0.022515296936035156
0 0.15506884455680847 0.6810957020111629 0.02304777999718982 0.022515296936035156
0 0.21235442161560059 0.6788821220397949 0.02304777999718982 0.022515296936035156
0 0.2403387799859047 0.6778007745457036 0.02304777999718985 0.022515296936035156
0 0.268054723739624 0.6769821442656211 0.021342039108276367 0.021283984184265137
0 0.3235364258289337 0.6743761897087097 0.021342039108276367 0.021283984184265137
0 0.350028932094574 0.6731318467122419 0.021342039108276367 0.021283984184265137
0 0.40300729870796204 0.6706434728755553 0.021342039108276367 0.021283984184265137
0 0.4284830689430237 0.6694468855857849 0.021342039108276367 0.021283984184265137
0 0.45405107736587524 0.6682459659032304 0.021342039108276367 0.021283984184265137
0 0.07038143463432789 0.7469594478607178 0.02267750228444735 0.022079838646782868
0 0.09932773560285568 0.7460279366437567 0.02300555755694708 0.021844281090630524
0 0.128980103880167 0.7450543863980861 0.022446388999621078 0.021608988444010418
0 0.18699237704277039 0.742162307103475 0.022446388999621092 0.021608988444010418
0 0.24349913746118546 0.7393452819654737 0.022446388999621064 0.021608988444010418
0 0.2716144323348999 0.7379436533490903 0.022446388999621036 0.021608988444010418
0 0.3256624937057495 0.7352492014567057 0.022446388999621036 0.021608988444010418
0 0.3537347912788391 0.7335567003469592 0.021301090717315674 0.020980570051405262
0 0.3794175088405609 0.7318486372629801 0.021130462487538693 0.02111731635199643
0 0.5551282167434692 0.7200942348895621 0.02113046248753858 0.02111731635199643
0 0.5793071985244751 0.7184767496251436 0.02113046248753858 0.02111731635199643
0 0.6259105205535889 0.7154552936553955 0.019412438074747795 0.019799285464816723
0 0.6491244435310364 0.7136856326352862 0.019412438074747795 0.019799285464816723
0 0.671613335609436 0.7119712427092382 0.019412438074747795 0.019799285464816723
0 0.7157458066940308 0.7086069033911754 0.019412438074747795 0.019799285464816723
0 0.7582281231880188 0.7053683598836263 0.019412438074747795 0.019799285464816723
0 0.7797166705131531 0.7042972246805826 0.019111911455790276 0.019998762342665028
0 0.07380248606204987 0.8098428660337004 0.023097462952136993 0.022239738040500317
0 0.102879598736763 0.8084868218509342 0.02275641510883966 0.02222988340589745
0 0.13210533931851387 0.8067655563354492 0.022756415108839675 0.02222988340589745
0 0.18989211320877075 0.8039310289086009 0.022061745325724302 0.021766715579562817
0 0.24630656838417053 0.8002003033955892 0.022444546222686768 0.021463129255506825
0 0.27402710914611816 0.7983154295962106 0.022444546222686768 0.021463129255506825
0 0.3289467692375183 0.7945811363417601 0.022444546222686768 0.021463129255506825
0 0.3552035987377167 0.7927957884149399 0.022444546222686768 0.021463129255506825
0 0.38200247287750244 0.7909735838572184 0.021030128002166748 0.020929442511664398
0 0.557949423789978 0.7767636238187668 0.021030128002166748 0.020929442511664398
0 0.5816690325737 0.7748479629266832 0.021030128002166748 0.020929442511664398
0 0.6281893253326416 0.7712496203708654 0.019332726796468025 0.01974259482489682
0 0.6510496735572815 0.7692445913950602 0.019332726796468025 0.01974259482489682
0 0.6745067834854126 0.7671872218120434 0.019332726796468025 0.01974259482489682
0 0.7182254195213318 0.7633527600106168 0.019332726796468025 0.01974259482489682
0 0.761035144329071 0.7595980167388916 0.019332726796468025 0.01974259482489682
0 0.7824798822402954 0.7577171477132744 0.019332726796468025 0.01974259482489682
0 0.3307998478412628 0.8543086619603174 0.02159581581751502 0.02071772681342221
0 0.35853537917137146 0.8518689473470052 0.02159581581751502 0.02071772681342221
0 0.3846951723098755 0.8495678401916521 0.02159581581751502 0.02071772681342221
0 0.4366915822029114 0.8449940536091645 0.02159581581751502 0.02071772681342221
0 0.48703938722610474 0.8405652840932211 0.02159581581751502 0.02071772681342221
0 0.5114056468009949 0.8384219424406281 0.02159581581751513 0.02071772681342221
0 0.33490797877311707 0.9122717380523682 0.02165355285008752 0.0209756957160101
0 0.3615663945674896 0.9096840716667133 0.02165355285008752 0.0209756957160101
0 0.4137284457683563 0.9046208305671505 0.02165355285008752 0.0209756957160101
0 0.464509516954422 0.8996916377768018 0.02165355285008752 0.0209756957160101
0 0.48998594284057617 0.8972187042236328 0.021653552850087465 0.0209756957160101
0 0.5391302704811096 0.8917330900828043 0.021526018778483147 0.020738495720757477
0 0.5632169842720032 0.889167865117391 0.02086007595062256 0.02030886544121646
0 0.5868492126464844 0.8866837768939487 0.02086007595062256 0.02030886544121646
