0 0.8154207468032837 0.0994313262229742 0.018734733263651604 0.01965686886809593
0 0.8404065370559692 0.09925057561535314 0.018734733263651604 0.01965686886809593
0 0.8651118874549866 0.09989303361904452 0.018734733263651604 0.01965686886809593
0 0.8914578974996076 0.10155963432680838 0.018734733263651604 0.01965686886809593
0 0.18195831623612618 0.10910793977190357 0.02378057805048367 0.023428662331340763
0 0.20686973631381989 0.10876778404693416 0.021992385387420654 0.02328052816464921
0 0.23413875699043274 0.10903489312460256 0.021992385387420654 0.02328052816464921
0 0.2611106038093567 0.10913738718814064 0.022458215554555266 0.02360111798426903
0 0.2884683609008789 0.10957819916481196 0.022458215554555294 0.02360111798426903
0 0.31520235538482666 0.11000896053583241 0.022458215554555294 0.02360111798426903
0 0.3424447178840637 0.11044791317446837 0.022458215554555294 0.02360111798426903
0 0.37018099427223206 0.11089482418326445 0.022458215554555294 0.02360111798426903
0 0.4239433705806732 0.11176109035017967 0.022458215554555294 0.02360111798426903
0 0.4767564833164215 0.11529722663951164 0.02210649847984314 0.0232479405957599
0 0.5027346760034561 0.11619066345555869 0.021219094594319643 0.022633049839226788
0 0.5301232933998108 0.11762426065844159 0.021219094594319587 0.022633049839226788
0 0.5569700002670288 0.11902949274133541 0.021219094594319587 0.022633049839226788
0 0.5827875137329102 0.12038085394933144 0.021219094594319587 0.022633049839226788
0 0.6091104745864868 0.12175867169402367 0.021219094594319587 0.022633049839226788
0 0.6348981261253357 0.1231084698448399 0.021219094594319587 0.022633049839226788
0 0.6601919531822205 0.12409956510676894 0.021191517512003655 0.022509811460509767
0 0.18036091327667236 0.1406676824702773 0.02186499536037445 0.02314834446870081
0 0.20617257058620453 0.1409798875704575 0.02186499536037445 0.02314834446870081
0 0.260393463075161 0.14164447784423828 0.021858359376589448 0.023164209469344253
0 0.28721559047698975 0.14208968994823123 0.02185835937658942 0.023164209469344253
0 0.3140401542186737 0.14253494249226747 0.02185835937658942 0.023164209469344253
0 0.3416444659233093 0.1429931378288708 0.02185835937658942 0.023164209469344253
0 0.3693524897098541 0.1434530546498853 0.02185835937658942 0.023164209469344253
0 0.3956855833530426 0.14446054960601049 0.021718482176462772 0.023159810738970155
0 0.42335161566734314 0.145519042329666 0.021718482176462772 0.023159810738970155
0 0.4493817985057831 0.14651494802430617 0.021718482176462772 0.023159810738970155
0 0.502961203455925 0.14951274744884724 0.021611432234446226 0.02375890303027721
0 0.5291566848754883 0.15065119830530188 0.02161143223444628 0.02375890303027721
0 0.5555111765861511 0.1517965597200772 0.02161143223444628 0.02375890303027721
0 0.5811638236045837 0.1529114190922227 0.02161143223444628 0.02375890303027721
0 0.6076340675354004 0.15417338526526161 0.02136937777201342 0.02335433812104456
0 0.12831342220306396 0.17512368046960167 0.021641929944356278 0.023689639660739167
0 0.15224431455135345 0.17477555053178653 0.021604041258494078 0.02382913855619209
0 0.17823362350463867 0.17470522060723861 0.021604041258494078 0.02382913855619209
0 0.20436620712280273 0.17463450296571106 0.021604041258494078 0.02382913855619211
0 0.2315552681684494 0.17456092638022716 0.021604041258494078 0.02382913855619211
0 0.2594912350177765 0.1744853285856025 0.02160404125849405 0.02382913855619209
0 0.28619930148124695 0.17619263294131257 0.022390584150950077 0.023265210232993435
0 0.3416442573070526 0.1761639395425486 0.021775980790456173 0.023209571838378906
0 0.3686656653881073 0.17680899132399136 0.021775980790456173 0.023209571838378927
0 0.39505675435066223 0.1774389962037683 0.021775980790456173 0.023209571838378906
0 0.42151299118995667 0.17807055628576943 0.021775980790456173 0.023209571838378906
0 0.44843199849128723 0.17871316356819922 0.021775980790456173 0.023209571838378906
0 0.4747829735279083 0.1804319703301718 0.020997444788614872 0.023277704105820765
0 0.5016113370656967 0.18158346660978625 0.020997444788614927 0.023277704105820786
0 0.5551633834838867 0.18388196618578267 0.020997444788614983 0.023277704105820765
0 0.5808687806129456 0.18498526378790553 0.020997444788614983 0.023277704105820765
0 0.6330921053886414 0.18722673349602278 0.020997444788614983 0.023277704105820765
0 0.6590754389762878 0.18826276886894835 0.020311474800109863 0.022632665412370547
0 0.6845881342887878 0.18928003844728256 0.020311474800109863 0.022632665412370547
0 0.7110668420791626 0.19033582591226092 0.020311474800109863 0.022632665412370547
0 0.7365526556968689 0.1913520236347997 0.020311474800109863 0.022632665412370547
0 0.7607108354568481 0.19232051647441836 0.020243167877197266 0.022656422252802892
0 0.1278204768896103 0.20776881004563935 0.021005138754844666 0.023635790329570947
0 0.15215441584587097 0.20772707739541696 0.021301170190175356 0.023565469786178236
0 0.17747929692268372 0.2076561577335675 0.021301170190175356 0.023565469786178236
0 0.23055171966552734 0.20750753400408034 0.021301170190175356 0.023565469786178236
0 0.2580680772662163 0.2067255805318178 0.02209419012069702 0.023535794990007266
0 0.2846204340457916 0.2073039666769932 0.02208642164866126 0.02361482428025827
0 0.3118167221546173 0.20797059702318768 0.02208642164866126 0.02361482428025827
0 0.3399254381656647 0.2086595926320938 0.02208642164866126 0.02361482428025827
0 0.36677882075309753 0.2093178177420471 0.02208642164866126 0.02361482428025827
0 0.3939949572086334 0.20998493460721748 0.02208642164866126 0.02361482428025827
0 0.4214603006839752 0.2106581599884185 0.02208642164866126 0.02361482428025827
0 0.4478395879268646 0.21195340711016988 0.02104361852010095 0.02317474424376971
0 0.501166507601738 0.21420103314953948 0.021043618520100893 0.02317474424376971
0 0.5275713801383972 0.2153139472169837 0.021043618520100837 0.02317474424376971
0 0.554144024848938 0.21643393255554186 0.021043618520100837 0.02317474424376971
0 0.5799257159233093 0.2175205807353175 0.021043618520100837 0.02317474424376971
0 0.6062988042831421 0.2184685156771116 0.020378828048706055 0.023096956947977202
0 0.6325132846832275 0.2194107497307488 0.020378828048706055 0.023096956947977202
0 0.6582541465759277 0.2203359603881836 0.020378828048706055 0.023096956947977202
0 0.684542715549469 0.22128085742715678 0.020378828048706055 0.023096956947977202
0 0.7098076343536377 0.22238016369561547 0.020377278327941895 0.02301671523456423
0 0.1764073669910431 0.2400709640148074 0.02129216492176056 0.023111565168513808
0 0.20258139073848724 0.2398922454789732 0.02129216492176056 0.023111565168513808
0 0.22943057119846344 0.23911840153842587 0.021877879897753416 0.023405089858890532
0 0.25619427114725113 0.23952617201694223 0.02187787989775339 0.023405089858890532
0 0.28334400057792664 0.23993982402255884 0.02187787989775336 0.023405089858890532
0 0.31106504797935486 0.24036218060201106 0.02187787989775336 0.023405089858890532
0 0.33794015645980835 0.24077164849569632 0.02187787989775336 0.023405089858890532
0 0.36531296372413635 0.24165044477556405 0.021356890598932865 0.023319835810698308
0 0.39255839586257935 0.242653536242108 0.021356890598932865 0.023319835810698308
0 0.4467464089393616 0.2446485691426725 0.021356890598932865 0.023319835810698308
0 0.47355973720550537 0.24563575189817966 0.021356890598932865 0.023319835810698308
0 0.5000457912683487 0.24661088544268941 0.02135689059893292 0.023319835810698308
0 0.5263379812240601 0.2478552308193473 0.020710627237955803 0.022951821024103654
0 0.5525866150856018 0.2488207902655722 0.020710627237955803 0.022951821024103654
0 0.5787383317947388 0.24978278460160888 0.020710627237955803 0.022951821024103654
0 0.6050606966018677 0.250751056250357 0.020710627237955803 0.022951821024103654
0 0.6313557028770447 0.2517183215119118 0.020710627237955803 0.022951821024103654
0 0.6579833626747131 0.25263664905437366 0.020438551902770996 0.022931165473405703
0 0.6838251948356628 0.25356758472531343 0.020438551902770996 0.022931165473405703
0 0.6578328013420105 0.2850595775065734 0.02010667324066162 0.022704190986101016
0 0.6828640103340149 0.2857511875241302 0.02010667324066162 0.022704190986101016
0 0.7087105512619019 0.28646532508858535 0.02010667324066162 0.022704190986101016
0 0.7602767944335938 0.2878900956762427 0.02010667324066162 0.022704190986101016
0 0.7856783866882324 0.28859193934950716 0.02010667324066162 0.022704190986101016
0 0.810638427734375 0.2892815830032218 0.02010667324066162 0.022704190986101016
0 0.8368076086044312 0.2907398519187558 0.020377794901530022 0.022819844327231737
0 0.8618008494377136 0.29169191193004673 0.02066723505655932 0.023068509360616548
0 0.8871631622314453 0.29186818766039474 0.020904898643493652 0.022917015607966933
0 0.1746920943260193 0.3051376646185878 0.02154268821080524 0.023383044457250816
0 0.22711239755153656 0.3054619926757001 0.021422346433003725 0.02307031320971112
0 0.25374871492385864 0.3048747971177692 0.021646320819854736 0.022768449413683958
0 0.28080785274505615 0.3057090626206509 0.021628499031066895 0.02294722268747729
0 0.3081771731376648 0.30664696804312774 0.02155977487564087 0.022948302039804414
0 0.3358352780342102 0.3074454336713917 0.02155977487564087 0.022948302039804414
0 0.36265137791633606 0.3082195913412705 0.02155977487564087 0.022948302039804414
0 0.41801491379737854 0.3098733711308191 0.021264413992563846 0.023543069528978923
0 0.44486579298973083 0.31059305057969205 0.021264413992563846 0.023543069528978923
0 0.47178131341934204 0.3113144625964139 0.021264413992563846 0.023543069528978923
0 0.4990352690219879 0.3120449456322657 0.021264413992563902 0.023543069528978923
0 0.5250250697135925 0.3127415457437205 0.021264413992563957 0.023543069528978923
0 0.5514349937438965 0.3134494063480137 0.021264413992563957 0.023543069528978923
0 0.5777873396873474 0.314791290230974 0.0208094517389934 0.02307059413702916
0 0.6042264103889465 0.3156885237414793 0.0208094517389934 0.02307059413702916
0 0.6296990513801575 0.31655296059541926 0.0208094517389934 0.02307059413702916
0 0.6827422380447388 0.318095650783805 0.020765264828999763 0.022461336712504543
0 0.7344147562980652 0.3195664605429006 0.02049473921457934 0.022169882012892165
0 0.7590612769126892 0.32027179454853555 0.02049473921457934 0.022169882012892165
0 0.7847487330436707 0.32100691804165393 0.02049473921457934 0.022169882012892165
0 0.8105480670928955 0.32174524325648596 0.02049473921457934 0.022169882012892165
0 0.8353842496871948 0.32245600500772165 0.02049473921457934 0.022169882012892165
0 0.8616814613342285 0.32331996015199777 0.0203399658203125 0.022202987079472478
0 0.4978000521659851 0.3458357966223428 0.021133899688720703 0.023308554361032886
0 0.5237895250320435 0.3462061549341956 0.02075016498565674 0.023205734962640806
0 0.12211417406797409 0.3730207820271337 0.020765150586764022 0.023111846095831806
0 0.14639835059642792 0.37280875346559095 0.020765150586764036 0.023111846095831806
0 0.17128311097621918 0.3719037743501885 0.020601888497670473 0.02317602320234906
0 0.19771431386470795 0.3725120078685672 0.02104032039642334 0.023227602936500728
0 0.22392241656780243 0.3725453514344525 0.021408339341481508 0.02339264773583226
0 0.25158700346946716 0.37285732668499616 0.021408339341481536 0.02339264773583226
0 0.2794170379638672 0.37317116769823416 0.021408339341481564 0.02339264773583226
0 0.3060649037361145 0.3731198369198811 0.02181233962376916 0.02389973633049069
0 0.3334101140499115 0.37378005094306416 0.02181233962376916 0.02389973633049069
0 0.36134663224220276 0.3744545413147894 0.02181233962376916 0.02389973633049069
0 0.3889195919036865 0.375120254045475 0.02181233962376916 0.02389973633049069
0 0.4155443012714386 0.37576307252395985 0.02181233962376916 0.02389973633049069
0 0.4700288474559784 0.37707853000353336 0.02181233962376916 0.02389973633049069
0 0.49702727794647217 0.37805469646010287 0.020592927932739258 0.02302775272103243
0 0.5233847498893738 0.3788001217987386 0.020592927932739258 0.02302775272103243
0 0.5501245856285095 0.37955636090824374 0.020592927932739258 0.02302775272103243
0 0.5762174725532532 0.380294303420864 0.020592927932739258 0.02302775272103243
0 0.6016402244567871 0.38101329359897346 0.020592927932739258 0.02302775272103243
0 0.12097189575433731 0.4058976415337175 0.02028319239616394 0.023619747901147705
0 0.14515572786331177 0.40592175860737645 0.02028319239616394 0.023619747901147705
0 0.1706605702638626 0.40594719304473365 0.02028319239616394 0.023619747901147705
0 0.196934312582016 0.40597339425949264 0.02028319239616394 0.023619747901147705
0 0.22352901101112366 0.4059999155443768 0.02028319239616394 0.023619747901147705
0 0.25058240443468094 0.40602689425804717 0.02028319239616394 0.023619747901147705
0 0.30561378598213196 0.4071355420489644 0.021133681138356564 0.023643168368080846
0 0.36024603247642517 0.408257688233682 0.021133681138356564 0.023643168368080846
0 0.3879328668117523 0.4088263757307182 0.021133681138356564 0.023643168368080846
0 0.4146823287010193 0.40937580960042774 0.021133681138356564 0.023643168368080846
0 0.46896570920944214 0.41049079007880634 0.021133681138356564 0.023643168368080846
0 0.49581170082092285 0.4110985608675405 0.021288355191548647 0.023385868516079215
0 0.5223345756530762 0.41232885032722305 0.020434220631917244 0.02261290439339571
0 0.5489470958709717 0.4128088396649028 0.020434220631917244 0.02261290439339571
0 0.574889600276947 0.4132767444482764 0.020434220631917244 0.02261290439339571
0 0.6010817289352417 0.4137491515102225 0.020434220631917244 0.02261290439339571
0 0.627377450466156 0.41422342699627546 0.02055191993713379 0.022650785224382266
0 0.6536824107170105 0.4147368919257209 0.02055191993713379 0.022650785224382266
0 0.6797523498535156 0.4152457693135489 0.02055191993713379 0.022650785224382266
0 0.7057607769966125 0.41575344600572656 0.02055191993713379 0.022650785224382266
0 0.7311429381370544 0.4162488981734875 0.02055191993713379 0.022650785224382266
0 0.1694750338792801 0.4390998219334802 0.02061674495538074 0.02340585871260301
0 0.19544000923633575 0.43921643634175145 0.021016071240107237 0.023693055145500186
0 0.22250297665596008 0.439553467678708 0.021016071240107237 0.023693055145500186
0 0.24967258423566818 0.4397823422454124 0.02103959023952484 0.02374066493307903
0 0.277111679315567 0.4401831175515119 0.02103959023952484 0.02374066493307903
0 0.30444464087486267 0.4405823426718607 0.02103959023952484 0.02374066493307903
0 0.35936206579208374 0.4413844663467599 0.02103959023952484 0.02374066493307903
0 0.3868827521800995 0.441786433375159 0.02103959023952484 0.02374066493307903
0 0.41428056359291077 0.44218231268999914 0.021311461925506592 0.023794366407763997
0 0.44127631187438965 0.44315188409882506 0.02136319875717163 0.023686667745427513
0 0.46818074584007263 0.44389112605605013 0.02075493335723877 0.02323091492172365
0 0.5213198065757751 0.44436759570452566 0.020488421122233147 0.022884930751120452
0 0.5484117865562439 0.4449718386627907 0.020488421122233147 0.022884930751120452
0 0.5738615393638611 0.44562210993582124 0.020163893699645996 0.022875527078791237
0 0.6271031498908997 0.44676248417344205 0.020163893699645996 0.022875527078791237
0 0.6526646018028259 0.4473099811583753 0.020163893699645996 0.022875527078791237
0 0.6792054772377014 0.4480469282283339 0.019827047983805413 0.02256973030031195
0 0.7054070830345154 0.44852110479737783 0.019827047983805413 0.02256973030031195
0 0.7310954332351685 0.4489859928602317 0.019827047983805413 0.02256973030031195
0 0.7564384937286377 0.44944463213474994 0.019827047983805413 0.02256973030031195
0 0.7820165753364563 0.44990752464117006 0.019827047983805413 0.02256973030031195
0 0.16781507432460785 0.4725234896637673 0.020618468523025513 0.02385197129360465
0 0.19431012868881226 0.47279502265274326 0.020618468523025513 0.02385197129360465
0 0.22109395265579224 0.4729091733000999 0.020726412534713745 0.023606647816739285
0 0.24861392378807068 0.47326914527013114 0.020726412534713745 0.023606647816739285
0 0.27591100335121155 0.4736262017313901 0.020726412534713745 0.023606647816739285
0 0.30262884497642517 0.47397568153420605 0.020726412534713745 0.023606647816739285
0 0.3585285544395447 0.4747068715649982 0.020726412534713745 0.023606647816739285
0 0.38595205545425415 0.4756313590116279 0.020914773146311405 0.023671290671178593
0 0.4132225513458252 0.4760047114172647 0.020971794923146603 0.02350471555724619
0 0.4402633607387543 0.47636347038801324 0.02077593406041467 0.023190343102743458
0 0.46705830097198486 0.47680544377980993 0.02077593406041467 0.023190343102743458
0 0.5207041501998901 0.4776903137490163 0.020775934060414558 0.023190343102743458
0 0.5474004745483398 0.4781306605054594 0.020775934060414558 0.023190343102743458
0 0.6003496646881104 0.47900403932083485 0.020775934060414558 0.023190343102743458
0 0.626541018486023 0.47954086481959873 0.020604928334553962 0.023129012233527077
0 0.6528778076171875 0.48003085823946223 0.01971280574798584 0.02262408234352289
0 0.678657054901123 0.48032132529323585 0.01971280574798584 0.02262408234352289
0 0.7046743631362915 0.4806144746930982 0.01971280574798584 0.02262408234352289
0 0.7307317852973938 0.480908076075664 0.01971280574798584 0.02262408234352289
0 0.7567285895347595 0.4812009944472202 0.01971280574798584 0.02262408234352289
0 0.7822129130363464 0.48207234227380086 0.019949038823445564 0.022674974545027805
0 0.11726736649870872 0.5054105923401047 0.02083156009515126 0.023431792739749824
0 0.16712668538093567 0.5057031708017955 0.02114743491013843 0.023648520772771263
0 0.1932062953710556 0.5060925151026526 0.02114743491013843 0.023648520772771263
0 0.21970149874687195 0.5064689106243371 0.021161521474520384 0.023470797280008535
0 0.2474127933382988 0.5068894319756087 0.021161521474520356 0.023470797280008535
0 0.27432841062545776 0.507297878853273 0.02116152147452033 0.023470797280008535
0 0.30182480812072754 0.5077151391220659 0.02116152147452033 0.023470797280008535
0 0.3295990824699402 0.5081366161967433 0.02116152147452033 0.023470797280008535
0 0.357227623462677 0.508555881754821 0.02116152147452033 0.023470797280008535
0 0.38523563742637634 0.5085972625957016 0.021009226640065548 0.02312064355658012
0 0.41203877329826355 0.5088191808656205 0.021009226640065548 0.02312064355658012
0 0.4664434492588043 0.5092696278440025 0.021009226640065548 0.02312064355658012
0 0.49329301714897156 0.5100186813709348 0.020749946435292543 0.023258800654448224
0 0.5198262929916382 0.5103714328049638 0.02060522635777784 0.02337956982989644
0 0.5468441843986511 0.511120640954306 0.020361920197804695 0.02312363025753997
0 0.5735388994216919 0.5111719828091221 0.020412802696228027 0.023162664369095202
0 0.599005937576294 0.511471105176349 0.020412802696228027 0.023162664369095202
0 0.6518204808235168 0.5120914368813636 0.020412802696228027 0.023162664369095202
0 0.6782963871955872 0.512402408881343 0.020412802696228027 0.023162664369095202
0 0.7044197916984558 0.512709240580714 0.020412802696228027 0.023162664369095202
0 0.7303122282028198 0.5130133594520739 0.020412802696228027 0.023162664369095202
0 0.756183922290802 0.5144469293990793 0.020374973615010505 0.02300209222837936
0 0.11607834324240685 0.5385609560234602 0.02031843115886052 0.0237024588178294
0 0.14013221859931946 0.5390026419428037 0.020318431158860506 0.0237024588178294
0 0.16549232602119446 0.5398162575655205 0.02078402042388916 0.023591034172117192
0 0.19161581993103027 0.5401270288160895 0.02078402042388916 0.023591034172117192
0 0.21853309869766235 0.5404472431187052 0.02078402042388916 0.023591034172117192
0 0.24586398154497147 0.5407723777531048 0.02078402042388916 0.023591034172117192
0 0.2729334831237793 0.5410944029342296 0.02078402042388916 0.023591034172117192
0 0.30068641901016235 0.5414778317830087 0.021433666348457336 0.023669664249863734
0 0.32866793870925903 0.5418701171875 0.021433666348457336 0.023669664249863734
0 0.35646677017211914 0.5422598414041281 0.021433666348457336 0.023669664249863734
0 0.3839850425720215 0.5425228296324264 0.021342893441518185 0.02353517399277798
0 0.4113103151321411 0.5426890165998403 0.0210246741771698 0.023377884265988372
0 0.4387822151184082 0.5428560953266037 0.0210246741771698 0.023377884265988372
0 0.49215324223041534 0.5431806874829669 0.020499457915623964 0.023557175037472747
0 0.5188713669776917 0.5434817380683367 0.020436366399129158 0.02374486405720077
0 0.5458891987800598 0.5438691654229533 0.020436366399129158 0.02374486405720077
0 0.5726742148399353 0.5442532542718049 0.020436366399129158 0.02374486405720077
0 0.5985744595527649 0.5446246557730954 0.020436366399129158 0.02374486405720077
0 0.651112973690033 0.5453780418218568 0.020436366399129158 0.02374486405720077
0 0.6773069500923157 0.5458913728157672 0.0201413631439209 0.023096306379451308
0 0.7039051651954651 0.5463801982790925 0.0201413631439209 0.023096306379451308
0 0.7297796010971069 0.5468557220339328 0.0201413631439209 0.023096306379451308
0 0.7556185722351074 0.5465506176615871 0.02027153968811035 0.022799410561258535
0 0.7811848521232605 0.5469127042476035 0.020342747370402092 0.022813427355862458
0 0.11468678712844849 0.5722231754036837 0.019954298933347075 0.023546411085498372
0 0.1385851949453354 0.57276670053953 0.019954298933347048 0.023546411085498372
0 0.16408082842826843 0.5731016203414562 0.02081507444381714 0.02366641140723419
0 0.19043420255184174 0.5734402127848712 0.02117753028869629 0.023879620455956218
0 0.21748274564743042 0.5739008881324945 0.02117753028869629 0.023879620455956218
0 0.24437826871871948 0.5743589573304024 0.02117753028869629 0.023879620455956218
0 0.2993951737880707 0.575295973855781 0.02117753028869629 0.023879620455956218
0 0.327396959066391 0.5757728842801826 0.02117753028869629 0.023879620455956218
0 0.3552708625793457 0.576247616695347 0.02117753028869629 0.023879620455956218
0 0.38272321224212646 0.5762410196572546 0.02111826340357459 0.02364402593568314
0 0.410041868686676 0.5764019544734511 0.02111826340357459 0.02364402593568314
0 0.437826007604599 0.5765656314573104 0.02111826340357459 0.02364402593568314
0 0.4647428095340729 0.5767241989395697 0.02111826340357459 0.02364402593568314
0 0.5185958743095398 0.5770414485487827 0.0211182634035747 0.02364402593568314
0 0.54502272605896 0.5771012860675191 0.020369211832682366 0.022928075272907526
0 0.597915768623352 0.577525095410228 0.020369211832682366 0.022928075272907526
0 0.6246440410614014 0.5777392576331692 0.020369211832682366 0.022928075272907526
0 0.6505703330039978 0.5779469939291801 0.020369211832682366 0.022928075272907526
0 0.6769381165504456 0.5781582677087118 0.020369211832682366 0.022928075272907526
0 0.7034521698951721 0.578416084339439 0.020449042320251465 0.02306984006896494
0 0.1138392984867096 0.6053774190503497 0.02061837911605835 0.023169613623803955
0 0.1370047628879547 0.6060188329710813 0.02061837911605835 0.023169613623803955
0 0.16251865029335022 0.6067252708939455 0.02061837911605835 0.023169613623803955
0 0.18911437690258026 0.6074616631796194 0.02061837911605835 0.023169613623803955
0 0.21566127240657806 0.6081967034116449 0.02061837911605835 0.023169613623803955
0 0.24286269396543503 0.6092792777127998 0.020856663584709167 0.023116207862085205
0 0.298159658908844 0.609561565310456 0.02165520191192627 0.024114268694737106
0 0.3257323205471039 0.609692970903237 0.02165520191192627 0.024114268694737106
0 0.3543018698692322 0.6097056366676508 0.021585126717885372 0.023781621178915333
0 0.38189542293548584 0.6098201311990974 0.021585126717885372 0.023781621178915333
0 0.4096711277961731 0.6099353815369566 0.021585126717885372 0.023781621178915333
0 0.4374253451824188 0.6100505427163695 0.021585126717885372 0.023781621178915333
0 0.4638974666595459 0.6101603840672692 0.021585126717885372 0.023781621178915333
0 0.517590343952179 0.6103970877614067 0.021482626597086663 0.023695686990900612
0 0.571450412273407 0.6106309234542946 0.021482626597086663 0.023695686990900612
0 0.5982388257980347 0.6107472264489462 0.021482626597086663 0.023695686990900612
0 0.6247650980949402 0.6109821937656289 0.021235108375549316 0.023217903551205128
0 0.6506378054618835 0.6111105985419695 0.021235108375549316 0.023217903551205128
0 0.6771160960197449 0.6112420087932717 0.021235108375549316 0.023217903551205128
0 0.7032455801963806 0.6114190977459018 0.02095663547515869 0.022926419280296147
0 0.7287771105766296 0.6115630393804505 0.02095663547515869 0.022926419280296147
0 0.26898759603500366 0.6431330303813136 0.02171182632446289 0.02419621075770657
0 0.2966814339160919 0.643427817671789 0.02171182632446289 0.02419621075770657
0 0.3252137303352356 0.6437315299412317 0.02171182632446289 0.02419621075770657
0 0.35283005237579346 0.6440254921136901 0.02171182632446289 0.02419621075770657
0 0.3804030120372772 0.6443189927149393 0.02171182632446289 0.02419621075770657
0 0.26780760288238525 0.6781083040459212 0.021783073743184445 0.024536783381025974
0 0.2949173152446747 0.6783301151288775 0.021783073743184445 0.024536783381025974
0 0.3233882784843445 0.6785630639372091 0.021783073743184445 0.024536783381025974
0 0.3514860272407532 0.6787929591126728 0.021783073743184445 0.024536783381025974
0 0.37893879413604736 0.6790175770604333 0.021783073743184445 0.024536783381025974
0 0.40620341897010803 0.6786749657442808 0.02166849374771118 0.024610800336497644
0 0.4341691732406616 0.6786163241364235 0.02166849374771118 0.024610800336497644
0 0.46217530965805054 0.6780832547458763 0.0218469500541687 0.02438514177189317
0 0.48868805170059204 0.6777856516283612 0.0218469500541687 0.02438514177189317
0 0.26606693863868713 0.7123913875845975 0.0219268798828125 0.024308966111767253
0 0.2943752110004425 0.7127478130031604 0.0219268798828125 0.024308966111767253
0 0.3224155306816101 0.7131008646677507 0.0219268798828125 0.024308966111767253
0 0.35046622157096863 0.7134540469147438 0.0219268798828125 0.024308966111767253
0 0.37819162011146545 0.7138031334521818 0.0219268798828125 0.024308966111767253
0 0.4063272476196289 0.7134892219720885 0.021763265132904053 0.024446058642956583
0 0.4339180886745453 0.7128691537917351 0.021412750085194943 0.023994534514671147
0 0.46085309982299805 0.7126803730809411 0.021412750085194943 0.023994534514671147
0 0.48755714297294617 0.7124799873062326 0.02135189374287927 0.02400911316391115
0 0.26557600498199463 0.7474697689677394 0.021908024946848514 0.024370489194411614
0 0.2942730486392975 0.7480965325998705 0.021915197372436523 0.024492500364318402
0 0.3213907778263092 0.7479085771684892 0.021915197372436523 0.024492500364318402
0 0.3492392897605896 0.7477588431779728 0.02152009805043542 0.02417551085006359
0 0.37779590487480164 0.7475886656595163 0.02152009805043542 0.02417551085006359
0 0.40521836280822754 0.7474252469272042 0.02152009805043542 0.02417551085006359
0 0.4330276846885681 0.7472595227554621 0.02152009805043542 0.02417551085006359
0 0.4602823257446289 0.7470971040947493 0.02152009805043542 0.02417551085006359
0 0.4875706434249878 0.7470722642055777 0.02150593201319373 0.023862971815952035
0 0.26393014192581177 0.7824128210892966 0.0218886137008667 0.02442322960195604
0 0.3197973668575287 0.7830757617973719 0.022073348363240597 0.02454388049221767
0 0.3477650284767151 0.7827602652616279 0.022073348363240597 0.02454388049221767
0 0.3761613667011261 0.7824399329271049 0.022073348363240597 0.02454388049221767
0 0.4042356014251709 0.7821232341655243 0.022073348363240597 0.02454388049221767
0 0.45999467372894287 0.7814942293388899 0.022073348363240597 0.02454388049221767
0 0.48711130023002625 0.7809433170702387 0.02233366171518958 0.024174239284308494
0 0.5141208171844482 0.7805597172227017 0.02233366171518969 0.024174239284308494
0 0.5414602756500244 0.7801714314152643 0.02233366171518969 0.024174239284308494
0 0.5680252313613892 0.7797941454024157 0.02233366171518969 0.024174239284308494
0 0.5951491594314575 0.7794089206429415 0.02233366171518969 0.024174239284308494
0 0.6216156482696533 0.7790330330955891 0.02233366171518969 0.024174239284308494
0 0.6486392617225647 0.7786262789229211 0.022181272506713867 0.024307428404342298
0 0.1044839397072792 0.8104096346123274 0.021530186136563628 0.024453628894894622
0 0.12822887301445007 0.8117104486205997 0.021530186136563614 0.024453628894894622
0 0.15371468663215637 0.8131066329323122 0.0215301861365636 0.024453628894894622
0 0.18053372204303741 0.8158122370844628 0.022316445906956972 0.024927952492884074
0 0.20710048079490662 0.8160312563874 0.022316962480545044 0.024863191353258346
0 0.23531389236450195 0.8162813012376521 0.022316962480545044 0.024863191353258346
0 0.2631123960018158 0.8165276689150269 0.022316962480545044 0.024863191353258346
0 0.31939026713371277 0.8170264385099397 0.022316962480545044 0.024863191353258346
0 0.3471989035606384 0.8172728959904161 0.022316962480545044 0.024863191353258346
0 0.3753886818885803 0.8168759900470113 0.022100389003753662 0.02443381612615079
0 0.4035053849220276 0.8167708168570667 0.022100389003753662 0.02443381612615079
0 0.43089988827705383 0.8166683451234013 0.022100389003753662 0.02443381612615079
0 0.45877596735954285 0.816564072010129 0.022100389003753662 0.02443381612615079
0 0.485383003950119 0.8164645458704577 0.022100389003753662 0.02443381612615079
0 0.10270801931619644 0.8434917538665062 0.021548365553220122 0.0242349195849989
0 0.12674592435359955 0.8454551721414423 0.02154836555322011 0.0242349195849989
0 0.15213514864444733 0.8475289662961966 0.021548365553220095 0.0242349195849989
0 0.17867626249790192 0.8496968468954397 0.021548365553220095 0.0242349195849989
0 0.20571573078632355 0.8519054331303646 0.021548365553220095 0.0242349195849989
0 0.2623780369758606 0.8516320516896803 0.022329966227213505 0.024190089499303426
0 0.29089635610580444 0.8515301763532342 0.022329966227213505 0.024190089499303426
0 0.3184525668621063 0.8518220768418423 0.022348860899607303 0.023878703745760548
0 0.3473198115825653 0.8515539076000853 0.022348860899607303 0.023878703745760548
0 0.3750001788139343 0.8512967641434142 0.022348860899607303 0.023878703745760548
0 0.4032300114631653 0.8510345162950387 0.022348860899607303 0.023878703745760548
0 0.43049874901771545 0.8507811967716661 0.022348860899607303 0.023878703745760548
0 0.15801211332870738 0.07868011087676476 0.018734733263651604 0.01965686886809594
0 0.1824461733554042 0.07726759046228521 0.018734733263651604 0.01965686886809592
