0 0.23647785186767578 0.1519667406876882 0.02156081795692444 0.019556641578674316
0 0.26360946893692017 0.1513621211051941 0.021764636039733887 0.019851128260294598
0 0.29053017497062683 0.15155720710754395 0.021421492099761963 0.020477930704752605
0 0.45766952633857727 0.20497071743011475 0.022038737932840946 0.02010488510131836
0 0.4842848777770996 0.20488944855432922 0.022038737932840946 0.02010488510131836
0 0.5123318433761597 0.20480380830386344 0.022038737932841057 0.02010488510131836
0 0.5683825612068176 0.20463265975316366 0.022038737932841057 0.02010488510131836
0 0.5956836342811584 0.2045492970546994 0.022038737932841057 0.02010488510131836
0 0.6229644417762756 0.2050462064922396 0.021493077278137207 0.020764933692084393
0 0.6497291922569275 0.20567208528518677 0.021493077278137207 0.020764933692084393
0 0.6761652231216431 0.20629027715287795 0.021493077278137207 0.020764933692084393
0 0.7033327221870422 0.20692557399731284 0.021493077278137207 0.020764933692084393
0 0.7299949526786804 0.20754905541737875 0.021493077278137207 0.020764933692084393
0 0.43044814467430115 0.2605811556180318 0.02162456512451172 0.020240995619032143
0 0.4581156373023987 0.26034635725892735 0.02152639627456665 0.02018129825592041
0 0.48715803027153015 0.2603519757588704 0.02152639627456665 0.02018129825592041
0 0.515108585357666 0.26035738303341316 0.02152639627456665 0.02018129825592041
0 0.5711520910263062 0.2603682251301283 0.02152639627456665 0.02018129825592041
0 0.5980741381645203 0.26037343343098956 0.02152639627456665 0.02018129825592041
0 0.6265417337417603 0.2603789407314487 0.02152639627456665 0.02018129825592041
0 0.6541913747787476 0.2611476977666219 0.020659685134887695 0.019914997948540607
0 0.681523859500885 0.2623716816841768 0.020659685134887695 0.019914997948540607
0 0.7085999846458435 0.2635841854892294 0.020659685134887695 0.019914997948540607
0 0.7341052293777466 0.2647263432433638 0.020659685134887695 0.019914997948540607
0 0.7595511078834534 0.26586584250132245 0.020659685134887695 0.019914997948540607
0 0.7841224074363708 0.26675546169281006 0.019505659739176506 0.01969567934672038
0 0.4310865104198456 0.2871651802486306 0.021341820557912228 0.020624717076619465
0 0.45883694291114807 0.2875054677327474 0.021341820557912228 0.020624717076619465
0 0.4877249598503113 0.2879858613014221 0.02128426233927405 0.020628942383660236
0 0.5167248249053955 0.28847702344258624 0.021202564239501953 0.02050296465555827
0 0.5449970960617065 0.2887158758695992 0.021202564239501953 0.02050296465555827
0 0.5732301473617554 0.2889543969557798 0.021202564239501953 0.02050296465555827
0 0.600659966468811 0.2885912172655964 0.020701805750529045 0.02031824323866105
0 0.6286654472351074 0.28942273060480755 0.020701805750529045 0.02031824323866105
0 0.6559764742851257 0.29023362485401377 0.020701805750529045 0.02031824323866105
0 0.6829809546470642 0.2910354173969378 0.020701805750529045 0.02031824323866105
0 0.709507167339325 0.29182300964991253 0.020701805750529045 0.02031824323866105
0 0.7357296347618103 0.29260158337377684 0.020701805750529045 0.02031824323866105
0 0.7615528702735901 0.29461191997223474 0.020039359728495354 0.02001362376742895
0 0.7856823205947876 0.2962749039425569 0.020039359728495354 0.02001362376742895
0 0.19959521293640137 0.34906009833017987 0.02294213573137921 0.021809471978081547
0 0.22897504270076752 0.34884140489939836 0.02294213573137921 0.021809471978081547
0 0.25744152069091797 0.34862951014766347 0.022942135731379182 0.021809471978081547
0 0.2867431640625 0.34841139870971904 0.022942135731379154 0.021809471978081547
0 0.3161141276359558 0.3481927712758382 0.022942135731379154 0.021809471978081547
0 0.34490683674812317 0.34827637256091043 0.022689521312713623 0.02201088269551595
0 0.4027717113494873 0.348025918006897 0.022689521312713623 0.02201088269551595
0 0.4320976138114929 0.3478558460871379 0.02227880557378137 0.021381960974799313
0 0.4608350098133087 0.3478540239059938 0.02227880557378137 0.021381960974799313
0 0.4895620793104172 0.3478522023796329 0.022278805573781313 0.021381960974799313
0 0.518447995185852 0.3478503707811389 0.022278805573781257 0.021381960974799313
0 0.5474064350128174 0.3478485345840454 0.022278805573781257 0.021381960974799313
0 0.5757291316986084 0.3481183449427287 0.022461026906967163 0.02149796485900879
0 0.6317151784896851 0.348638376863682 0.022461026906967163 0.02149796485900879
0 0.6594436168670654 0.3488241831461589 0.02216120560963941 0.02135051621331104
0 0.7136011719703674 0.34929580104915875 0.02216120560963941 0.02135051621331104
0 0.7394583225250244 0.351554274559021 0.02007150650024414 0.020708004633585613
0 0.7898635268211365 0.3545513086220941 0.02007150650024414 0.020708004633585613
0 0.8134048581123352 0.3559510484456911 0.02007150650024414 0.020708004633585613
0 0.8358047008514404 0.35728291670481366 0.02007150650024414 0.020708004633585613
0 0.8564789295196533 0.3585121819842954 0.02007150650024414 0.020708004633585613
0 0.8754453659057617 0.36087464394253504 0.01930534839630127 0.02038656340705029
0 0.8928794860839844 0.3628410386184326 0.018121202786763435 0.01980672942267529
0 0.9108544378244922 0.3663188116036474 0.01769038041432691 0.019605980979071774
0 0.19767428934574127 0.4090394179026286 0.022643943627675356 0.0220004452599419
0 0.22661031782627106 0.40918676058451336 0.022647509972254454 0.021821048524644688
0 0.2860279977321625 0.4090736692438863 0.022647509972254398 0.021821048524644688
0 0.3152522146701813 0.4090679679851983 0.022674957911173466 0.02169966697692871
0 0.3451356291770935 0.40898482004801434 0.022674957911173466 0.02169966697692871
0 0.3745054006576538 0.40890310127676716 0.022674957911173466 0.02169966697692871
0 0.4043583273887634 0.4088200381691018 0.022674957911173466 0.02169966697692871
0 0.4344222843647003 0.4087363878885905 0.022674957911173466 0.02169966697692871
0 0.462679922580719 0.408657763529021 0.022674957911173466 0.02169966697692871
0 0.4918857365846634 0.4085408652219322 0.022822399934132875 0.022123999065823075
0 0.5497125387191772 0.4083417256673177 0.02282239993413282 0.022123999065823075
0 0.6076887249946594 0.40831494331359863 0.022092858950297112 0.02190396520826547
0 0.6358557343482971 0.4088881170037651 0.022092858950297112 0.02190396520826547
0 0.6631025075912476 0.4094425647042192 0.022092858950297112 0.02190396520826547
0 0.690467119216919 0.40999941031138104 0.022092858950297112 0.02190396520826547
0 0.7173788547515869 0.41054704029124606 0.022092858950297112 0.02190396520826547
0 0.7429412603378296 0.4115016032874035 0.02080337206522631 0.021495580673217773
0 0.768717348575592 0.4122815529505412 0.02080337206522631 0.021495580673217773
0 0.792983889579773 0.4130491813023885 0.020049532254536873 0.020946873558892094
0 0.8163086175918579 0.41376894342304443 0.020049532254536873 0.020946873558892094
0 0.8398005366325378 0.4153203749042343 0.01968967914581299 0.021074904335869633
0 0.19610285758972168 0.47188699848863047 0.02286580204963684 0.02235245704650879
0 0.22582606971263885 0.47234246485777137 0.02284867068131763 0.022489309310913086
0 0.25562404841184616 0.47212159633636475 0.022881691654523223 0.022498581144544765
0 0.2857162356376648 0.47186287103376595 0.02288169165452325 0.022498581144544765
0 0.3155241012573242 0.4716065902591449 0.02288169165452325 0.022498581144544765
0 0.34583812952041626 0.4713459576212944 0.02288169165452325 0.022498581144544765
0 0.37583038210868835 0.47108809153238934 0.02288169165452325 0.022498581144544765
0 0.4053809344768524 0.4710028837068887 0.023031284411748287 0.022850513458251953
0 0.4353581964969635 0.47091644548132283 0.023031284411748287 0.022850513458251953
0 0.49418045580387115 0.470746833869867 0.023031284411748232 0.022850513458251953
0 0.5227063298225403 0.47066458066304523 0.023031284411748176 0.022850513458251953
0 0.5516964793205261 0.47032010555267334 0.022210876146952385 0.02251834339565706
0 0.5816753506660461 0.47049243047357764 0.022210876146952385 0.02251834339565706
0 0.6100553870201111 0.47065556495131067 0.022210876146952385 0.02251834339565706
0 0.6376243233680725 0.4708140370539067 0.022210876146952385 0.02251834339565706
0 0.693955659866333 0.47113784154256183 0.022210876146952385 0.02251834339565706
0 0.7206979393959045 0.4720755418141683 0.02029860019683838 0.021961238649156407
0 0.7468661069869995 0.4725162507246828 0.02029860019683838 0.021961238649156407
0 0.772278904914856 0.47294423814294295 0.02029860019683838 0.021961238649156407
0 0.7970402240753174 0.4733612537384033 0.02029860019683838 0.021961238649156407
0 0.8210233518507628 0.47547903810032716 0.02029860019683838 0.021961238649156407
0 0.2251605987548828 0.535676638285319 0.024044891198476137 0.02355082829793294
0 0.255234956741333 0.5355779393251168 0.024044891198476165 0.02355082829793294
0 0.2856627106666565 0.5354780805791688 0.024044891198476193 0.02355082829793294
0 0.3769049644470215 0.5351786389226358 0.024044891198476193 0.02355082829793294
0 0.40621161460876465 0.5350824594497681 0.024044891198476193 0.02355082829793294
0 0.49615369737148285 0.5349191992899532 0.023092309633890806 0.02300882339477539
0 0.5263022184371948 0.5348533307231603 0.023092309633890862 0.02300882339477539
0 0.7495517730712891 0.5343655745188395 0.023092309633890862 0.02300882339477539
0 0.7756569385528564 0.5347853899002075 0.022173255681991577 0.02234424485100635
0 0.8450682759284973 0.5349638737592544 0.022173255681991577 0.02234424485100635
0 0.8660678863525391 0.5358003377914429 0.0190239747365315 0.02074856228298616
0 0.9147892441860466 0.5391533430232559 0.01635174418604657 0.022105135658914737
0 0.468797504901886 0.5999312280749557 0.023741692304611206 0.02324708302815755
0 0.49865882098674774 0.5996258656183878 0.023007879654566465 0.022648996777004715
0 0.5284760594367981 0.59932375292532 0.02300787965456652 0.022648996777004715
0 0.6160977482795715 0.5984359569467694 0.02300787965456652 0.022648996777004715
0 0.6446722149848938 0.5981464362017889 0.02300787965456652 0.022648996777004715
0 0.7266340255737305 0.5973159869511923 0.02300787965456652 0.022648996777004715
0 0.7533130049705505 0.5971136093139648 0.022422631581624275 0.02253858248392741
0 0.19298778474330902 0.7039251415590925 0.024949371814727783 0.024646282196044922
0 0.22567525506019592 0.7034626007080078 0.024949371814727783 0.024646282196044922
0 0.25666797161102295 0.7031639417012533 0.02440476417541504 0.024357901679144867
0 0.28760817646980286 0.7026519533448198 0.02440476417541504 0.024357901679144867
0 0.3183160722255707 0.7021438091631866 0.02440476417541504 0.024357901679144867
0 0.34868136048316956 0.7016413343380007 0.02440476417541504 0.024357901679144867
0 0.41092464327812195 0.7006113529205322 0.02440476417541504 0.024357901679144867
0 0.44096702337265015 0.7004982630411783 0.024147450923919678 0.024059295654296875
0 0.47117289900779724 0.6994338830312093 0.023423194885253906 0.02324835459391276
0 0.5019958764314651 0.6989382402452278 0.023423194885253906 0.02324835459391276
0 0.531623899936676 0.6984618126791492 0.023423194885253906 0.02324835459391276
0 0.5614331960678101 0.6979824701944987 0.023423194885253906 0.02324835459391276
0 0.590785562992096 0.697510475269494 0.023423194885253906 0.02324835459391276
0 0.6487452983856201 0.6954387029012045 0.02248406410217285 0.022859361436631847
0 0.677329957485199 0.6947898759609776 0.02248406410217285 0.022859361436631847
0 0.7318080067634583 0.6935533096650636 0.02248406410217285 0.022859361436631847
0 0.7581698298454285 0.692954937616984 0.02248406410217285 0.022859361436631847
0 0.7830596566200256 0.6923899775769612 0.02248406410217285 0.022859361436631847
0 0.8066702485084534 0.6910528563083477 0.020457188288370842 0.0223239262898763
0 0.8299662470817566 0.6901782353719076 0.020457188288370842 0.0223239262898763
0 0.8522326350212097 0.6891907056172689 0.020283500353495354 0.022385438283284504
0 0.19437816739082336 0.7723305225372314 0.02428982655207318 0.024113284216986663
0 0.22536738216876984 0.772113561630249 0.024464150269826235 0.02382299635145409
0 0.25750604271888733 0.7716263135274252 0.024299720923105866 0.023833857642279632
0 0.2888622581958771 0.770635892190629 0.024054288864135742 0.023615360260009766
0 0.3198433220386505 0.7701467672983805 0.024054288864135742 0.023615360260009766
0 0.35059645771980286 0.7696612409054624 0.024054288864135742 0.023615360260009766
0 0.3816731870174408 0.7691706056598077 0.024054288864135742 0.023615360260009766
0 0.4128376245498657 0.7686785856882731 0.024054288864135742 0.023615360260009766
0 0.4430381953716278 0.7682017831154497 0.024054288864135742 0.023615360260009766
0 0.5046588033437729 0.7666158786030896 0.022643685340881348 0.02291954888237857
0 0.5646947026252747 0.7645470301310221 0.022456089655558342 0.02287912368774414
0 0.5935419201850891 0.763531774176522 0.022456089655558342 0.02287912368774414
0 0.6519739031791687 0.7614753048291755 0.022456089655558342 0.02287912368774414
0 0.679957389831543 0.7604904472292149 0.022456089655558342 0.02287912368774414
0 0.707507312297821 0.7595208485921224 0.022456089655558342 0.02287912368774414
0 0.7338489294052124 0.7581635412509878 0.020940780639648438 0.022337913513183594
0 0.7600711584091187 0.7568123856335172 0.020940780639648438 0.022337913513183594
0 0.7850659489631653 0.755524476369222 0.020940780639648438 0.022337913513183594
0 0.8316264152526855 0.7531253502091322 0.020940780639648438 0.022337913513183594
0 0.8530619740486145 0.7507270703641232 0.01908644040425611 0.02080588870578352
0 0.8732878832313105 0.7498594331870558 0.016953196952013472 0.020860401918571636
0 0.9083571152958444 0.7457896766730059 0.01793374278681048 0.021813093183409737
0 0.936053123900561 0.742292024901889 0.010515703418390587 0.020116153448254792
0 0.19506148993968964 0.8420756827809526 0.02480471134185791 0.0240072144402399
0 0.22688744962215424 0.8414847056070963 0.02480471134185791 0.0240072144402399
0 0.2584270238876343 0.8408990463324032 0.02480471134185791 0.0240072144402399
0 0.28988951444625854 0.8408688468097222 0.024377644062042236 0.023479620615641277
0 0.3215365707874298 0.8397271633148193 0.024377644062042236 0.023479620615641277
0 0.35314348340034485 0.8385869280251298 0.024377644062042236 0.023479620615641277
0 0.38414400815963745 0.8374685684826354 0.024377644062042236 0.023479620615641277
0 0.41536059975624084 0.8363424142201742 0.024377644062042236 0.023479620615641277
0 0.4463254511356354 0.8352253416128247 0.024377644062042236 0.023479620615641277
0 0.4768301546573639 0.835028886795044 0.02383490403493249 0.02355851067437076
0 0.5068505853414536 0.8338190499731434 0.023834904034932436 0.02355851067437076
0 0.5367256999015808 0.8330937570989255 0.023044705390930176 0.023336834377712574
0 0.5663740634918213 0.8316449324289957 0.02302761872609449 0.023535357581244476
0 0.5963812470436096 0.8301897689565682 0.02302761872609449 0.023535357581244476
0 0.6547645330429077 0.8273585393931592 0.02302761872609449 0.023535357581244476
0 0.682735025882721 0.8260021428684388 0.02302761872609449 0.023535357581244476
0 0.7096056342124939 0.8246990839640299 0.02302761872609449 0.023535357581244476
0 0.7360852956771851 0.823693593343099 0.022225141525268555 0.022677315606011383
0 0.7622929811477661 0.8219242890675863 0.02218572298685717 0.022522979312472973
0 0.7872158288955688 0.8206604339745099 0.022173523902893066 0.02263900968763573
0 0.19597890973091125 0.9122905731201172 0.024687737226486206 0.024757173326280284
0 0.2282254993915558 0.9113298867170182 0.024687737226486206 0.024757173326280284
0 0.2598864659667015 0.910733143488566 0.024592344959576934 0.024652798970540363
0 0.32394376397132874 0.9084306218647876 0.02459234495957696 0.024652798970540363
0 0.35493651032447815 0.9073165962832958 0.02459234495957696 0.024652798970540363
0 0.38579705357551575 0.9067743619283041 0.02411218484242761 0.024222109052870106
0 0.44882750511169434 0.9039425325578407 0.02411218484242761 0.024222109052870106
0 0.4790442883968353 0.9025849542397054 0.02411218484242761 0.024222109052870106
0 0.5094253867864609 0.9012199935797409 0.024112184842427553 0.024222109052870106
0 0.5695499181747437 0.8985187212626139 0.024112184842427498 0.024222109052870106
0 0.5989177823066711 0.8971772193908691 0.023822128772735596 0.024078845977783203
0 0.6284552812576294 0.8958153504743086 0.023822128772735596 0.024078845977783203
0 0.684776246547699 0.8913469116610978 0.023339549700419182 0.023089673784043956
0 0.712001621723175 0.8894378881467078 0.023339549700419182 0.023089673784043956
0 0.73912113904953 0.8875362873077393 0.023339549700419182 0.023089673784043956
0 0.7889395952224731 0.8840430533790321 0.023339549700419182 0.023089673784043956
0 0.8129990696907043 0.8802102406819662 0.021994590759277344 0.02293999989827474
0 0.8366684317588806 0.8769955086759521 0.020206212997436523 0.021572113037109375
0 0.8756921887397766 0.8719431559244791 0.020206212997436523 0.021572113037109375
0 0.8965701460838318 0.8692401151771721 0.020206212997436523 0.021572113037109375
0 0.930164425872093 0.5406219718992249 0.012854287790697638 0.022195978682170454
0 0.8904134548776519 0.7480968569675435 0.016048090244696445 0.021844903951091954
0 0.922970655487805 0.7442517784552846 0.012862042682926789 0.021277947154471438
0 0.9462713022542194 0.7408470299831897 0.009134224759854037 0.02110065548077511
