0 0.07858302444219589 0.10809749941767188 0.02113195260365805 0.023549965185712462
0 0.1049128845334053 0.10714011968568314 0.02116208275159201 0.023819921552672853
0 0.13185136020183563 0.1063567316809366 0.021032581726710006 0.023464779521143713
0 0.1589796096086502 0.10523540853672883 0.02121137579282123 0.02337196631024973
0 0.18559151887893677 0.10420656481454539 0.02121137579282123 0.02337196631024974
0 0.211986243724823 0.10318611766508924 0.02121137579282123 0.02337196631024974
0 0.26595965027809143 0.10121197989409504 0.021559854348500607 0.023276992546495536
0 0.2932371497154236 0.10004487425781959 0.021559854348500607 0.023276992546495536
0 0.32035118341445923 0.09888476272981798 0.021559854348500607 0.023276992546495536
0 0.3474419116973877 0.09772564835635968 0.021559854348500607 0.023276992546495536
0 0.374482125043869 0.09656869533450105 0.021559854348500607 0.023276992546495536
0 0.40216049551963806 0.09538443787500026 0.021559854348500607 0.023276992546495536
0 0.42888009548187256 0.09422445297885995 0.022021452585856083 0.024482102357139886
0 0.4572964608669281 0.0931576516433276 0.02189548810323083 0.02407946697501249
0 0.48563528060913086 0.09213863417159679 0.02189548810323083 0.02407946697501249
0 0.5133669972419739 0.09114144713180378 0.02189548810323072 0.02407946697501248
0 0.5420082807540894 0.09011155355905995 0.02189548810323072 0.024079466975012502
0 0.5697870254516602 0.08911267546720283 0.02189548810323072 0.02407946697501249
0 0.6268661618232727 0.0870602033542814 0.02189548810323072 0.02407946697501249
0 0.6558676958084106 0.08592349772278617 0.022706945737202888 0.024473929590033
0 0.6851345896720886 0.08484835680141005 0.022706945737202888 0.02447392959003301
0 0.7142274379730225 0.08377281457484279 0.022461334864298577 0.024281496225401412
0 0.7428082227706909 0.08316431855402018 0.022576729456583733 0.024368995843931686
0 0.7722985744476318 0.08153581064800884 0.023030877113342285 0.02439014116923014
0 0.8007727265357971 0.08102769297622978 0.022914568583170647 0.02442443832870602
0 0.8306858539581299 0.0803009964698969 0.022914568583170647 0.02442443832870601
0 0.07889551669359207 0.1407114073287609 0.020435363054275513 0.022967952166416835
0 0.1045883297920227 0.14001598632512924 0.020435363054275513 0.022967952166416835
0 0.13181470334529877 0.1392790568207915 0.020435363054275513 0.022967952166416835
0 0.1588205248117447 0.13854809694511946 0.020435363054275513 0.022967952166416835
0 0.1851397454738617 0.13783572112322978 0.020435363054275513 0.022967952166416835
0 0.21238939464092255 0.13597774318542408 0.020323981841405214 0.022633944370949902
0 0.23861756920814514 0.1350567950758823 0.020323981841405214 0.022633944370949902
0 0.26553159952163696 0.13411176456017362 0.02032398184140527 0.022633944370949902
0 0.292738676071167 0.13315644433191193 0.02032398184140527 0.022633944370949902
0 0.3197387754917145 0.1322083916775016 0.02032398184140527 0.022633944370949902
0 0.3471122980117798 0.1312472270431981 0.02032398184140527 0.022633944370949902
0 0.3747539520263672 0.13033006331943406 0.020944217840830448 0.02325852711995444
0 0.43040338158607483 0.12917228287804705 0.021570920944213867 0.02444409954455473
0 0.4860629737377167 0.12664597641000747 0.02152184645334876 0.024427192155704942
0 0.5137361884117126 0.12553755072660225 0.02152184645334887 0.024427192155704942
0 0.5421162843704224 0.124400811550156 0.02152184645334887 0.024427192155704942
0 0.570452868938446 0.12326581518326495 0.02152184645334887 0.024427192155704942
0 0.5987485647201538 0.12213245657987373 0.02152184645334887 0.024427192155704942
0 0.6272932291030884 0.12098912576345223 0.02152184645334887 0.024427192155704942
0 0.6558712720870972 0.12047968354336051 0.021960695584614998 0.024585723876953125
0 0.6852147579193115 0.1200442535932674 0.021812121073405022 0.024614415427511038
0 0.7142634987831116 0.11934271157800574 0.021812121073405022 0.024614415427511038
0 0.07849041372537613 0.17407376267189204 0.020299002528190613 0.023081661194793924
0 0.10490573942661285 0.1727391124872696 0.019973176221052796 0.02285995039828988
0 0.13090171292424202 0.172025443604663 0.02003275354703267 0.023107935291852153
0 0.15826989710330963 0.17106940025507017 0.020032753547032656 0.023107935291852153
0 0.18447773158550262 0.17015389100169803 0.020032753547032656 0.023107935291852153
0 0.21062517166137695 0.16928233656772348 0.020262261231740297 0.02321279510971189
0 0.23780062794685364 0.1684871059751709 0.020262261231740297 0.02321279510971189
0 0.26484739780426025 0.16769564111090532 0.020262261231740353 0.02321279510971189
0 0.2925000488758087 0.16688644645134668 0.020262261231740353 0.02321279510971189
0 0.3198390603065491 0.16608642977337504 0.020262261231740353 0.02321279510971189
0 0.3475007712841034 0.16575332586419805 0.020816922187805176 0.023329431696455624
0 0.37438297271728516 0.1651494447575059 0.020816922187805176 0.023329431696455624
0 0.40211614966392517 0.16452644735797176 0.020816922187805176 0.023329431696455624
0 0.42988401651382446 0.16323583070621933 0.02143009503682458 0.023844992467599337
0 0.4865904450416565 0.16139655757381263 0.02143009503682458 0.023844992467599337
0 0.5140007734298706 0.1605075035130346 0.02143009503682447 0.023844992467599337
0 0.5423887372016907 0.15958673984646693 0.02143009503682447 0.023844992467599337
0 0.5704408884048462 0.15867686826129293 0.02143009503682447 0.023844992467599337
0 0.5992857217788696 0.15767865957215774 0.0218813419342041 0.024228591327519394
0 0.6280508041381836 0.15671297128566733 0.0218813419342041 0.024228591327519394
0 0.685620129108429 0.15476523998171784 0.02243276437123609 0.024527320566103426
0 0.7150564789772034 0.15368872878190878 0.02243276437123609 0.024527320566103426
0 0.743496298789978 0.1526486614948475 0.02243276437123609 0.024527320566103426
0 0.7725332975387573 0.1515867548895363 0.02243276437123609 0.024527320566103426
0 0.8023010492324829 0.1504981240560842 0.02243276437123609 0.024527320566103426
0 0.8319110870361328 0.14943530872380795 0.022936542828877693 0.025218978408695178
0 0.861240029335022 0.14836586353390716 0.022936542828877693 0.025218978408695178
0 0.07759939879179001 0.20658056622078833 0.019849146405855805 0.022819193758705763
0 0.10351013392210007 0.20581303086391714 0.019849146405855805 0.022819193758705763
0 0.1300584264099598 0.20505193011405584 0.02008678515752156 0.02266509773195249
0 0.1571260541677475 0.20424878320028617 0.020086785157521547 0.02266509773195249
0 0.18394392728805542 0.20345304697163774 0.020086785157521547 0.02266509773195249
0 0.2105504870414734 0.20251099318803267 0.020794580380121885 0.02285294939381205
0 0.2380712777376175 0.20184698770212572 0.020769049723943056 0.022958858992702304
0 0.2649402618408203 0.2011961135795666 0.02076904972394311 0.022958858992702304
0 0.29269978404045105 0.20052366706707672 0.02076904972394311 0.022958858992702304
0 0.3200172483921051 0.1998619289614554 0.02076904972394311 0.022958858992702304
0 0.37516510486602783 0.19852602759072946 0.02076904972394311 0.022958858992702304
0 0.40271928906440735 0.19787970141933361 0.02128722270329797 0.023743814276170352
0 0.430681049823761 0.19729973549066587 0.02143063147862756 0.023596756218015692
0 0.45806679129600525 0.19659260751296218 0.02143063147862756 0.023596756218015692
0 0.4863054156303406 0.19586345722360773 0.02143063147862756 0.023596756218015692
0 0.5148410201072693 0.19512663860188906 0.02143063147862745 0.023596756218015692
0 0.5429561734199524 0.19440067646115325 0.02143063147862745 0.023596756218015692
0 0.5994633436203003 0.1923141367407684 0.022030909856160408 0.0237966914509618
0 0.6286650896072388 0.19150075247121412 0.022030909856160408 0.0237966914509618
0 0.6571272015571594 0.19070796993866573 0.022030909856160408 0.0237966914509618
0 0.6859563589096069 0.18990496373809557 0.022030909856160408 0.0237966914509618
0 0.7150190472602844 0.1890954527744027 0.022030909856160408 0.0237966914509618
0 0.7449949979782104 0.1882605038371096 0.022030909856160408 0.0237966914509618
0 0.7733923196792603 0.18689193974233104 0.0220756928126018 0.024068806522576376
0 0.07647155225276947 0.23923545659974563 0.020027130842208862 0.023097252660943583
0 0.10206668078899384 0.23838477910951125 0.019923418760299683 0.023007311562235015
0 0.12902214750647545 0.2377096763601653 0.019923418760299683 0.023007311562235015
0 0.15634335577487946 0.23679216740437495 0.020399649937947573 0.023101777069328394
0 0.18307149410247803 0.23619671755058821 0.020399649937947573 0.023101777069328394
0 0.209580197930336 0.23560615626177317 0.020399649937947573 0.023101777069328394
0 0.2641950249671936 0.23438944635197348 0.020399649937947628 0.023101777069328394
0 0.29201751947402954 0.2337696164153343 0.020399649937947628 0.023101777069328394
0 0.3191775679588318 0.23316454446079354 0.020399649937947628 0.023101777069328394
0 0.34678736329078674 0.2327989359595445 0.021321237087249756 0.023889807767646258
0 0.3748404085636139 0.23216644553251045 0.021444181601206425 0.02382838818454006
0 0.4028764069080353 0.23153113514463416 0.021444181601206425 0.02382838818454006
0 0.43063363432884216 0.2309021418517097 0.021444181601206425 0.02382838818454006
0 0.4868127107620239 0.22962909459293795 0.021444181601206425 0.02382838818454006
0 0.5155618190765381 0.22897762476011765 0.021444181601206536 0.02382838818454006
0 0.5431661605834961 0.22835338703031272 0.021566470464070564 0.024165146110593838
0 0.5713942050933838 0.2272646704385447 0.02166616916656494 0.02349543017010356
0 0.5997250080108643 0.2265780812395471 0.02166616916656494 0.02349543017010356
0 0.6280752420425415 0.2258910211328533 0.02166616916656494 0.02349543017010356
0 0.6863495111465454 0.2244787602850818 0.02166616916656494 0.02349543017010356
0 0.7153989672660828 0.2237747547238372 0.02166616916656494 0.02349543017010356
0 0.7447866201400757 0.22315462500017466 0.021546880404154534 0.02357045254966088
0 0.07634059339761734 0.2728331809820131 0.020017256339391082 0.02322049103966052
0 0.10267394781112671 0.27199953051396863 0.020017256339391082 0.02322049103966052
0 0.12876544520258904 0.27117353665573024 0.020017256339391068 0.02322049103966052
0 0.1553611010313034 0.2703315823577171 0.020017256339391054 0.02322049103966052
0 0.18273228406906128 0.27007180590962254 0.020395865043004335 0.023164852645046054
0 0.20917142927646637 0.26930817846359206 0.020395865043004335 0.023164852645046054
0 0.2364676147699356 0.2685197975892772 0.020395865043004335 0.023164852645046054
0 0.2634802460670471 0.26773960645653966 0.02039586504300439 0.023164852645046054
0 0.2920656204223633 0.2669139906417492 0.02039586504300439 0.023164852645046054
0 0.31904324889183044 0.2670329559681027 0.021009822686513302 0.023933321930641353
0 0.34635040163993835 0.26660326593674905 0.021009822686513302 0.023933321930641353
0 0.37498292326927185 0.26615272064445394 0.021009822686513302 0.023933321930641353
0 0.4029681384563446 0.2657123610030773 0.0212249755859375 0.024131227833356018
0 0.4302237331867218 0.265054306770332 0.0212249755859375 0.024131227833356018
0 0.4583659768104553 0.26437484544436396 0.0212249755859375 0.024131227833356018
0 0.4868670701980591 0.2636867201135056 0.0212249755859375 0.024131227833356018
0 0.5146173238754272 0.26301672292310135 0.0212249755859375 0.024131227833356018
0 0.5715867280960083 0.26171312505609984 0.021369775136311775 0.02425646227459575
0 0.600193202495575 0.2610892584157545 0.021557410558064705 0.023982853852501183
0 0.6288228034973145 0.25995833956721837 0.02194710572560621 0.024421514466751452
0 0.6577346920967102 0.2594108359758244 0.02194710572560621 0.024421514466751452
0 0.6869627237319946 0.25885734559297785 0.02194710572560621 0.024421514466751452
0 0.716431200504303 0.25829930190758243 0.02194710572560621 0.024421514466751452
0 0.7455890774726868 0.2577471400416175 0.02194710572560621 0.024421514466751452
0 0.0752113088965416 0.30650797555612963 0.020278841257095337 0.023296637128489915
0 0.10173019766807556 0.30580683161728994 0.020278841257095337 0.023296637128489915
0 0.12821291387081146 0.30510664406005367 0.020278841257095337 0.023296637128489915
0 0.15479469299316406 0.30440383733705034 0.020278841257095337 0.023296637128489915
0 0.1818370819091797 0.3036888523599814 0.020278841257095337 0.023296637128489915
0 0.20888878405094147 0.3031530413027568 0.020284573237101255 0.023060953894326854
0 0.23605437576770782 0.3025249021895165 0.020284573237101255 0.023060953894326854
0 0.26375049352645874 0.30188449593477473 0.0202845732371012 0.023060953894326854
0 0.29108354449272156 0.3018573938414108 0.020722707112630245 0.02352276883384057
0 0.3190615773200989 0.30135004560445633 0.020903011163075802 0.02458613787510601
0 0.37469813227653503 0.30051972145257994 0.020903011163075802 0.02458613787510601
0 0.43081510066986084 0.2996822275742558 0.020903011163075802 0.02458613787510601
0 0.4580482840538025 0.2992757974868093 0.020903011163075802 0.02458613787510601
0 0.4863745868206024 0.2990797312825373 0.021371523539225223 0.02467711396919667
0 0.5145962834358215 0.29845222207002864 0.021371523539225334 0.02467711396919667
0 0.5715087056159973 0.2971867747898328 0.021371523539225334 0.02467711396919667
0 0.6291329860687256 0.29590549934628735 0.021371523539225334 0.02467711396919667
0 0.6579220294952393 0.29526537518168605 0.021371523539225334 0.02467711396919667
0 0.6868691444396973 0.29462173629806915 0.021371523539225334 0.02467711396919667
0 0.7157442569732666 0.2937408658182579 0.02168186505635572 0.024678282035413612
0 0.7454985976219177 0.2929563790750114 0.02168186505635572 0.024678282035413612
0 0.7744678258895874 0.29219259217728016 0.02168186505635572 0.024678282035413612
0 0.0747639387845993 0.3401901555615802 0.020255878567695618 0.023349229679551234
0 0.1007232740521431 0.3395779631858648 0.020443613330523164 0.023564316505609556
0 0.1278543807566166 0.339039809471165 0.020443613330523178 0.023564316505609556
0 0.1538739949464798 0.3385237025469671 0.02044361333052319 0.023564316505609556
0 0.18085284531116486 0.33798856888285855 0.02044361333052319 0.023564316505609556
0 0.20844851434230804 0.33744120043377546 0.02044361333052319 0.023564316505609556
0 0.23630391061306 0.337156894595124 0.020549803972244263 0.023778323979340755
0 0.2914048135280609 0.33649158951756736 0.020549803972244263 0.023778323979340755
0 0.3188383877277374 0.3361603481903839 0.020549803972244263 0.023778323979340755
0 0.34641900658607483 0.3355112962944563 0.0205481847127279 0.024042366086974652
0 0.37458983063697815 0.3352364433210623 0.0205481847127279 0.024042366086974652
0 0.40229928493499756 0.3349660917725532 0.0205481847127279 0.024042366086974652
0 0.43030527234077454 0.33469284705321506 0.0205481847127279 0.024042366086974652
0 0.4582973122596741 0.3344197384146757 0.0205481847127279 0.024042366086974652
0 0.5147057771682739 0.33379501520201216 0.02163628737131762 0.024789884108905615
0 0.5712318420410156 0.33258149857132474 0.02163628737131762 0.024789884108905615
0 0.5991650223731995 0.3319818216088931 0.02163628737131762 0.024789884108905615
0 0.6285774111747742 0.3310026124466297 0.021868546803792244 0.024938760801803236
0 0.6578764319419861 0.33072138941565227 0.022327423095703125 0.025112359098685776
0 0.6865701675415039 0.33006177331850844 0.022327423095703125 0.025112359098685776
0 0.7457922697067261 0.328700366339644 0.022327423095703125 0.025112359098685776
0 0.7752966284751892 0.3280221155098736 0.022327423095703125 0.025112359098685776
0 0.8051421046257019 0.3273360230201899 0.022327423095703125 0.025112359098685776
0 0.8348395228385925 0.32686133717381677 0.022545218467712402 0.025209589522014266
0 0.07464027404785156 0.37354891779711585 0.020155842105547578 0.02369078554848369
0 0.10066452622413635 0.3732318878173828 0.020155842105547578 0.02369078554848369
0 0.12709471583366394 0.3728941983954851 0.020401547352472946 0.02371312666308971
0 0.15419137477874756 0.3725756686888133 0.02040154735247296 0.02371312666308971
0 0.18101851642131805 0.3722603072423867 0.02040154735247296 0.02371312666308971
0 0.20826692879199982 0.37193999362670094 0.02040154735247296 0.02371312666308971
0 0.23576916754245758 0.3716166962024777 0.02040154735247296 0.02371312666308971
0 0.26253393292427063 0.3706400449885878 0.021107276280721066 0.023946155873379952
0 0.2913828194141388 0.3704741310072333 0.021107276280721066 0.023946155873379952
0 0.31908518075942993 0.37069579543507375 0.021270811557769775 0.024139130762381174
0 0.34661364555358887 0.37037724117900056 0.021270811557769775 0.024139130762381174
0 0.40273579955101013 0.36972780608882916 0.021270811557769775 0.024139130762381174
0 0.45864492654800415 0.3690808361073427 0.021270811557769775 0.024139130762381174
0 0.4868757724761963 0.3687541540278945 0.021270811557769775 0.024139130762381174
0 0.5149626731872559 0.36842913765562985 0.021270811557769775 0.024139130762381132
0 0.5428112149238586 0.36833267433698785 0.0214080810546875 0.024032770201217336
0 0.5725151300430298 0.3677800869031355 0.0214080810546875 0.024032770201217298
0 0.5999101400375366 0.3672704524589053 0.0214080810546875 0.024032770201217336
0 0.629242479801178 0.36672477751020427 0.0214080810546875 0.024032770201217336
0 0.65779048204422 0.36619369373765104 0.0214080810546875 0.024032770201217336
0 0.7165447473526001 0.36512927718739 0.02162249883015943 0.02426603598188063
0 0.745890736579895 0.36459133236907243 0.02162249883015943 0.02426603598188063
0 0.07366542518138885 0.40743437478708666 0.019788101315498352 0.023327346920043054
0 0.09965706616640091 0.40713088192270136 0.019788101315498352 0.023327346920043054
0 0.12630082294344902 0.4068197745914285 0.019788101315498352 0.023327346920043054
0 0.1531037539243698 0.4063313506370367 0.020550698041915894 0.023635598116142804
0 0.1809474378824234 0.40618169030477835 0.020431190729141235 0.023620191470597195
0 0.2076234519481659 0.40598727616471325 0.020431190729141235 0.023620191470597195
0 0.2356347292661667 0.4057831306586236 0.020431190729141235 0.023620191470597195
0 0.2910706102848053 0.4053791153094628 0.020431190729141235 0.023620191470597195
0 0.31896689534187317 0.40517580786416696 0.020431190729141235 0.023620191470597195
0 0.3465269207954407 0.404914166169015 0.021075904369354248 0.023788688718810506
0 0.37476834654808044 0.40460697440213933 0.021057307720184326 0.023840970771257266
0 0.4028353691101074 0.40440713185650967 0.021057307720184326 0.023840970771257266
0 0.4304802119731903 0.40421029531073505 0.021057307720184326 0.023840970771257266
0 0.4587041437625885 0.40434201514264445 0.02129397789637244 0.02401319400284647
0 0.48641154170036316 0.403812053591706 0.02129397789637244 0.02401319400284647
0 0.5144400000572205 0.4032759510932118 0.02129397789637255 0.02401319400284647
0 0.5432470440864563 0.4027249565261301 0.02129397789637255 0.02401319400284647
0 0.6003750562667847 0.401632264603016 0.02129397789637255 0.02401319400284647
0 0.6292826533317566 0.401079346750215 0.02129397789637255 0.02401319400284647
0 0.6575140953063965 0.40135929196379905 0.022073705991109138 0.024193312770636452
0 0.7170122861862183 0.4003769232978848 0.022073705991109138 0.024193312770636452
0 0.7467411756515503 0.39988607258374864 0.022073705991109138 0.024193312770636452
0 0.7765547037124634 0.39939382441024446 0.022073705991109138 0.024193312770636452
0 0.8056974411010742 0.39891265159429506 0.022073705991109138 0.024193312770636452
0 0.835029661655426 0.3985476538828232 0.022702574729919434 0.02460334836974619
0 0.8656464219093323 0.39808497868783443 0.022702574729919434 0.02460334836974619
0 0.8959047794342041 0.39762771961300875 0.022702574729919434 0.02460334836974619
0 0.07287605851888657 0.44158434313397077 0.019862810770670564 0.023619186046511628
0 0.09893331676721573 0.4412407544083851 0.019862810770670564 0.023619186046511628
0 0.12587232887744904 0.4408855389535863 0.019862810770670578 0.023619186046511628
0 0.1531364768743515 0.440526036285456 0.01986281077067059 0.023619186046511628
0 0.20801325142383575 0.4398024359414744 0.01986281077067059 0.023619186046511628
0 0.23562246561050415 0.4393461360487827 0.020079225301742554 0.02367007824801654
0 0.2914683520793915 0.43961928611577944 0.021003464857737186 0.023884795432867006
0 0.3191227912902832 0.4394222782621875 0.021003464857737186 0.023884795432867006
0 0.34648397564888 0.439227359531017 0.021003464857737186 0.023884795432867006
0 0.37447065114974976 0.4390279848545843 0.021003464857737186 0.023884795432867006
0 0.40278545022010803 0.43882627265397894 0.021003464857737186 0.023884795432867006
0 0.43061113357543945 0.4388771944267805 0.02091127634048462 0.024101671322371555
0 0.48629605770111084 0.4383055429353552 0.02091127634048462 0.024101671322371555
0 0.5147989988327026 0.43801293682941683 0.02091127634048462 0.024101671322371555
0 0.5434755682945251 0.43792791144792426 0.021214882532755608 0.024202686871669144
0 0.5716562271118164 0.43743205826253323 0.021214882532755608 0.024202686871669144
0 0.6000502705574036 0.4369324504648622 0.021214882532755608 0.024202686871669144
0 0.6293220520019531 0.4364173984156729 0.021214882532755608 0.024202686871669144
0 0.6581044793128967 0.43591095680414244 0.021214882532755608 0.024202686871669144
0 0.6874921917915344 0.43569179493380444 0.02198867003122973 0.02472157441368404
0 0.717232346534729 0.43547000468924557 0.02198867003122973 0.02472157441368404
0 0.7468647360801697 0.4352490181146666 0.02198867003122973 0.02472157441368404
0 0.07242733240127563 0.47586590730351097 0.019778072834014893 0.023572078970975654
0 0.09845446050167084 0.475644355596498 0.019778072834014893 0.023572078970975654
0 0.12583233043551445 0.4754433505360731 0.020293056964874268 0.02380075380783667
0 0.15284128487110138 0.47520495569983195 0.02023869752883911 0.02370000440020894
0 0.1801874339580536 0.4749550830550888 0.02023869752883911 0.02370000440020894
0 0.20756103098392487 0.4747049596076067 0.02023869752883911 0.02370000440020894
0 0.2631945312023163 0.4741966141805527 0.02023869752883911 0.02370000440020894
0 0.29120737314224243 0.47394064969794697 0.02023869752883911 0.02370000440020894
0 0.31853187084198 0.47369256635269047 0.020722031593322754 0.023962508800417878
0 0.3471922278404236 0.47411069414042306 0.02120155096054077 0.024016121561213112
0 0.3748044967651367 0.4738147971119796 0.021011769771575928 0.023899433224700218
0 0.40262243151664734 0.47356973692428234 0.021011769771575928 0.023899433224700218
0 0.43051183223724365 0.47332404716203347 0.021011769771575928 0.023899433224700218
0 0.4587809145450592 0.47307501262089074 0.021011769771575928 0.023899433224700218
0 0.48653849959373474 0.4728304840797602 0.021011769771575928 0.023899433224700218
0 0.5432147979736328 0.4723311981175552 0.021011769771575928 0.023899433224700218
0 0.5719457864761353 0.47184147112046254 0.02218496799468994 0.024266738300175686
0 0.6003961563110352 0.4717940840610238 0.02218496799468994 0.024266738300175686
0 0.6292622685432434 0.47174600453924415 0.02218496799468994 0.024266738300175686
0 0.6586446166038513 0.47169706517282894 0.02218496799468994 0.024266738300175686
0 0.688039243221283 0.47164810535519625 0.02218496799468994 0.024266738300175686
0 0.7176890969276428 0.4715987204302167 0.02218496799468994 0.024266738300175686
0 0.7477815747261047 0.4703981673697751 0.022265195846557617 0.024357137753982006
0 0.7782464027404785 0.4702481783291478 0.022265195846557617 0.024357137753982006
0 0.8078562021255493 0.47010239889455396 0.022265195846557617 0.024357137753982006
0 0.0982816219329834 0.5099280157754588 0.02028079330921173 0.023521512053733647
0 0.12473392486572266 0.509721349895559 0.02028079330921173 0.023521512053733647
0 0.1521245390176773 0.509507353201619 0.02028079330921173 0.023521512053733647
0 0.17983651161193848 0.5092908458066101 0.02028079330921173 0.023521512053733647
0 0.20705664157867432 0.5090781810671784 0.02028079330921173 0.023521512053733647
0 0.26280316710472107 0.5087677207817269 0.02104119459788001 0.023950088855832122
0 0.2916000187397003 0.5086850345648671 0.021115124225616455 0.02404007431148564
0 0.31905117630958557 0.5086457895678144 0.021115124225616455 0.02404007431148564
0 0.34665217995643616 0.5086063303463219 0.021115124225616455 0.02404007431148564
0 0.37492337822914124 0.5085659129945193 0.021115124225616455 0.02404007431148564
0 0.4026685953140259 0.5085262476011764 0.021115124225616455 0.02404007431148564
0 0.431110143661499 0.5084855867118048 0.021115124225616455 0.02404007431148564
0 0.4867366850376129 0.5080935462096119 0.021623333295186398 0.023996160935986003
0 0.5437937378883362 0.5078506913296011 0.021623333295186287 0.023996160935986003
0 0.5720134973526001 0.5077305781103546 0.021623333295186287 0.023996160935986003
0 0.6006121635437012 0.5076088521308427 0.021623333295186287 0.023996160935986003
0 0.6301450729370117 0.5074831496837527 0.021623333295186287 0.023996160935986003
0 0.6593541502952576 0.5073588255796736 0.021623333295186287 0.023996160935986003
0 0.6889826059341431 0.5069919482598981 0.022347768147786384 0.02458244146302689
0 0.7183970212936401 0.5065052878040042 0.022610584894816155 0.0251718565475109
0 0.7480981945991516 0.5064984255058821 0.022610584894816155 0.0251718565475109
0 0.8085944056510925 0.5064844481780767 0.022610584894816155 0.0251718565475109
0 0.8384478092193604 0.5064775507079621 0.022610584894816155 0.0251718565475109
0 0.8680883646011353 0.5064707024152889 0.022610584894816155 0.0251718565475109
0 0.8974555134773254 0.5064639172917346 0.022610584894816155 0.0251718565475109
0 0.07156319916248322 0.5443359518310139 0.02044898271560669 0.023720940878224926
0 0.09739378094673157 0.5442567426104878 0.02065432071685791 0.023746934047965115
0 0.124526746571064 0.5441889290155111 0.02065432071685791 0.023746934047965115
0 0.17964065074920654 0.5440511824813773 0.02065432071685791 0.023746934047965115
0 0.20725587010383606 0.5439821635865599 0.02065432071685791 0.023746934047965115
0 0.2350449562072754 0.5439127101454624 0.02065432071685791 0.023746934047965115
0 0.29121625423431396 0.5433758136837982 0.020913034677505493 0.02392048798790279
0 0.3189164996147156 0.5431945961243552 0.020913034677505493 0.02392048798790279
0 0.3468506634235382 0.5432568435529684 0.02087867259979248 0.02371925531431686
0 0.37490737438201904 0.5431891868437173 0.020813683668772343 0.024041523305020535
0 0.40311121940612793 0.5431034620418105 0.020813683668772343 0.024041523305020535
0 0.4309593439102173 0.5430188184425228 0.020813683668772343 0.024041523305020535
0 0.4591435194015503 0.5429331534256133 0.020813683668772343 0.024041523305020535
0 0.4869954288005829 0.5428484983222429 0.020813683668772343 0.024041523305020535
0 0.5155200362205505 0.542761798571962 0.020813683668772454 0.024041523305020535
0 0.5441718101501465 0.5426820649384901 0.020974814891815186 0.024148364399754724
0 0.5728960037231445 0.5425876078220525 0.021387577056884766 0.0245469263357709
0 0.6014980673789978 0.5425007398738417 0.021387577056884766 0.0245469263357709
0 0.6304571032524109 0.5429170298021894 0.021994829177856445 0.024771697761476558
0 0.659708559513092 0.5428135035411052 0.021994829177856445 0.024771697761476558
0 0.6892001032829285 0.5425485687913635 0.02254962921142578 0.02518962889678724
0 0.7195799946784973 0.5426016075666561 0.02254962921142578 0.02518962889678724
0 0.7490647435188293 0.5426530835560841 0.02254962921142578 0.02518962889678724
0 0.779088020324707 0.5427054997353035 0.02254962921142578 0.02518962889678724
0 0.8094955682754517 0.542758586794831 0.02254962921142578 0.02518962889678724
0 0.8394392132759094 0.5428108639487531 0.02254962921142578 0.02518962889678724
0 0.8687441945075989 0.5426718689674555 0.022459665934244866 0.025464168814725654
0 0.8984108567237854 0.5424823317416879 0.022712508837382073 0.025530201520106644
0 0.07091332226991653 0.5786249914834666 0.019996047019958496 0.023576011953427865
0 0.09698393195867538 0.5786050753800398 0.019996047019958496 0.023576011953427865
0 0.12424277514219284 0.578584251550194 0.019996047019958496 0.023576011953427865
0 0.15201854705810547 0.5785630328233273 0.019996047019958496 0.023576011953427865
0 0.17926111817359924 0.5785422214241915 0.019996047019958496 0.023576011953427865
0 0.20690056681632996 0.5786597229713617 0.020640134811401367 0.023890443550523808
0 0.23443105816841125 0.5785682877292326 0.020640134811401367 0.023890443550523808
0 0.26240265369415283 0.5784753874763122 0.020640134811401367 0.023890443550523808
0 0.2902985215187073 0.5783827387329129 0.020640134811401367 0.023890443550523808
0 0.317831814289093 0.5782912941866143 0.020640134811401367 0.023890443550523808
0 0.3466220200061798 0.5782260158558576 0.0207270781199137 0.024322894192481282
0 0.3749694228172302 0.5781617415274636 0.0207270781199137 0.024322894192481282
0 0.4305347502231598 0.5780357538267623 0.021157244841257694 0.024180863254754173
0 0.45882898569107056 0.5780811309814453 0.02147650718688965 0.024293736894001276
0 0.487251341342926 0.5781469630248636 0.02147650718688965 0.024293736894001276
0 0.5160416960716248 0.5782136474301164 0.02147650718688965 0.024293736894001276
0 0.5436060428619385 0.5782774921478774 0.02147650718688965 0.024293736894001276
0 0.5728713274002075 0.5783452765886173 0.02147650718688965 0.024293736894001276
0 0.6311209201812744 0.5782518608625545 0.022297978401184082 0.02459950410118404
0 0.6896663904190063 0.5785431148868414 0.022297978401184082 0.02459950410118404
0 0.720138669013977 0.5786947094292362 0.022297978401184082 0.02459950410118404
0 0.7495629191398621 0.5788410902034615 0.022297978401184082 0.02459950410118404
0 0.7795410752296448 0.5789902265681777 0.022297978401184082 0.02459950410118404
0 0.8097574710845947 0.5789083436478016 0.02232682704925537 0.0252742028051568
0 0.07005659490823746 0.613132166308026 0.02032555639743805 0.024127487064331946
0 0.09715002030134201 0.612899336703988 0.020721308887004852 0.023989684822023433
0 0.12420899793505669 0.6130325548527049 0.020721308887004852 0.023989684822023433
0 0.1520521342754364 0.6133789683497229 0.020811299482981382 0.02443635925766115
0 0.1790471374988556 0.6134227945962982 0.020811299482981382 0.02443635925766115
0 0.20649155974388123 0.6134673504723049 0.020811299482981382 0.02443635925766115
0 0.23449525237083435 0.6135128143208525 0.020811299482981382 0.02443635925766115
0 0.26240524649620056 0.6135581260503724 0.020811299482981327 0.02443635925766115
0 0.29002615809440613 0.6136062171907697 0.021128535270690918 0.024471667385840657
0 0.31797710061073303 0.6130292392393168 0.020954102277755737 0.024573481360147167
0 0.3463868796825409 0.6137210491091706 0.021091798941294315 0.024269665858542327
0 0.4028402864933014 0.6132093079719099 0.021349211533864376 0.02462141643198891
0 0.43080493807792664 0.6132804959319359 0.021349211533864376 0.02462141643198891
0 0.4588790535926819 0.6133519625478164 0.021349211533864376 0.02462141643198891
0 0.4876600205898285 0.6134252285537205 0.021349211533864376 0.02462141643198891
0 0.5156804919242859 0.6134965586107831 0.021349211533864265 0.02462141643198891
0 0.5439517498016357 0.6135685270803193 0.021349211533864265 0.02462141643198891
0 0.6027467250823975 0.6144030814947083 0.02227858702341723 0.025153551914895173
0 0.6318935751914978 0.6145389349431079 0.02227858702341723 0.025153551914895173
0 0.6609079837799072 0.6146741710816701 0.02227858702341723 0.025153551914895173
0 0.6906802654266357 0.6148129396660383 0.02227858702341723 0.025153551914895173
0 0.7199494242668152 0.6149493631953497 0.02227858702341723 0.025153551914895173
0 0.7800171375274658 0.6153190818372535 0.0224191347757976 0.025088317634523433
0 0.8105250000953674 0.615482862605605 0.0224191347757976 0.025088317634523433
0 0.8406222462654114 0.6155765444733375 0.0226020415623982 0.025164020153903167
0 0.8700754046440125 0.6157412861668786 0.022666851679484123 0.025487855423328487
0 0.8996880054473877 0.615442763927371 0.02282182375590014 0.025182206501332308
0 0.07061215490102768 0.6469562885373138 0.020283006131649017 0.02369787526685138
0 0.09707076102495193 0.6475886310724466 0.020690533022085816 0.023785258448401164
0 0.12440003082156181 0.647788868394009 0.02069053302208583 0.023785258448401164
0 0.15198421478271484 0.6479909734321225 0.020690533022085844 0.023785258448401164
0 0.17894044518470764 0.6481884775518916 0.020690533022085844 0.023785258448401164
0 0.23438966274261475 0.6485947453698446 0.020690533022085844 0.023785258448401164
0 0.26261377334594727 0.6488015390512254 0.02069053302208579 0.023785258448401164
0 0.29037922620773315 0.6482188374644583 0.021160582701365116 0.024354210195615365
0 0.3180829584598541 0.6482865976732831 0.021160582701365116 0.024354210195615365
0 0.34610047936439514 0.6486995470577015 0.021714965502421024 0.02463886349700218
0 0.37400177121162415 0.6487560715786246 0.021714965502421024 0.02463886349700218
0 0.40299251675605774 0.6488148031962169 0.021714965502421024 0.02463886349700218
0 0.43129459023475647 0.6488721396505027 0.021714965502421024 0.02463886349700218
0 0.45923981070518494 0.6489287531653116 0.021714965502421024 0.02463886349700218
0 0.487167090177536 0.6489853303339066 0.021714965502421024 0.02463886349700218
0 0.5163028836250305 0.6496223543961867 0.021664679050445557 0.02479346223579815
0 0.5457913279533386 0.649878790212232 0.021664679050445557 0.02479346223579815
0 0.5736474394798279 0.6497080159741778 0.021796902020772224 0.024704363919043782
0 0.603328287601471 0.6500331424669837 0.021796902020772224 0.024704363919043782
0 0.6322871446609497 0.6503821971804596 0.022191842397053962 0.025018204090207122
0 0.6618301868438721 0.6506806595383214 0.022191842397053962 0.025018204090207122
0 0.6917901039123535 0.6512114459718087 0.02292986710866285 0.025597890218099013
0 0.7217181324958801 0.6513638607291288 0.02292986710866285 0.025597890218099013
0 0.7513260245323181 0.6515146451239946 0.02292986710866285 0.025597890218099013
0 0.781433641910553 0.6516679744748867 0.02292986710866285 0.025597890218099013
0 0.8109161257743835 0.6518181202023529 0.02292986710866285 0.025597890218099013
0 0.8410574197769165 0.6519716210585114 0.02292986710866285 0.025597890218099013
0 0.9006386995315552 0.652265624037724 0.022827506065368652 0.025424277135568128
0 0.07052581012248993 0.6815589199428214 0.020482155183951058 0.02394074432609612
0 0.0970625951886177 0.6818813944971839 0.02048215518395105 0.02394074432609612
0 0.12420381978154182 0.6822112141902493 0.020482155183951065 0.02394074432609612
0 0.15192769467830658 0.6825481142397564 0.02048215518395108 0.02394074432609612
0 0.1790383756160736 0.6828775627668514 0.02048215518395108 0.02394074432609612
0 0.20637205243110657 0.6832097211360001 0.02048215518395108 0.02394074432609612
0 0.23436157405376434 0.6831823836925418 0.021056105693181337 0.02467890303264298
0 0.26210659742355347 0.6834373805321349 0.021056105693181393 0.02467890303264298
0 0.28947338461875916 0.6836689793786337 0.0212877790133158 0.024807922599851567
0 0.31759852170944214 0.6839320957803589 0.0212877790133158 0.024807922599851567
0 0.3456506133079529 0.684194528826586 0.0212877790133158 0.024807922599851567
0 0.3737671971321106 0.6847582182548603 0.021921952565511105 0.02515408419823456
0 0.43078190088272095 0.6849909494089526 0.021921952565511105 0.02515408419823456
0 0.45840567350387573 0.6851037082599084 0.021921952565511105 0.02515408419823456
0 0.48725390434265137 0.6852214652877445 0.021921952565511105 0.02515408419823456
0 0.5162369012832642 0.6853397724240325 0.021921952565510994 0.02515408419823456
0 0.5455776453018188 0.6854595398659057 0.021921952565510994 0.02515408419823456
0 0.5742446184158325 0.6859387242516806 0.022125720977783203 0.025279466495957484
0 0.6039355993270874 0.6861815022488574 0.022125720977783203 0.025279466495957484
0 0.6328880786895752 0.6873129925383632 0.022463560104370117 0.02542936339858885
0 0.6626291275024414 0.6875441351602244 0.022463560104370117 0.02542936339858885
0 0.6921942234039307 0.6877739103045122 0.022463560104370117 0.02542936339858885
0 0.7221001386642456 0.688006334241742 0.022463560104370117 0.02542936339858885
0 0.7526233196258545 0.6882435554681823 0.022463560104370117 0.02542936339858885
0 0.7822227478027344 0.6884735974373624 0.022463560104370117 0.02542936339858885
0 0.8114715814590454 0.6882571730502817 0.022691051165262932 0.025414843891942224
0 0.07011101581156254 0.7167907520685322 0.02092944085597992 0.024248965950899346
0 0.09687730669975281 0.7171627754388854 0.02092944085597992 0.024248965950899346
0 0.12427624315023422 0.7177707934579513 0.02074216802914937 0.02433664484541551
0 0.15156415104866028 0.7180166466291561 0.02099558711051941 0.024337531984314494
0 0.17854492366313934 0.7182981310918249 0.02099558711051941 0.024337531984314494
0 0.23449082672595978 0.7188818023857194 0.02099558711051941 0.024337531984314494
0 0.2620921730995178 0.7191697611578388 0.02099558711051941 0.024337531984314494
0 0.2898801267147064 0.719459666762241 0.02099558711051941 0.024337531984314494
0 0.3176349997520447 0.719455408495526 0.02097335457801819 0.02435506776321766
0 0.34485775232315063 0.7197301997694858 0.021113167206446293 0.024782106857891176
0 0.3740539252758026 0.720102457139348 0.021264394124348995 0.025031185889428955
0 0.4019230604171753 0.7204220783645009 0.021264394124348995 0.025031185889428955
0 0.4590950608253479 0.7212603610240506 0.022145966688791874 0.024917218112206218
0 0.4878520965576172 0.7217088300128316 0.022145966688791874 0.024917218112206218
0 0.5170508623123169 0.7221641878276488 0.022145966688791985 0.024917218112206218
0 0.5457445979118347 0.7226116696442196 0.022145966688791985 0.024917218112206218
0 0.5752797722816467 0.7230722737866778 0.022145966688791985 0.024917218112206218
0 0.6048005819320679 0.7235326539098305 0.022145966688791985 0.024917218112206218
0 0.634048342704773 0.7240110403551216 0.022203485171000237 0.0249837831009266
0 0.6634302139282227 0.7244779897290606 0.022203485171000237 0.0249837831009266
0 0.6931256055831909 0.7243953062108636 0.022226810455322266 0.025357091149618458
0 0.7227426767349243 0.7246579458547193 0.022226810455322266 0.025357091149618458
0 0.7826177477836609 0.7251114512598792 0.022525668144226074 0.02549447939377417
0 0.06908443383872509 0.7516210023746934 0.020922396332025528 0.024345900661261535
0 0.09589575231075287 0.752056003240145 0.020922396332025528 0.024345900661261535
0 0.1237463615834713 0.7525303197461505 0.0211356704433759 0.024480405703995553
0 0.15151149034500122 0.7529679386174708 0.021135670443375887 0.024480405703995553
0 0.17838351428508759 0.7533914808559293 0.021135670443375887 0.024480405703995553
0 0.2060372531414032 0.7539191604490526 0.021063615878423037 0.024973802788313047
0 0.2338109314441681 0.7542650976846385 0.021063615878423037 0.024973802788313047
0 0.26158687472343445 0.7546110631318175 0.021063615878423092 0.024973802788313047
0 0.2891973555088043 0.7549549676478834 0.021063615878423092 0.024973802788313047
0 0.3167088031768799 0.7552976386491642 0.021063615878423092 0.024973802788313047
0 0.3457021713256836 0.7556587678276038 0.021063615878423092 0.024973802788313047
0 0.3736148774623871 0.7562646485925599 0.021832823753356934 0.02496129412983739
0 0.4023019075393677 0.756624522441417 0.021832823753356934 0.02496129412983739
0 0.43031778931617737 0.7569759768505031 0.021832823753356934 0.02496129412983739
0 0.4881395995616913 0.7577013414959575 0.021832823753356934 0.02496129412983739
0 0.5171787738800049 0.7582533193189044 0.02257315317789721 0.02532805213632521
0 0.5461033582687378 0.7588716492094757 0.02257315317789721 0.02532805213632521
0 0.5753886103630066 0.7594976892064359 0.02257315317789721 0.02532805213632521
0 0.6049110293388367 0.7601287991940295 0.02257315317789721 0.02532805213632521
0 0.6346502304077148 0.7607645434002543 0.02257315317789721 0.02532805213632521
0 0.6644827127456665 0.7607919559922329 0.022492051124572754 0.025676106297692586
0 0.6939269304275513 0.7611356336016988 0.022854089736938477 0.02569934933684593
0 0.7234196662902832 0.761475017274952 0.022854089736938477 0.02569934933684593
0 0.7534136176109314 0.7626578977787551 0.0235518217086792 0.026278591895288163
0 0.783379077911377 0.7625882348348928 0.0235518217086792 0.026278591895288163
0 0.813606321811676 0.7625179633031417 0.0235518217086792 0.026278591895288163
0 0.8430727124214172 0.762449460583868 0.0235518217086792 0.026278591895288163
0 0.8732463717460632 0.7623793136241824 0.0235518217086792 0.026278591895288163
0 0.06916331499814987 0.7866337798362555 0.021052688360214233 0.024380351221838664
0 0.09552343934774399 0.7871205458037965 0.021052688360214233 0.024380351221838664
0 0.12327781319618225 0.7876330579778918 0.021052688360214233 0.024380351221838664
0 0.1505342572927475 0.7881363753828643 0.021052688360214233 0.024380351221838664
0 0.1781076043844223 0.7886455447174782 0.021052688360214233 0.024380351221838664
0 0.20546826720237732 0.7886007839381356 0.021000991264979063 0.024787311406098484
0 0.23327983915805817 0.7891361716899606 0.021000991264979063 0.024787311406098484
0 0.28959226608276367 0.790281216494073 0.02161373694737756 0.024929549342902244
0 0.31725355982780457 0.7907024649686591 0.02161373694737756 0.024929549342902244
0 0.34586620330810547 0.791138201363748 0.02161373694737756 0.024929549342902244
0 0.37377864122390747 0.7915632744641745 0.02161373694737756 0.024929549342902244
0 0.40253159403800964 0.7917414924284315 0.02176390091578162 0.025082373803900083
0 0.4311835467815399 0.7923703748126363 0.02176390091578162 0.025082373803900083
0 0.4596022069454193 0.7929941366525269 0.02176390091578162 0.025082373803900083
0 0.48859545588493347 0.7936305101549593 0.02176390091578162 0.025082373803900083
0 0.517488420009613 0.7942646825036337 0.02176390091578173 0.025082373803900083
0 0.5465142726898193 0.7949017716263369 0.02176390091578173 0.025082373803900083
0 0.605575680732727 0.7959977858461792 0.022248506546020508 0.02540339980014535
0 0.6351237297058105 0.7965791391771894 0.022496461868286133 0.025175345960513455
0 0.6650896668434143 0.7971750091133658 0.022496461868286133 0.025175345960513455
0 0.6937839984893799 0.7977455932899257 0.022496461868286133 0.025175345960513455
0 0.7238001227378845 0.7983424611922406 0.022496461868286133 0.025175345960513455
0 0.7537113428115845 0.7989372430845748 0.022496461868286133 0.025175345960513455
0 0.8147640824317932 0.7988245484683475 0.02325936158498121 0.02553623406461956
0 0.8442002534866333 0.7989741657337149 0.02325936158498121 0.02553623406461956
0 0.8736239671707153 0.799123719681141 0.02325936158498121 0.02553623406461956
0 0.06859448738396168 0.821644805198492 0.021008048206567764 0.02425071065740079
0 0.09538841247558594 0.8222255112383415 0.021008048206567764 0.02425071065740079
0 0.1230752058327198 0.8228255684554745 0.021008048206567764 0.02425071065740079
0 0.15069696307182312 0.8234242161416627 0.021008048206567764 0.02425071065740079
0 0.1779833436012268 0.824015595192133 0.021008048206567764 0.02425071065740079
0 0.23368702828884125 0.8249071697856105 0.021605263153711973 0.02491470455199238
0 0.2619069516658783 0.8254370872360116 0.021605263153711918 0.02491470455199238
0 0.2888687252998352 0.8259433789842741 0.021605263153711918 0.02491470455199238
0 0.31714093685150146 0.8264742783089283 0.021605263153711918 0.02491470455199238
0 0.34537938237190247 0.8270045435705851 0.021619876225789425 0.024830367213995994
0 0.373618483543396 0.8275186160081769 0.021619876225789425 0.024830367213995994
0 0.43172287940979004 0.8285763645617317 0.021619876225789425 0.024830367213995994
0 0.4598388075828552 0.8290881947238643 0.021619876225789425 0.024830367213995994
0 0.48830676078796387 0.829606433247411 0.022297223409016964 0.02599571287169948
0 0.5177192687988281 0.8302823961262503 0.022297223409016853 0.02599571287169948
0 0.5761321187019348 0.8316248494174527 0.022297223409016853 0.02599571287169948
0 0.6057067513465881 0.8323045382700902 0.022297223409016853 0.02599571287169948
0 0.6351650357246399 0.8329815531885901 0.022297223409016853 0.02599571287169948
0 0.6647568345069885 0.833654921500531 0.022637605667114258 0.02626694080441497
0 0.6950934529304504 0.8344968445482286 0.022731582323710198 0.026181361471959676
0 0.7244862914085388 0.8352168770723565 0.02337590853373217 0.02605875887612029
0 0.7543870210647583 0.8355059515514522 0.02337590853373217 0.02605875887612029
0 0.7842485904693604 0.8357946474367989 0.02337590853373217 0.02605875887612029
0 0.8147461414337158 0.8360894918690276 0.02337590853373217 0.02605875887612029
0 0.844869077205658 0.8363807145939317 0.02337590853373217 0.02605875887612029
0 0.8743547201156616 0.8362103782815494 0.02392192681630445 0.026039537533309218
0 0.9034535884857178 0.8362100290697675 0.02392192681630445 0.026039537533309218
0 0.06794705800712109 0.8568174672681231 0.021238288531700768 0.02497603542120893
0 0.09520269185304642 0.8585399328985568 0.021185566981633513 0.02516109259553669
0 0.15066659450531006 0.8585217846038193 0.021056423584620176 0.02520148698673692
0 0.1779187172651291 0.8591715790504633 0.021056423584620176 0.02520148698673692
0 0.20518887042999268 0.8598218034106656 0.021056423584620176 0.02520148698673692
0 0.23295432329177856 0.8604838376029064 0.021056423584620176 0.02520148698673692
0 0.2605091631412506 0.8611408499784248 0.02105642358462015 0.02520148698673692
0 0.28921201825141907 0.861825235412095 0.02105642358462012 0.02520148698673692
0 0.3164808452129364 0.8629904458689135 0.021610061327616337 0.025269441826398984
0 0.3456587493419647 0.863628895450839 0.021831413110097286 0.025480876597323048
0 0.4026695787906647 0.8646474439044332 0.021831413110097286 0.025480876597323048
0 0.4316461384296417 0.8651651355482166 0.021831413110097286 0.025480876597323048
0 0.4597838222980499 0.8656678399408563 0.021831413110097286 0.025480876597323048
0 0.4888317883014679 0.8661868073219476 0.021831413110097286 0.025480876597323048
0 0.5174710750579834 0.8666984732899747 0.021831413110097175 0.025480876597323048
0 0.5465788841247559 0.8680870588435683 0.02232869466145826 0.025568289350169682
0 0.5763237476348877 0.8687690912291061 0.022500435511271233 0.025289136309956394
0 0.6059314012527466 0.8694539459618508 0.022500435511271233 0.025289136309956394
0 0.636097252368927 0.8701517123627561 0.022500435511271233 0.025289136309956394
0 0.6648575067520142 0.8708169659010278 0.022500435511271233 0.025289136309956394
0 0.6950141787528992 0.8715145199797875 0.022500435511271233 0.025289136309956394
0 0.7250611782073975 0.8722001359691642 0.022749344507853264 0.025534341501635173
0 0.7547168135643005 0.8726831480514171 0.02220718065897631 0.02521118637203235
0 0.06799197942018509 0.8923431219056596 0.0212969978650411 0.024814576141594102
0 0.0954393595457077 0.8928652160322069 0.021296997865041106 0.024814576141594102
0 0.12292703241109848 0.8933880765926627 0.021296997865041092 0.024814576141594102
0 0.15056629478931427 0.8937062086811359 0.02137713630994159 0.024567951527676952
0 0.177988663315773 0.8944354389989099 0.02137713630994159 0.024567951527676952
0 0.20522035658359528 0.8951595987780352 0.02137713630994159 0.024567951527676952
0 0.2616945505142212 0.8966613908039984 0.021377136309941647 0.024567951527676952
0 0.289522647857666 0.8974014104798783 0.021377136309941647 0.024567951527676952
0 0.3178304135799408 0.8981541857543118 0.021377136309941647 0.024567951527676952
0 0.34551796317100525 0.8987007642535466 0.02156178156534827 0.024941791859708202
0 0.37412145733833313 0.8994318052779796 0.022095859050750732 0.025277840074642795
0 0.40312230587005615 0.9000374550043151 0.022162139415740967 0.025486199430716946
0 0.4316810369491577 0.9011344909667969 0.022425850232442257 0.02567238031431686
0 0.459811270236969 0.9019258674418374 0.022425850232442257 0.02567238031431686
0 0.48936033248901367 0.9027571592582443 0.0224258502324422 0.02567238031431686
0 0.518161952495575 0.9035674235842827 0.022425850232442146 0.02567238031431686
0 0.5481746792793274 0.9044117594874183 0.022495468457539802 0.02560767831728451
0 0.5766260027885437 0.9051649830004357 0.022495468457539802 0.02560767831728451
0 0.6061128973960876 0.9059456223382533 0.022495468457539802 0.02560767831728451
0 0.6359974145889282 0.9067367883807583 0.022495468457539802 0.02560767831728451
0 0.6953290700912476 0.9083075412484103 0.022495468457539802 0.02560767831728451
0 0.7251639366149902 0.9091319594272348 0.022320350011189705 0.025469462076823025
0 0.7549175024032593 0.9091129746547965 0.02340940634409594 0.025752932526344478
0 0.7847822308540344 0.9093079050437126 0.02340940634409594 0.025752932526344478
0 0.8152024745941162 0.9095064613424231 0.02340940634409594 0.025752932526344478
0 0.8454232215881348 0.9097037155037857 0.02340940634409594 0.025752932526344478
0 0.8757740259170532 0.9099018185637718 0.02340940634409594 0.025752932526344478
0 0.9043062925338745 0.9099491369556775 0.023706356684366936 0.02604728521302689
0 0.06820946745574474 0.9263914241347202 0.021933318426211677 0.024322805478591218
0 0.09533698111772537 0.9272762380574265 0.021933318426211684 0.024322805478591218
0 0.1225903183221817 0.9281651559471819 0.02193331842621167 0.024322805478591218
0 0.15013623237609863 0.9292213972224745 0.02188974618911743 0.024600479953972756
0 0.20599040389060974 0.9307857551061229 0.02188974618911743 0.024600479953972756
0 0.2336188703775406 0.931559570350177 0.02188974618911743 0.024600479953972756
0 0.26171085238456726 0.932346367689183 0.02188974618911743 0.024600479953972756
0 0.2886524200439453 0.9331009443416152 0.02188974618911743 0.024600479953972756
0 0.31743818521499634 0.9339416634135749 0.02199033896128333 0.024795887082122093
0 0.3748800754547119 0.9355804088503815 0.02199033896128333 0.024795887082122093
0 0.4027366638183594 0.9365187028864427 0.022154907385508182 0.02513359128966823
0 0.43117180466651917 0.9369198111600654 0.022914697726567623 0.025381339612857205
0 0.4596162736415863 0.9378028469530707 0.022914697726567623 0.025381339612857205
0 0.4891408830881119 0.9386970165163971 0.02278783917427063 0.02552807238674892
0 0.5179186463356018 0.9396042980189244 0.02278783917427063 0.02552807238674892
0 0.5474187135696411 0.9415043331458757 0.022799928983052498 0.02559307009674782
0 0.5773112177848816 0.9421222598053688 0.022799928983052498 0.02559307009674782
0 0.6360032558441162 0.9433355196498986 0.022799928983052498 0.02559307009674782
0 0.6657519936561584 0.9439504744241111 0.022799928983052498 0.02559307009674782
0 0.6952823996543884 0.944560915924782 0.022799928983052498 0.02559307009674782
0 0.7255073189735413 0.9451857141448926 0.022799928983052498 0.02559307009674782
0 0.7552019953727722 0.945921964423601 0.02262592315673828 0.02544509532839753
0 0.7838736772537231 0.9465548585488869 0.02258952458699537 0.02531693332879107
