0 0.08818421512842178 0.12431364281232966 0.02091550330320993 0.02275503883066102
0 0.11320052295923233 0.12331555316060702 0.02091550330320993 0.02275503883066102
0 0.1405307501554489 0.12256633822487245 0.02091550330320996 0.02275503883066102
0 0.16638966128579888 0.12225360413492699 0.02091550330320996 0.02275503883066102
0 0.2200299821829012 0.12079587510116546 0.02091550330320996 0.02275503883066102
0 0.24650620036002058 0.12046678385293023 0.022115955750147576 0.02431609279425568
0 0.27423956990242004 0.1197652132049422 0.022115955750147465 0.02431609279425568
0 0.30128997564315796 0.11840965914692415 0.022115955750147465 0.02431609279425568
0 0.32859936356544495 0.1173888546195521 0.022115955750147465 0.02431609279425568
0 0.3849585674738101 0.1153677868418772 0.023245294888814327 0.02454293421072552
0 0.4405350633350336 0.11468278157749792 0.023245294888814327 0.02454293421072552
0 0.08766147494316101 0.1572701320441309 0.021223788460095733 0.023367512133694448
0 0.11277392506599426 0.15717950935635877 0.021164193749427795 0.023255776989367594
0 0.14010795950889587 0.15611472857913647 0.02168525755405426 0.023614476817522847
0 0.16655388474464417 0.15534212422925373 0.02168525755405426 0.023614476817522847
0 0.2206985503435135 0.15376031516824623 0.02168525755405426 0.023614476817522847
0 0.2473270520567894 0.1529823769387784 0.02168525755405426 0.023614476817522847
0 0.2750124115619301 0.15226732298385265 0.02168525755405426 0.023614476817522847
0 0.30302080512046814 0.15135531206981592 0.02168525755405426 0.023614476817522847
0 0.329953134059906 0.15164074254785934 0.021409238378206852 0.023084869680478605
0 0.38688790798187256 0.15074073436648347 0.021409238378206852 0.023084869680478605
0 0.08548467606306076 0.1907176005142818 0.021659046411514282 0.023803851401159
0 0.11186933517456055 0.18996197123860203 0.02120944857597351 0.023454392603201465
0 0.13821285963058472 0.189394606664976 0.02120944857597351 0.023454392603201465
0 0.16494473814964294 0.18881887804963807 0.02120944857597351 0.023454392603201465
0 0.19224849343299866 0.18823083283569603 0.02120944857597351 0.023454392603201465
0 0.21932993829250336 0.1871362915646774 0.021581053733825684 0.023995303368383607
0 0.24571725726127625 0.1868359321771666 0.021581053733825684 0.023995303368383607
0 0.27358773350715637 0.18651869042991853 0.021581053733825684 0.023995303368383607
0 0.30050376057624817 0.18621231290766008 0.021581053733825684 0.023995303368383607
0 0.3285861015319824 0.18589265956435094 0.021581053733825684 0.023995303368383587
0 0.3853552043437958 0.18154008552670878 0.020316660404205322 0.022491403328355898
0 0.442053584425662 0.1832345051346785 0.020316660404205322 0.02249140332835594
0 0.469154631727738 0.18308691924309967 0.020316660404205322 0.022491403328355898
0 0.08416090905666351 0.2235020260478175 0.021511574586232513 0.02355370041011837
0 0.13809822499752045 0.22255492092526086 0.021511574586232485 0.02355370041011837
0 0.1646343469619751 0.2220889634224277 0.021511574586232485 0.02355370041011837
0 0.19242708384990692 0.2214648446371389 0.022042145331700624 0.024499139120412426
0 0.21931679546833038 0.22226165796670902 0.02224061886469525 0.025010692980862375
0 0.2457621991634369 0.22051289284654077 0.021308104197184236 0.0237783387649891
0 0.2729604244232178 0.22001388461090798 0.021308104197184208 0.0237783387649891
0 0.30092570185661316 0.21982084318648937 0.02171061436335242 0.024670223857081213
0 0.3287583865190336 0.21999632675970135 0.02171061436335242 0.024670223857081213
0 0.35590052604675293 0.21922269740562353 0.02171061436335242 0.024670223857081213
0 0.38434699289675606 0.2190794550445985 0.02171061436335242 0.024670223857081213
0 0.44146581364909254 0.21758689936598205 0.02171061436335242 0.024670223857081213
0 0.4683768726850339 0.21636723696319984 0.020746688048044803 0.02371668261150981
0 0.4972953964287128 0.21708190559741736 0.020746688048044915 0.02371668261150981
0 0.5543286780796141 0.21684619895805754 0.02097926537195849 0.02411651611328125
0 0.08374927192926407 0.256787724967198 0.021582672993342072 0.024156097293824216
0 0.13783735036849976 0.2563143663628157 0.021754145622253418 0.024561386699824397
0 0.16480891406536102 0.25574253142216036 0.021754145622253418 0.024561386699824397
0 0.19171728193759918 0.2551720363215317 0.021754145622253418 0.024561386699824397
0 0.21906644105911255 0.2545921958288188 0.021754145622253418 0.024561386699824397
0 0.24644610285758972 0.25401170863661654 0.021754145622253418 0.024561386699824397
0 0.27346232533454895 0.25492417535116507 0.021832605202992794 0.024437512538229744
0 0.3004968762397766 0.2536884352218273 0.021467705567677853 0.024546778479287792
0 0.3271218240261078 0.2530028481523345 0.021629174550374386 0.02460042081137963
0 0.35662166627360065 0.2533133323828536 0.021629174550374386 0.02460042081137963
0 0.3863280415534973 0.2523250136264535 0.022549470265706417 0.025056853774906157
0 0.4133553516137208 0.25231702415554713 0.022549470265706417 0.025056853774906157
0 0.4411351095902528 0.25226664238588326 0.023173272609710693 0.025479974672775886
0 0.46864819526672363 0.25075387877522903 0.023173272609710693 0.025479974672775886
0 0.5256704688072205 0.24975664571708112 0.023173272609710693 0.025479974672775886
0 0.5541872382164001 0.24925793068169727 0.023173272609710693 0.025479974672775886
0 0.5821315050125122 0.24979281120912547 0.023173272609710693 0.025479974672775886
0 0.6110820163023863 0.24944484543348672 0.023221035798390632 0.02560444026030314
0 0.6413285743462648 0.25025413010055053 0.024187127749125237 0.025844248690346388
0 0.08366600424051285 0.290137579274732 0.02183087170124054 0.02405724044918087
0 0.11000261455774307 0.2901179496666511 0.02183087170124054 0.02405724044918087
0 0.1370406448841095 0.29108672599856966 0.021583939592043577 0.02445386546526771
0 0.16505493223667145 0.2905797514804574 0.021583939592043577 0.02445386546526771
0 0.1920684427022934 0.2900908880202353 0.021583939592043577 0.02445386546526771
0 0.21974149346351624 0.2895900888602279 0.021583939592043577 0.02445386546526771
0 0.24672936648130417 0.28910168936086256 0.02158393959204355 0.02445386546526771
0 0.2733929753303528 0.2886191580696946 0.021583939592043522 0.02445386546526771
0 0.30083248466952867 0.2885405847297375 0.022850890954335568 0.025337988091993727
0 0.3575155436992645 0.28798882213400523 0.022850890954335568 0.025337988091993727
0 0.3853922486305237 0.2883922452122407 0.022850890954335568 0.025337988091993727
0 0.4136619590257815 0.28811210976968943 0.022850890954335568 0.025337988091993727
0 0.4421477042173556 0.28749330903598996 0.022729992866516113 0.025180727936500728
0 0.4694523513317108 0.2860400370049808 0.022729992866516113 0.025180727936500728
0 0.4981523614394273 0.28595123945233614 0.022729992866516113 0.025180727936500728
0 0.5261374115943909 0.2851769774352348 0.022729992866516113 0.025180727936500728
0 0.554307222366333 0.2847480773925781 0.022729992866516113 0.025180727936500728
0 0.5827220678329468 0.284251530774261 0.022977620363235474 0.0253450556318889
0 0.6122879981994629 0.28313298332849574 0.02300168077150988 0.025152635204699583
0 0.08272437751293182 0.3244097953618959 0.021321068207422883 0.02414724069048265
0 0.13716502487659454 0.32399674531311323 0.02132106820742291 0.02414724069048265
0 0.16438892483711243 0.32362001789973555 0.02163939674695331 0.024653693502263534
0 0.1909370720386505 0.32345465726630634 0.02163939674695331 0.024653693502263534
0 0.2188558280467987 0.32328075951204815 0.02163939674695331 0.024653693502263534
0 0.24588925391435623 0.32311237621993794 0.021639396746953338 0.024653693502263534
0 0.27353787422180176 0.32294016106184137 0.022351761658986447 0.024695891742558415
0 0.3008113205432892 0.3241915787108561 0.022454261779785156 0.024991442066754455
0 0.35741350054740906 0.3230778893759084 0.022454261779785156 0.024991442066754455
0 0.3857755661010742 0.3214872899575367 0.02234412233034766 0.02487518251404279
0 0.4134281575679779 0.321472589359727 0.02234412233034766 0.02487518251404279
0 0.4409310817718506 0.3214579683276332 0.02234412233034766 0.02487518251404279
0 0.46900564432144165 0.3214430434026684 0.02234412233034766 0.02487518251404279
0 0.49744994938373566 0.32142792191616326 0.022344122330347715 0.02487518251404279
0 0.5264014005661011 0.3214125308219741 0.02234412233034777 0.02487518251404279
0 0.5542423129081726 0.3201863710270372 0.02270287275314331 0.025141013685122914
0 0.5828567147254944 0.3208572698193927 0.023094574610392327 0.025064054385636178
0 0.08226263523101807 0.3585866195227745 0.021613438924153655 0.023943597956221207
0 0.13696302473545074 0.358680935049785 0.021343464652697264 0.0239641795786776
0 0.16410420835018158 0.3583399972250295 0.021472126245498657 0.023933307144993008
0 0.1910797655582428 0.35804815722358724 0.021472126245498657 0.023933307144993008
0 0.21828539669513702 0.35775382812524864 0.021472126245498657 0.023933307144993008
0 0.24658109992742538 0.3574477058824928 0.021472126245498657 0.023933307144993008
0 0.27314865589141846 0.35716027991716254 0.021472126245498657 0.023933307144993008
0 0.30156877636909485 0.3569479550571032 0.02195895214875543 0.024398049642873364
0 0.32882803678512573 0.3563783515320386 0.02249433596928918 0.024823891100033336
0 0.38547995686531067 0.3564047037168991 0.02249433596928918 0.024823891100033336
0 0.4137086570262909 0.35641783456796217 0.02249433596928918 0.024823891100033336
0 0.441350519657135 0.3564306924459106 0.02249433596928918 0.024823891100033336
0 0.46930012106895447 0.35644369347150934 0.02249433596928918 0.024823891100033336
0 0.4981309324502945 0.35645710440039086 0.022494335969289125 0.024823891100033336
0 0.5270839929580688 0.35543609522796843 0.023016015688578362 0.024928987488266083
0 0.5541712045669556 0.3549847878892088 0.02317265669504809 0.024922393089117006
0 0.583066999912262 0.3546374564947084 0.02317265669504809 0.024922393089117006
0 0.6411362290382385 0.3539394564539113 0.02317265669504809 0.024922393089117006
0 0.670146644115448 0.35359074731462675 0.02317265669504809 0.024922393089117006
0 0.6993458271026611 0.3532397691593614 0.02317265669504809 0.024922393089117006
0 0.7272772192955017 0.35290403002206666 0.02317265669504809 0.024922393089117006
0 0.4698393642902374 0.3908206584841706 0.0220678448677063 0.024999219317768894
0 0.4977005422115326 0.3909362083257631 0.022878706455230713 0.02457277164902798
0 0.13550418615341187 0.42708130769951397 0.02194550633430481 0.024500735970430596
0 0.16152307391166687 0.4269095406162109 0.02194550633430481 0.024500735970430596
0 0.19024768471717834 0.42676455475563224 0.02136142055193585 0.02445531445880269
0 0.21773912012577057 0.4266884433163716 0.02136142055193585 0.02445531445880269
0 0.24613672494888306 0.4266500835247138 0.02148348093032837 0.0245405980782916
0 0.27376747131347656 0.4265645936478016 0.02148348093032837 0.0245405980782916
0 0.32968470454216003 0.4261141031159013 0.021960437297821045 0.024644777756328676
0 0.35806596279144287 0.42613508534985917 0.021960437297821045 0.024644777756328676
0 0.38550522923469543 0.42615537117027935 0.021960437297821045 0.024644777756328676
0 0.41286328434944153 0.426175596951251 0.021960437297821045 0.024644777756328676
0 0.4411641061306 0.4261965197186137 0.021960437297821045 0.024644777756328676
0 0.498133584856987 0.4262386371934837 0.021960437297821045 0.024644777756328676
0 0.5256400108337402 0.4251711167979226 0.022369613250096565 0.02469747380692824
0 0.554435670375824 0.42482158335993875 0.022369613250096565 0.02469747380692824
0 0.583274781703949 0.4244715224864871 0.022369613250096565 0.02469747380692824
0 0.61161869764328 0.4244688167128452 0.0230830113093059 0.025393404701883535
0 0.6410446763038635 0.42437803617147285 0.0230830113093059 0.025393404701883535
0 0.6694564819335938 0.4242903844020557 0.0230830113093059 0.025393404701883535
0 0.698922872543335 0.42419947918790135 0.0230830113093059 0.025393404701883535
0 0.7275919914245605 0.42411103359488556 0.0230830113093059 0.025393404701883535
0 0.755622386932373 0.42434759149939527 0.022597312927246094 0.02473494063976199
0 0.7836558818817139 0.4246427846509357 0.022597312927246094 0.02473494063976199
0 0.13498488441109657 0.46182304536284424 0.021989772717158004 0.024503072102864638
0 0.16239222884178162 0.4616918342058049 0.022018502155939756 0.024684610292892994
0 0.18920506536960602 0.461561049773063 0.022018502155939756 0.024684610292892994
0 0.2176360785961151 0.46142237239242667 0.022018502155939756 0.024684610292892994
0 0.24575181305408478 0.46128523284069023 0.02201850215593973 0.024684610292892994
0 0.27371928095817566 0.46114881648573763 0.0220185021559397 0.024684610292892994
0 0.3011755347251892 0.46094982531073964 0.02209903796513879 0.02429539288661282
0 0.329473614692688 0.46090024016624276 0.02209903796513879 0.02429539288661282
0 0.358011394739151 0.46085023500868955 0.02209903796513879 0.02429539288661282
0 0.3860488533973694 0.4608011065363517 0.02209903796513879 0.02429539288661282
0 0.4135679304599762 0.46075288639512174 0.02209903796513879 0.02429539288661282
0 0.46981269121170044 0.46065433184328375 0.02209903796513879 0.02429539288661282
0 0.5266982913017273 0.46039816390636357 0.02249201138814283 0.025242029234420423
0 0.5546256303787231 0.4602613552692317 0.02249201138814283 0.025242029234420423
0 0.5831904411315918 0.4601214238272044 0.02249201138814283 0.025242029234420423
0 0.6116018891334534 0.4599706960278888 0.02271294593811035 0.025300402973973474
0 0.6406164169311523 0.45984704869186993 0.02271294593811035 0.025300402973973474
0 0.6696935892105103 0.4597231343922344 0.02271294593811035 0.025300402973973474
0 0.6986871957778931 0.4595995762134271 0.02271294593811035 0.025300402973973474
0 0.727824330329895 0.45947540638058687 0.02271294593811035 0.025300402973973474
0 0.1345842480659485 0.4960833840501781 0.022363930940628052 0.024849144987357734
0 0.1897735893726349 0.4960864012461443 0.022036969661712646 0.024880993273831208
0 0.2173999547958374 0.4960061006767805 0.022036969661712646 0.024880993273831208
0 0.24602404236793518 0.4959229000640925 0.022036969661712646 0.024880993273831208
0 0.27351614832878113 0.4958429897419113 0.022036969661712646 0.024880993273831208
0 0.3014086186885834 0.4957619156948356 0.022036969661712646 0.024880993273831208
0 0.3294545114040375 0.49568039570048006 0.022036969661712646 0.024880993273831208
0 0.3574475347995758 0.49589726610963886 0.021935125192006466 0.024915769118671324
0 0.3862549662590027 0.49583630229151526 0.021935125192006466 0.024915769118671324
0 0.4136972725391388 0.49577822742387884 0.021935125192006466 0.024915769118671324
0 0.44143399596214294 0.4957195294950306 0.021935125192006466 0.024915769118671324
0 0.46952956914901733 0.49566007214923236 0.022279083728790283 0.025097721306852647
0 0.49807409942150116 0.495508491716394 0.022279083728790283 0.025097721306852647
0 0.5546982288360596 0.4947360374623069 0.02277195453643799 0.025452015011809593
0 0.583015501499176 0.49471256344817405 0.02277195453643799 0.025452015011809593
0 0.6119228005409241 0.4946886003231118 0.02277195453643799 0.025452015011809593
0 0.6409012079238892 0.49466457825175814 0.02277195453643799 0.025452015011809593
0 0.6699138879776001 0.4946405277695767 0.02277195453643799 0.025452015011809593
0 0.6985928416252136 0.4946167539347428 0.02277195453643799 0.025452015011809593
0 0.7272499799728394 0.49455101545466934 0.022622783978780037 0.025111471959786878
0 0.7569785699611756 0.4945154883597189 0.022622783978780037 0.025111471959786878
0 0.7852253182147576 0.4942212081457658 0.02169334888458252 0.02449428942776471
0 0.1345832198858261 0.5297585352717554 0.022473856806755066 0.02486434463382686
0 0.16129259765148163 0.5298860239428144 0.022473856806755066 0.02486434463382686
0 0.2182091921567917 0.5301576971003975 0.022473856806755066 0.02486434463382686
0 0.245455764234066 0.530287749896667 0.022473856806755066 0.02486434463382686
0 0.2734864354133606 0.5304215453391852 0.022473856806755066 0.02486434463382686
0 0.3009697496891022 0.5303550389982753 0.022086600462595585 0.02477152033369676
0 0.3293361961841583 0.5304267351017442 0.022086600462595585 0.02477152033369676
0 0.3856061100959778 0.5305689571305312 0.022086600462595585 0.02477152033369676
0 0.4416860342025757 0.530725967052371 0.022049417098363278 0.024781692859738372
0 0.4701378643512726 0.5306539489837581 0.022049417098363278 0.024781692859738372
0 0.4977073520421982 0.5305841643250638 0.022049417098363222 0.024781692859738372
0 0.5549497008323669 0.5304392708900476 0.022049417098363167 0.024781692859738372
0 0.5830687284469604 0.5303680952205214 0.022049417098363167 0.024781692859738372
0 0.6124206781387329 0.5306925552885483 0.02232925097147631 0.02497834198234612
0 0.6409397125244141 0.5309884272095171 0.02232925097147631 0.02497834198234612
0 0.6700776219367981 0.5312907196754633 0.02232925097147631 0.02497834198234612
0 0.6994335055351257 0.53160200344219 0.022511323293050056 0.025355287300523808
0 0.13475289940834045 0.5643857468006223 0.02234286069869995 0.024921860805777615
0 0.16141611337661743 0.5645824851276193 0.022577404975891113 0.024817119273104465
0 0.18963214755058289 0.5647169157516124 0.022422154744466127 0.024816616561061596
0 0.21705476939678192 0.5648378458700783 0.022422154744466127 0.024816616561061596
0 0.2719578146934509 0.5650799610044044 0.022422154744466183 0.024816616561061596
0 0.30065637826919556 0.5652065178563525 0.022422154744466183 0.024816616561061596
0 0.32871195673942566 0.565330239229424 0.022422154744466183 0.024816616561061596
0 0.35712727904319763 0.5653796620593291 0.021990080674489376 0.02472982480544458
0 0.3859814405441284 0.5654298481631738 0.021990080674489376 0.02472982480544458
0 0.4128986895084381 0.5654766653909656 0.021990080674489376 0.02472982480544458
0 0.44089844822883606 0.5655253654302552 0.021990080674489376 0.02472982480544458
0 0.4691723585128784 0.565583168742776 0.02219611406326294 0.024923428084499096
0 0.4981943219900131 0.5653069518333258 0.022148102521896362 0.024735354637914795
0 0.5265817642211914 0.5649464185847792 0.02253623803456617 0.02522011690361555
0 0.5833661556243896 0.5652607584474783 0.02253623803456617 0.02522011690361555
0 0.6126506924629211 0.565422868088201 0.02253623803456617 0.02522011690361555
0 0.64142245054245 0.5655821391530277 0.02253623803456617 0.02522011690361555
0 0.6704698801040649 0.5657429362452308 0.02253623803456617 0.02522011690361555
0 0.6990702152252197 0.5659334493237872 0.022601326306660896 0.02521825391192769
0 0.7289190888404846 0.5660258023123597 0.022601326306660896 0.02521825391192769
0 0.134610828012228 0.5991239325944767 0.022190841535727188 0.024530041125393708
0 0.16119028627872467 0.5994195617527674 0.0221908415357272 0.024530041125393708
0 0.188909649848938 0.5997278694706469 0.0221908415357272 0.024530041125393708
0 0.2169121950864792 0.6000393268673919 0.0221908415357272 0.024530041125393708
0 0.24432770162820816 0.6002907420313636 0.022408997019131988 0.02491201356399891
0 0.2997797429561615 0.6004880048237659 0.022408997019132015 0.02491201356399891
0 0.3283061385154724 0.6005894834404306 0.022408997019132015 0.02491201356399891
0 0.3563062846660614 0.6006890899992707 0.022408997019132015 0.02491201356399891
0 0.3848665654659271 0.6007906891578851 0.022408997019132015 0.02491201356399891
0 0.41300201416015625 0.6000368822703633 0.022144675254821777 0.02544562761173692
0 0.44141536951065063 0.6002250493958939 0.022144675254821777 0.02544562761173692
0 0.4987041503190994 0.600604443701033 0.022144675254821777 0.02544562761173692
0 0.5263898968696594 0.6007877922454877 0.022144675254821777 0.02544562761173692
0 0.5548916459083557 0.6009765447572221 0.02248084545135498 0.025564238082530888
0 0.5839290618896484 0.6011586159183091 0.02248084545135498 0.025564238082530888
0 0.613037645816803 0.6013411333185017 0.02248084545135498 0.025564238082530888
0 0.6402568221092224 0.6015118037057905 0.02248084545135498 0.025564238082530888
0 0.6713403463363647 0.6017067044280296 0.02248084545135498 0.025564238082530888
0 0.13252367079257965 0.6340702395193698 0.02247304717699687 0.02515547404917641
0 0.1888563632965088 0.6344808090564816 0.02250517408053082 0.0252844049024951
0 0.21597082912921906 0.6346405764635232 0.02250517408053082 0.0252844049024951
0 0.24426239728927612 0.6348072797470755 0.022505174080530793 0.0252844049024951
0 0.27168139815330505 0.6349688415753167 0.022505174080530765 0.0252844049024951
0 0.29948654770851135 0.635132678719454 0.022505174080530765 0.0252844049024951
0 0.3274204730987549 0.6354453064674555 0.022536754608154297 0.025325154149255086
0 0.38398024439811707 0.6357062130554831 0.022536754608154297 0.025325154149255086
0 0.4118291735649109 0.635633246843205 0.02244136730829871 0.02556358751400491
0 0.440521240234375 0.6358326332479741 0.02244136730829871 0.02556358751400491
0 0.4981773793697357 0.6362332962754061 0.022441367308298765 0.02556358751400491
0 0.5272127985954285 0.6364350686997167 0.02244136730829882 0.02556358751400491
0 0.5551732182502747 0.6366293707559275 0.02244136730829882 0.02556358751400491
0 0.5839025378227234 0.6368234767470249 0.022553662459055657 0.025590379108754183
0 0.6130321025848389 0.6370241228064741 0.022553662459055657 0.025590379108754183
0 0.6421141624450684 0.6371738522551781 0.022668004035949707 0.025533336077549606
0 0.1885199397802353 0.6688075270030236 0.02264643212159473 0.024785182272741093
0 0.21589331328868866 0.6691922032555868 0.022836769620577513 0.024814635284187314
0 0.2433677539229393 0.6699261476723997 0.022417505582173675 0.024953827377437676
0 0.2709789276123047 0.6701399780983148 0.022588809331258175 0.025190013323643356
0 0.2990712523460388 0.670359817492865 0.022588809331258175 0.025190013323643356
0 0.32744672894477844 0.6705818727216388 0.022588809331258175 0.025190013323643356
0 0.35567378997802734 0.6708027665090449 0.022588809331258175 0.025190013323643356
0 0.3840024769306183 0.6710244555806004 0.022588809331258175 0.025190013323643356
0 0.4120670557022095 0.6712436548924088 0.022659718990325928 0.02495418223299727
0 0.44014662504196167 0.6716419897077571 0.02275351683298743 0.02539213313612827
0 0.46951577067375183 0.6719650233688449 0.02275351683298743 0.02539213313612827
0 0.5270615220069885 0.6725979738457258 0.02275351683298754 0.02539213313612827
0 0.5557699799537659 0.6726571601210736 0.02264471848805738 0.025703932887823952
0 0.5833526253700256 0.6730352446090343 0.02264471848805738 0.025703932887823952
0 0.18817606568336487 0.7045537439925742 0.022637089093526186 0.024692535400390625
0 0.21418873965740204 0.7048824665158294 0.022580663363138853 0.024911451709362833
0 0.27145978808403015 0.7055609275209089 0.022580663363138798 0.024911451709362833
0 0.29890260100364685 0.7058860285788983 0.022580663363138798 0.024911451709362833
0 0.3267570436000824 0.7062160060044752 0.022580663363138798 0.024911451709362833
0 0.38371989130973816 0.7068908159122911 0.022580663363138798 0.024911451709362833
0 0.41170090436935425 0.7071326965834023 0.022669235865275028 0.025413601897483647
0 0.43938958644866943 0.7074503477812298 0.022624532381693485 0.02558541113091988
0 0.469295471906662 0.70800350987634 0.022624532381693485 0.02558541113091988
0 0.4975312054157257 0.7085257795655883 0.02262453238169354 0.02558541113091988
0 0.5261022448539734 0.7090542513293597 0.022624532381693596 0.02558541113091988
0 0.5556195974349976 0.7096002268236737 0.022624532381693596 0.02558541113091988
0 0.584365963935852 0.7101319415706839 0.022624532381693596 0.02558541113091988
0 0.6131590604782104 0.7091333256211392 0.022857308387756348 0.025500423224397353
0 0.642429530620575 0.7091606328035752 0.022857308387756348 0.025500423224397353
0 0.18777839839458466 0.738734245300293 0.022653410832087217 0.024973521860995006
0 0.2421659231185913 0.7402269230332486 0.02263498306274414 0.024956651436266075
0 0.2708703279495239 0.7407118337480838 0.02263498306274414 0.024956651436265995
0 0.2991456985473633 0.7411894966799435 0.02263498306274414 0.024956651436265995
0 0.35482996702194214 0.7421301850025241 0.02263498306274414 0.024956651436266075
0 0.38304761052131653 0.7426068727360216 0.02263498306274414 0.024956651436266075
0 0.41119584441185 0.7433514526568641 0.02282559871673584 0.025333389755367364
0 0.44010111689567566 0.743974951810615 0.023342708746592167 0.02571576140647711
0 0.4687449634075165 0.7438299046006314 0.023373782634735107 0.025789231292961207
0 0.5267713069915771 0.7446129132071256 0.023373782634735107 0.025789231292961207
0 0.5556515455245972 0.7450026237063957 0.023373782634735107 0.025789231292961207
0 0.5845532417297363 0.7453926237559096 0.023373782634735107 0.025789231292961207
0 0.6436430215835571 0.7461899823920671 0.023373782634735107 0.025789231292961207
0 0.6723592281341553 0.7460630783306408 0.023949503898620605 0.0260592763738115
0 0.7007982730865479 0.7459373991152756 0.023949503898620605 0.0260592763738115
0 0.7297623157501221 0.7458093998044036 0.023949503898620605 0.0260592763738115
0 0.18755342066287994 0.7738728190577308 0.022576247652371706 0.025089884913244914
0 0.2154010534286499 0.7743702374195146 0.022576247652371706 0.025089884913244914
0 0.2429666891694069 0.7746166306101708 0.022460599740346282 0.02505504992581142
0 0.27055469155311584 0.7752084953840389 0.02246059974034631 0.02505504992581142
0 0.2979854941368103 0.7757969876402889 0.02246059974034631 0.02505504992581142
0 0.35442546010017395 0.7774023898812228 0.023063411315282223 0.02541676602622346
0 0.4111202359199524 0.7785219673872785 0.023063411315282223 0.02541676602622346
0 0.4394836127758026 0.7790820718812893 0.023063411315282223 0.02541676602622346
0 0.4689270555973053 0.7796635049288171 0.023063411315282223 0.02541676602622346
0 0.49753154814243317 0.7802283708439317 0.023414919773737608 0.026041075240734013
0 0.5260306000709534 0.7806867726663786 0.023414919773737664 0.026041075240734013
0 0.5548076629638672 0.7808910636014716 0.023269494374593025 0.025047597959059968
0 0.583986222743988 0.7812622200819077 0.023269494374593025 0.025047597959059968
0 0.613007128238678 0.7816313711717366 0.023269494374593025 0.025047597959059968
0 0.643324077129364 0.7820170081645361 0.023269494374593025 0.025047597959059968
0 0.6720380783081055 0.7823822553767714 0.023269494374593025 0.025047597959059968
0 0.13257358595728874 0.8075561736054373 0.022789518038431808 0.025118923926538163
0 0.15970292687416077 0.8082201758096385 0.022789518038431822 0.025118923926538163
0 0.18814806640148163 0.8089163827467265 0.022789518038431822 0.025118923926538163
0 0.2429584488272667 0.8102578902627163 0.022789518038431794 0.025118923926538163
0 0.2709748446941376 0.810943603515625 0.022789518038431766 0.025118923926538163
0 0.2985363304615021 0.8116181826495843 0.022789518038431766 0.025118923926538163
0 0.32652604579925537 0.8124874913415243 0.022652864456176758 0.025202314983042526
0 0.3545702397823334 0.812997683023663 0.022652864456176758 0.025202314983042526
0 0.3831917941570282 0.8135183782870271 0.022652864456176758 0.025202314983042526
0 0.41169893741607666 0.8140369921356218 0.022652864456176758 0.025202314983042526
0 0.46890291571617126 0.8150776707848837 0.02340078353881836 0.026051366051962208
0 0.4970311373472214 0.8157198705886789 0.02340078353881836 0.026051366051962208
0 0.526610255241394 0.8163951960307645 0.02340078353881836 0.026051366051962208
0 0.5558319687843323 0.8170623615185079 0.02340078353881836 0.026051366051962208
0 0.584423303604126 0.8177151347315589 0.02340078353881836 0.026051366051962208
0 0.6140149831771851 0.8180963383164517 0.02328602472941088 0.02600978880889645
0 0.6432965993881226 0.8184712586511975 0.02328602472941088 0.02600978880889645
0 0.13210931792855263 0.8431896830714026 0.02292303989330928 0.025105025417120994
0 0.15893559157848358 0.84380903339082 0.022923039893309294 0.025105025417120994
0 0.18711726367473602 0.8444596764075247 0.022923039893309294 0.025105025417120994
0 0.21490399539470673 0.8451012012570404 0.022923039893309294 0.025105025417120994
0 0.24182086437940598 0.8457226431919487 0.022923039893309266 0.025105025417120994
0 0.29897797107696533 0.8469887666924055 0.02298329273859656 0.025142048680505086
0 0.3260362446308136 0.8478344762048056 0.022889018058776855 0.025693375934926224
0 0.3544243574142456 0.8485200378394953 0.022889018058776855 0.025693375934926224
0 0.38307487964630127 0.8492119365580175 0.022889018058776855 0.025693375934926224
0 0.4116005003452301 0.8499008189541839 0.022889018058776855 0.025693375934926224
0 0.43986740708351135 0.8505834535110829 0.022889018058776855 0.025693375934926224
0 0.49738113582134247 0.852314137660257 0.02307450771331787 0.02623908464298692
0 0.5262953042984009 0.8528523112452308 0.023085713386535645 0.026240858920784885
0 0.5838158130645752 0.8539215027190546 0.023085713386535645 0.026240858920784885
0 0.612963855266571 0.8544633066576762 0.023085713386535645 0.026240858920784885
0 0.6425354480743408 0.8550129835568494 0.023085713386535645 0.026240858920784885
0 0.6728488206863403 0.8555764486623365 0.023085713386535645 0.026240858920784885
0 0.7020435333251953 0.8549737486564812 0.023774345715840584 0.02650871572568424
0 0.7311049103736877 0.8551410408907159 0.023774345715840584 0.02650871572568424
0 0.7603013515472412 0.8551823042465999 0.023978233337402344 0.026458326236222032
0 0.18667247891426086 0.879381401594295 0.022980560859044374 0.025212191796118087
0 0.21391120553016663 0.8811743054921836 0.02281630535920459 0.025597032650496718
0 0.2412794753909111 0.8816635664119277 0.022678678234418242 0.025650260984435673
0 0.26967567205429077 0.882422691167787 0.022779862085978153 0.02560253291167041
0 0.2975725531578064 0.8830873642771748 0.022779862085978153 0.02560253291167041
0 0.32603856921195984 0.8837655976371115 0.022779862085978153 0.02560253291167041
0 0.3541882634162903 0.8844362942897472 0.022779862085978153 0.02560253291167041
0 0.3823493421077728 0.8851072621899981 0.022779862085978153 0.02560253291167041
0 0.4105297029018402 0.8866988780886628 0.022704780101776123 0.02557639188544695
0 0.46830350160598755 0.8891058561250124 0.022704780101776123 0.02557639188544695
0 0.49695172905921936 0.8886452822413449 0.022934794425964355 0.02555190685183503
0 0.5260440707206726 0.8890253111373546 0.023074348767598396 0.02627800046935573
0 0.5550782084465027 0.8896680828477838 0.023074348767598396 0.02627800046935573
0 0.584004819393158 0.8903084740786402 0.023074348767598396 0.02627800046935573
0 0.6134443283081055 0.8909602200914937 0.023074348767598396 0.02627800046935573
0 0.6432353854179382 0.8916197488474291 0.023074348767598396 0.02627800046935573
0 0.6734070181846619 0.8921897074416392 0.022873878479003906 0.026080641635628635
0 0.18493902683258057 0.9136000978121668 0.02331565817197162 0.024919021961300872
0 0.21288077533245087 0.9148060998251272 0.02331565817197162 0.024919021961300872
0 0.2393152117729187 0.9159470442996229 0.023315658171971648 0.024919021961300872
0 0.26797255873680115 0.9171839324680461 0.023315658171971676 0.024919021961300872
0 0.29668986797332764 0.9184234086857286 0.023315658171971676 0.024919021961300872
0 0.325623095035553 0.918878244799237 0.023243864377339718 0.02521000352016715
0 0.35390064120292664 0.9200556555459666 0.023203929265340206 0.025465440380480753
0 0.3825286626815796 0.9209525058155478 0.023203929265340206 0.025465440380480753
0 0.41074854135513306 0.9218365699069064 0.023203929265340206 0.025465440380480753
0 0.4391484558582306 0.922726274107987 0.023203929265340206 0.025465440380480753
0 0.46754372119903564 0.9236158326614735 0.023203929265340206 0.025465440380480753
0 0.49615609645843506 0.9245648903172833 0.023513456185658754 0.025420018868852846
0 0.5257982611656189 0.9255237135776254 0.0235134561856587 0.025420018868852846
0 0.5540359616279602 0.9264371071940944 0.0235134561856587 0.025420018868852846
0 0.5833662748336792 0.9275453257006269 0.023772597312927246 0.02540103409641462
0 0.6132773160934448 0.9278785101533611 0.023772597312927246 0.02540103409641462
0 0.643277108669281 0.9282126832229212 0.023772597312927246 0.02540103409641462
0 0.6732591986656189 0.9285466591002737 0.023772597312927246 0.02540103409641462
0 0.7013628482818604 0.9288597106933594 0.023772597312927246 0.02540103409641462
0 0.4670077012458318 0.07910984785110857 0.023245294888814327 0.02454293421072552
0 0.4957727393913718 0.07833874838610147 0.023245294888814494 0.02454293421072552
0 0.4683831413866768 0.11425287656603378 0.023245294888814327 0.02454293421072552
0 0.4957727393913718 0.1141641660081126 0.023245294888814494 0.02454293421072552
0 0.52499625758386 0.1133930665431055 0.02324529488881455 0.02454293421072552
0 0.5812700985463013 0.11193957817101248 0.02324529488881455 0.02454293421072552
0 0.6685005122786957 0.10998112200767586 0.02324529488881466 0.02454293421072552
0 0.6369845938514656 0.10972863811205409 0.023245294888814327 0.02454293421072552
0 0.6980816449078036 0.1094761542164323 0.023245294888814216 0.02454293421072552
0 0.726149793381982 0.10921002254266876 0.02324529488881466 0.02454293421072552
0 0.7539978714336253 0.10912131198474757 0.02324529488881466 0.02454293421072552
0 0.7824236343444234 0.10843892307766168 0.02324529488881466 0.02454293421072552
0 0.8111886724899634 0.10869140697328346 0.02324529488881466 0.02454293421072552
0 0.4415667281604149 0.15060085452843838 0.02168525755405426 0.023614476817522847
0 0.46841935526597106 0.14921583172951947 0.021581053733825684 0.023995303368383587
0 0.49650647200888864 0.14796917124054973 0.021223788460095483 0.023367512133694448
0 0.55455905101109 0.14699389632801652 0.02324529488881455 0.02454293421072552
0 0.6102735463162541 0.14648892853677295 0.023245294888814327 0.02454293421072552
0 0.6385801044148458 0.14571782907176586 0.023245294888814327 0.02454293421072552
0 0.6687205827012308 0.14460553515321578 0.023245294888814327 0.02454293421072552
0 0.6984025809406673 0.1445168245952946 0.023245294888814327 0.02454293421072552
0 0.7271676190862073 0.14442811403737346 0.023245294888814327 0.02454293421072552
0 0.7549148315275219 0.14358195179258687 0.02324529488881466 0.02454293421072552
0 0.7827629095791652 0.1434932412346657 0.02324529488881466 0.02454293421072552
0 0.8111886724899633 0.14281085232757978 0.02324529488881466 0.02454293421072552
0 0.8399537106355033 0.14306333622320158 0.02324529488881466 0.02454293421072552
0 0.4964935052003099 0.1834869890303003 0.020316660404205267 0.02249140332835596
0 0.5243415832519531 0.18305708401883616 0.02031666040420521 0.02249140332835596
0 0.5531189591392105 0.1825641776188087 0.021581053733825684 0.023995303368383607
0 0.583003153123766 0.18180937836754055 0.023245294888814327 0.024542934210725603
0 0.6108512311754093 0.1813794733560764 0.023245294888814327 0.024542934210725603
0 0.6386993092270523 0.18060837389106926 0.023245294888814327 0.02454293421072554
0 0.5250324714631541 0.2169361068687268 0.021581053733825684 0.023995303368383587
0 0.5818477834054561 0.21643379151308048 0.023245294888814327 0.024542934210725644
0 0.6096958614570993 0.2156626920480733 0.023245294888814327 0.024542934210725603
