0 0.1331423819065094 0.1149698301803234 0.02051105101903279 0.022371269935785337
0 0.15732653439044952 0.11526854600663583 0.020511051019032778 0.022371269935785337
0 0.7919532656669617 0.12310727628916744 0.020511051019032722 0.022371269935785337
0 0.8171740174293518 0.12341879589722177 0.020511051019032722 0.022371269935785337
0 0.8427503108978271 0.1237347070560899 0.020511051019032722 0.022371269935785337
0 0.20984803140163422 0.1462248536043389 0.021045108636220278 0.022569035374841024
0 0.23740263283252716 0.14636898040771484 0.021090060472488403 0.02239562189856241
0 0.26459836959838867 0.14643708074278122 0.021090060472488403 0.02239562189856241
0 0.2911348342895508 0.14650353020699336 0.021090060472488403 0.02239562189856241
0 0.31772729754447937 0.14657011989616017 0.021090060472488403 0.02239562189856241
0 0.345133900642395 0.1466387482576592 0.021090060472488403 0.02239562189856241
0 0.37253662943840027 0.14713453988453562 0.020738383134206173 0.022176247234492324
0 0.3991796672344208 0.1475022781726926 0.020738383134206173 0.022176247234492324
0 0.42568439245224 0.1478681074131228 0.020738383134206173 0.022176247234492324
0 0.4520796239376068 0.14783840401228085 0.02098878224690759 0.02242925924848215
0 0.47978028655052185 0.14862930636061114 0.02098878224690759 0.02242925924848215
0 0.5062517672777176 0.14938511341705168 0.020988782246907534 0.02242925924848215
0 0.5323889255523682 0.15013137498295603 0.020988782246907478 0.02242925924848215
0 0.5584781169891357 0.15087626701177553 0.020988782246907478 0.02242925924848215
0 0.5848287343978882 0.15226411819458008 0.02035628755887342 0.022372120110563543
0 0.20935820043087006 0.17740567894869072 0.02083729704221088 0.022327249364335413
0 0.23620659112930298 0.17787465773252983 0.020169993241627993 0.02215497807938924
0 0.26362764835357666 0.17797745105832122 0.020169993241628048 0.02215497807938924
0 0.29083481431007385 0.1780794425698502 0.020169993241628048 0.02215497807938924
0 0.3173583447933197 0.17814488743626794 0.020228346188863155 0.022320000700248296
0 0.34450656175613403 0.17683905277044595 0.020367582639058468 0.02235121320384416
0 0.37151476740837097 0.1777337761812432 0.020367582639058468 0.02235121320384418
0 0.399030476808548 0.17919146737387015 0.020220885674158695 0.022509079570918127
0 0.42552831768989563 0.17979819861689045 0.020220885674158695 0.022509079570918127
0 0.45195430517196655 0.18039856400600698 0.020374516646067264 0.02232310938280682
0 0.47930237650871277 0.18095341833450818 0.020374516646067264 0.02232310938280682
0 0.5053937286138535 0.1814827755777933 0.02037451664606732 0.02232310938280682
0 0.532507061958313 0.1820328673989323 0.020374516646067375 0.022323109382806842
0 0.5590405464172363 0.18257119489270587 0.020374516646067375 0.02232310938280682
0 0.5850690603256226 0.18305539255111358 0.020436137914657593 0.02274661101112071
0 0.611602246761322 0.18353110135987746 0.020436137914657593 0.02274661101112071
0 0.20814581215381622 0.20950004666350608 0.020797808965047182 0.022725999817367646
0 0.23501229286193848 0.2097390941682863 0.020797808965047182 0.022725999817367646
0 0.2898775637149811 0.21022726402718944 0.020797808965047238 0.022725999817367646
0 0.31661519408226013 0.2104651650717092 0.020405491193135616 0.022630366244057325
0 0.3438889682292938 0.21079662540781774 0.020405491193135616 0.022630366244057325
0 0.3981822729110718 0.21145645623728948 0.020405491193135616 0.022630366244057325
0 0.4253741204738617 0.21178692091313464 0.020405491193135616 0.022630366244057325
0 0.4790865480899811 0.21243969229764717 0.020405491193135616 0.022630366244057325
0 0.5053291767835617 0.21313877289844604 0.020065645376841246 0.022441243016442586
0 0.5586787462234497 0.21455995861470475 0.0200656453768413 0.022441243016442586
0 0.5849286317825317 0.2152592325320328 0.0200656453768413 0.022441243016442586
0 0.6375446319580078 0.21666087660678598 0.0200656453768413 0.022441243016442586
0 0.6636313796043396 0.21716577665484985 0.02022322018941236 0.022417733835619548
0 0.6897285580635071 0.21767087858771647 0.02022322018941236 0.022417733835619548
0 0.7149235010147095 0.21815851806196182 0.02022322018941236 0.022417733835619548
0 0.7401518225669861 0.21864680356757585 0.02022322018941236 0.022417733835619548
0 0.2070295363664627 0.2418781324874523 0.020976791779200255 0.02342198985491615
0 0.2347186952829361 0.24195439019104667 0.020976791779200255 0.02342198985491615
0 0.26129889488220215 0.24223722413528798 0.020656545956929562 0.02292677413585574
0 0.3165401816368103 0.24279223231227934 0.020656545956929562 0.02292677413585574
0 0.34409964084625244 0.24306912168458245 0.020656545956929562 0.02292677413585574
0 0.3713417947292328 0.24334282309619287 0.020656545956929562 0.02292677413585574
0 0.3980410099029541 0.24361106961272483 0.020656545956929562 0.02292677413585574
0 0.45227181911468506 0.24461965964394985 0.020548999309539795 0.022708804108375728
0 0.4789915084838867 0.2451238806096856 0.020548999309539795 0.022708804108375728
0 0.505487322807312 0.2456238768821539 0.020548999309539795 0.022708804108375728
0 0.5322952270507812 0.24610719908321047 0.020040829976399666 0.022050768830055415
0 0.5590171217918396 0.2465889706109418 0.020040829976399666 0.022050768830055415
0 0.5851767063140869 0.24706060419539472 0.020040829976399666 0.022050768830055415
0 0.6112666130065918 0.24753098155176917 0.020040829976399666 0.022050768830055415
0 0.63753342628479 0.24810466956082694 0.02029220263163256 0.02217762969260992
0 0.66355961561203 0.24877235501311545 0.019954999287923103 0.021855657414872543
0 0.20599626004695892 0.273939287939737 0.021127015352249146 0.02315876095793968
0 0.23386552929878235 0.2743966523991075 0.021370997031529726 0.023211368294649346
0 0.2604934275150299 0.27451203587452183 0.021370997031529754 0.023211368294649346
0 0.2880888879299164 0.2746316119710831 0.02137099703152978 0.023211368294649346
0 0.3159135580062866 0.27475218127436035 0.02137099703152978 0.023211368294649346
0 0.3442721664905548 0.27487506422885627 0.02137099703152978 0.023211368294649346
0 0.3981170952320099 0.27638031715570494 0.020294884840647343 0.022783708202746458
0 0.4247623682022095 0.2768125058868035 0.020294884840647343 0.022783708202746458
0 0.4789338707923889 0.2776911725453262 0.020294884840647343 0.022783708202746458
0 0.5323616862297058 0.27889783992323763 0.019827763239542717 0.022309162820032428
0 0.5586106777191162 0.2793346611355055 0.019827763239542717 0.022309162820032428
0 0.5853680372238159 0.27977994232738085 0.019827763239542717 0.022309162820032428
0 0.6121030449867249 0.2802248515539199 0.019827763239542717 0.022309162820032428
0 0.6380001306533813 0.28065581654393396 0.019827763239542717 0.022309162820032428
0 0.6642295718193054 0.2812083199572016 0.019937316576639885 0.02244451064472048
0 0.6899560689926147 0.2816353287807731 0.019962827364603752 0.02218302645424537
0 0.7155244946479797 0.2821510243383372 0.01994665463765455 0.022197412890057232
0 0.2056885063648224 0.3074552766392452 0.02096790075302124 0.022895413775776707
0 0.23293925821781158 0.3075262335843818 0.02107808987299603 0.023002728011256992
0 0.2606600522994995 0.30762489855951203 0.021078089872995975 0.023002728011256992
0 0.28749340772628784 0.30772040492697184 0.021078089872995975 0.023002728011256992
0 0.31525295972824097 0.30781920785086453 0.021078089872995975 0.023002728011256992
0 0.3436621129512787 0.30792032286178234 0.021078089872995975 0.023002728011256992
0 0.3979780972003937 0.3096163328303847 0.020534376303354862 0.022952796876892535
0 0.4247806668281555 0.30993086780774237 0.020534376303354862 0.022952796876892535
0 0.4516013562679291 0.31024561542570644 0.020534376303354862 0.022952796876892535
0 0.47900572419166565 0.3105672126592592 0.020534376303354862 0.022952796876892535
0 0.5057821124792099 0.3108178130424854 0.020014524459838867 0.02309238818264744
0 0.5322549343109131 0.3112717118374137 0.020014524459838867 0.02309238818264744
0 0.5589316487312317 0.31172910654225505 0.020014524459838867 0.02309238818264744
0 0.5857719779014587 0.31218930655958965 0.020014524459838867 0.02309238818264744
0 0.6121116280555725 0.3126409220141034 0.020014524459838867 0.02309238818264744
0 0.6380660533905029 0.31308593246510386 0.020014524459838867 0.02309238818264744
0 0.6644813418388367 0.31370307123938274 0.019966761271158928 0.022609163624371643
0 0.1502683460712433 0.34047509655279273 0.02083986004193622 0.023127016171004447
0 0.1768471598625183 0.3405647943186205 0.02086965243021649 0.022932377896567675
0 0.20445221662521362 0.34065525069145514 0.02086965243021649 0.022932377896567675
0 0.23234306275844574 0.3407466435401708 0.02086965243021649 0.022932377896567675
0 0.25985580682754517 0.3408367974223603 0.020869652430216462 0.022932377896567675
0 0.28766492009162903 0.3409279224484466 0.020869652430216434 0.022932377896567675
0 0.3150469958782196 0.34102811773056174 0.020774414141972897 0.022601297659467386
0 0.36985668540000916 0.3422428013676399 0.02019067605336511 0.02270955817643986
0 0.3977147340774536 0.3426047036814135 0.02019067605336511 0.02270955817643986
0 0.42501720786094666 0.34295938855358077 0.02019067605336511 0.02270955817643986
0 0.4520356357097626 0.34331038340128983 0.02019067605336511 0.02270955817643986
0 0.4787413775920868 0.34368166154672125 0.019895831743876102 0.022442056227100014
0 0.5053038001060486 0.34413393153700716 0.019895831743876158 0.022442056227100014
0 0.532450795173645 0.3445961548597881 0.019895831743876213 0.022442056227100014
0 0.5592849254608154 0.34505305113263113 0.019895831743876213 0.022442056227100014
0 0.5854705572128296 0.3454989056254542 0.019895831743876213 0.022442056227100014
0 0.14966319501399994 0.37408269837845204 0.020724326372146606 0.02325667891391488
0 0.17657239735126495 0.3740233028971634 0.020724326372146606 0.02325667891391488
0 0.20417161285877228 0.37396238438060114 0.020724326372146606 0.02325667891391488
0 0.2319411337375641 0.37390108995659405 0.020724326372146606 0.02325667891391488
0 0.2596518024802208 0.37383992543428035 0.020724326372146606 0.02325667891391488
0 0.2875535488128662 0.37440295552098474 0.020740732550621033 0.023004820180493733
0 0.3140508830547333 0.3753448308900345 0.02087746560573578 0.023099921470464663
0 0.3709382116794586 0.3763450843996677 0.02087746560573578 0.023099921470464663
0 0.39739662408828735 0.3755198848132782 0.02000371615091956 0.022970635761586256
0 0.4247855842113495 0.37588577492292535 0.02000371615091956 0.022970635761586256
0 0.4519932270050049 0.37624924280780614 0.02000371615091956 0.022970635761586256
0 0.47878003120422363 0.3766013633373172 0.0197200973828634 0.022681480230287064
0 0.5055054426193237 0.37691820496065764 0.019720097382863344 0.022681480230287064
0 0.5324777364730835 0.3772379734849698 0.01972009738286329 0.022681480230287064
0 0.5591994524002075 0.3775547712966588 0.01972009738286329 0.022681480230287064
0 0.5860904455184937 0.37787357596463933 0.01972009738286329 0.022681480230287064
0 0.6125535368919373 0.378172231579749 0.01968395709991455 0.022671958272771305
0 0.6388105154037476 0.378269638673289 0.01982192198435473 0.022404545037321356
0 0.6644595265388489 0.37849927503009173 0.01982192198435473 0.022404545037321356
0 0.09547600895166397 0.4083709460650486 0.020898727079232543 0.023691872293634987
0 0.12178442254662514 0.40820507670557776 0.02095918109019597 0.023810512335725478
0 0.14838969707489014 0.40701969823471174 0.021083434422810854 0.02350974267767387
0 0.2030957192182541 0.4073551976403525 0.021083434422810854 0.02350974267767387
0 0.23103748261928558 0.40752655802530297 0.021083434422810854 0.02350974267767387
0 0.25869932025671005 0.40769620169016246 0.02108343442281088 0.02350974267767387
0 0.2868801951408386 0.40786902849064316 0.02108343442281091 0.02350974267767387
0 0.3145335614681244 0.40803862020291304 0.02108343442281091 0.02350974267767387
0 0.3705225884914398 0.4090326885844386 0.02073756853739417 0.023088410843250362
0 0.39759886264801025 0.40917371530716246 0.02073756853739417 0.023088410843250362
0 0.4242810010910034 0.40931268917476765 0.02073756853739417 0.023088410843250362
0 0.45172232389450073 0.4094556172526784 0.02073756853739417 0.023088410843250362
0 0.4789857268333435 0.4095976186353107 0.02073756853739417 0.023088410843250362
0 0.5057339668273926 0.40992519467376 0.019848505655924498 0.02253971543422965
0 0.5320848822593689 0.4101639730499364 0.019848505655924553 0.02253971543422965
0 0.558935821056366 0.4104072823794095 0.019848505655924553 0.02253971543422965
0 0.5858837962150574 0.41065147100223903 0.019848505655924553 0.02253971543422965
0 0.6119725108146667 0.4108878734499909 0.019848505655924553 0.02253971543422965
0 0.09475782513618469 0.44186902600665423 0.020605613787968963 0.023202142050099926
0 0.1483520269393921 0.44172290646133155 0.020605613787968935 0.023202142050099926
0 0.17469221353530884 0.4416510924225062 0.020605613787968935 0.023202142050099926
0 0.2026025354862213 0.44157499755746377 0.020605613787968935 0.023202142050099926
0 0.2300865650177002 0.4415000649385674 0.020896186431248964 0.023274739583333388
0 0.25820082426071167 0.4416079341230491 0.020896186431248992 0.023274739583333388
0 0.31411251425743103 0.44182245688001787 0.02089618643124902 0.023274739583333388
0 0.34180474281311035 0.4418166511436811 0.020706593990325928 0.023133507070615365
0 0.3699500858783722 0.44203669525856193 0.020706593990325928 0.023133507070615365
0 0.39705798029899597 0.44225493142771166 0.02046133081118262 0.02314199403274891
0 0.4245256185531616 0.44246453717478457 0.02046133081118262 0.02314199403274891
0 0.45139455795288086 0.4426695742465497 0.02046133081118262 0.02314199403274891
0 0.47886189818382263 0.4428791777194052 0.02046133081118262 0.02314199403274891
0 0.5055408626794815 0.44308276509129724 0.020461330811182676 0.02314199403274891
0 0.5322908759117126 0.44335361800194734 0.020208676656087166 0.02284740477569349
0 0.5586780309677124 0.44357548203579217 0.020208676656087166 0.02284740477569349
0 0.14725463092327118 0.47579856027435863 0.020932897925376892 0.023805840070857558
0 0.17388659715652466 0.4756473275118096 0.020932897925376892 0.023805840070857558
0 0.23002640902996063 0.4753285309661756 0.020932897925376892 0.023805840070857558
0 0.2576308771967888 0.47526372865188954 0.021260882417360932 0.023879058601320308
0 0.28551676869392395 0.4753961653371977 0.021260882417360905 0.023879058601320308
0 0.3130634129047394 0.4754596963806819 0.020541508992513058 0.023386785226274884
0 0.3412899374961853 0.47563690362974653 0.020541508992513058 0.023386785226274884
0 0.3696992099285126 0.4757959676343341 0.020661989847818973 0.0231978246407916
0 0.3976200819015503 0.4758287419530922 0.020661989847818973 0.0231978246407916
0 0.42467594146728516 0.4758605008955255 0.020661989847818973 0.0231978246407916
0 0.4517073631286621 0.4758922311520472 0.020661989847818973 0.0231978246407916
0 0.4790206551551819 0.47592429227607197 0.020661989847818973 0.0231978246407916
0 0.5322548151016235 0.47603768788703216 0.020042578379313225 0.022785245910171337
0 0.5861126184463501 0.4761337073795635 0.020042578379313225 0.022785245910171337
0 0.612332820892334 0.47618045363315314 0.020042578379313225 0.022785245910171337
0 0.6390311121940613 0.47649242886715215 0.019880612691243416 0.022659538328185506
0 0.6648625731468201 0.4767942750034535 0.019880612691243416 0.022659538328185506
0 0.6905339956283569 0.47709425105605013 0.019880612691243416 0.022659538328185506
0 0.14559881389141083 0.5089609900186228 0.020920892556508364 0.02402865979098529
0 0.17274847626686096 0.5090792037870832 0.020920892556508364 0.02402865979098529
0 0.20062430202960968 0.5092005793816223 0.020920892556508364 0.02402865979098529
0 0.2292974591255188 0.5093254266783248 0.020920892556508364 0.02402865979098529
0 0.25685569643974304 0.5086197848825827 0.020853678385416657 0.02399042410443914
0 0.2846311628818512 0.5087676824525346 0.02085367838541663 0.02399042410443914
0 0.3135612905025482 0.5089217283110412 0.02085367838541663 0.02399042410443914
0 0.3411368429660797 0.5090685613879198 0.02085367838541663 0.02399042410443914
0 0.39691561460494995 0.5093655697135038 0.020486056804656982 0.023115261580592846
0 0.4246068298816681 0.5093913464435816 0.020486056804656982 0.023115261580592846
0 0.45189592242240906 0.5094167488524488 0.020486056804656982 0.023115261580592846
0 0.47902145981788635 0.5094419990138689 0.020486056804656982 0.023115261580592846
0 0.5328651070594788 0.5094921200774437 0.020486056804656982 0.023115261580592846
0 0.5594881176948547 0.5091929768407067 0.020661811033884758 0.02313125965207122
0 0.5859216451644897 0.5094584925457604 0.020326654116312737 0.02294868646666061
0 0.612318217754364 0.5094615581423737 0.020326654116312737 0.02294868646666061
0 0.6389852166175842 0.5092353975119744 0.019739389419555664 0.022645048392835567
0 0.6649785041809082 0.5094067329584167 0.019739389419555664 0.022645048392835567
0 0.1447172313928604 0.544011537418809 0.021151776115099608 0.023932257363962574
0 0.20051096379756927 0.543794432500928 0.021151776115099608 0.023932257363962574
0 0.22876586019992828 0.5436844868726506 0.021151776115099608 0.023932257363962574
0 0.2562853768467903 0.5435774027586429 0.02115177611509958 0.023932257363962574
0 0.28448379039764404 0.5434676769167878 0.021151776115099552 0.023932257363962574
0 0.31284672021865845 0.5431071000909147 0.02088642120361328 0.02377978775852416
0 0.36942675709724426 0.5429491442303325 0.02088642120361328 0.02377978775852416
0 0.3969323933124542 0.5428944964741551 0.020625332991282108 0.023469170858693676
0 0.42461714148521423 0.5428659193591497 0.020625332991282108 0.023469170858693676
0 0.4515238106250763 0.5427199518957804 0.020326892534891727 0.023112452307412792
0 0.4793103337287903 0.5426408983033841 0.020326892534891727 0.023112452307412792
0 0.5056511163711548 0.5425659578912054 0.020326892534891783 0.023112452307412792
0 0.5327257513999939 0.5424889296443155 0.02032689253489184 0.023112452307412792
0 0.5595850944519043 0.542412513910338 0.02032689253489184 0.023112452307412792
0 0.6125977039337158 0.5422832134158112 0.02000506718953443 0.02309509395628942
0 0.6660930514335632 0.5424186278906296 0.01975925763448072 0.022905601087466747
0 0.6918653845787048 0.5424838662173402 0.01975925763448072 0.022905601087466747
0 0.7186829447746277 0.5425517503605333 0.01975925763448072 0.022905601087466747
0 0.7450420260429382 0.5426184739414325 0.01975925763448072 0.022905601087466747
0 0.7713005542755127 0.5423712038586602 0.01970454057057691 0.022927158562712022
0 0.14456990361213684 0.5781471784724745 0.02109566330909729 0.024033834767896077
0 0.17180347442626953 0.5781365909734454 0.02109566330909729 0.024033834767896077
0 0.19916437566280365 0.5782926692519077 0.021178672711054503 0.023675962936046513
0 0.2273632138967514 0.5783249456035858 0.021200617154439272 0.023616406344628093
0 0.2559282183647156 0.5781038860942043 0.0212006171544393 0.023616406344628093
0 0.28360527753829956 0.5778896982361592 0.021200617154439327 0.023616406344628093
0 0.3127208352088928 0.5776643780930711 0.021200617154439327 0.023616406344628093
0 0.3405516743659973 0.5774490001589753 0.021200617154439327 0.023616406344628093
0 0.3967711329460144 0.5770139277281154 0.021200617154439327 0.023616406344628093
0 0.42417001724243164 0.5764221368834029 0.020340363184610966 0.023461689320645535
0 0.45177021622657776 0.5763046599845459 0.020340363184610966 0.023461689320645535
0 0.47911784052848816 0.5761882581391845 0.020340363184610966 0.023461689320645535
0 0.5062208920717239 0.5760728972881017 0.02034036318461102 0.023461689320645535
0 0.533395528793335 0.5759572317433912 0.020340363184611077 0.023461689320645535
0 0.5597476363182068 0.5753427993419559 0.020182887713114495 0.023012353468310872
0 0.6135095357894897 0.5753325629986862 0.020182887713114495 0.023012353468310872
0 0.6399770975112915 0.5753275235367259 0.020182887713114495 0.023012353468310872
0 0.6664270758628845 0.5753224874226648 0.020182887713114495 0.023012353468310872
0 0.6925379037857056 0.5753175158833348 0.020182887713114495 0.023012353468310872
0 0.7190557718276978 0.5748287023499955 0.020117362340291267 0.022618848224018894
0 0.7454172968864441 0.5750316353731377 0.020372430483500237 0.02300368907839753
0 0.09098771214485168 0.612499991128611 0.020582422614097595 0.02436577257259866
0 0.11712472140789032 0.6125602922678679 0.020582422614097595 0.02436577257259866
0 0.1438484489917755 0.6126219470349562 0.020582422614097595 0.02436577257259866
0 0.1990186870098114 0.6130994308826535 0.021188567082087217 0.02439629015072366
0 0.2266857773065567 0.6128130624460619 0.02133305867513019 0.02436358429664789
0 0.2551940679550171 0.612583202875463 0.021333058675130218 0.02436358429664789
0 0.2827216386795044 0.6123612507540822 0.021333058675130245 0.02436358429664789
0 0.3120245635509491 0.6121249841251459 0.021333058675130245 0.02436358429664789
0 0.3679332435131073 0.6116741978844931 0.021333058675130245 0.02436358429664789
0 0.39574888348579407 0.6112916281738215 0.02090134223302209 0.023589437322099026
0 0.4237467050552368 0.610892140588095 0.020326703786849976 0.023581039073855378
0 0.45177173614501953 0.6105763078251585 0.020326703786849976 0.023581039073855378
0 0.47931450605392456 0.6102659099850495 0.020326703786849976 0.023581039073855378
0 0.5062889009714127 0.6099619175417212 0.020326703786849976 0.023581039073855378
0 0.5332568883895874 0.6096579973087755 0.020326703786849976 0.023581039073855378
0 0.5603093504905701 0.6092699183974155 0.02017481128374743 0.023478426674539785
0 0.5870543122291565 0.6095290073128634 0.020388176043828254 0.023199776346369362
0 0.6137398481369019 0.6091067291969476 0.019999732573827034 0.02346958485684648
0 0.09041354060173035 0.6478685769968563 0.020631055037180573 0.023878615031870817
0 0.1433439552783966 0.6477415838906931 0.020601664980252565 0.023870542067890074
0 0.17032484710216522 0.6477440338336823 0.020601664980252565 0.023870542067890074
0 0.19813577830791473 0.6477155020070631 0.02113784352938336 0.02404223301613972
0 0.22589227557182312 0.6474926697453651 0.02113784352938336 0.02404223301613972
0 0.2542327865958214 0.6472651489559402 0.021137843529383332 0.02404223301613972
0 0.31154537200927734 0.6468050371158184 0.021137843529383304 0.02404223301613972
0 0.33992353081703186 0.6470352459561151 0.021153509616851807 0.024100370185319766
0 0.3678218722343445 0.6464566962663517 0.020986159642537472 0.023974987887596843
0 0.395560622215271 0.6458980268340361 0.020986159642537472 0.023974987887596843
0 0.42364561557769775 0.6453323839226154 0.020986159642537472 0.023974987887596843
0 0.45113372802734375 0.6447787624296413 0.020986159642537472 0.023974987887596843
0 0.4789521098136902 0.6442184891811636 0.020986159642537472 0.023974987887596843
0 0.5059694647789001 0.6440343893361986 0.0201634367307027 0.023586864619291974
0 0.5334089398384094 0.6438474131088484 0.020163436730702644 0.023586864619291974
0 0.5607576370239258 0.643661055453988 0.020163436730702644 0.023586864619291974
0 0.14177148044109344 0.682175081829692 0.021283268928527832 0.02415995634803471
0 0.16898882389068604 0.6823807167023134 0.021283268928527832 0.02415995634803471
0 0.1969214677810669 0.6831138237982222 0.02147403359413147 0.024500795113023808
0 0.22519223392009735 0.6828053496604742 0.021521280209223448 0.024498932121335942
0 0.2540912926197052 0.682520112387155 0.02152128020922342 0.024498932121335942
0 0.28262922167778015 0.6822384395079337 0.021521280209223392 0.024498932121335942
0 0.31087416410446167 0.6819596584428966 0.021521280209223392 0.024498932121335942
0 0.3670158386230469 0.6809038841946686 0.02114061514536536 0.024300124294073952
0 0.3947955071926117 0.6804934656897257 0.02114061514536536 0.024300124294073952
0 0.4513311982154846 0.679658203968463 0.02114061514536536 0.024300124294073952
0 0.4792008399963379 0.6792464561938505 0.02114061514536536 0.024300124294073952
0 0.5338644981384277 0.678438851999682 0.02114061514536547 0.024300124294073952
0 0.5606475472450256 0.6780431576110102 0.02114061514536547 0.024300124294073952
0 0.5876587629318237 0.6770362760436741 0.021081050237019783 0.023833814517472195
0 0.6141142845153809 0.6767592319222384 0.021081050237019783 0.023833814517472195
0 0.6415058970451355 0.676472384989206 0.021081050237019783 0.023833814517472195
0 0.6677976250648499 0.6761970561257307 0.021081050237019783 0.023833814517472195
0 0.6941485404968262 0.6759211074474246 0.021081050237019783 0.023833814517472195
0 0.14048147201538086 0.7179815188044523 0.021389196316401182 0.024454989174539785
0 0.16841238737106323 0.7180062671040379 0.021389196316401182 0.024454989174539785
0 0.19686415791511536 0.7188946467901287 0.02201622724533081 0.025064039599987833
0 0.2251156121492386 0.7191317102588436 0.0214736859003703 0.02475694168445676
0 0.28140056133270264 0.7181063807287882 0.021640022595723507 0.024627951688544696
0 0.33864298462867737 0.7169846946885075 0.021640022595723507 0.024627951688544696
0 0.3669918477535248 0.7164291884364301 0.021640022595723507 0.024627951688544696
0 0.39507630467414856 0.7158788633197969 0.021640022595723507 0.024627951688544696
0 0.42301419377326965 0.7153314102527707 0.02106841405232751 0.024322007053582298
0 0.451249897480011 0.7146264206977041 0.02106841405232751 0.024322007053582298
0 0.4787810444831848 0.7139390225270111 0.02106841405232751 0.024322007053582298
0 0.5057406574487686 0.7132658944283891 0.021068414052327455 0.024322007053582298
0 0.5332420468330383 0.7125792392464572 0.0210684140523274 0.024322007053582298
0 0.5608097314834595 0.7121714658515398 0.021035214265187507 0.02441400335740679
0 0.5879269242286682 0.7118854611575515 0.02070152759552002 0.02430722140526581
0 0.6151183247566223 0.7115404883096385 0.02070152759552002 0.02430722140526581
0 0.668816328048706 0.7102133285167606 0.021070321400960212 0.02388967469681141
0 0.6949209570884705 0.7096923608710844 0.021070321400960212 0.02388967469681141
0 0.7210933566093445 0.7091700407362411 0.021070321400960212 0.02388967469681141
0 0.7474639415740967 0.7086437654329889 0.021070321400960212 0.02388967469681141
0 0.7742048501968384 0.7081100996150527 0.021070321400960212 0.02388967469681141
0 0.8003160357475281 0.7075384716654933 0.02128469944000244 0.02354401581047112
0 0.14049208164215088 0.7527989232262899 0.021164000034332275 0.024716281151586753
0 0.16790136694908142 0.7533057991855703 0.021164000034332275 0.024716281151586753
0 0.19584037363529205 0.7538224712059032 0.021164000034332275 0.024716281151586753
0 0.22369948029518127 0.7542423858546623 0.021530707677205385 0.024810657944790152
0 0.28129056096076965 0.7534176360729129 0.02153070767720544 0.024810657944790152
0 0.31007394194602966 0.7530054353135028 0.02153070767720544 0.024810657944790152
0 0.33834585547447205 0.7526005591722195 0.02153070767720544 0.024810657944790152
0 0.3670400083065033 0.7521896362304688 0.02153070767720544 0.024810657944790152
0 0.42235785722732544 0.7513974409235391 0.02153070767720544 0.024810657944790152
0 0.47938409447669983 0.7488720028899437 0.021227558453877804 0.0244800656340843
0 0.5067581385374069 0.748127072356468 0.021062225103378296 0.024135353029236285
0 0.5343589782714844 0.7475621212758118 0.021062225103378296 0.024135353029236285
0 0.5614237785339355 0.7470081421830258 0.021062225103378296 0.024135353029236285
0 0.5884024500846863 0.7464559260260497 0.021062225103378296 0.024135353029236285
0 0.6156003475189209 0.7458992226179256 0.021062225103378296 0.024135353029236285
0 0.6418841481208801 0.7453554035043924 0.021160602569580078 0.024136136668597107
0 0.6693596839904785 0.7448557194365591 0.020848115285237556 0.023526258246843203
0 0.69577956199646 0.744342892668968 0.020848115285237556 0.023526258246843203
0 0.13989128172397614 0.7880742272665334 0.02130836248397827 0.024788375972777263
0 0.16683726012706757 0.7893188782096833 0.02175798018773395 0.025019327799479275
0 0.19509254395961761 0.7892586464105651 0.02175798018773395 0.025019327799479275
0 0.2230944186449051 0.7891989548038211 0.02175798018773395 0.025019327799479275
0 0.2523121237754822 0.7891366714108619 0.021757980187733977 0.025019327799479275
0 0.2803231179714203 0.7890769603640534 0.021757980187734005 0.025019327799479275
0 0.3096253275871277 0.7885324588848882 0.021734793980916378 0.02447586650996256
0 0.3383198082447052 0.787846143855605 0.021734793980916378 0.02447586650996256
0 0.39511987566947937 0.7864875989701575 0.021734793980916378 0.02447586650996256
0 0.4234570562839508 0.7874992917351377 0.02121557792027795 0.02443257413169221
0 0.47946152091026306 0.7844703142033067 0.02112942934036255 0.024082272551780522
0 0.5066255331039429 0.7836458835956659 0.02112942934036255 0.024082272551780522
0 0.5344328880310059 0.7828019274688628 0.02112942934036255 0.024082272551780522
0 0.5898507833480835 0.7811199885570157 0.02112942934036255 0.024082272551780522
0 0.6162528991699219 0.7803186815838481 0.02112942934036255 0.024082272551780522
0 0.6431238651275635 0.7794666733852652 0.020970821380615234 0.024068492327549772
0 0.6701118350028992 0.7786347107296315 0.020970821380615234 0.024068492327549772
0 0.6962347030639648 0.7779856873163375 0.02078036467234301 0.023882193158763432
0 0.7229623794555664 0.7772060660428779 0.02078036467234301 0.023882193158763432
0 0.749427318572998 0.7767591254655705 0.020984450976053948 0.02401680170103561
0 0.13873273134231567 0.8236960477607195 0.02211765944957733 0.025156183760295433
0 0.16628573834896088 0.8240064103844561 0.02211765944957733 0.025156183760295433
0 0.19461698830127716 0.824325539293574 0.02211765944957733 0.025156183760295433
0 0.2514030262827873 0.8264035758622451 0.022048652172088623 0.025308357652767795
0 0.3088373839855194 0.8247327582780705 0.022310614585876465 0.02529197515443314
0 0.33835363388061523 0.8237942866316649 0.022310614585876465 0.02529197515443314
0 0.3662988841533661 0.8229057650503022 0.022310614585876465 0.02529197515443314
0 0.3946605920791626 0.8220040021628555 0.022310614585876465 0.02529197515443314
0 0.4509131610393524 0.8202154470044513 0.022310614585876465 0.02529197515443314
0 0.4792384207248688 0.8191969595958127 0.021780361731847164 0.02446391970612282
0 0.5070803612470627 0.8183610605639081 0.02178036173184711 0.02446391970612282
0 0.5343964099884033 0.8171135775631856 0.021035949389139885 0.02416678731755704
0 0.561534583568573 0.8162926075070404 0.021035949389139885 0.02416678731755704
0 0.6167727112770081 0.8146437711493913 0.02074054876963305 0.02402573223261881
0 0.6436169743537903 0.8138243183625106 0.02074054876963305 0.02402573223261881
0 0.670349657535553 0.8130082716835073 0.02074054876963305 0.02402573223261881
0 0.6970118880271912 0.8121943756559525 0.02074054876963305 0.02402573223261881
0 0.7232194542884827 0.8113943587901981 0.02074054876963305 0.02402573223261881
0 0.13743536174297333 0.8605914536009706 0.022556543350219727 0.025249924770621365
0 0.19412335753440857 0.861248755848211 0.0224466820557912 0.024908612864886253
0 0.2223280519247055 0.8610846053722293 0.022633562485377012 0.025017494379087936
0 0.25076723098754883 0.8607250682696628 0.022633562485376985 0.025017494379087936
0 0.27954086661338806 0.8603613028613731 0.022633562485376957 0.025017494379087936
0 0.3089693486690521 0.8599892586772621 0.022633562485376957 0.025017494379087936
0 0.3376981317996979 0.859626060308412 0.022633562485376957 0.025017494379087936
0 0.39485520124435425 0.8570573000099628 0.02256031831105554 0.02491837139277506
0 0.4229804575443268 0.8562539566394894 0.02233228087425232 0.024760460668756167
0 0.4519454538822174 0.8552764757301551 0.02233228087425232 0.024760460668756167
0 0.47900867462158203 0.8543631739879682 0.02233228087425232 0.024760460668756167
0 0.5071831494569778 0.8534123707853422 0.02233228087425232 0.024760460668756167
0 0.5351590514183044 0.8524682688158612 0.02233228087425232 0.024760460668756167
0 0.5625422596931458 0.8516141314839207 0.021401683489481682 0.024133135181988747
0 0.589583158493042 0.850244211596112 0.021292408307393318 0.024037028467932414
0 0.6165539026260376 0.8494766590207122 0.02143661181132006 0.023544134095657702
0 0.6706259846687317 0.847400781780395 0.02143661181132006 0.023544134095657702
0 0.6973720788955688 0.8463739744858464 0.02143661181132006 0.023544134095657702
0 0.7238104343414307 0.8453589815677238 0.02143661181132006 0.023544134095657702
0 0.7503748536109924 0.8443391489428144 0.02143661181132006 0.023544134095657702
0 0.7771422266960144 0.8433492012611579 0.02121027310689283 0.023501492285913163
0 0.803357720375061 0.8436739721963572 0.021390676498413086 0.023174374602561772
0 0.8293794989585876 0.843119624721927 0.021390676498413086 0.023174374602561772
