0 0.15055280923843384 0.11023412748824718 0.0212954580783844 0.02245248750198719
0 0.17703279852867126 0.11035203411413982 0.0212954580783844 0.02245248750198719
0 0.810177743434906 0.11317121894600081 0.0212954580783844 0.02245248750198719
0 0.836532711982727 0.11328856889591661 0.0212954580783844 0.02245248750198719
0 0.8618834018707275 0.11340144712543489 0.0212954580783844 0.02245248750198719
0 0.17688404023647308 0.14232625517734263 0.020208090543746948 0.02231107756148937
0 0.2031446248292923 0.14258708775758352 0.020208090543746948 0.02231107756148937
0 0.22983798384666443 0.1428522188586521 0.020208090543746948 0.02231107756148937
0 0.25662586092948914 0.14311828875797186 0.020208090543746948 0.02231107756148937
0 0.28308308124542236 0.1433810744174691 0.020208090543746948 0.02231107756148937
0 0.3093622326850891 0.14334277126437897 0.020438392957051632 0.022045238997585075
0 0.33666595816612244 0.14351139512172964 0.020438392957051632 0.022045238997585075
0 0.3899471163749695 0.1436160220656284 0.02042100826899207 0.021928469340006498
0 0.4155488908290863 0.1436723092598131 0.02042100826899207 0.021928469340006498
0 0.44192612171173096 0.14369257106337435 0.020453373591105106 0.02171798085057458
0 0.4688732326030731 0.14394887985866206 0.020453373591105106 0.02171798085057458
0 0.5215761661529541 0.14445016645152783 0.020453373591105217 0.02171798085057458
0 0.5744526386260986 0.14495310366855652 0.020453373591105217 0.02171798085057458
0 0.6270978450775146 0.14545384118723315 0.020453373591105217 0.02171798085057458
0 0.6523289680480957 0.1456717144951633 0.02026597658793139 0.022029869316160203
0 0.6787118315696716 0.14583426852558934 0.02026597658793139 0.022029869316160203
0 0.7048510313034058 0.1459953212583738 0.02026597658793139 0.022029869316160203
0 0.7312349677085876 0.14603696867477062 0.020354588826497322 0.0221915282020273
0 0.7571427822113037 0.14682348384413607 0.020496249198913574 0.022268029146416242
0 0.17635011672973633 0.17500783124836763 0.02005027731259662 0.021985127944354876
0 0.20268768072128296 0.17497680353563885 0.02005027731259662 0.021985127944354876
0 0.22907912731170654 0.17494571234498935 0.02005027731259662 0.021985127944354876
0 0.25562191754579544 0.17491444285967672 0.020050277312596648 0.021985127944354876
0 0.28283926844596863 0.1748823786890784 0.020050277312596676 0.021985127944354876
0 0.3091118335723877 0.1748514275501024 0.020050277312596676 0.021985127944354876
0 0.3355255424976349 0.17492130434984074 0.019969820976257324 0.02174781089605287
0 0.3624381124973297 0.17494118788855942 0.019969820976257324 0.02174781089605287
0 0.41588252782821655 0.1746432918649972 0.020007729530334473 0.021253822385802736
0 0.4424237906932831 0.1748887439106786 0.020123879114786747 0.021351193272790243
0 0.4687095284461975 0.1751131013382313 0.020259002844492557 0.0214545264724613
0 0.495682492852211 0.17535708460183455 0.020259002844492613 0.0214545264724613
0 0.5210753679275513 0.17558677520757937 0.02025900284449267 0.02145452647246132
0 0.5746486783027649 0.17606343779453013 0.02047574520111084 0.021857147068940385
0 0.6006314158439636 0.17632215962100128 0.02047574520111084 0.021857147068940385
0 0.6271170377731323 0.17658588889394164 0.02047574520111084 0.021857147068940385
0 0.6531250476837158 0.17684486236878344 0.02047574520111084 0.021857147068940406
0 0.6790868043899536 0.1771033752796262 0.02047574520111084 0.021857147068940385
0 0.7060361504554749 0.17737713636417313 0.020464499791463142 0.021776347197303463
0 0.7316864728927612 0.17744316056717274 0.020355860392252678 0.021984492161477267
0 0.7570918798446655 0.17763544370372772 0.02050252755482984 0.022117374479308616
0 0.22878924012184143 0.20667120467784794 0.019994119803110777 0.022113312122433684
0 0.25490645319223404 0.2066397689703393 0.01999411980311075 0.022113312122433684
0 0.2820962071418762 0.20674475717237886 0.020021120707193973 0.022038925525753997
0 0.30898305773735046 0.20657593855787787 0.020135581493377686 0.022017027980597473
0 0.3353109657764435 0.20654299092847248 0.020135581493377686 0.022017027980597473
0 0.3611440360546112 0.20651066255568018 0.020135581493377686 0.022017027980597473
0 0.3886760473251343 0.20647620807100261 0.020135581493377686 0.022017027980597473
0 0.41568228602409363 0.20644241155580031 0.020135581493377686 0.022017027980597473
0 0.22768306732177734 0.2380546525467274 0.019876569509506226 0.022253938423570763
0 0.2539529874920845 0.2381542292469187 0.019876569509506226 0.022253938423570763
0 0.28053227066993713 0.23825497859427655 0.019876569509506226 0.022253938423570763
0 0.3081476390361786 0.23842509957247002 0.02009338140487671 0.022163997324862194
0 0.3346516788005829 0.238460918544268 0.02009338140487671 0.022163997324862194
0 0.3608916699886322 0.23849638066674816 0.02009338140487671 0.022163997324862194
0 0.38850831985473633 0.2385337032791311 0.02009338140487671 0.022163997324862194
0 0.41514626145362854 0.2385697032130042 0.02009338140487671 0.022163997324862194
0 0.22669003903865814 0.2703302294708962 0.019903838634490967 0.02235595939695376
0 0.25347352772951126 0.2703008045662862 0.019903838634490967 0.02235595939695376
0 0.28041109442710876 0.27027121038833385 0.019903838634490967 0.02235595939695376
0 0.30767303705215454 0.2702412598441578 0.019903838634490967 0.02235595939695376
0 0.3338052034378052 0.2702125504959461 0.019903838634490967 0.02235595939695376
0 0.36107680201530457 0.27007187244504 0.019903436303138733 0.022125258926273345
0 0.3881673812866211 0.2702893682147861 0.020241181055704716 0.022098304689392535
0 0.4155731201171875 0.27050939423204917 0.020241181055704716 0.022098304689392535
0 0.4408351182937622 0.2707122093023256 0.020241181055704716 0.022098304689392535
0 0.17223818600177765 0.30174371165628855 0.020477662483851133 0.022065598835316766
0 0.19843362271785736 0.3021595379314828 0.02064464489618939 0.02209744712179024
0 0.22545455396175385 0.30175816534622635 0.020310401916503906 0.0220899655837421
0 0.2800126373767853 0.3020349103350972 0.020310401916503906 0.0220899655837421
0 0.3073020875453949 0.3021733356262819 0.020310401916503906 0.0220899655837421
0 0.33401215076446533 0.3023088219866086 0.020310401916503906 0.0220899655837421
0 0.360917866230011 0.30244530078976656 0.020310401916503906 0.0220899655837421
0 0.38781479001045227 0.30258173499724506 0.020310401916503906 0.0220899655837421
0 0.4148930013179779 0.30244115155431195 0.020926713943481445 0.022491085436917062
0 0.4691082239151001 0.30243698386258855 0.020926713943481445 0.022491085436917062
0 0.4955412745475769 0.30243495187229014 0.020926713943481445 0.022491085436917062
0 0.5220124125480652 0.3028692269148659 0.021135807037353516 0.02294129364250245
0 0.5484129786491394 0.3030359250813373 0.021135807037353516 0.02294129364250245
0 0.6026052236557007 0.3033781051635742 0.02083698908487963 0.022493037142494825
0 0.6294428706169128 0.30367032040191716 0.02083698908487963 0.022493037142494825
0 0.6559001207351685 0.3039583937810916 0.02083698908487963 0.022493037142494825
0 0.6825224161148071 0.30426737319591435 0.020333250363667732 0.02241239621657731
0 0.7083619236946106 0.3046445329638585 0.020333250363667732 0.02241239621657731
0 0.734741747379303 0.30502957931772573 0.020333250363667732 0.02241239621657731
0 0.760979413986206 0.30541255071214163 0.020333250363667732 0.02241239621657731
0 0.7868245244026184 0.3057897922604583 0.020333250363667732 0.02241239621657731
0 0.8136506676673889 0.30622064454595926 0.02042623360951734 0.022532396538313047
0 0.8397772908210754 0.30548446122990097 0.020869414011637444 0.022309000177900894
0 0.1695341169834137 0.3667279607428296 0.020693729321161924 0.022724447324294465
0 0.19618774950504303 0.36692359835602517 0.020693729321161924 0.022724447324294465
0 0.22290454804897308 0.3671196996077071 0.020693729321161924 0.022724447324294465
0 0.250596322119236 0.3673229571779411 0.020693729321161897 0.022724447324294426
0 0.27873459458351135 0.3675294920455578 0.02069372932116187 0.022724447324294465
0 0.30563193559646606 0.36772691847862693 0.02069372932116187 0.022724447324294465
0 0.33261311054229736 0.3675017467764921 0.020784392952919006 0.022958341495011216
0 0.3598749041557312 0.3674760112447364 0.020784392952919006 0.022958341495011216
0 0.41500362753868103 0.3681931162989417 0.02065398295720422 0.022829137107198538
0 0.4687921106815338 0.36841717415646413 0.02065398295720422 0.02282913710719858
0 0.4955451637506485 0.36852861495945033 0.020653982957204164 0.02282913710719858
0 0.5225736498832703 0.36862157111944155 0.020284732182820564 0.022552460663078353
0 0.5494363307952881 0.368755493767123 0.020284732182820564 0.022552460663078394
0 0.5757303237915039 0.36888658124762075 0.020284732182820564 0.022552460663078353
0 0.6298802495002747 0.36915654318650637 0.020284732182820564 0.022552460663078394
0 0.656548798084259 0.3692894979964855 0.020284732182820564 0.022552460663078353
0 0.6829582452774048 0.3692216429599496 0.02021137873331713 0.022741643033286383
0 0.7094382047653198 0.36938923673875745 0.02021137873331713 0.022741643033286383
0 0.735992431640625 0.36955730056179253 0.02021137873331713 0.022741643033286425
0 0.762415885925293 0.3697245367146554 0.02021137873331713 0.022741643033286425
0 0.7888714671134949 0.369891976201257 0.02021137873331713 0.022741643033286383
0 0.8153975009918213 0.3698588304741438 0.020199616750081306 0.0225777589073477
0 0.16821345686912537 0.40057248847429144 0.020323912302653013 0.023000258807988186
0 0.19499026238918304 0.40029703184615734 0.020318677028020204 0.0228825354760932
0 0.22230282425880432 0.4003984331740258 0.020318677028020204 0.0228825354760932
0 0.2502680718898773 0.40050225768003517 0.020318677028020232 0.0228825354760932
0 0.2778899073600769 0.40060480722512043 0.02031867702802026 0.0228825354760932
0 0.3047647476196289 0.4007045834563499 0.02031867702802026 0.0228825354760932
0 0.332275927066803 0.40079995088799053 0.02064812183380127 0.022926714993262532
0 0.3597864806652069 0.40085076889756355 0.02050703763961792 0.022834215977395173
0 0.3872557580471039 0.40092375112134354 0.02050703763961792 0.022834215977395173
0 0.4412369430065155 0.4010671719644128 0.02050703763961792 0.022834215977395173
0 0.4686909019947052 0.40103246999341385 0.020388225714365604 0.022801717122395888
0 0.495332732796669 0.40116758124772894 0.019922604163487734 0.022777025089707484
0 0.5224943161010742 0.40137034826432094 0.019922604163487678 0.022777025089707484
0 0.5490350127220154 0.4015684802293021 0.019922604163487678 0.022777025089707484
0 0.5759910345077515 0.4017697126852832 0.019922604163487678 0.022777025089707484
0 0.6019705533981323 0.4019636553387309 0.019540508588155037 0.02260355986365971
0 0.6292212009429932 0.4019912115428079 0.019540508588155037 0.02260355986365971
0 0.6563018560409546 0.4020185958483438 0.019540508588155037 0.02260355986365971
0 0.6830623745918274 0.40204565642769996 0.019540508588155037 0.02260355986365971
0 0.7092207074165344 0.4020721080691315 0.019540508588155037 0.02260355986365971
0 0.7623117566108704 0.4027253971543423 0.020864009857177734 0.023114936296329942
0 0.7888174653053284 0.40263997015524855 0.020864009857177734 0.023114936296329942
0 0.8155468702316284 0.40255382219079533 0.020864009857177734 0.023114936296329942
0 0.8425443768501282 0.40246681014369196 0.020864009857177734 0.023114936296329942
0 0.8694824576377869 0.40237998962402344 0.020864009857177734 0.023114936296329942
0 0.1677166372537613 0.4335482397744822 0.020393123229344667 0.022886912027994737
0 0.19479824602603912 0.4337242467227141 0.020415176947911562 0.022917754890382808
0 0.22226598858833313 0.43363801823105924 0.020415176947911562 0.022917754890382808
0 0.24963518977165222 0.43355209908679454 0.02041517694791159 0.022917754890382808
0 0.27708426117897034 0.4334659292088218 0.020415176947911617 0.022917754890382808
0 0.33161595463752747 0.43329473983409794 0.020415176947911617 0.022917754890382808
0 0.359231173992157 0.43320804837387816 0.020415176947911617 0.022917754890382808
0 0.41443541646003723 0.4340440156740164 0.02054574092229211 0.022871120955592846
0 0.441455602645874 0.4341642690259357 0.02054574092229211 0.022871120955592846
0 0.4688781499862671 0.43424486063033807 0.020425061384836796 0.023006054782128093
0 0.49541783332824707 0.4343228576024761 0.02042506138483685 0.023006054782128093
0 0.5223798155784607 0.434402095660868 0.020425061384836907 0.023006054782128093
0 0.5490093231201172 0.43448035661564316 0.020425061384836907 0.023006054782128093
0 0.5758005976676941 0.4345563983363158 0.02054639657338453 0.022799617560334853
0 0.6297425627708435 0.4347095019087352 0.02054639657338453 0.022799617560334853
0 0.6568627953529358 0.4358178072197493 0.02078092098236084 0.023337046305338487
0 0.6836913228034973 0.43566567661801314 0.02078092098236084 0.023337046305338487
0 0.7099458575248718 0.435516800829999 0.02078092098236084 0.023337046305338487
0 0.7362554669380188 0.4353676127421011 0.02078092098236084 0.023337046305338487
0 0.7630601525306702 0.43521561733511993 0.02078092098236084 0.023337046305338487
0 0.22130978107452393 0.46665896751441877 0.020569100975990295 0.022801480552022715
0 0.2485586777329445 0.46682796921840936 0.02065594494342804 0.022722732189089753
0 0.27672314643859863 0.4669965252596585 0.02065594494342804 0.022722732189089753
0 0.3042002022266388 0.4671609673372712 0.02065594494342804 0.022722732189089753
0 0.3317563533782959 0.4673258827773148 0.02065594494342804 0.022722732189089753
0 0.35917115211486816 0.46748995226483014 0.02065594494342804 0.022722732189089753
0 0.22025637328624725 0.5005781470483849 0.02128400901953381 0.023651921471884083
0 0.2477204129099846 0.5006378972253134 0.021198655168215425 0.023608067238977657
0 0.27605679631233215 0.500693710925122 0.021198655168215397 0.023608067238977657
0 0.3035252094268799 0.5007478149983915 0.021198655168215397 0.023608067238977657
0 0.3312320113182068 0.5008023886220422 0.021198655168215397 0.023608067238977657
0 0.3592161238193512 0.5008575084597565 0.021198655168215397 0.023608067238977657
0 0.3865276575088501 0.5005559699479923 0.021027803421020508 0.023390481638353923
0 0.41440004110336304 0.5004702334735968 0.021027803421020508 0.023390481638353923
0 0.21939188241958618 0.5345479388569676 0.020908782879511534 0.023458909618762167
0 0.24729570001363754 0.5344928327598115 0.020908782879511506 0.023458909618762167
0 0.2754998207092285 0.5344371336064603 0.02090878287951148 0.023458909618762167
0 0.30323758721351624 0.5343823554367447 0.02090878287951148 0.023458909618762167
0 0.3312467634677887 0.534327041271121 0.02090878287951148 0.023458909618762167
0 0.3585968315601349 0.5343712664788881 0.020738542079925537 0.02338468566421385
0 0.3865533769130707 0.534368825513263 0.020738542079925537 0.02338468566421385
0 0.4141847789287567 0.5343664129368292 0.020738542079925537 0.02338468566421385
0 0.21892127394676208 0.5685680744259857 0.021117687225341797 0.02389133068942279
0 0.24641572684049606 0.5688608746195949 0.020950461427370698 0.023848541023195308
0 0.27461448311805725 0.5685328928211664 0.02095046142737067 0.023848541023195308
0 0.302456259727478 0.568209063079389 0.02095046142737067 0.023848541023195308
0 0.33046209812164307 0.5678833251229839 0.02095046142737067 0.023848541023195308
0 0.35835424065589905 0.5675589095714481 0.02095046142737067 0.023848541023195308
0 0.3862069547176361 0.5681942502710119 0.020742793877919552 0.023431822311046513
0 0.41352546215057373 0.5681965850120367 0.020742793877919552 0.023431822311046513
0 0.21810561418533325 0.6030349563987645 0.020953506231307983 0.023943464885386442
0 0.24509991705417633 0.6029568162075308 0.020953506231307983 0.023943464885386442
0 0.27362754940986633 0.6029418550604064 0.02082115411758423 0.023718989172647167
0 0.3015536367893219 0.6027485724303647 0.02066703637441003 0.02354845150496603
0 0.32979315519332886 0.602711655372797 0.02066703637441003 0.02354845150496603
0 0.35820305347442627 0.6026745155804206 0.02066703637441003 0.02354845150496603
0 0.38569188117980957 0.6026385798884463 0.02066703637441003 0.02354845150496603
0 0.4131946265697479 0.6026026260021121 0.02066703637441003 0.02354845150496603
0 0.2172217071056366 0.637705789745023 0.021097237865130125 0.02431425937386446
0 0.24488822370767593 0.6374580453637931 0.02108520269393921 0.02433714755745821
0 0.27300554513931274 0.6373559375141942 0.02108520269393921 0.02433714755745821
0 0.3011428713798523 0.6372537570172764 0.02108520269393921 0.02433714755745821
0 0.3292953670024872 0.637151521432857 0.02108520269393921 0.02433714755745821
0 0.3574567437171936 0.637049253596816 0.02108520269393921 0.02433714755745821
0 0.385292649269104 0.6369481677069507 0.02108520269393921 0.02433714755745821
0 0.41284164786338806 0.6367546436582193 0.021214544773101807 0.024177166842674968
0 0.44059833884239197 0.6366244914919831 0.021214544773101807 0.024177166842674968
0 0.16098850965499878 0.6718187997507494 0.021428545316060366 0.02410128689551544
0 0.2162129431962967 0.6719277951909848 0.021428545316060366 0.02410128689551544
0 0.24467527121305466 0.6722421950021015 0.020862301190694182 0.023795726687409157
0 0.27194371819496155 0.6720377899879633 0.02086230119069421 0.023795726687409157
0 0.3008565604686737 0.6719353254451308 0.021282613277435303 0.02359431658604343
0 0.32882770895957947 0.6717298303362992 0.021282613277435303 0.02359431658604343
0 0.38506653904914856 0.6713166615844486 0.021282613277435303 0.02359431658604343
0 0.4128800332546234 0.671112324711381 0.021282613277435303 0.02359431658604343
0 0.4406229257583618 0.6709085065265035 0.021282613277435303 0.02359431658604343
0 0.46861621737480164 0.670732236898549 0.021198779344558716 0.02377635748811465
0 0.49578769505023956 0.6705491265585256 0.02159443497657776 0.02396289322727416
0 0.5510956645011902 0.6700303288473556 0.02159443497657776 0.02396289322727416
0 0.5778610706329346 0.6697792650028946 0.02159443497657776 0.02396289322727416
0 0.6054390072822571 0.6695205794905807 0.02159443497657776 0.02396289322727416
0 0.6330223083496094 0.669261843659157 0.02159443497657776 0.02396289322727416
0 0.6604527235031128 0.669023878883608 0.021695415178934807 0.023947723152101558
0 0.6873877644538879 0.669362977493641 0.02143096923828125 0.024112316989159343
0 0.7153232097625732 0.6691727634674286 0.02143096923828125 0.024112316989159343
0 0.7426716089248657 0.6689865466716108 0.02143096923828125 0.024112316989159343
0 0.7695604562759399 0.6688034589900527 0.02143096923828125 0.024112316989159343
0 0.7959771156311035 0.66862358646325 0.02143096923828125 0.024112316989159343
0 0.15774764120578766 0.7422752380371094 0.02224692702293396 0.02483706511268323
0 0.18601027131080627 0.7422847528877267 0.02224692702293396 0.02483706511268323
0 0.21446798741817474 0.7424633780191111 0.021874378124872862 0.024589035862175965
0 0.24271832406520844 0.7424566882684543 0.021693646907806396 0.024707439333893615
0 0.2707288861274719 0.7423132741174032 0.021992623805999756 0.0250730144885159
0 0.2989686131477356 0.742163068419639 0.021992623805999756 0.025073014488515982
0 0.3279511630535126 0.7420089116840421 0.021992623805999756 0.0250730144885159
0 0.3561679422855377 0.741875825926315 0.021632860104242924 0.024746089018592567
0 0.3841949999332428 0.7417172320402797 0.021632860104242924 0.024746089018592484
0 0.44036006927490234 0.7413994164237319 0.021632860104242924 0.024746089018592567
0 0.46824052929878235 0.7412416520748938 0.021632860104242924 0.024746089018592484
0 0.4962835758924484 0.7410829677138218 0.02163286010424298 0.024746089018592567
0 0.5520358085632324 0.7403354721767563 0.02134443322817492 0.024270242498826665
0 0.5789782404899597 0.7399742427396889 0.02134443322817492 0.024270242498826585
0 0.6068572998046875 0.7396004555132939 0.02134443322817492 0.024270242498826585
0 0.6349228620529175 0.7392241677572562 0.02134443322817492 0.024270242498826665
0 0.6621131896972656 0.7387180256644693 0.021336277325948005 0.024487118388331296
0 0.6891663670539856 0.7382749069568723 0.021336277325948005 0.024487118388331296
0 0.7171491384506226 0.7378165619228395 0.021336277325948005 0.024487118388331296
0 0.7436594367027283 0.7380079668621685 0.021146734555562263 0.024293781250946226
0 0.15790726244449615 0.7771279978197675 0.02179358402887982 0.024691736975381542
0 0.21406163275241852 0.778285910653403 0.02175399661064148 0.024777316307836837
0 0.24217747151851654 0.7782306586871184 0.02150281270345053 0.024776902309683865
0 0.2702934741973877 0.7779934905296149 0.021502812703450558 0.024776902309683865
0 0.2982915937900543 0.7778741395779296 0.021335740884145138 0.024777079737463664
0 0.32742077112197876 0.7775522276412609 0.021335740884145138 0.024777079737463664
0 0.3554595410823822 0.7772750854492188 0.02120228608449304 0.024885842966478923
0 0.4110875129699707 0.7766357228728527 0.02120228608449304 0.024885842966478923
0 0.4399830102920532 0.7763036111853986 0.02120228608449304 0.024885842966478923
0 0.46780678629875183 0.7759838173746908 0.02120228608449304 0.024885842966478923
0 0.5236474871635437 0.7753420097883358 0.021202286084492927 0.024885842966478923
0 0.5520113110542297 0.7753012901128724 0.02131764094034838 0.02437751237736192
0 0.5797719359397888 0.7749570730544229 0.02131764094034838 0.02437751237736192
0 0.6074661016464233 0.7746136800546235 0.02131764094034838 0.02437751237736192
0 0.6351054310798645 0.7742709669955942 0.02131764094034838 0.02437751237736192
0 0.6627501249313354 0.7739281874206198 0.02131764094034838 0.02437751237736192
0 0.6900070905685425 0.7737160101904332 0.020967483520507812 0.02420493429021329
0 0.717595100402832 0.7734371451444404 0.020967483520507812 0.02420493429021329
0 0.74492347240448 0.7731609045688816 0.020967483520507812 0.02420493429021329
0 0.15685921907424927 0.8133070302564044 0.021637787421544374 0.0250741529834364
0 0.184433713555336 0.813515210152144 0.021637787421544374 0.0250741529834364
0 0.2132892608642578 0.813733061646553 0.021637787421544374 0.0250741529834364
0 0.24131084978580475 0.8142690072109148 0.021273374557495117 0.02475620240204105
0 0.2694106101989746 0.8139559723610101 0.021273374557495117 0.02475620240204105
0 0.29830506443977356 0.8133731477371702 0.021626273790995243 0.02444866091706032
0 0.32708287239074707 0.8130549940952035 0.021693309148152706 0.024552219597868106
0 0.35611671209335327 0.8127423006651402 0.021693309148152706 0.024552219597868106
0 0.383197158575058 0.8124506452112025 0.021693309148152706 0.024552219597868106
0 0.4112427532672882 0.8121245628179505 0.021558602650960323 0.02471001203670058
0 0.4401460886001587 0.8120120920748083 0.021210451920827267 0.024712496025617734
0 0.4680815637111664 0.8116678637127543 0.021210451920827267 0.024712496025617734
0 0.5242607593536377 0.8109756087065062 0.021210451920827156 0.024712496025617734
0 0.5518401861190796 0.8106357676669632 0.021210451920827156 0.024712496025617734
0 0.5795438885688782 0.8102943952693495 0.021210451920827156 0.024712496025617734
0 0.6076544523239136 0.8099480094184071 0.021210451920827156 0.024712496025617734
0 0.6354901790618896 0.8095643728431443 0.021471381187438965 0.02496402947477581
0 0.6908220648765564 0.8086616682169452 0.021471381187438965 0.02496402947477581
0 0.7183672785758972 0.8082122855243088 0.021471381187438965 0.02496402947477581
0 0.7456924319267273 0.8077664929766988 0.021471381187438965 0.02496402947477581
0 0.7732635736465454 0.8072887003856871 0.02149256070454908 0.02478133800417878
0 0.8001627922058105 0.8066961598950763 0.021635452906290764 0.02497272343598584
0 0.8274776935577393 0.8061863985105348 0.021635452906290764 0.02497272343598584
0 0.15571288764476776 0.8485328319460846 0.022436598936716734 0.025135010711906602
0 0.18423041701316833 0.8494339146165119 0.022070864836374937 0.024842195732648984
0 0.2122681885957718 0.8492320748262627 0.022070864836374937 0.024842195732648984
0 0.24099953472614288 0.8490252420949436 0.02207086483637491 0.024842195732648984
0 0.2696794867515564 0.8488187793422204 0.02207086483637488 0.024842195732648984
0 0.29832205176353455 0.8486125857331032 0.02207086483637488 0.024842195732648984
0 0.32663246989250183 0.8478380139695127 0.02239018678665161 0.024698893229166775
0 0.3831337094306946 0.8473348395768986 0.02205987771352136 0.024602609087330318
0 0.41137295961380005 0.8470796957645534 0.02205987771352136 0.024602609087330318
0 0.46803000569343567 0.8466764937999637 0.02202419439951575 0.024553047594174045
0 0.4960489571094513 0.8462896006110594 0.022024194399515806 0.024553047594174045
0 0.5241910219192505 0.8459010074394252 0.022024194399515862 0.024553047594174045
0 0.5799710154533386 0.8451307823423101 0.022024194399515862 0.024553047594174045
0 0.6081846952438354 0.8447412002918332 0.021871884663899666 0.024524186008660256
0 0.6362788081169128 0.8438775989802973 0.0216331879297893 0.024474801943283782
0 0.6633564233779907 0.8435286588447038 0.0216331879297893 0.024474801943283782
0 0.6910904049873352 0.8431712603363788 0.0216331879297893 0.024474801943283782
0 0.7184059023857117 0.8428192546935596 0.0216331879297893 0.024474801943283782
0 0.7458837628364563 0.8424651567326036 0.0216331879297893 0.024474801943283782
