0 0.09858725965023041 0.10620442102121752 0.021020367741584778 0.023389838462652163
0 0.1250237040221691 0.10522454283958257 0.02067098766565323 0.0233675712762877
0 0.09931303560733795 0.13893443484639012 0.02070455749829611 0.02416132402050404
0 0.12562285736203194 0.13806178029862243 0.020971834659576416 0.024131597474563952
0 0.15155363082885742 0.13733342636463253 0.020971834659576416 0.024131597474563952
0 0.2031266987323761 0.13588482141100428 0.020971834659576416 0.024131597474563952
0 0.22978924214839935 0.13513591323007088 0.020971834659576416 0.024131597474563952
0 0.2562125325202942 0.13439372528431026 0.020971834659576416 0.024131597474563952
0 0.28280243277549744 0.13364685753352556 0.020971834659576416 0.024131597474563952
0 0.31017881631851196 0.13279170841722449 0.02136444052060449 0.02419160502825595
0 0.33637985587120056 0.13137902769931528 0.02128688494364417 0.02415207559748215
0 0.10081566125154495 0.20534657323083214 0.020406668384869903 0.024506177089010994
0 0.12719328701496124 0.2048984128375386 0.020498087008794144 0.024647794028585298
0 0.1533842384815216 0.20409801894779936 0.02049808700879413 0.024647794028585298
0 0.17835675179958344 0.203400964132081 0.020947655042012514 0.024942945140276795
0 0.20598658919334412 0.20256488267765488 0.020947655042012514 0.024942945140276795
0 0.2312799096107483 0.201799504444679 0.020947655042012514 0.024942945140276795
0 0.2845076620578766 0.2001864189325377 0.02136661609013879 0.0255142995553423
0 0.31219446659088135 0.19927723205647377 0.02136661609013879 0.0255142995553423
0 0.33899059891700745 0.19839729331846792 0.02136661609013879 0.02551429955534232
0 0.3913942277431488 0.1966764485915129 0.02136661609013879 0.02551429955534232
0 0.4175289273262024 0.19581823016321936 0.02136661609013879 0.02551429955534232
0 0.4720424711704254 0.1941889164059661 0.021729707717895508 0.025009395540222634
0 0.4994942992925644 0.1929109211995237 0.022381981213887514 0.024994362232296966
0 0.5271924734115601 0.19162145757641671 0.02238198121388746 0.024994362232296966
0 0.5539302825927734 0.19037670288057898 0.02238198121388746 0.024994362232296966
0 0.5808159112930298 0.18912506657977438 0.02238198121388746 0.024994362232296966
0 0.6081230044364929 0.18792941305776673 0.021896253029505486 0.02480889105981634
0 0.6341667175292969 0.18708588356195494 0.021756649017333984 0.02459547501201778
0 0.10282302647829056 0.271101618922034 0.02091635266939798 0.024012824361638534
0 0.12889809906482697 0.27099006255476615 0.021473695834477738 0.023814667102902434
0 0.18092329800128937 0.2697652107061342 0.021534989277521788 0.02381002440933112
0 0.2344179004430771 0.268304319299448 0.020936151345570864 0.024040931879087936
0 0.26039618253707886 0.26779172586840255 0.02093615134557089 0.024040931879087936
0 0.2869414687156677 0.2672679445317025 0.02093615134557092 0.024040931879087936
0 0.31470561027526855 0.26672011321127226 0.02093615134557092 0.024040931879087936
0 0.3679771423339844 0.26566897991091704 0.02093615134557092 0.024040931879087936
0 0.39453962445259094 0.2651448592705687 0.02093615134557092 0.024040931879087936
0 0.4206967353820801 0.26358522159367226 0.021360437075297 0.024612352829570947
0 0.47434917092323303 0.2616444087389454 0.021360437075297 0.024612352829570947
0 0.5016201734542847 0.26075695836266805 0.021172046661376953 0.024792752524679048
0 0.5284517407417297 0.2594692233836352 0.021458903948466057 0.024839416030765532
0 0.5564666986465454 0.25857637094896896 0.021458903948466057 0.024839416030765532
0 0.5834271907806396 0.2577171249303415 0.021458903948466057 0.024839416030765532
0 0.609951376914978 0.2568717842288473 0.021458903948466057 0.024839416030765532
0 0.6368867754936218 0.2560133379559184 0.021458903948466057 0.024839416030765532
0 0.6642821431159973 0.25514023221136145 0.021458903948466057 0.024839416030765532
0 0.6920474767684937 0.25435832428398697 0.02179165681203199 0.025161077809888265
0 0.7194703221321106 0.25274061602215436 0.021866043408711677 0.025207489959953394
0 0.10366157442331314 0.3373269343380452 0.020478477080663054 0.022896360057268982
0 0.1572003811597824 0.3366204417029092 0.020478477080663027 0.022896360057268982
0 0.18248800933361053 0.33628674873973197 0.020478477080663027 0.022896360057268982
0 0.2087000459432602 0.33594085737708385 0.020478477080663027 0.022896360057268982
0 0.23560044169425964 0.33558588249738824 0.020478477080663027 0.022896360057268982
0 0.2625202238559723 0.3352306517965934 0.020478477080663082 0.022896360057268982
0 0.31648167967796326 0.3339577099578521 0.02076866229375207 0.023213615713193407
0 0.3433886766433716 0.33317785484846246 0.02076866229375207 0.023213615713193407
0 0.3704764246940613 0.33239276096576914 0.02076866229375207 0.023213615713193407
0 0.39596280455589294 0.33165408010960934 0.02076866229375207 0.023213615713193407
0 0.4222370982170105 0.33089256286621094 0.02076866229375207 0.023213615713193407
0 0.44876283407211304 0.33012375798384086 0.02076866229375207 0.023213615713193407
0 0.47619354724884033 0.32994545306102885 0.020573735237121582 0.023138548976691223
0 0.503488302230835 0.3290194134379542 0.021565894285837828 0.023677692856899527
0 0.10591891407966614 0.40468397805857104 0.020951728026072175 0.023455627204835933
0 0.13246622309088707 0.4042875972972505 0.02095172802607219 0.023455627204835933
0 0.1584843397140503 0.403832147287768 0.021318266789118467 0.023571043975593564
0 0.18430277705192566 0.4033453062064824 0.021318266789118467 0.023571043975593564
0 0.2108428031206131 0.4028448586069806 0.021318266789118467 0.023571043975593564
0 0.23787261545658112 0.4023351754339682 0.021318266789118467 0.023571043975593564
0 0.26483938097953796 0.401826681092728 0.021318266789118412 0.023571043975593564
0 0.2914356589317322 0.40148659639580303 0.021318217118581173 0.023442113122274708
0 0.10796470940113068 0.47152284134265987 0.02160574495792389 0.023876959039259273
0 0.16017299890518188 0.47020894427632176 0.021027326583862305 0.023301826891048878
0 0.18638744950294495 0.4698482698687197 0.021027326583862305 0.023301826891048878
0 0.24023617804050446 0.46922909936239554 0.021247178316116333 0.02367605164993641
0 0.2672252655029297 0.4687104687183732 0.021247178316116333 0.02367605164993641
0 0.29430505633354187 0.468036791533153 0.020591596762339237 0.023329830908960205
0 0.32161828875541687 0.4676144622093023 0.020591596762339237 0.023329830908960205
0 0.3480382561683655 0.4672059449455336 0.020591596762339237 0.023329830908960205
0 0.3749183416366577 0.46679031313215 0.020591596762339237 0.023329830908960205
0 0.4009203314781189 0.4663882588231286 0.020591596762339237 0.023329830908960205
0 0.45330822467803955 0.4655782139638698 0.020591596762339237 0.023329830908960205
0 0.4805345833301544 0.4644904770316206 0.02104439338048303 0.023476948109708035
0 0.5072785019874573 0.4638318793718205 0.021780689557393373 0.02418751679649654
0 0.5344198346138 0.4631633925442079 0.021780689557393318 0.02418751679649654
0 0.5615624189376831 0.4624948748874784 0.021780689557393318 0.02418751679649654
0 0.5890847444534302 0.46181700426388617 0.021780689557393318 0.02418751679649654
0 0.6159347891807556 0.4611556918122048 0.021780689557393318 0.02418751679649654
0 0.10986565053462982 0.5388049192206804 0.02074737846851349 0.023555193760598298
0 0.136250838637352 0.5385020056436228 0.020698209603627504 0.023133093072462398
0 0.16188377141952515 0.5377887699031645 0.020698209603627504 0.023133093072462398
0 0.18858247995376587 0.5371893949286882 0.02090017000834149 0.02339284734208449
0 0.24190382659435272 0.5363180407803141 0.020900170008341462 0.02339284734208449
0 0.2683350145816803 0.5358861138551662 0.020900170008341434 0.02339284734208449
0 0.29571107029914856 0.5354387463144262 0.020900170008341434 0.02339284734208449
0 0.3233533501625061 0.5349870282550191 0.020900170008341434 0.02339284734208449
0 0.3500952422618866 0.5343703016688325 0.0203513503074646 0.023216957269712936
0 0.376671701669693 0.5337573903227469 0.0203513503074646 0.023216957269712936
0 0.40265247225761414 0.5331582168651756 0.0203513503074646 0.023216957269712936
0 0.42854395508766174 0.5325611025788063 0.0203513503074646 0.023216957269712936
0 0.4550904929637909 0.5323324756421306 0.020533422629038456 0.02286984938983775
0 0.48219969868659973 0.5318204746689907 0.020533422629038456 0.02286984938983775
0 0.5096431374549866 0.5313021611669505 0.02053342262903851 0.02286984938983775
0 0.5369890928268433 0.5307856887957202 0.020533422629038567 0.02286984938983775
0 0.5639753341674805 0.530276010202807 0.020533422629038567 0.02286984938983775
0 0.5907118320465088 0.5297710484170437 0.020533422629038567 0.02286984938983775
0 0.11116040498018265 0.6063137054443359 0.02091499666372934 0.023715470188347923
0 0.13773055374622345 0.6058449098763208 0.02091499666372937 0.023715470188347923
0 0.16461652517318726 0.6054554429165152 0.02095524470011395 0.023876663326293054
0 0.18976464867591858 0.6050581894853714 0.02095524470011395 0.023876663326293054
0 0.21615926921367645 0.6046412457093786 0.02095524470011395 0.023876663326293054
0 0.24346132576465607 0.6042099675807746 0.020955244700113923 0.023876663326293054
0 0.29784002900123596 0.6033509720203488 0.020955244700113895 0.023876663326293054
0 0.32439181208610535 0.6027452779370684 0.020173708597818973 0.022450764973958388
0 0.35128074884414673 0.6026186123474271 0.020475387573242188 0.02244972997857613
0 0.4038306772708893 0.6015550036763035 0.020363926887512207 0.022435210471929506
0 0.43044179677963257 0.6009949528893759 0.020291109879811642 0.02262177578238554
0 0.4564646780490875 0.6006137545184156 0.020291109879811642 0.02262177578238554
0 0.48379385471343994 0.6002134207691944 0.020291109879811642 0.02262177578238554
0 0.5113940834999084 0.5998091164901028 0.02029110987981153 0.02262177578238554
0 0.5388739705085754 0.5994065750476926 0.02029110987981153 0.02262177578238554
0 0.5666030049324036 0.5983004902684411 0.021374861399332756 0.022764309432155346
0 0.11231612414121628 0.6740482241608375 0.020960455139478057 0.023233635481013808
0 0.1656886339187622 0.673016392907431 0.021026293436686216 0.0233414819998334
0 0.19065098464488983 0.6729184084160383 0.020508036017417908 0.022571534149406436
0 0.21687893569469452 0.6726635925837391 0.020508036017417908 0.022571534149406436
0 0.24387859553098679 0.6721854121884735 0.02092375357945761 0.023188302683275798
0 0.2714785039424896 0.6719120380490325 0.020923753579457638 0.023188302683275798
0 0.3256426155567169 0.6713755483194163 0.020923753579457638 0.023188302683275798
0 0.3524596095085144 0.6711099288639215 0.020923753579457638 0.023188302683275798
0 0.37906932830810547 0.6708463624466298 0.020923753579457638 0.023188302683275798
0 0.4049830436706543 0.6705896898689048 0.020923753579457638 0.023188302683275798
0 0.4317919611930847 0.6703793015481806 0.02130711078643799 0.02382245913956522
0 0.4584941864013672 0.6701322156329488 0.02166084448496497 0.024032829343810506
0 0.5134345293045044 0.6696483070773109 0.02166084448496508 0.024032829343810506
0 0.5413406491279602 0.6694025130137203 0.02166084448496508 0.024032829343810506
0 0.5688442587852478 0.668904821735319 0.022323926289876228 0.025281211202458763
0 0.5966480374336243 0.6689153715621593 0.022323926289876228 0.025281211202458763
0 0.6247550845146179 0.6689260364607491 0.022323926289876228 0.025281211202458763
0 0.6519474387168884 0.6689363542895539 0.022323926289876228 0.025281211202458763
0 0.6791805028915405 0.6689466875652934 0.022323926289876228 0.025281211202458763
0 0.11378192901611328 0.7427434921264648 0.020961036284764617 0.024138206659361373
0 0.14048856496810913 0.7424921685719004 0.02096103628476459 0.024138206659361373
0 0.1654108315706253 0.7422576368756731 0.02096103628476459 0.024138206659361373
0 0.19172754883766174 0.742009982661945 0.02096103628476459 0.024138206659361457
0 0.21792533993721008 0.7417634476062863 0.02096103628476459 0.024138206659361373
0 0.2447744384407997 0.74128290664318 0.02094779908657074 0.024373993393062593
0 0.2713348865509033 0.7412107778087215 0.021248817443847656 0.024861816287964758
0 0.29888609051704407 0.741205703380496 0.021248817443847656 0.02486181628796484
0 0.3258644938468933 0.7412007344516788 0.021248817443847656 0.024861816287964758
0 0.3527499735355377 0.741195782637698 0.021248817443847656 0.02486181628796484
0 0.40629738569259644 0.7411859201830487 0.021248817443847656 0.02486181628796484
0 0.4326779246330261 0.7411810613699251 0.021248817443847656 0.024861816287964758
0 0.45940402150154114 0.7413310730340907 0.021330058574676514 0.025243552156196954
0 0.48743298649787903 0.7414076827480935 0.021330058574676514 0.025243552156197037
0 0.5432679653167725 0.7415602927984193 0.021330058574676514 0.025243552156197037
0 0.5712699294090271 0.74155124028567 0.02160622676213575 0.024976907774459486
0 0.11421254277229309 0.8109742427130042 0.021353572607040405 0.024356398471566135
0 0.14098815619945526 0.8110491730446039 0.021353572607040405 0.024356398471566135
0 0.19273710250854492 0.8111939901079896 0.021353572607040405 0.024356398471566135
0 0.2193911373615265 0.8112243829771529 0.021694580713907896 0.024778026018956022
0 0.24629898369312286 0.8113062511146909 0.02169458071390787 0.024778026018956022
0 0.272516131401062 0.8113860177756106 0.02169458071390784 0.024778026018956022
0 0.29968178272247314 0.8114686702945556 0.02169458071390784 0.024778026018956022
0 0.3269544839859009 0.8115516485169877 0.02169458071390784 0.024778026018956022
0 0.35463228821754456 0.8112765976619504 0.02152208487192786 0.02494143700414861
0 0.4083099365234375 0.8117320925690407 0.02152208487192786 0.02494143700414861
0 0.43469735980033875 0.8119560095492587 0.02152208487192786 0.02494143700414861
0 0.4622699022293091 0.8121899831499717 0.02152208487192786 0.02494143700414861
0 0.4896456301212311 0.8124222866324491 0.021522084871927916 0.02494143700414861
0 0.5172710418701172 0.8126567088687995 0.02152208487192797 0.02494143700414861
0 0.5450820326805115 0.8124900640443314 0.022516171137491936 0.02473396478697311
0 0.11654510721564293 0.8804106601448947 0.021140210330486298 0.024362017017926247
0 0.16962559521198273 0.8798695054165152 0.02156825860341388 0.024381474931110817
0 0.19509257376194 0.8803145830021348 0.021615425745646177 0.02430015386537064
0 0.22134268283843994 0.8805694150360212 0.021615425745646177 0.02430015386537064
0 0.24660055339336395 0.8808146145704836 0.02161542574564615 0.02430015386537064
0 0.27187541127204895 0.8810599790152804 0.021615425745646122 0.02430015386537064
0 0.29865771532058716 0.8817047304064101 0.02174144983291626 0.02486129879027363
0 0.3556448519229889 0.8824118680732195 0.02174144983291626 0.02486129879027363
0 0.38285142183303833 0.8827494668984125 0.02174144983291626 0.02486129879027363
0 0.409536749124527 0.8830805977676577 0.02174144983291626 0.02486129879027363
0 0.46403563022613525 0.8837568593579669 0.02174144983291626 0.02486129879027363
0 0.4908944219350815 0.8840901426993444 0.02174144983291626 0.02486129879027363
0 0.5194450616836548 0.8845501520111032 0.022349218527476067 0.02536927452383104
0 0.5485832691192627 0.884987143583076 0.022349218527476067 0.02536927452383104
