0 0.1704750806093216 0.08825133013170819 0.021139144897460938 0.02247985388881476
0 0.19572891294956207 0.08738845449888633 0.021139144897460938 0.02247985388881476
0 0.22130663692951202 0.08634679778701168 0.021087090174357115 0.021748947542767193
0 0.2476116120815277 0.0855366074761679 0.021087090174357087 0.021748947542767193
0 0.2742687165737152 0.08471557162078654 0.02108709017435706 0.021748947542767193
0 0.30069002509117126 0.08390179825521782 0.02108709017435706 0.021748947542767183
0 0.32810598611831665 0.08305738970290782 0.02108709017435706 0.021748947542767193
0 0.35359498858451843 0.0822723312600905 0.02108709017435706 0.021748947542767193
0 0.4083118736743927 0.08142226241355718 0.021012723445892334 0.021370874818905386
0 0.4359971284866333 0.08084122446739317 0.021012723445892334 0.021370874818905386
0 0.4626776874065399 0.08114204573076825 0.02144385377566016 0.023908576299977856
0 0.4895898550748825 0.08171015790312773 0.02188734213511151 0.02436437163242074
0 0.5171319842338562 0.0814361572265625 0.021887342135111565 0.02436437163242074
0 0.5461133718490601 0.08114783820196825 0.021887342135111565 0.02436437163242075
0 0.573917806148529 0.08087122800362104 0.021887342135111565 0.02436437163242075
0 0.6017144918441772 0.08059469489164131 0.021887342135111565 0.02436437163242074
0 0.6292840838432312 0.0803204210032006 0.021887342135111565 0.02436437163242074
0 0.6570174098014832 0.08063566961953807 0.02180194854736328 0.024447847706402914
0 0.6845195293426514 0.08042199667109999 0.021670063336690193 0.024582445159438974
0 0.16795536875724792 0.11974538758743641 0.021040240923563658 0.02272859469864721
0 0.19452683627605438 0.11885962375374727 0.021141111850738525 0.023008383521737966
0 0.2199736088514328 0.11836697462780252 0.021141111850738525 0.023008383521737966
0 0.24557776749134064 0.11787127851006751 0.021141111850738525 0.023008383521737966
0 0.2718692123889923 0.11736227654094608 0.021141111850738525 0.023008383521737966
0 0.32612013816833496 0.11424053546994231 0.021483679612477657 0.02361715301986814
0 0.35292530059814453 0.11443536918357128 0.021166960398356083 0.023590997207996456
0 0.37913838028907776 0.11466981089392374 0.021166960398356083 0.023590997207996456
0 0.40781673789024353 0.11492630129052689 0.021166960398356083 0.023590997207996456
0 0.46197813749313354 0.11541070416526338 0.021166960398356083 0.023590997207996456
0 0.517013430595398 0.11590292287427326 0.021166960398356194 0.023590997207996456
0 0.544890820980072 0.11615224966681367 0.021166960398356194 0.023590997207996456
0 0.5727071166038513 0.11543177090237877 0.020996292432149177 0.023609686267468344
0 0.5996869206428528 0.11583041035851767 0.021265943845113044 0.023661450822223973
0 0.6280276775360107 0.11592931619873167 0.021265943845113044 0.023661450822223973
0 0.6567050814628601 0.11602939689669024 0.021265943845113044 0.023661450822223973
0 0.7120287418365479 0.11622246983167225 0.021265943845113044 0.023661450822223973
0 0.7398291826248169 0.11631949003352675 0.021265943845113044 0.023661450822223973
0 0.7677515745162964 0.11744902146600834 0.02126200993855787 0.02396412782890852
0 0.7953506708145142 0.11856547477337832 0.02126200993855787 0.02396412782890852
0 0.8219589591026306 0.11964184738868891 0.02126200993855787 0.02396412782890852
0 0.847658097743988 0.12068144259944065 0.02126200993855787 0.02396412782890852
0 0.16563484072685242 0.15070978766891943 0.020927876234054565 0.023067466972410203
0 0.1917429268360138 0.15036284646322562 0.020927876234054565 0.023067466972410203
0 0.21730807423591614 0.15002312017974478 0.020927876234054565 0.023067466972410203
0 0.24444258213043213 0.14973225704459256 0.021299699942270905 0.02335654118264367
0 0.270535409450531 0.14948134078201913 0.021299699942270878 0.02335654118264367
0 0.29726728796958923 0.1492242792161227 0.021299699942270878 0.02335654118264367
0 0.32382750511169434 0.14896886839625714 0.021299699942270878 0.02335654118264367
0 0.3509748876094818 0.14870781122252 0.021299699942270878 0.02335654118264367
0 0.4063451886177063 0.14903498197870976 0.02129771312077844 0.023874408514924738
0 0.4612142741680145 0.1488407483243805 0.02115398645401001 0.02372625631879465
0 0.4880712926387787 0.14912074111228765 0.02115398645401001 0.02372625631879465
0 0.5163465738296509 0.1494155197310725 0.02115398645401001 0.02372625631879465
0 0.5434563159942627 0.14969814724225278 0.02115398645401001 0.02372625631879465
0 0.5719108581542969 0.14999479471251023 0.02115398645401001 0.02372625631879465
0 0.5992266535758972 0.15027957039311382 0.02115398645401001 0.02372625631879465
0 0.6272573471069336 0.14975271336184798 0.0212747255961101 0.023594087408494592
0 0.6557911038398743 0.14977366425270258 0.0212747255961101 0.023594087408494592
0 0.7112209796905518 0.15009214960452272 0.02158101399739576 0.023445646892222338
0 0.7386543154716492 0.1507663505021916 0.02158101399739576 0.023445646892222338
0 0.7664151787757874 0.15144860070716332 0.02158101399739576 0.023445646892222338
0 0.794191300868988 0.15213122591171097 0.02158101399739576 0.023445646892222338
0 0.8211563229560852 0.15279391754505245 0.02158101399739576 0.023445646892222338
0 0.16288161277770996 0.18289600416671398 0.02077620724836987 0.023006354191506564
0 0.1895175576210022 0.18273794145512615 0.02077620724836987 0.023006354191506543
0 0.2159738540649414 0.18239873150607214 0.021033599972724915 0.023162534994672444
0 0.24255044013261795 0.1818747998042437 0.02095802625020346 0.022916638573934844
0 0.29579779505729675 0.1821072545162467 0.020958026250203488 0.022916638573934865
0 0.32298606634140015 0.18222594664245928 0.020958026250203488 0.022916638573934844
0 0.3495723009109497 0.18234201053913265 0.020958026250203488 0.022916638573934885
0 0.37731030583381653 0.18246310256248296 0.020958026250203488 0.022916638573934865
0 0.4048864245414734 0.18258348786127226 0.020958026250203488 0.022916638573934844
0 0.4600749909877777 0.18300729019697323 0.02100970347722375 0.023636385451915654
0 0.4876425564289093 0.183041512013052 0.02100970347722375 0.023636385451915633
0 0.5154523253440857 0.18307603449560642 0.02100970347722364 0.023636385451915654
0 0.5430490970611572 0.1831102925677632 0.02100970347722364 0.023636385451915654
0 0.5701856017112732 0.18314397927372716 0.02100970347722364 0.023636385451915654
0 0.597510814666748 0.18313320292982943 0.02128612995147705 0.023987807044687205
0 0.6262019276618958 0.1831602391004853 0.02128612995147705 0.023987807044687205
0 0.6541944146156311 0.18394551894539132 0.021327177683512444 0.024507407994233354
0 0.6819961071014404 0.18434393683145212 0.021327177683512444 0.024507407994233354
0 0.10779745876789093 0.21576533725099006 0.021166406571865082 0.02318572998046875
0 0.1340411715209484 0.21574807721515035 0.021166406571865082 0.02318572998046875
0 0.16034752130508423 0.21579082475564093 0.02085809906323749 0.023110973742581125
0 0.18701022863388062 0.2157459480817928 0.02085809906323749 0.023110973742581125
0 0.21396265923976898 0.21570058376740417 0.02085809906323749 0.023110973742581125
0 0.26732152700424194 0.21561077411394158 0.020858099063237545 0.023110973742581125
0 0.2944946885108948 0.21556503828181778 0.020858099063237545 0.023110973742581125
0 0.3212243914604187 0.21552004884595397 0.020858099063237545 0.023110973742581125
0 0.3475901782512665 0.21568708227527048 0.02110522985458374 0.02328763266866524
0 0.4031963348388672 0.21583412968835167 0.02110522985458374 0.02328763266866524
0 0.43062111735343933 0.21590201985883228 0.020881613095601437 0.023242078086202485
0 0.4580642282962799 0.21658735460066691 0.02116173505783081 0.023543838382691404
0 0.48604416847229004 0.2169285288673704 0.02116173505783081 0.023543838382691404
0 0.5133621692657471 0.21726163175572127 0.02116173505783081 0.023543838382691404
0 0.5693464875221252 0.21794427827347157 0.02132272720336914 0.024175111637559046
0 0.5965469479560852 0.21837323649899312 0.02132272720336914 0.024175111637559046
0 0.6249418258666992 0.21813228518463845 0.02112046877543139 0.024209488269894622
0 0.6523036360740662 0.2193139763765557 0.021052757898966545 0.024031883062318314
0 0.6811005473136902 0.21958256710214138 0.021052757898966545 0.024031883062318314
0 0.7083236575126648 0.2198364788796997 0.021052757898966545 0.024031883062318314
0 0.7362209558486938 0.22009667885530138 0.021052757898966545 0.024031883062318314
0 0.7634353637695312 0.22035050946612691 0.021052757898966545 0.024031883062318314
0 0.106596440076828 0.2492695076521053 0.02067964772383371 0.023355454437492457
0 0.13279767334461212 0.24902503261046624 0.0207855502764384 0.023189219393471388
0 0.15887880325317383 0.24903255285218703 0.020785550276438414 0.023189219393471388
0 0.1856440156698227 0.249040270342487 0.020785550276438414 0.023189219393471388
0 0.2116723656654358 0.24904777536563005 0.020785550276438414 0.023189219393471388
0 0.23841169476509094 0.24905548539272573 0.020785550276438414 0.023189219393471388
0 0.2654394507408142 0.24906327858492336 0.020785550276438358 0.023189219393471388
0 0.29327356815338135 0.24959652922874273 0.020696143309275272 0.02317212718401771
0 0.3203481137752533 0.24968020247076195 0.020696143309275272 0.02317212718401771
0 0.3468724489212036 0.24936309646933916 0.02085510889689124 0.02335032381752662
0 0.3745978772640228 0.24965574575024982 0.02085510889689124 0.02335032381752662
0 0.4023834466934204 0.24994902983634804 0.02085510889689124 0.02335032381752662
0 0.4296720325946808 0.25023706812893376 0.02085510889689124 0.02335032381752662
0 0.4568568170070648 0.25052401076915654 0.02085510889689124 0.02335032381752662
0 0.4848957657814026 0.25081996934172895 0.02085510889689124 0.02335032381752662
0 0.5398359298706055 0.25146428562404527 0.020751317342122322 0.02360661824544268
0 0.567689061164856 0.25193005950187863 0.021545211474100823 0.02423178502755569
0 0.595696747303009 0.2523918373640193 0.021545211474100823 0.02423178502755569
0 0.6234234571456909 0.2528618780950225 0.021781285603841072 0.024175422136173692
0 0.6788504123687744 0.25377105003179506 0.021781285603841072 0.024175422136173692
0 0.7066325545310974 0.2542267623092555 0.021781285603841072 0.024175422136173692
0 0.7349519729614258 0.2543349598729333 0.021492401758829827 0.02444527500359584
0 0.7622745633125305 0.2551437424697694 0.021492401758829827 0.02444527500359584
0 0.7906360030174255 0.2559832762972642 0.021492401758829827 0.02444527500359584
0 0.8172325491905212 0.2567705670850089 0.021492401758829827 0.02444527500359584
0 0.8445150256156921 0.25757816225983377 0.021492401758829827 0.02444527500359584
0 0.8705832362174988 0.258351170531335 0.021588563919067383 0.024048487345377633
0 0.10497401654720306 0.28203633774158565 0.020744880040486663 0.023183541704517897
0 0.13090520724654198 0.2821196135374379 0.02074488004048665 0.023183541704517897
0 0.15698932111263275 0.28220338043293014 0.020744880040486635 0.023183541704517897
0 0.18362155556678772 0.28228890757070063 0.020744880040486635 0.023183541704517897
0 0.21078987419605255 0.28237615629684093 0.020744880040486635 0.023183541704517897
0 0.23778441548347473 0.2823962278144304 0.02024349570274353 0.02311434487039726
0 0.2646197974681854 0.28260166479827287 0.02024349570274353 0.02311434487039726
0 0.2915061414241791 0.28280749191905 0.02024349570274353 0.02311434487039726
0 0.3181118071079254 0.28301117032073264 0.02024349570274353 0.02311434487039726
0 0.3457203507423401 0.2832225262066212 0.02024349570274353 0.02311434487039726
0 0.3731825351715088 0.2835728623146235 0.020500361919403076 0.023292467575664697
0 0.4012863039970398 0.28383460131378857 0.020384351412455204 0.023190964099972747
0 0.428068608045578 0.28478369601937226 0.02051399151484168 0.02384904373523801
0 0.4557526707649231 0.28515694032226424 0.02051399151484168 0.02384904373523801
0 0.5113323926925659 0.285906281731295 0.02051399151484179 0.02384904373523801
0 0.5386791825294495 0.28627497882653274 0.02051399151484179 0.02384904373523801
0 0.5662937760353088 0.2866472865259925 0.02051399151484179 0.02384904373523801
0 0.5941863656044006 0.2870498803407505 0.02060532569885254 0.02400342068930932
0 0.6211007833480835 0.28706290152650854 0.0207139253616333 0.023974588675092386
0 0.10213253647089005 0.31464297272438224 0.020721512536207826 0.02281679848367851
0 0.12875637784600258 0.31529905504675515 0.020978520313898727 0.022846354994662973
0 0.15488256514072418 0.31551394351693085 0.02097852031389874 0.022846354994662973
0 0.2087300419807434 0.31591941035071086 0.020873188972473145 0.022982870885568045
0 0.23581340909004211 0.31594626848087753 0.020736058553059877 0.0231859813364901
0 0.2630026638507843 0.31638107588551345 0.020736058553059933 0.0231859813364901
0 0.28982672095298767 0.3168100430916045 0.020736058553059933 0.0231859813364901
0 0.3441517651081085 0.31767880288894634 0.020736058553059933 0.0231859813364901
0 0.39995360374450684 0.3185711794121321 0.020736058553059933 0.0231859813364901
0 0.42667558789253235 0.3189941908223274 0.020924627780914307 0.0231091846791349
0 0.45445510745048523 0.3192199974411588 0.0207425753275553 0.023796894753626178
0 0.4820064902305603 0.3197511850401413 0.0207425753275553 0.023796894753626178
0 0.5101668834686279 0.3204923452332962 0.020712176958719908 0.023729043413502272
0 0.5372574925422668 0.3210926029262794 0.020712176958719963 0.023729043413502272
0 0.5654568076133728 0.32147995261258855 0.021159092585245842 0.023767545241718115
0 0.15318745374679565 0.3485565850901049 0.020718316237131773 0.023853686428809324
0 0.179891437292099 0.34895131826641945 0.020718316237131773 0.023853686428809324
0 0.20653390884399414 0.3495440329445546 0.020900686581929506 0.023607209671375362
0 0.23442181944847107 0.3498322464698969 0.020900686581929506 0.023607209671375362
0 0.2617466449737549 0.3501146406730947 0.020900686581929562 0.023607209671375362
0 0.2890433073043823 0.35041667139807414 0.02078823248545325 0.023668067399845567
0 0.34406185150146484 0.3516269647608353 0.02078823248545325 0.023668067399845567
0 0.3713672161102295 0.35222762590220213 0.02078823248545325 0.023668067399845567
0 0.39857009053230286 0.35282603247295996 0.02078823248545325 0.023668067399845567
0 0.4256705939769745 0.35342218709546463 0.02078823248545325 0.023668067399845567
0 0.4538152515888214 0.353668356105918 0.0211734573046366 0.023857870767282886
0 0.4809330999851227 0.35420799255371094 0.0211734573046366 0.023857870767282886
0 0.5085853189229965 0.355033231336017 0.021122624476750673 0.02397733880567923
0 0.5359935164451599 0.35544297459623525 0.021122624476750618 0.02397733880567923
0 0.5639777779579163 0.3558613298177986 0.021122624476750618 0.02397733880567923
0 0.619426429271698 0.35669026835509715 0.021122624476750618 0.02397733880567923
0 0.6466171741485596 0.35709676077199537 0.021122624476750618 0.02397733880567923
0 0.67476487159729 0.3577002813649732 0.021381378173828125 0.024769021559131264
0 0.7023495435714722 0.35805382089061094 0.021381378173828125 0.024769021559131264
0 0.7306280652088905 0.3584069127566808 0.021381378173828125 0.024769021559131264
0 0.7593410967001275 0.35929857953658556 0.021381378173828125 0.024769021559131264
0 0.7856799559806711 0.35961747128116883 0.021381378173828125 0.024769021559131264
0 0.15205949544906616 0.3820230481870099 0.02075935403505963 0.023449291554532296
0 0.1789129078388214 0.3824308266605033 0.02063041925430298 0.02337781773057095
0 0.20615456998348236 0.38303619207337847 0.02063041925430298 0.02337781773057095
0 0.2337590903043747 0.3836496209365858 0.02063041925430298 0.02337781773057095
0 0.2611292004585266 0.3842578407267704 0.02063041925430298 0.02337781773057095
0 0.28834909200668335 0.38486272235249364 0.02063041925430298 0.02337781773057095
0 0.3156348466873169 0.38526619573127224 0.020866533120473263 0.02359931413517442
0 0.3432042896747589 0.38587299613065495 0.020866533120473263 0.02359931413517442
0 0.3981919586658478 0.3870832686602857 0.020866533120473263 0.02359931413517442
0 0.42539864778518677 0.38793311008187226 0.020877381165822384 0.023671261099881904
0 0.4803406894207001 0.38874984513891814 0.020877381165822384 0.023671261099881904
0 0.5078832507133484 0.38915927614473655 0.02087738116582233 0.023671261099881904
0 0.5347527861595154 0.38955870235665285 0.020877381165822273 0.023671261099881904
0 0.5624315738677979 0.389970158421716 0.0209200382232666 0.023824469987736192
0 0.5903387069702148 0.39046330123788475 0.0209200382232666 0.023824469987736192
0 0.6174790263175964 0.39094289380174885 0.0209200382232666 0.023824469987736192
0 0.6454997062683105 0.3914380430874582 0.0209200382232666 0.023824469987736192
0 0.6730223894119263 0.39192439234533977 0.0209200382232666 0.023824469987736192
0 0.7003235220909119 0.39242793238440227 0.021018822987874275 0.02386223253353616
0 0.7278632521629333 0.3929200171069577 0.021018822987874275 0.02386223253353616
0 0.15078213810920715 0.41612549715263897 0.020661592483520508 0.02342584890912664
0 0.17741769552230835 0.4165219291392104 0.020661592483520508 0.02342584890912664
0 0.20520535111427307 0.41693550845116667 0.020661592483520508 0.02342584890912664
0 0.2326100766658783 0.4170628359626047 0.02101306120554608 0.023598929708318138
0 0.26005351543426514 0.4177518445391988 0.021013061205546052 0.023598929708318138
0 0.2873370051383972 0.41843683735530385 0.021013061205546024 0.023598929708318138
0 0.31464555859565735 0.4191224594344183 0.021013061205546024 0.023598929708318138
0 0.3423806130886078 0.4198187894599382 0.021013061205546024 0.023598929708318138
0 0.36998435854911804 0.4205118227758039 0.021013061205546024 0.023598929708318138
0 0.4248325526714325 0.421045354710081 0.02044808864593506 0.023321905801462574
0 0.4519186019897461 0.42166763128236284 0.02044808864593506 0.023321905801462574
0 0.4793132245540619 0.42229699703548323 0.02044808864593506 0.023321905801462574
0 0.50655597448349 0.4229228736572965 0.02044808864593506 0.023321905801462574
0 0.5334981679916382 0.4235418452772983 0.02044808864593506 0.023321905801462574
0 0.5887961983680725 0.42481226564728997 0.02044808864593506 0.023321905801462574
0 0.6165434718132019 0.4248885359853418 0.020779450734456306 0.023546558941981644
0 0.6437414288520813 0.42542086057630635 0.020779450734456306 0.023546558941981644
0 0.6711135506629944 0.4259565939597365 0.020779450734456306 0.023546558941981644
0 0.6983274817466736 0.42648923119833304 0.020779450734456306 0.023546558941981644
0 0.7256994247436523 0.42671886710233464 0.020787159601847405 0.023674839226774522
0 0.7543250918388367 0.4271885734849245 0.02069556713104248 0.023630009141079215
0 0.7815268039703369 0.4277600133141806 0.02100670337677002 0.02367634736290279
0 0.14982664585113525 0.44971260993791556 0.02045273780822754 0.023478988529175696
0 0.17683139443397522 0.4502810712736292 0.020500093698501587 0.023375636847444228
0 0.2043190449476242 0.4508744616841161 0.020643105109532656 0.02345426692519077
0 0.23175039887428284 0.4514681279763195 0.020643105109532656 0.02345426692519077
0 0.2590022683143616 0.4520579098853481 0.020643105109532683 0.02345426692519077
0 0.3142707049846649 0.45325402320741254 0.02064310510953271 0.02345426692519077
0 0.34195294976234436 0.4538531192513399 0.02064310510953271 0.02345426692519077
0 0.3690064251422882 0.454201084593057 0.02053999900817871 0.02333929372388263
0 0.39654049277305603 0.4545552313752151 0.02053999900817871 0.02333929372388263
0 0.42362380027770996 0.4549035804216252 0.02053999900817871 0.02333929372388263
0 0.45043766498565674 0.4552484638595133 0.02053999900817871 0.02333929372388263
0 0.5066239237785339 0.4567990857501363 0.02059410015741986 0.023415114528448952
0 0.5326286554336548 0.4572651998561476 0.020639419555664062 0.02328097912692279
0 0.5874658226966858 0.45827240167662153 0.020633061726887947 0.023161126661670247
0 0.6146419048309326 0.45945145096429946 0.020718495051066155 0.022939785506374096
0 0.6420589089393616 0.4597112966138263 0.020718495051066155 0.022939785506374096
0 0.6697635054588318 0.4599738679308458 0.020718495051066155 0.022939785506374096
0 0.697150707244873 0.4602334311277827 0.020718495051066155 0.022939785506374096
0 0.7241218686103821 0.4604890512865643 0.020718495051066155 0.022939785506374096
0 0.09425149857997894 0.48258156000181684 0.020829863846302032 0.023262822350790333
0 0.12133379653096199 0.4831350639398992 0.020829863846302032 0.023262822350790333
0 0.1483840048313141 0.48368791203452133 0.020829863846302032 0.023262822350790333
0 0.17635300755500793 0.4842595383115757 0.020829863846302032 0.023262822350790333
0 0.203521266579628 0.4848147991091706 0.020829863846302032 0.023262822350790333
0 0.23043811321258545 0.48546445092489554 0.020695736010869326 0.02316396550614699
0 0.25860778242349625 0.48628373549454806 0.020601411660512298 0.023251200831213664
0 0.28599831461906433 0.48664580943972563 0.020601411660512325 0.023251200831213664
0 0.3411668539047241 0.4873750793394933 0.020601411660512325 0.023251200831213664
0 0.36888113617897034 0.48774143291923233 0.020601411660512325 0.023251200831213664
0 0.3957687020301819 0.4880968581798465 0.020601411660512325 0.023251200831213664
0 0.4224132299423218 0.48844907073525295 0.020601411660512325 0.023251200831213664
0 0.4503994882106781 0.4896093760475331 0.0206624070803324 0.02332335479499763
0 0.4772440493106842 0.49001356612804325 0.0206624070803324 0.02332335479499763
0 0.5047731399536133 0.490428062953746 0.020662407080332457 0.02332335479499763
0 0.5317643284797668 0.4908344607571151 0.020662407080332512 0.02332335479499763
0 0.5587627291679382 0.49124096715173055 0.020662407080332512 0.02332335479499763
0 0.5854508280754089 0.4916428014304094 0.020662407080332512 0.02332335479499763
0 0.09348751604557037 0.5163264607274255 0.020626269280910492 0.02327358630276471
0 0.12058676406741142 0.5169585028360056 0.020923040807247162 0.023358455924100654
0 0.14766986668109894 0.5174177725272532 0.020923040807247162 0.023358455924100654
0 0.1752636730670929 0.5178857026281729 0.020923040807247162 0.023358455924100654
0 0.2303597331047058 0.5188200102975478 0.020923040807247162 0.023358455924100654
0 0.25771358609199524 0.5192838713180187 0.020923040807247162 0.023358455924100654
0 0.28552934527397156 0.519467920424739 0.020545681317647335 0.023021609284156978
0 0.3127896189689636 0.5199773921522983 0.020545681317647335 0.023021609284156978
0 0.3405437469482422 0.5204960936036012 0.020545681317647335 0.023021609284156978
0 0.36784154176712036 0.5210181835085846 0.02060355742772424 0.023060672967008897
0 0.42215609550476074 0.5220217971638161 0.02060355742772424 0.023060672967008897
0 0.47661715745925903 0.5230281179691009 0.02060355742772424 0.023060672967008897
0 0.5034982711076736 0.5235248219069754 0.020603557427724184 0.023060672967008897
0 0.5306470394134521 0.5240264715150346 0.02060355742772413 0.023060672967008897
0 0.5580745339393616 0.5248601609171157 0.020283371210098267 0.022903649381888984
0 0.5848276019096375 0.5256031834801962 0.020283371210098267 0.022903649381888984
0 0.6118776798248291 0.5263544550071256 0.020283371210098267 0.022903649381888984
0 0.6666085124015808 0.5263462202959083 0.021169106165568108 0.023423098778539795
0 0.6936569213867188 0.5268644086768314 0.021169106165568108 0.023423098778539795
0 0.7211962938308716 0.5273920028442487 0.021169106165568108 0.023423098778539795
0 0.7494300007820129 0.5279328989428144 0.021169106165568108 0.023423098778539795
0 0.7762951254844666 0.529071852218273 0.021276354789733887 0.023632345273513256
0 0.8038852214813232 0.5283637379491052 0.022074341773986816 0.023887811705123548
0 0.09294938296079636 0.5504371288210846 0.0207828183968862 0.023061234821644808
0 0.11995942890644073 0.5508256222174192 0.020782818396886185 0.023061234821644808
0 0.1469673365354538 0.5512140848577196 0.02078281839688617 0.023061234821644808
0 0.17466944456100464 0.551598304925963 0.020848214626312256 0.02305665127066679
0 0.20168845355510712 0.552012359472332 0.020848214626312256 0.02305665127066679
0 0.2292817384004593 0.5524352145460308 0.020848214626312256 0.02305665127066679
0 0.25694137811660767 0.5528590864792279 0.020848214626312256 0.02305665127066679
0 0.28456780314445496 0.5532824494117914 0.020848214626312256 0.02305665127066679
0 0.33907678723335266 0.5542327313969395 0.020496944586435917 0.02323212734488554
0 0.3936733901500702 0.555039782856786 0.020496944586435917 0.02323212734488554
0 0.42124930024147034 0.5553218486697175 0.020859181880950928 0.02346831329109138
0 0.4482698440551758 0.5558980520025467 0.020859181880950928 0.02346831329109138
0 0.47519445419311523 0.5564722095844061 0.020859181880950928 0.02346831329109138
0 0.5024089366197586 0.5573032292673495 0.020717819531758608 0.0230859564256299
0 0.5293031930923462 0.5576260588889899 0.020717819531758552 0.0230859564256299
0 0.5565358400344849 0.5579529504361704 0.020717819531758552 0.0230859564256299
0 0.583465039730072 0.5582761995045231 0.020717819531758552 0.0230859564256299
0 0.6382290720939636 0.5589335685552552 0.020717819531758552 0.0230859564256299
0 0.66553795337677 0.5592613751938562 0.020717819531758552 0.0230859564256299
0 0.6929466128349304 0.5604151996256924 0.021235744158426995 0.023248154987660433
0 0.7204224467277527 0.56115918498451 0.021235744158426995 0.023248154987660433
0 0.748466968536377 0.5619185691656068 0.021235744158426995 0.023248154987660433
0 0.7767009139060974 0.5616624371189747 0.021482666333516365 0.02330265488735465
0 0.8044564723968506 0.5620503536490506 0.021482666333516365 0.02330265488735465
0 0.09206005185842514 0.5830642788909203 0.021097456415494292 0.0231883913971657
0 0.11915526166558266 0.5839451880993719 0.02109745641549428 0.0231883913971657
0 0.14642246067523956 0.5847262892612192 0.020846625169118227 0.023456573486328125
0 0.1735576093196869 0.5852560617045302 0.020846625169118227 0.023456573486328125
0 0.2288438230752945 0.5863354408126566 0.020846625169118227 0.023456573486328125
0 0.2561759725213051 0.5868690593965341 0.020846625169118255 0.023456573486328125
0 0.2828957438468933 0.5872344820845352 0.02054727077484131 0.02335759835649836
0 0.31076815724372864 0.5875085786331532 0.02054727077484131 0.02335759835649836
0 0.3383006453514099 0.5877793323658039 0.02054727077484131 0.02335759835649836
0 0.3927135765552521 0.5879308664949413 0.020474990208943722 0.02347721425137773
0 0.4198746383190155 0.5885815287745276 0.020474990208943722 0.02347721425137773
0 0.4466935992240906 0.5892239957881668 0.020474990208943722 0.02347721425137773
0 0.473896324634552 0.5898756561496239 0.020474990208943722 0.02347721425137773
0 0.5013312697410583 0.5905328794967296 0.020474990208943666 0.02347721425137773
0 0.5282776951789856 0.59117840001263 0.02047499020894361 0.02347721425137773
0 0.5560283064842224 0.5919876098632812 0.02063918113708496 0.023810394050539058
0 0.5828497409820557 0.5923210410184638 0.02074136336644483 0.023604489112085205
0 0.6107853055000305 0.5914335029069767 0.020745595296223884 0.023533163144607006
0 0.14535947144031525 0.6184782870980197 0.02086328466733295 0.023395893185637718
0 0.17281675338745117 0.6189575110588569 0.02086328466733295 0.023395893185637718
0 0.20036762952804565 0.6194383685601221 0.02086328466733295 0.023395893185637718
0 0.2272702306509018 0.61990791143373 0.02086328466733295 0.023395893185637718
0 0.2545660436153412 0.6203843172057317 0.020863284667332976 0.023395893185637718
0 0.2820855379104614 0.6207190384279333 0.020644744237264034 0.023414375246033244
0 0.30982473492622375 0.621094592781954 0.020617544651031494 0.023329742195070308
0 0.33672183752059937 0.6215233237784666 0.020617544651031494 0.023329742195070308
0 0.36348864436149597 0.6219499779033895 0.020617544651031494 0.023329742195070308
0 0.3907700777053833 0.6223848350060376 0.020617544651031494 0.023329742195070308
0 0.44609296321868896 0.6232666636622229 0.020617544651031494 0.023329742195070308
0 0.4730152189731598 0.623890529529405 0.02106753985087073 0.0238742680512658
0 0.5005761981010437 0.6245907628258993 0.021067539850870787 0.0238742680512658
0 0.5273144245147705 0.625270092697934 0.021067539850870842 0.0238742680512658
0 0.582609236240387 0.6266749509257207 0.021067539850870842 0.0238742680512658
0 0.6105926036834717 0.6273859157118686 0.021067539850870842 0.0238742680512658
0 0.6378090381622314 0.627466689708621 0.021394411722819084 0.023828521255374824
0 0.6652490496635437 0.628154232919997 0.021394411722819084 0.023828521255374824
0 0.6929778456687927 0.6288490119820294 0.021394411722819084 0.023828521255374824
0 0.721504271030426 0.6295637766278559 0.021394411722819084 0.023828521255374824
0 0.7489376068115234 0.6302511525708575 0.021394411722819084 0.023828521255374824
0 0.776517927646637 0.6309720416401707 0.021463235219319587 0.0236606450043908
0 0.1435200273990631 0.6517782262367695 0.020892237623532595 0.023421531499818314
0 0.1706947237253189 0.6525092901185502 0.020892237623532595 0.023421531499818314
0 0.19825588166713715 0.6532507507357881 0.020892237623532595 0.023421531499818314
0 0.22578291594982147 0.6539912933455381 0.020892237623532595 0.023421531499818314
0 0.25330347567796707 0.6547316617743913 0.020892237623532622 0.023421531499818314
0 0.2805783748626709 0.6554654213510855 0.02089223762353265 0.023421531499818314
0 0.3084167242050171 0.6553723790276296 0.0208531220753988 0.02337489756502852
0 0.33560800552368164 0.6558242827915963 0.021243294080098507 0.023650383764459125
0 0.36226826906204224 0.6564488521842069 0.021243294080098507 0.023650383764459125
0 0.38976022601127625 0.6567538984326187 0.021022498607635498 0.02399036496184593
0 0.41725191473960876 0.6573960503866506 0.021022498607635498 0.02399036496184593
0 0.44446322321891785 0.6580316532077224 0.021022498607635498 0.02399036496184593
0 0.47180798649787903 0.6586703732712894 0.021022498607635498 0.02399036496184593
0 0.49906468391418457 0.6593070362889489 0.021022498607635498 0.02399036496184593
0 0.5268508195877075 0.6599560659463872 0.021022498607635498 0.02399036496184593
0 0.5544490814208984 0.6594390820256308 0.021343866984049553 0.024321681769319228
0 0.581855297088623 0.6604597845742869 0.021343866984049553 0.024321681769319228
0 0.6099015474319458 0.6615043242346599 0.021343866984049553 0.024321681769319228
0 0.6376323103904724 0.6625371140503397 0.021343866984049553 0.024321681769319228
0 0.6653324365615845 0.6635687628457713 0.021343866984049553 0.024321681769319228
0 0.6932390928268433 0.6646081035383997 0.021343866984049553 0.024321681769319228
0 0.7213408946990967 0.6643251294771741 0.021349827448527092 0.023701098538184407
0 0.7493420243263245 0.6648698623558921 0.021349827448527092 0.023701098538184407
0 0.7776085138320923 0.6654197575352906 0.021349827448527092 0.023701098538184407
0 0.8051394820213318 0.6659553439118141 0.021349827448527092 0.023701098538184407
0 0.8335476517677307 0.6662127024537452 0.022207299868265862 0.024217649947765263
0 0.8616005778312683 0.6666631476823673 0.022207299868265862 0.024217649947765263
0 0.14125004410743713 0.6862674092137536 0.02140944699446362 0.024030788924342846
0 0.16843648254871368 0.6867265035939771 0.021342232823371887 0.024262894031613372
0 0.19633984565734863 0.6873958531765318 0.021342232823371887 0.024262894031613372
0 0.22361232340335846 0.6880500689971645 0.021342232823371887 0.024262894031613372
0 0.2513903006911278 0.6888380377648394 0.021611730257670075 0.024261652037154798
0 0.2786828875541687 0.6893711090087891 0.021611730257670048 0.024261652037154798
0 0.3065494894981384 0.6894393326074276 0.021454115708669064 0.023967683777328663
0 0.3335520029067993 0.690203866293264 0.021454115708669064 0.023967683777328663
0 0.36090973019599915 0.6909784573012925 0.021454115708669064 0.023967683777328663
0 0.41244643926620483 0.6924376381392023 0.021454115708669064 0.023967683777328663
0 0.4429990351200104 0.693302686824355 0.021454115708669064 0.023967683777328663
0 0.4988294839859009 0.6948834381495131 0.021454115708669008 0.023967683777328663
0 0.5259937644004822 0.6947245220410497 0.02150770028432203 0.0244643041329791
0 0.5535739064216614 0.6954280475488134 0.02150770028432203 0.0244643041329791
0 0.581834077835083 0.6961489195235786 0.02150770028432203 0.0244643041329791
0 0.6101356744766235 0.6968708481899527 0.02150770028432203 0.0244643041329791
0 0.6369023323059082 0.6976820036422374 0.02109571297963453 0.024515610332636814
0 0.6932401657104492 0.6989434550267679 0.0215188662211101 0.024451440618943852
0 0.7216030955314636 0.6995933887570404 0.0215188662211101 0.024451440618943852
0 0.7500355243682861 0.7000799844431322 0.021787603696187263 0.024469094683033606
0 0.7765510678291321 0.7006420101668416 0.02167034149169922 0.024516083473382994
0 0.13950112462043762 0.7209078323009402 0.021569152673085512 0.024376625238462936
0 0.1665755659341812 0.7215492668628124 0.021569152673085512 0.024376625238462936
0 0.19433745741844177 0.722206988161457 0.021569152673085512 0.024376625238462936
0 0.24945975095033646 0.7236372006828328 0.02121625343958536 0.0241807153982709
0 0.2767685651779175 0.7241599060768305 0.02113431692123413 0.024208896843962022
0 0.3042798936367035 0.7247317967739698 0.02113431692123413 0.024208896843962022
0 0.3311727046966553 0.7250964147710207 0.021241048971811893 0.024204165436500728
0 0.3869394063949585 0.7262686352397121 0.021241048971811893 0.024204165436500728
0 0.41429615020751953 0.7268436761526087 0.021241048971811893 0.024204165436500728
0 0.44146278500556946 0.7274147209590243 0.021241048971811893 0.024204165436500728
0 0.4694594740867615 0.7280032135719476 0.021241048971811893 0.024204165436500728
0 0.52517169713974 0.7291742888952168 0.021241048971812004 0.024204165436500728
0 0.5528380274772644 0.7304276311120321 0.021660884221394783 0.025025301201398984
0 0.5808569192886353 0.7311800051473405 0.021660884221394783 0.025025301201398984
0 0.6090496778488159 0.7319370479193101 0.021660884221394783 0.025025301201399064
0 0.6363096833229065 0.7326690440474632 0.021660884221394783 0.025025301201398984
0 0.6649792790412903 0.7334388910337936 0.021660884221394783 0.025025301201398984
0 0.08175883442163467 0.7546918602895091 0.02170934776465097 0.024612737256427143
0 0.10895506292581558 0.7553545707880065 0.02170934776465097 0.024612737256427143
0 0.13687323033809662 0.7563742240086432 0.021264493465423584 0.02440885795179261
0 0.16448871791362762 0.7567869674327762 0.021264493465423584 0.024408857951792526
0 0.1920970231294632 0.7571996035087509 0.021264493465423584 0.024408857951792526
0 0.2193603813648224 0.7575836181640625 0.02114503582318622 0.024305180985798317
0 0.27534186840057373 0.7588572661008168 0.021145035823186276 0.024305180985798317
0 0.3025423288345337 0.7594761101534651 0.021145035823186276 0.024305180985798317
0 0.3299191892147064 0.7600989675226475 0.021145035823186276 0.024305180985798317
0 0.3577699363231659 0.760732606399891 0.021145035823186276 0.024305180985798317
0 0.3856040835380554 0.7616537227187046 0.021611203749974606 0.024634013804354298
0 0.41288843750953674 0.7622601279671485 0.021611203749974606 0.024634013804354298
0 0.44054216146469116 0.7628747426053752 0.021611203749974606 0.024634013804354298
0 0.46854326128959656 0.7634970778057533 0.021611203749974606 0.024634013804354298
0 0.4964895397424698 0.7641181945800781 0.02161120374997455 0.024634013804354298
0 0.5516268014907837 0.765745836580863 0.021816372871398926 0.024776784024497445
0 0.5804895162582397 0.7665046869322311 0.02189580599466967 0.025125488754390635
0 0.6084021329879761 0.7672419711291947 0.02189580599466967 0.025125488754390635
0 0.636211633682251 0.7679765316179463 0.02189580599466967 0.025125488754390635
0 0.6648280024528503 0.7687324047298559 0.02189580599466967 0.025125488754390635
0 0.692441463470459 0.7694617870242096 0.02189580599466967 0.025125488754390635
0 0.7200806736946106 0.7701838293740916 0.021896640459696526 0.02518451306246983
0 0.07930800318717957 0.78933281122252 0.021626288692156465 0.0248006776321766
0 0.10602115094661713 0.7901619034894776 0.021626288692156465 0.0248006776321766
0 0.13469670712947845 0.791304211283839 0.021849408745765686 0.024925054505813952
0 0.1621484011411667 0.7919150145648594 0.021849408745765686 0.024925054505813952
0 0.19003735482692719 0.7925355469228349 0.021849408745765686 0.024925054505813952
0 0.21752069890499115 0.7931470544213939 0.021849408745765686 0.024925054505813952
0 0.24513597041368484 0.7937614973201308 0.021849408745765686 0.024925054505813952
0 0.2724512815475464 0.7942597154633938 0.02152477204799652 0.024890692659126804
0 0.32755276560783386 0.7952095945836513 0.02152477204799652 0.024890692659126804
0 0.3558402359485626 0.7956972343977108 0.02152477204799652 0.024890692659126804
0 0.4109838604927063 0.7974309538699538 0.021612564722696903 0.024841545164123173
0 0.43867936730384827 0.798096590263899 0.021545569101969364 0.025079594102016715
0 0.4668290615081787 0.7988629008448401 0.021735012531280518 0.025058716766594102
0 0.49499012529850006 0.7997858695277889 0.021735012531280518 0.025058716766594102
0 0.5229318141937256 0.800701648277875 0.021735012531280518 0.025058716766594102
0 0.5501086115837097 0.8015923579854545 0.021735012531280518 0.025058716766594102
0 0.5789116024971008 0.8025363655977471 0.021735012531280518 0.025058716766594102
0 0.6074886918067932 0.8032777986532155 0.021853327751159668 0.0248401257418848
0 0.635472297668457 0.8040038337707948 0.021853327751159668 0.0248401257418848
0 0.6639565229415894 0.8047428574672965 0.021853327751159668 0.0248401257418848
0 0.07668949663639069 0.8246165430823038 0.021731217702229827 0.025247736494670433
0 0.1042897179722786 0.825392008619229 0.021731217702229827 0.025247736494670433
0 0.13236090168356895 0.8266411687793463 0.021656975150108337 0.024503367815831022
0 0.15971000492572784 0.8272244653036428 0.021656975150108337 0.024503367815831022
0 0.1873752325773239 0.8278145040698196 0.021656975150108337 0.024503367815831022
0 0.21486833691596985 0.8284008718223874 0.021656975150108337 0.024503367815831022
0 0.24278850108385086 0.8289963478265807 0.021656975150108337 0.024503367815831022
0 0.270486980676651 0.8295870957838983 0.021656975150108337 0.024503367815831022
0 0.29901811480522156 0.830424733212175 0.021521280209223392 0.024828001510265263
0 0.35463306307792664 0.8311640717262445 0.021745070815086365 0.02484550771787174
0 0.3821465075016022 0.8325269411682565 0.021534184614817264 0.02529753455820021
0 0.4092918038368225 0.8330441851948582 0.021534184614817264 0.02529753455820021
0 0.4376998841762543 0.833619051201399 0.02200724681218469 0.025340708651283805
0 0.46528512239456177 0.8345168796935937 0.02200724681218469 0.025340708651283805
0 0.5220310688018799 0.8363638141698465 0.022007246812184578 0.025340708651283805
0 0.5500985980033875 0.8372773399919979 0.022007246812184578 0.025340708651283805
0 0.5784267783164978 0.8381993493368459 0.022007246812184578 0.025340708651283805
0 0.6062968373298645 0.8390543926709201 0.02220284938812256 0.025448643883993458
0 0.6354883909225464 0.8399798101180194 0.02220284938812256 0.025448643883993458
0 0.6638259291648865 0.8408781539562137 0.02220284938812256 0.025448643883993458
0 0.6919304132461548 0.841780502594222 0.022246042887369866 0.02510478884674782
0 0.7212530970573425 0.8426230674566224 0.022246042887369866 0.02510478884674782
0 0.07417353987693787 0.8606883719991171 0.02214381347099939 0.02501755352168131
0 0.10183237493038177 0.861350747041924 0.02214381347099939 0.02501755352168131
0 0.1296643652021885 0.8620172688137943 0.022143813470999404 0.02501755352168131
0 0.15784285962581635 0.8627505740437971 0.02214848001797992 0.025380925614704567
0 0.18555252254009247 0.8633556809536246 0.02214848001797992 0.025380925614704567
0 0.2414081022143364 0.8645754214217012 0.02214848001797995 0.025380925614704567
0 0.26896849274635315 0.8651772686112559 0.022148480017979977 0.025380925614704567
0 0.29658403992652893 0.8657803202784339 0.022148480017979977 0.025380925614704567
0 0.32478970289230347 0.8663962585382985 0.022148480017979977 0.025380925614704567
0 0.35249269008636475 0.867565560699826 0.022252102692921993 0.025405292363129734
0 0.3803043067455292 0.8683536301350512 0.022252102692921993 0.025405292363129734
0 0.40828776359558105 0.8691465688306231 0.022252102692921993 0.025405292363129734
0 0.4643758237361908 0.8707358790249774 0.022252102692921993 0.025405292363129734
0 0.49282628297805786 0.8717924605968387 0.022655129432678223 0.025851878084877555
0 0.5500007271766663 0.8736202441256972 0.022655129432678223 0.025851878084877555
0 0.5780541300773621 0.8745170704695128 0.022655129432678223 0.025851878084877555
0 0.6060753464698792 0.8754128678576414 0.022655129432678223 0.025851878084877555
0 0.6353272199630737 0.876348007557004 0.022655129432678223 0.025851878084877555
0 0.6636167764663696 0.8774504550667697 0.022435228029886956 0.025612173154372468
0 0.6918735504150391 0.8784954159758812 0.022562940915425544 0.025770143020984737
