0 0.14410948753356934 0.1524291137854258 0.02316722273826599 0.02239300807317098
0 0.17326968908309937 0.15291541814804077 0.023140251636505127 0.02284518877665202
0 0.20164525508880615 0.15367077787717184 0.023353368043899536 0.023428618907928467
0 0.3728773891925812 0.21767908334732056 0.022293388843536377 0.022107018364800373
0 0.4007517099380493 0.21810003711328066 0.022293388843536377 0.022107018364800373
0 0.42903274297714233 0.21852713298663873 0.022293388843536377 0.022107018364800373
0 0.4859127104282379 0.21938612563169255 0.022293388843536377 0.022107018364800373
0 0.5143336057662964 0.2198153336842855 0.022293388843536377 0.022107018364800373
0 0.5421735644340515 0.2202355654296152 0.022336463133494133 0.022069798575507244
0 0.5698776841163635 0.22087870097787085 0.021888256072998047 0.021653519736395916
0 0.597777783870697 0.2213711142539978 0.021888256072998047 0.021653519736395916
0 0.6252617835998535 0.2218835415284699 0.021787961324055916 0.02168320284949406
0 0.6527470350265503 0.2220256527264913 0.02205204963684082 0.022181259261237225
0 0.3439731001853943 0.2794304887453715 0.0222874482472738 0.02169059382544621
0 0.37246039509773254 0.27980283496985386 0.0222874482472738 0.02169059382544621
0 0.4009266793727875 0.28017490657256217 0.0222874482472738 0.02169059382544621
0 0.42890995740890503 0.280540664990743 0.0222874482472738 0.02169059382544621
0 0.4853079915046692 0.2812778215066005 0.0222874482472738 0.02169059382544621
0 0.5138684511184692 0.2813282564261989 0.0215532581011455 0.021592444843716068
0 0.5421664714813232 0.2815890908241272 0.0215532581011455 0.021592444843716068
0 0.5697708129882812 0.28184462671966914 0.02145439386367798 0.02144307560390894
0 0.5976262092590332 0.2821509838104248 0.02147233486175537 0.02143104871114095
0 0.6255512833595276 0.28242459305407003 0.02147233486175537 0.02143104871114095
0 0.6529054641723633 0.28298940261205036 0.021642088890075684 0.021235227584838867
0 0.6798956394195557 0.283422059035844 0.021642088890075684 0.021235227584838867
0 0.7066600918769836 0.28409043947855633 0.021437764167785645 0.021119104491339764
0 0.3434980809688568 0.3101231853167216 0.021810472011566162 0.021494732962714275
0 0.3717404901981354 0.3103478050061627 0.021810472011566162 0.021494732962714275
0 0.40088239312171936 0.31057957861765867 0.021810472011566162 0.021494732962714275
0 0.4288654625415802 0.3108021357058897 0.021810472011566162 0.021494732962714275
0 0.4569050967693329 0.31102514266967773 0.021810472011566162 0.021494732962714275
0 0.4855324923992157 0.31151872873306274 0.02144004901250207 0.021575080023871502
0 0.5141665935516357 0.31177211144215267 0.02144004901250196 0.021575080023871502
0 0.541782796382904 0.31201648678506694 0.02144004901250196 0.021575080023871502
0 0.5695203542709351 0.3122619359969628 0.02144004901250196 0.021575080023871502
0 0.5973191857337952 0.3125079274177551 0.02144004901250196 0.021575080023871502
0 0.6253882050514221 0.3129536894098322 0.02115531762440992 0.0211637020111084
0 0.652957558631897 0.3133915162477863 0.02115531762440992 0.0211637020111084
0 0.6801999722812193 0.3142748835664136 0.02115531762440992 0.0211637020111084
0 0.7056959867477417 0.31515251462904836 0.02115531762440992 0.0211637020111084
0 0.11309888958930969 0.3733165972852039 0.023027161757151277 0.0224582089318169
0 0.14186826348304749 0.3723542893789084 0.022913530468940735 0.022298203574286617
0 0.17150717973709106 0.3721349769073227 0.0227556973695755 0.022492700152926925
0 0.1994844526052475 0.37199347733266297 0.02249424159526825 0.022372987535264805
0 0.22893652319908142 0.3720894654591878 0.02249424159526825 0.022372987535264805
0 0.2571561858057976 0.3721814370078826 0.02249424159526825 0.022372987535264805
0 0.3142560124397278 0.3723159631093343 0.022349397341410282 0.02231372727288135
0 0.3430812358856201 0.3724935934588168 0.022349397341410282 0.02231372727288135
0 0.3719560503959656 0.3726715294044771 0.022349397341410282 0.02231372727288135
0 0.39991500973701477 0.37284382155437984 0.022349397341410282 0.02231372727288135
0 0.4274750351905823 0.3730136553446452 0.022349397341410282 0.02231372727288135
0 0.4567742645740509 0.3732053563142866 0.02210056781768799 0.022135284211900547
0 0.4850286841392517 0.37348544573810405 0.02234240372975671 0.0218477778964572
0 0.5412136912345886 0.3739798466364543 0.0223424037297566 0.0218477778964572
0 0.5683156847953796 0.3743968407313029 0.02134859561920166 0.021912919150458492
0 0.6248883605003357 0.3750322488591005 0.02134859561920166 0.021912919150458492
0 0.6522018313407898 0.37533902595871843 0.02134859561920166 0.021912919150458492
0 0.7059981226921082 0.37594325053081173 0.02134859561920166 0.021912919150458492
0 0.7325015068054199 0.37624092896779376 0.02134859561920166 0.021912919150458492
0 0.7579969763755798 0.3772233768516607 0.020217696825663323 0.021426545249091305
0 0.7834762930870056 0.3775751193364461 0.020217696825663323 0.021426545249091305
0 0.8077377080917358 0.3779100486634303 0.020217696825663323 0.021426545249091305
0 0.8312138915061951 0.3782341378523597 0.020217696825663323 0.021426545249091305
0 0.8541900515556335 0.37855132420857746 0.020217696825663323 0.021426545249091305
0 0.11258890479803085 0.4329226016998291 0.022228514154752105 0.02219663725958935
0 0.14192891120910645 0.4335576014417876 0.02194976806640625 0.022254678938123867
0 0.19955627620220184 0.43377025922139484 0.02194976806640625 0.022254678938123867
0 0.22832144796848297 0.4338496923446655 0.022039582331975283 0.02195511923895947
0 0.2569624111056328 0.4339685704038838 0.02203958233197531 0.02195511923895947
0 0.2855282425880432 0.4340871366193539 0.022039582331975338 0.02195511923895947
0 0.3135872483253479 0.43420359918835594 0.022039582331975338 0.02195511923895947
0 0.34278327226638794 0.43432478109995526 0.022039582331975338 0.02195511923895947
0 0.37132757902145386 0.43442551642076316 0.022296786308288574 0.021720382902357265
0 0.3995899558067322 0.4345284731934442 0.02240254481633508 0.02193813853793669
0 0.4563249349594116 0.4347728490829468 0.02240254481633508 0.02193813853793669
0 0.5134742259979248 0.43501900954762945 0.02240254481633497 0.02193813853793669
0 0.5408750176429749 0.43513703361199574 0.02240254481633497 0.02193813853793669
0 0.5686708688735962 0.43525675932566327 0.02240254481633497 0.02193813853793669
0 0.5964676141738892 0.4353764888903778 0.02240254481633497 0.02193813853793669
0 0.6237877607345581 0.4359372059504191 0.022057414054870605 0.02199469672309033
0 0.6519524455070496 0.43615087452376916 0.021709084510803223 0.021677732467651367
0 0.6786933541297913 0.43635374176129216 0.021709084510803223 0.021677732467651367
0 0.7054770588874817 0.4365569336674268 0.021709084510803223 0.021677732467651367
0 0.7316822409629822 0.4367557366689046 0.021709084510803223 0.021677732467651367
0 0.7574792504310608 0.4369502621446675 0.02121945222218824 0.02130248811509879
0 0.11271996796131134 0.4957648515701294 0.0224606990814209 0.022359424167209152
0 0.1419551968574524 0.495742400487264 0.022178947925567627 0.02234342363145621
0 0.17035949230194092 0.4958665784462515 0.022178947925567627 0.02234342363145621
0 0.19989526271820068 0.4959957029899171 0.022178947925567627 0.02234342363145621
0 0.22887924313545227 0.4961224152168963 0.022178947925567627 0.02234342363145621
0 0.25700700283050537 0.4962453842163086 0.022178947925567627 0.02234342363145621
0 0.2854834198951721 0.49643778800964355 0.022224128246307373 0.022324879964192707
0 0.31401434540748596 0.49636157353719074 0.02203148603439331 0.02215666241115999
0 0.34243065118789673 0.4964335836024097 0.02203148603439331 0.02215666241115999
0 0.3995473384857178 0.49657832361221926 0.02203148603439331 0.02215666241115999
0 0.4276016056537628 0.4966494162315081 0.02203148603439331 0.02215666241115999
0 0.4557514786720276 0.49672075112660724 0.02203148603439331 0.02215666241115999
0 0.4844953715801239 0.4967535548592797 0.021860162417093876 0.021881580352783203
0 0.5125770568847656 0.496800107315352 0.021860162417093987 0.021881580352783203
0 0.5405965447425842 0.4968465566635132 0.021860162417093987 0.021881580352783203
0 0.5967901349067688 0.4973312218983968 0.02193737030029297 0.02177013291252979
0 0.6241711378097534 0.49702227115631104 0.021872639656066895 0.021708382500542484
0 0.6517353653907776 0.49713869434533015 0.021872639656066895 0.021708382500542484
0 0.6782305240631104 0.4972506021017558 0.021872639656066895 0.021708382500542484
0 0.7050054669380188 0.49736369158435195 0.021872639656066895 0.021708382500542484
0 0.7315817475318909 0.49747594197591144 0.021872639656066895 0.021708382500542484
0 0.1414150595664978 0.5583404623685946 0.023083120584487915 0.022257381015353683
0 0.1699768751859665 0.5586122846000628 0.02279039223988849 0.0222806400722928
0 0.1987885683774948 0.558620015780131 0.02279039223988849 0.0222806400722928
0 0.284291535615921 0.5586429592021537 0.022790392239888546 0.0222806400722928
0 0.31319788098335266 0.5586507157806949 0.022790392239888546 0.0222806400722928
0 0.3991479277610779 0.5586737791697184 0.022790392239888546 0.0222806400722928
0 0.42752689123153687 0.5586813942333414 0.022790392239888546 0.0222806400722928
0 0.6510869860649109 0.5586394866307577 0.021001219749450684 0.021751880645751953
0 0.6784642934799194 0.5584908642329671 0.021001219749450684 0.021751880645751953
0 0.7569044828414917 0.55806503824324 0.021001219749450684 0.021751880645751953
0 0.7827795147895813 0.5579245712048737 0.021001219749450684 0.021751880645751953
0 0.8536533117294312 0.5575398206710815 0.021001219749450684 0.021751880645751953
0 0.8759928941726685 0.5575992266337076 0.020648042360941643 0.021146986219618007
0 0.3711022436618805 0.6203016042709351 0.022190074125925663 0.02181786961025667
0 0.3982163965702057 0.6203038738857746 0.022190074125925663 0.02181786961025667
0 0.4272485375404358 0.6203063040475498 0.022190074125925663 0.02181786961025667
0 0.5121101140975952 0.6203134074630282 0.022190074125925774 0.02181786961025667
0 0.5401006937026978 0.6203157504399618 0.022190074125925774 0.02181786961025667
0 0.6242711544036865 0.6200577017614908 0.022388656934102302 0.02201864454481332
0 0.651159405708313 0.6199997266133627 0.022388656934102302 0.02201864454481332
0 0.11329654231667519 0.7140862941741943 0.02254399408896765 0.02192327711317284
0 0.1420668661594391 0.7139982021437179 0.022543994088967623 0.02192327711317284
0 0.17055560648441315 0.713910972295536 0.022543994088967623 0.02192327711317284
0 0.19906209409236908 0.71382368810684 0.022543994088967623 0.02192327711317284
0 0.22711077332496643 0.7137378056844076 0.021923571825027466 0.021674633026123047
0 0.2570035755634308 0.713660549270977 0.021923571825027466 0.021674633026123047
0 0.3132745921611786 0.7135151197161377 0.021923571825027466 0.021674633026123047
0 0.34161341190338135 0.7131048838297526 0.021853089332580566 0.021504720052083332
0 0.37034618854522705 0.713266332348593 0.021853089332580566 0.021504720052083332
0 0.3984749913215637 0.7134243871583181 0.021853089332580566 0.021504720052083332
0 0.42635074257850647 0.7135810200799496 0.021853089332580566 0.021504720052083332
0 0.45522958040237427 0.7137432893117269 0.021853089332580566 0.021504720052083332
0 0.4834371507167816 0.713253895441691 0.022195498148600223 0.021668699052598644
0 0.5404159426689148 0.7129863517793219 0.022195498148600334 0.021668699052598644
0 0.5677435398101807 0.7128580351693615 0.022195498148600334 0.021668699052598644
0 0.6234134435653687 0.7125966373856577 0.022195498148600334 0.021668699052598644
0 0.6515904068946838 0.7124643325805664 0.022195498148600334 0.021668699052598644
0 0.678381085395813 0.7118288247509178 0.02161705493927002 0.021672884623209637
0 0.7051095962524414 0.7111947916142238 0.02161705493927002 0.021672884623209637
0 0.731601893901825 0.7105663617451986 0.02161705493927002 0.021672884623209637
0 0.7574285268783569 0.7099537222605602 0.02161705493927002 0.021672884623209637
0 0.11218550056219101 0.7760826746622721 0.021834646662076324 0.021128707461887036
0 0.14109833538532257 0.7759088675181071 0.021919583280881227 0.02110004425048828
0 0.17024655640125275 0.7758363640337543 0.021919583280881227 0.02110004425048828
0 0.19908063113689423 0.7757646419590084 0.021919583280881227 0.02110004425048828
0 0.22717523574829102 0.7756947592473079 0.021919583280881227 0.02110004425048828
0 0.2555115893483162 0.7756242752075195 0.021919583280881255 0.02110004425048828
0 0.2842581570148468 0.7758688809395936 0.021631379922231075 0.02121061748928484
0 0.3127683699131012 0.7758855024973551 0.021631379922231075 0.02121061748928484
0 0.34120118618011475 0.7757729583067987 0.02176511287689209 0.021390808953179352
0 0.39827051758766174 0.7755470636346516 0.02176511287689209 0.021390808953179352
0 0.45530804991722107 0.7754077116648356 0.021699468294779423 0.021306355794270832
0 0.4830680787563324 0.7751817902983525 0.021699468294779423 0.021306355794270832
0 0.5399689078330994 0.7747187103378255 0.021699468294779534 0.021306355794270832
0 0.5676453113555908 0.7744336128234863 0.021404027938842773 0.02141210767957909
0 0.5953704118728638 0.7740842353692222 0.021404027938842773 0.02141210767957909
0 0.6232052445411682 0.7737334751268397 0.021404027938842773 0.02141210767957909
0 0.6510773301124573 0.773879861520716 0.020796656608581543 0.02097230487399641
0 0.6780617237091064 0.7730422019958496 0.020796656608581543 0.02097230487399641
0 0.731431245803833 0.771385485554915 0.020796656608581543 0.02097230487399641
0 0.7567630410194397 0.7705991266001244 0.020796656608581543 0.02097230487399641
0 0.7821698784828186 0.7698104381561279 0.020796656608581543 0.02097230487399641
0 0.8070487976074219 0.769038137548428 0.020796656608581543 0.02097230487399641
0 0.8309169411659241 0.7677805423736572 0.02026279767354322 0.020904488033718433
0 0.8537837862968445 0.766372841909845 0.019265810648600334 0.020304361979166668
0 0.874879777431488 0.7653601964314779 0.019265810648600334 0.020304361979166668
0 0.8949998021125793 0.7652697563171387 0.01912446816762281 0.019956058926052418
0 0.11228813230991364 0.8385237627571597 0.02191119392712912 0.021708965301513672
0 0.14112670719623566 0.8383697668711344 0.02203566829363507 0.021573543548583984
0 0.1699192076921463 0.8381992515675725 0.02203566829363507 0.021573543548583984
0 0.19820258021354675 0.8380317514280162 0.02203566829363507 0.021573543548583984
0 0.22701512277126312 0.8378611174311074 0.02203566829363507 0.021573543548583984
0 0.25614485144615173 0.8376886049906412 0.02203566829363504 0.021573543548583984
0 0.2846415340900421 0.8374380189316303 0.021630267302195194 0.021437327067057293
0 0.3127758204936981 0.8372070377929903 0.021630267302195194 0.021437327067057293
0 0.34181100130081177 0.8369686603546143 0.021630267302195194 0.021437327067057293
0 0.3706393241882324 0.8369964758555094 0.021366993586222294 0.021394888559977215
0 0.39812976121902466 0.8369474666729588 0.021366993586222294 0.021394888559977215
0 0.4263039529323578 0.8368972385116767 0.021366993586222294 0.021394888559977215
0 0.4553380012512207 0.8368454774220785 0.021863500277201298 0.021738794114854503
0 0.4837220013141632 0.8366772990346777 0.021863500277201298 0.021738794114854503
0 0.539903998374939 0.8363444143938347 0.02186350027720141 0.021738794114854503
0 0.5677486062049866 0.8361794319659781 0.02186350027720141 0.021738794114854503
0 0.5955563187599182 0.8360146681467692 0.02186350027720141 0.021738794114854503
0 0.6234775185585022 0.8358508356272502 0.021888116995493645 0.02189032236735026
0 0.6508995890617371 0.8351539770762125 0.02149275938669848 0.02115085389879005
0 0.6778334379196167 0.8349449741273149 0.021446188290913826 0.020968808068169587
0 0.11211102455854416 0.900661929783167 0.022241647044817597 0.022187497880723644
0 0.14064817130565643 0.9005386829376221 0.022241647044817625 0.022187497880723644
0 0.16861040890216827 0.9004179190221303 0.022241647044817625 0.022187497880723644
0 0.2270960807800293 0.9001653298396027 0.022241647044817625 0.022187497880723644
0 0.2558968588709831 0.9000409444173177 0.021909122665723174 0.021957821316189136
0 0.2833625078201294 0.8998377251130365 0.021909122665723202 0.021957821316189136
0 0.3420645594596863 0.8991381327311198 0.02172684669494629 0.021917184193929035
0 0.36953994631767273 0.8990510910601014 0.02172684669494629 0.021917184193929035
0 0.39834368228912354 0.8989598411962327 0.02172684669494629 0.021917184193929035
0 0.45512452721595764 0.8987799602122154 0.02172684669494629 0.021917184193929035
0 0.4830491840839386 0.8989321411487946 0.021231333414713505 0.021638605329725575
0 0.5113412737846375 0.8984779516855875 0.021231333414713616 0.021638605329725575
0 0.5675146579742432 0.897576167494971 0.021231333414713616 0.021638605329725575
0 0.5951802730560303 0.8971320351952285 0.021231333414713616 0.021638605329725575
0 0.6225041747093201 0.8966933886210123 0.021231333414713616 0.021638605329725575
0 0.6780246496200562 0.8958020859649176 0.021231333414713616 0.021638605329725575
0 0.7046698331832886 0.8940324715228681 0.02097741762797045 0.021244313981797863
0 0.7312196493148804 0.8931726614634196 0.02097741762797045 0.021244313981797863
0 0.7826623916625977 0.8915066993664708 0.02097741762797045 0.021244313981797863
0 0.8079141974449158 0.889982541402181 0.02125616868336988 0.021483156416151356
