0 0.2558977007865906 0.17788475058799566 0.01752259333928427 0.018809758415517873
0 0.27764588594436646 0.17758846282958984 0.017572522163391113 0.018775518550429214
0 0.2998792827129364 0.17621504607702443 0.017572522163391113 0.018775518550429235
0 0.32149738073349 0.17487963798400633 0.017572522163391113 0.018775518550429235
0 0.3446100354194641 0.17345190710363761 0.017572522163391113 0.018775518550429235
0 0.3669458031654358 0.1720721666202989 0.017572522163391113 0.018775518550429235
0 0.39000025391578674 0.1707572838451669 0.017638365427652958 0.019275776175565498
0 0.4134431481361389 0.16944544814353765 0.017638365427652958 0.019275776175565498
0 0.43674591183662415 0.16819961680922396 0.01781332492828369 0.01917966946150904
0 0.2542654499411583 0.20555168157692608 0.017254412174224854 0.019101445989091293
0 0.2764022946357727 0.2044854718585347 0.017254412174224854 0.019101445989091293
0 0.29912975430488586 0.20339081547421942 0.017254412174224854 0.019101445989091293
0 0.3205987513065338 0.20231604021649027 0.017256895701090458 0.01936996814816497
0 0.3431497812271118 0.2010208082805404 0.017256895701090458 0.01936996814816497
0 0.3663618266582489 0.1996876105220782 0.017256895701090458 0.01936996814816497
0 0.38993096351623535 0.19833390300323084 0.017256895701090458 0.01936996814816497
0 0.4124734699726105 0.19703916061756221 0.017256895701090458 0.01936996814816497
0 0.43597936630249023 0.19615674573321676 0.017590463161468506 0.019414206807927596
0 0.45994967222213745 0.19478404016363468 0.017821749051411984 0.01952716916106468
0 0.4833383560180664 0.19347232996031297 0.017821749051411984 0.01952716916106468
0 0.25190698355436325 0.2326523980429006 0.0177910178899765 0.019626543503399072
0 0.27442002296447754 0.23166952032750507 0.0177910178899765 0.019626543503399072
0 0.29674646258354187 0.23069478921430658 0.0177910178899765 0.019626543503399072
0 0.3191438615322113 0.22971696014785092 0.0177910178899765 0.019626543503399072
0 0.3422248363494873 0.2287092874216479 0.0177910178899765 0.019626543503399072
0 0.3649683892726898 0.22757609967765285 0.017597059408823612 0.019141840380291607
0 0.3884457051753998 0.22640635250874375 0.017597059408823612 0.019141840380291607
0 0.4113525450229645 0.2252650290639606 0.017597059408823612 0.019141840380291607
0 0.43505027890205383 0.2240842996641647 0.017597059408823612 0.019141840380291607
0 0.4592876434326172 0.22287889968517216 0.017580727736155155 0.0192337479702262
0 0.3873547613620758 0.2541317607081214 0.01751500368118286 0.019848357799441316
0 0.4104672074317932 0.25322508257488874 0.01788466175397241 0.02005139432212182
0 0.43421679735183716 0.2522921229517737 0.018049776554107666 0.02017517976982649
0 0.45841261744499207 0.2510538101196289 0.018443703651428223 0.02008012283680051
0 0.48239463567733765 0.24975102480173003 0.018443703651428223 0.02008012283680051
0 0.5061711221933365 0.24845940467017308 0.018443703651428223 0.02008012283680051
0 0.5305358171463013 0.2471358310429545 0.018443703651428223 0.02008012283680051
0 0.5544517636299133 0.2458366349686024 0.018443703651428223 0.02008012283680051
0 0.5800235867500305 0.2448993727218273 0.018886566162109375 0.020479704982550598
0 0.6042136033969139 0.2446171793107964 0.018855681022008186 0.020553322725517804
0 0.1598888486623764 0.29093788945397664 0.017029792070388794 0.019368149513422056
0 0.18109671771526337 0.2902316461529811 0.017029792070388794 0.019368149513422056
0 0.2254197895526886 0.28888876349986625 0.01740147670110065 0.01945593190747638
0 0.24785205721855164 0.28809445403343026 0.017401476701100677 0.01945593190747638
0 0.27013784646987915 0.2873053312557868 0.017401476701100704 0.01945593190747638
0 0.29310867190361023 0.28649195187008925 0.017401476701100704 0.01945593190747638
0 0.316213458776474 0.2856738290121389 0.017401476701100704 0.01945593190747638
0 0.3390459418296814 0.28486534822448306 0.017401476701100704 0.01945593190747638
0 0.3622593879699707 0.28388178625772165 0.017550090948740604 0.019428134888641622
0 0.40919363498687744 0.2820987512534638 0.017550090948740604 0.019428134888641622
0 0.43292248249053955 0.2812920947407567 0.01819133758544922 0.02008547524149101
0 0.45719099044799805 0.28017149137991776 0.01819133758544922 0.02008547524149101
0 0.48079296946525574 0.2790816651303786 0.01819133758544922 0.02008547524149101
0 0.530392050743103 0.2767914173214935 0.019285837809244866 0.020730306935864827
0 0.5541226863861084 0.275767716030297 0.019285837809244866 0.020730306935864827
0 0.6051674485206604 0.27356572744086116 0.019285837809244866 0.020730306935864827
0 0.6302695274353027 0.2724828643021231 0.019285837809244866 0.020730306935864827
0 0.6565678119659424 0.27134839878525846 0.019285837809244866 0.020730306935864827
0 0.6826391816139221 0.27009713658916673 0.019202828407287598 0.020708350248115008
0 0.7083582282066345 0.269580115427786 0.01958334445953369 0.020709547885628635
0 0.1584278792142868 0.31947417591893396 0.016809970140457153 0.019168898116710575
0 0.17979511618614197 0.318742702990285 0.016809970140457153 0.019168898116710575
0 0.20165404677391052 0.31799439772296245 0.016809970140457153 0.019168898116710575
0 0.2233446091413498 0.3172518562703707 0.016809970140457153 0.019168898116710575
0 0.2690054178237915 0.31591039271926646 0.017466942469278934 0.01971342397290607
0 0.2915992736816406 0.31521444542463434 0.017466942469278934 0.01971342397290607
0 0.31451380252838135 0.3145086205995583 0.017466942469278934 0.01971342397290607
0 0.338161438703537 0.31378021423439034 0.017466942469278934 0.01971342397290607
0 0.3612729012966156 0.3130683233571607 0.017466942469278934 0.01971342397290607
0 0.3846096992492676 0.3123494915870234 0.017466942469278934 0.01971342397290607
0 0.407683402299881 0.3112650555910573 0.017430086930592892 0.01981436559396194
0 0.43175017833709717 0.3103299473607263 0.017430086930592892 0.01981436559396194
0 0.4797997772693634 0.3077089839899971 0.018570661544799805 0.020409591438234287
0 0.5052315592765808 0.30681880684786067 0.018504460652669252 0.020430261774580582
0 0.5295646786689758 0.30602241139743885 0.018504460652669197 0.020430261774580582
0 0.5540937781333923 0.30521960174112706 0.018504460652669197 0.020430261774580582
0 0.5790678262710571 0.3044022294184619 0.018504460652669197 0.020430261774580582
0 0.6045082211494446 0.3035695940949196 0.018504460652669197 0.020430261774580582
0 0.6297123432159424 0.30278715976448944 0.018831253051757812 0.020620567854060683
0 0.15592743456363678 0.34736879481825716 0.017107456922531128 0.019475005393804506
0 0.1774570345878601 0.3467435937904074 0.017107456922531128 0.019475005393804506
0 0.19960790872573853 0.3464706280334142 0.017154385646184267 0.019618692324143074
0 0.22188253700733185 0.34580884977828624 0.017154385646184267 0.019618692324143074
0 0.2446286827325821 0.3451330627600408 0.017154385646184295 0.019618692324143074
0 0.26739826798439026 0.3444565793544622 0.017154385646184322 0.019618692324143074
0 0.29041120409965515 0.3437728660051213 0.017154385646184322 0.019618692324143074
0 0.3122757375240326 0.34312327165069023 0.017154385646184322 0.019618692324143074
0 0.33632612228393555 0.3424779728374539 0.017467955748240116 0.020012478495753088
0 0.3601381778717041 0.3418879841649255 0.01781572898228967 0.02025244956792787
0 0.3837829828262329 0.34136445923536685 0.01804446180661523 0.02048785187477289
0 0.4075038731098175 0.34053638369538064 0.017867445945739746 0.020421449528184046
0 0.4310694932937622 0.3397151070898896 0.017867445945739746 0.020421449528184046
0 0.4555167555809021 0.3388631047055683 0.017867445945739746 0.020421449528184046
0 0.5041278153657913 0.3371689788621647 0.017867445945739746 0.020421449528184046
0 0.5290607213973999 0.3363000514895417 0.017867445945739746 0.020421449528184046
0 0.5535925626754761 0.33533416892635715 0.01881836851437879 0.020930992540463024
0 0.5790226459503174 0.33439378960188043 0.01881836851437879 0.020930992540463024
0 0.6041020750999451 0.33346637712009275 0.01881836851437879 0.020930992540463024
0 0.6295391917228699 0.3323158917095119 0.018565813700358147 0.020892904710399986
0 0.6556158661842346 0.3316471274238488 0.018813490867614746 0.02089589141135992
0 0.15357722342014313 0.3747977877772132 0.016922627886136354 0.019531375678010676
0 0.19764254987239838 0.3748373541721078 0.01713027556737262 0.020025489866271486
0 0.2195497304201126 0.3743585572760708 0.01713027556737262 0.020025489866271486
0 0.2418024018406868 0.373939115532268 0.01750497023264566 0.020193469616793833
0 0.26501670479774475 0.373408971830856 0.017364859580993652 0.020183127055796557
0 0.2882111072540283 0.3728568512860961 0.017364859580993652 0.020183127055796557
0 0.31107401847839355 0.37231262157275086 0.017364859580993652 0.020183127055796557
0 0.3352077603340149 0.37173814095288854 0.017364859580993652 0.020183127055796557
0 0.3828589618206024 0.3706038497215094 0.017364859580993652 0.020183127055796515
0 0.4065350294113159 0.37024269610235944 0.01763574282328284 0.020289642866267714
0 0.43064388632774353 0.3697240629861521 0.01763574282328284 0.020289642866267714
0 0.4547734558582306 0.3691976712037711 0.01778678099314368 0.020353258118148934
0 0.4781935513019562 0.36819788048772634 0.018347084522247314 0.020552539086157024
0 0.503255307674408 0.36767784818481664 0.018347084522247314 0.020552539086157024
0 0.5277645587921143 0.36716928038486213 0.018347084522247314 0.020552539086157024
0 0.5786892175674438 0.3645153711008471 0.018870790799458748 0.021010435828866914
0 0.6039889454841614 0.3638450617151209 0.018870790799458748 0.021010435828866872
0 0.6299925446510315 0.36315610345273974 0.018870790799458748 0.021010435828866914
0 0.6558700203895569 0.36247048679616795 0.018870790799458748 0.021010435828866872
0 0.6817843914031982 0.36178389260935223 0.018870790799458748 0.021010435828866914
0 0.7083420753479004 0.36137387918871505 0.019349376360575432 0.021118725917135994
0 0.7350183129310608 0.3612109289820795 0.020350178082783943 0.021929105122884127
0 0.7626164555549622 0.36091388658035634 0.020350178082783943 0.021929105122884086
0 0.1513795554637909 0.4040377417276072 0.01688229044278461 0.01978656857512718
0 0.17304103076457977 0.40406138397926505 0.017139156659444155 0.0198623893796935
0 0.19527572393417358 0.4035210276758948 0.01710250973701477 0.019989398098731282
0 0.24038125574588776 0.4027698503031268 0.01710250973701477 0.019989398098731282
0 0.26319199800491333 0.4024085998535156 0.017616192499796512 0.020068944886673327
0 0.2864357531070709 0.401866824127907 0.01764470338821411 0.02002769292787064
0 0.31032460927963257 0.40140772594975094 0.01764470338821411 0.02002769292787064
0 0.3333148956298828 0.4009658965669441 0.01764470338821411 0.02002769292787064
0 0.35743334889411926 0.4005023859713104 0.01764470338821411 0.02002769292787064
0 0.3810417652130127 0.40004867731138716 0.01764470338821411 0.02002769292787064
0 0.40541180968284607 0.3995664518979323 0.018410563468933105 0.02053930593091388
0 0.42926982045173645 0.39901427335517353 0.018410563468933105 0.02053930593091388
0 0.453189879655838 0.39846065874069586 0.018410563468933105 0.02053930593091388
0 0.5023841261863708 0.3973220890743278 0.018410563468933105 0.02053930593091388
0 0.526800274848938 0.39675699278365734 0.018410563468933105 0.02053930593091388
0 0.5525884628295898 0.3961601415122969 0.018410563468933105 0.02053930593091388
0 0.578162431716919 0.39524327727065584 0.01861971616744995 0.020653717277585942
0 0.6038121581077576 0.39508664330770804 0.018775463104248047 0.021078775095385173
0 0.6294048428535461 0.3945045914760856 0.018807689348856682 0.02096528045890862
0 0.14862987399101257 0.4329502763943524 0.016982078552246094 0.02007296658301544
0 0.17076154053211212 0.4326689076978107 0.016982078552246094 0.02007296658301544
0 0.1929459273815155 0.4324685030205305 0.017165233691533388 0.01999007823855378
0 0.2156272679567337 0.4321374756637593 0.017165233691533388 0.01999007823855378
0 0.23878292739391327 0.4317995257655879 0.017165233691533388 0.01999007823855378
0 0.2619064748287201 0.4314620445324513 0.017165233691533444 0.01999007823855378
0 0.30828243494033813 0.43078520131665604 0.017165233691533444 0.01999007823855378
0 0.3314474821090698 0.43021472664766536 0.017393877108891842 0.020304243693980192
0 0.3553875982761383 0.4298041017425589 0.017393877108891842 0.020304243693980192
0 0.37946125864982605 0.4294048167159524 0.017991721630096436 0.0206853585649831
0 0.40337473154067993 0.42900143750707864 0.017991721630096436 0.0206853585649831
0 0.4522095322608948 0.4281776783078216 0.017991721630096436 0.0206853585649831
0 0.4766730070114136 0.4277695905514485 0.018377820650736454 0.02091985894728071
0 0.5265466570854187 0.4269376226413949 0.018377820650736565 0.02091985894728071
0 0.5514402985572815 0.42652235905354363 0.018377820650736565 0.02091985894728071
0 0.5776501297950745 0.4260851394298465 0.018377820650736565 0.02091985894728071
0 0.602966845035553 0.4257643272648549 0.019195914268493652 0.021413936171420785
0 0.6293651461601257 0.4254298092969657 0.019195914268493652 0.021413936171420785
0 0.6558627486228943 0.42509403298742404 0.019195914268493652 0.021413936171420785
0 0.6820076704025269 0.4247627258300781 0.019195914268493652 0.021413936171420785
0 0.14679764211177826 0.46196658112281974 0.017195910215377808 0.01988731798275491
0 0.16910535097122192 0.46176143032906264 0.017195910215377808 0.01988731798275491
0 0.1912471204996109 0.46155780558110865 0.017195910215377808 0.01988731798275491
0 0.21415108442306519 0.46134717138246967 0.017195910215377808 0.01988731798275491
0 0.2604343593120575 0.4609215314998183 0.017195910215377808 0.01988731798275491
0 0.283591628074646 0.4608138771944268 0.01728908220926917 0.02026503215464516
0 0.30703726410865784 0.4604347080964715 0.017461170752843258 0.020413894061894436
0 0.3301950991153717 0.46021434872649436 0.017461170752843258 0.020413894061894436
0 0.3541935682296753 0.4597968611606332 0.017821649710337284 0.020877808563468936
0 0.3778805136680603 0.4594556523602867 0.017821649710337284 0.020877808563468936
0 0.40227171778678894 0.4596948845441951 0.017796913782755497 0.020722588827443676
0 0.4265109598636627 0.45848523863156865 0.018362700939178467 0.021227223004481644
0 0.45179709792137146 0.4582995481269304 0.018362700939178467 0.021227223004481644
0 0.4754142761230469 0.45893243301746456 0.01862047115961707 0.021124019179233285
0 0.501146137714386 0.4584528136405663 0.018620471159617125 0.021124019179233285
0 0.5257236361503601 0.457994710582467 0.01862047115961718 0.021124019179233285
0 0.5773038864135742 0.4570332998658857 0.01862047115961718 0.021124019179233285
0 0.6032796502113342 0.45654913436534794 0.01862047115961718 0.021124019179233285
0 0.6295974254608154 0.45656003592316907 0.019402583440144783 0.021501348924267253
0 0.6558179259300232 0.45625797537870183 0.019402583440144783 0.021501348924267253
0 0.145202174782753 0.49106012388717296 0.01718151569366455 0.02033180414244186
0 0.1669887751340866 0.49110832725593967 0.01718151569366455 0.02033180414244186
0 0.18932482600212097 0.49115774629697506 0.01718151569366455 0.02033180414244186
0 0.2115013152360916 0.4912068123041197 0.01718151569366455 0.02033180414244186
0 0.2583523914217949 0.4913104714187167 0.01718151569366455 0.02033180414244186
0 0.28225037455558777 0.49035640095555505 0.01750694215297699 0.020418034043422965
0 0.30531764030456543 0.4904749670694041 0.017960309982299805 0.020646915879360465
0 0.3295080363750458 0.49031262159586186 0.017960309982299805 0.020646915879360465
0 0.3531111180782318 0.4901866025702898 0.018106738726297977 0.020887419234874638
0 0.37713316082954407 0.4899676387141332 0.018106738726297977 0.020887419234874638
0 0.4013395309448242 0.48974699469152155 0.018106738726297977 0.020887419234874638
0 0.42514434456825256 0.4895300109054199 0.018106738726297977 0.020887419234874638
0 0.4755229651927948 0.4890708036200945 0.01884935299555457 0.02168270968651581
0 0.5251557230949402 0.4887428794131322 0.01884935299555468 0.02168270968651581
0 0.5504210591316223 0.48857595104498075 0.01884935299555468 0.02168270968651581
0 0.5768256783485413 0.48840149541964717 0.01884935299555468 0.02168270968651581
0 0.6030951142311096 0.48822793295217115 0.01884935299555468 0.02168270968651581
0 0.6295694708824158 0.48789317108864005 0.019114017486572266 0.02184150754943369
0 0.18764552474021912 0.5208018103311228 0.01785444219907123 0.020990563917529622
0 0.2100302129983902 0.5207627930996067 0.01785444219907123 0.020990563917529622
0 0.23313044011592865 0.5207225286608472 0.01785444219907123 0.020990563917529622
0 0.2566816434264183 0.5205472376222665 0.018408238887786865 0.021598047064256352
0 0.28017500042915344 0.5206405284792878 0.018408238887786865 0.021598047064256352
0 0.3280642628669739 0.5208306941646097 0.018408238887786865 0.021598047064256352
0 0.3524136245250702 0.5209273841700756 0.018408238887786865 0.021598047064256352
0 0.37660881876945496 0.5210234619850336 0.018408238887786865 0.021598047064256352
0 0.4007687568664551 0.5211193997997268 0.018408238887786865 0.021598047064256352
0 0.42519864439964294 0.5205078125 0.01869688431421912 0.02172807205555051
0 0.4497878849506378 0.5205030663068905 0.01901886860529578 0.021889974904614827
0 0.4993983805179596 0.52044427917306 0.019018868605295836 0.021889974904614827
0 0.525198757648468 0.5204137064040139 0.01901886860529589 0.021889974904614827
0 0.5507944226264954 0.5203833762134901 0.01901886860529589 0.021889974904614827
0 0.5766852498054504 0.5196464648117701 0.02015276749928785 0.022736334985540875
0 0.6031813025474548 0.5198687619941179 0.02015276749928785 0.022736334985540875
0 0.629344642162323 0.5200882677723494 0.02015276749928785 0.022736334985540875
0 0.655940055847168 0.520311398575382 0.02015276749928785 0.022736334985540875
0 0.6829937696456909 0.5205383744350699 0.02015276749928785 0.022736334985540875
0 0.18541380763053894 0.5511577335221473 0.018013368050257383 0.021070435989734737
0 0.20881769061088562 0.551216302916061 0.018013368050257383 0.021070435989734737
0 0.23087505996227264 0.5511791317961937 0.018318752447764097 0.02114980534989699
0 0.2546333596110344 0.5513271499255081 0.01831875244776407 0.02114980534989699
0 0.2781035304069519 0.5514733729644992 0.018318752447764042 0.02114980534989699
0 0.3019397556781769 0.5516595175099928 0.01862315336863196 0.021408435910247093
0 0.3263930380344391 0.5517236987255761 0.01862315336863196 0.021408435910247093
0 0.35050925612449646 0.5517869952667007 0.01862315336863196 0.021408435910247093
0 0.3747650682926178 0.5518506581928975 0.01862315336863196 0.021408435910247093
0 0.42400962114334106 0.5524610088702959 0.018876661856969235 0.021860048752422426
0 0.4489903748035431 0.552435231763263 0.018876661856969235 0.021860048752422426
0 0.47366011142730713 0.5524097755880782 0.018876661856969235 0.021860048752422426
0 0.49895890057086945 0.5523836703070116 0.01887666185696918 0.021860048752422426
0 0.5248187184333801 0.5523569861123728 0.018876661856969124 0.021860048752422426
0 0.550255537033081 0.5523307384016536 0.018876661856969124 0.021860048752422426
0 0.57596755027771 0.5524383766794205 0.019166529178619385 0.0221818140310834
0 0.6023951768875122 0.5525931348501899 0.01972762743632006 0.02237695501756304
0 0.6290490627288818 0.5526742713395939 0.01972762743632006 0.02237695501756304
0 0.2760632336139679 0.5822887420654297 0.01892044146855676 0.021857830905174968
0 0.29964879155158997 0.5825201072238546 0.01913497845331824 0.022034874258115365
0 0.3240348994731903 0.5827344850052235 0.01913497845331824 0.022034874258115365
0 0.34843653440475464 0.582948999284223 0.01913497845331824 0.022034874258115365
0 0.37326136231422424 0.5831672338441293 0.01913497845331824 0.022034874258115365
0 0.3975159227848053 0.5833804551945176 0.01913497845331824 0.022034874258115365
0 0.42243215441703796 0.5835994932827014 0.01913497845331824 0.022034874258115365
0 0.44759124517440796 0.5837575805097998 0.018965760866800907 0.02217456906340843
0 0.47287410497665405 0.5839624299270397 0.019018550713857052 0.022228418394576673
0 0.4982494115829468 0.5839888550514398 0.01912949482599896 0.02204442578692769
0 0.2741115987300873 0.6134403140045875 0.01884758472442627 0.02223208523535919
0 0.29784825444221497 0.6138741300126516 0.01884758472442627 0.02223208523535919
0 0.32182443141937256 0.6143123235606817 0.01884758472442627 0.02223208523535919
0 0.34638214111328125 0.6147611453204025 0.01884758472442627 0.02223208523535919
0 0.3711273670196533 0.6152133941650391 0.019215961297353146 0.02235057742096657
0 0.3959740698337555 0.6154779812970873 0.019215961297353146 0.02235057742096657
0 0.4209192991256714 0.6157436176161603 0.019215961297353146 0.02235057742096657
0 0.4462023079395294 0.6160128508758671 0.019215961297353146 0.02235057742096657
0 0.4713771939277649 0.6162809327591298 0.019215961297353146 0.02235057742096657
0 0.27192723751068115 0.6453105919533136 0.018886009852091434 0.022264998088511442
0 0.2965063452720642 0.6456251676217497 0.019083082675933838 0.022414066994837032
0 0.32019004225730896 0.6461846107660338 0.019083082675933838 0.022414066994837032
0 0.3452456593513489 0.6465274899504906 0.019069592157999637 0.022393810656643708
0 0.3699626922607422 0.6473172507425725 0.019069592157999637 0.022393810656643708
0 0.3946326673030853 0.6481055079375807 0.019069592157999637 0.022393810656643708
0 0.4193987250328064 0.6488968351749991 0.019069592157999637 0.022393810656643708
0 0.44474032521247864 0.6497065521949945 0.019069592157999637 0.022393810656643708
0 0.4711102545261383 0.6496397506359012 0.019373734792073605 0.022611751112827035
0 0.4968782663345337 0.6493760929551236 0.019467552502950014 0.022824427878209843
0 0.13093140721321106 0.6730398133743641 0.01880081494649251 0.02215386915576545
0 0.1531207263469696 0.6737915155448218 0.018867800633112608 0.022337447765261628
0 0.1996324211359024 0.6751122141993323 0.01888248324394226 0.022353386694146625
0 0.22301433980464935 0.675776244233131 0.01888248324394226 0.022353386694146625
0 0.2469327449798584 0.6764547330780861 0.019028007984161377 0.022424535233845026
0 0.2704629898071289 0.6771234467972157 0.019028007984161377 0.022424535233845026
0 0.29471638798713684 0.6778127120478553 0.019028007984161377 0.022424535233845026
0 0.3184305429458618 0.6784866523691256 0.019028007984161377 0.022424535233845026
0 0.36831435561180115 0.6799043167469113 0.019028007984161377 0.022424535233845026
0 0.39328208565711975 0.6806138828283265 0.019028007984161377 0.022424535233845026
0 0.41818487644195557 0.6813169523727062 0.019332746664682987 0.022705876550009083
0 0.4439031183719635 0.6820344259572584 0.0195501446723938 0.022856512735056324
0 0.46992814540863037 0.6827678173737343 0.0195501446723938 0.022856512735056324
0 0.49642208218574524 0.6830857299094977 0.020864983399709047 0.023994268373001452
0 0.5224787592887878 0.683794181865495 0.020864983399708992 0.023994268373001452
0 0.5764010548591614 0.6852602688733521 0.020864983399708992 0.023994268373001452
0 0.6028034687042236 0.6859781210253213 0.020864983399708992 0.023994268373001452
0 0.6574448943138123 0.6874637603759766 0.020864983399708992 0.023994268373001452
0 0.6852044463157654 0.6883598166779175 0.02242279052734375 0.024681741877119724
0 0.7131789326667786 0.6887831577034884 0.02242279052734375 0.024681741877119724
0 0.740580141544342 0.6891978232570416 0.02242279052734375 0.024681741877119724
0 0.7688631415367126 0.6896258330539956 0.02242279052734375 0.024681741877119724
0 0.7973606586456299 0.6900570891624274 0.02242279052734375 0.024681741877119724
0 0.12823952361941338 0.7038660172372895 0.018515974283218384 0.02229527909626327
0 0.1508704125881195 0.7049243758041149 0.018908634781837463 0.022787729899088487
0 0.17418915033340454 0.7061332473231995 0.01894045869509381 0.022747335507888256
0 0.19752182066440582 0.7069611216700354 0.01894045869509381 0.022747335507888256
0 0.22106768190860748 0.7077965603155785 0.01894045869509381 0.022747335507888256
0 0.24456576257944107 0.7086303036424799 0.01894045869509378 0.022747335507888256
0 0.26851651072502136 0.7094801082167514 0.018940458695093754 0.022747335507888256
0 0.2926465570926666 0.7103362745317229 0.018940458695093754 0.022747335507888256
0 0.3419622480869293 0.7117134322112683 0.019441500306129456 0.02314947557079705
0 0.36663466691970825 0.7124754439952762 0.019441500306129456 0.02314947557079705
0 0.4174141585826874 0.7152363089627998 0.01996685067812598 0.023326104925584477
0 0.4431496262550354 0.7158095377847868 0.02006869514783227 0.02363935367081522
0 0.4689582884311676 0.7165433750596157 0.020048101743062374 0.023760950842569042
0 0.49526165425777435 0.7172910807289895 0.02004810174306232 0.023760950842569042
0 0.5218777060508728 0.71804767488326 0.020048101743062263 0.023760950842569042
0 0.548317551612854 0.7187992601577219 0.020048101743062263 0.023760950842569042
0 0.5753026604652405 0.7195663452148438 0.020048101743062263 0.023760950842569042
0 0.6033012866973877 0.7203714816509336 0.019987354675928826 0.0237789301909217
0 0.6296926140785217 0.7209765855656114 0.020277579625447517 0.02396407607913936
0 0.1257895790040493 0.7350270470907522 0.019225252171357468 0.02251564439877062
0 0.17191125452518463 0.7373000187436706 0.019225252171357454 0.022515644398770535
0 0.19529809057712555 0.738755603169286 0.019085794687271118 0.02257416599480678
0 0.2192184329032898 0.7397727260517537 0.019085794687271118 0.022574165994806862
0 0.24305422604084015 0.7408060916634494 0.019574294487635285 0.023027198259220567
0 0.26699885725975037 0.7418164656083956 0.019574294487635258 0.023027198259220567
0 0.3157801926136017 0.7438748556412438 0.019574294487635258 0.02302719825922065
0 0.3401122987270355 0.7449015795785606 0.019574294487635258 0.023027198259220567
0 0.39094728231430054 0.7470466258913971 0.019574294487635258 0.023027198259220567
0 0.4159854054450989 0.748080536593384 0.019541700681050655 0.022905453230983554
0 0.441480427980423 0.7495394196621207 0.02029319604237878 0.023703035458113822
0 0.4680173099040985 0.7500691302987033 0.020562390486399296 0.023747969043347292
0 0.4945220500230789 0.7512192750464665 0.02056239048639935 0.023747969043347292
0 0.54787278175354 0.7535343727842171 0.020562390486399407 0.023747969043347292
0 0.5750004053115845 0.754711546890227 0.020562390486399407 0.023747969043347292
0 0.6024662852287292 0.755903399267862 0.020562390486399407 0.023747969043347292
0 0.6293008327484131 0.7570283548719519 0.02079656720161438 0.0236904972283414
0 0.12331677600741386 0.7676676373149074 0.01889437685410182 0.02233620577080305
0 0.14646796882152557 0.7687544711800509 0.01920557518800098 0.02262168706849564
0 0.16962745785713196 0.7698936067829527 0.01920557518800098 0.02262168706849564
0 0.21683186292648315 0.7722154290971506 0.01920557518800098 0.02262168706849564
0 0.24109522253274918 0.7734011273051418 0.01958868404229483 0.023037932639898256
0 0.2650415897369385 0.7746091700905716 0.019588684042294857 0.023037932639898256
0 0.2900305688381195 0.7758698104065341 0.019588684042294857 0.023037932639898256
0 0.31457439064979553 0.7771079934934987 0.019588684042294857 0.023037932639898256
0 0.33943554759025574 0.778362185456032 0.019588684042294857 0.023037932639898256
0 0.3901336193084717 0.7809351073927833 0.01975381374359131 0.02301102275996256
0 0.4155350923538208 0.7817636802029153 0.020560264587402344 0.02376319826111302
0 0.4412812888622284 0.7831192185789949 0.020560264587402344 0.02376319826111302
0 0.46729761362075806 0.7844889792192983 0.020560264587402344 0.02376319826111302
0 0.5209363698959351 0.7873130620912064 0.020560264587402344 0.02376319826111302
0 0.5475291013717651 0.7880277686496764 0.020491937796274895 0.023781414179839016
0 0.5745787620544434 0.7891830621763717 0.021664341290791755 0.02431884292484265
0 0.602506160736084 0.7901711568703741 0.021664341290791755 0.02431884292484265
0 0.6300392150878906 0.7911452993325784 0.021664341290791755 0.02431884292484265
0 0.6579629778862 0.792133265385991 0.021664341290791755 0.02431884292484265
0 0.6858345866203308 0.7931193861850473 0.021664341290791755 0.02431884292484265
0 0.7136569023132324 0.7928011694619822 0.02187577883402514 0.02413845801538264
0 0.12038422003388405 0.7999604690906613 0.019464172422885895 0.0227520373440527
0 0.16759319603443146 0.8026705009992733 0.019656628370285034 0.023064487664274356
0 0.1913076490163803 0.8037991516804193 0.019882013400395693 0.023568559986676247
0 0.21528230607509613 0.805093809615734 0.019968201716740908 0.023584765057231106
0 0.2384163737297058 0.8062544477558509 0.02005380392074585 0.024045899856922237
0 0.2874934673309326 0.8089579205180324 0.02005380392074585 0.024045899856922237
0 0.31312844157218933 0.8103700549688532 0.02005380392074585 0.024045899856922237
0 0.3381047546863556 0.8117459062519897 0.02005380392074585 0.024045899856922237
0 0.3631574511528015 0.8131259652071221 0.02005380392074585 0.024045899856922237
0 0.3884076476097107 0.8145169036949561 0.02005380392074585 0.024045899856922237
0 0.4143357276916504 0.8155967357546784 0.020884454250335693 0.02409469249636628
0 0.4400715231895447 0.8170470819659801 0.020884454250335693 0.02409469249636628
0 0.4931390732526779 0.8200377150001684 0.020884454250335693 0.02409469249636628
0 0.5198380351066589 0.8215423406556596 0.020884454250335693 0.02409469249636628
0 0.5471023321151733 0.8230788258936361 0.020884454250335693 0.02409469249636628
0 0.5740410685539246 0.8241824375363584 0.02109440167744947 0.02443340212799782
0 0.6020104289054871 0.8255447565123092 0.02109440167744947 0.02443340212799782
0 0.6293771862983704 0.8268777241754214 0.02109440167744947 0.02443340212799782
0 0.11816433444619179 0.8325669931810956 0.019711869458357498 0.02345961932988119
0 0.14205902814865112 0.8341432682276156 0.01971186945835751 0.02345961932988119
0 0.1892123818397522 0.8374143437428085 0.01979726552963257 0.023651418759841218
0 0.21263861656188965 0.838799232660338 0.01979726552963257 0.023651418759841218
0 0.23725831508636475 0.8402831498966661 0.02003804842631024 0.02363426740779433
0 0.26119929552078247 0.8416782532652404 0.020038048426310184 0.02363426740779433
0 0.28586429357528687 0.8431155470287931 0.020038048426310184 0.02363426740779433
0 0.3111390769481659 0.8445883745731824 0.020038048426310184 0.02363426740779433
0 0.36201396584510803 0.8475529870321584 0.020038048426310184 0.02363426740779433
0 0.38742852210998535 0.8491427129645586 0.020303746064504025 0.023939088333484737
0 0.4132324755191803 0.8507325911906353 0.020303746064504025 0.023939088333484737
0 0.4395655393600464 0.852355069892351 0.020303746064504025 0.023939088333484737
0 0.4652476906776428 0.8539453383171605 0.020419200261433956 0.023942400318707497
0 0.49265559017658234 0.8555461972258812 0.020776440699895204 0.02408286397771329
0 0.5463169813156128 0.8587950494654375 0.020682742198308235 0.02406665890715843
0 0.5741878747940063 0.8600500104520351 0.021568894386291504 0.0249316784762598
0 0.6018300652503967 0.8614868951079792 0.021568894386291504 0.0249316784762598
0 0.6296846866607666 0.8629348222599473 0.021568894386291504 0.0249316784762598
0 0.6580948233604431 0.8644116259727875 0.021568894386291504 0.0249316784762598
0 0.11619070917367935 0.864879121845259 0.01973683635393779 0.023044674895530522
0 0.13992108404636383 0.8666039400322493 0.019736836353937803 0.023044674895530522
0 0.16349539160728455 0.8682958026264989 0.02023648222287494 0.02358742647392805
0 0.21090486645698547 0.8717433613536493 0.02023648222287494 0.02358742647392805
0 0.2350977659225464 0.8735026392606918 0.02023648222287494 0.02358742647392805
0 0.2843835651874542 0.8770866419926137 0.020236482222874996 0.02358742647392805
0 0.30972450971603394 0.8789294043252635 0.020236482222874996 0.02358742647392805
0 0.33511418104171753 0.8803729567416879 0.020776251951853397 0.024368877558745266
0 0.3605090081691742 0.8820098443071824 0.020776251951853397 0.024368877558745266
0 0.3862345814704895 0.8839216897653979 0.02137027184168494 0.024956636650617734
0 0.4124961495399475 0.8856269273682428 0.02137027184168494 0.024956636650617734
0 0.46475836634635925 0.8890204603465715 0.02137027184168494 0.024956636650617734
0 0.5189184546470642 0.8925372274679976 0.02137027184168505 0.024956636650617734
0 0.5462883710861206 0.8943144332530887 0.02137027184168505 0.024956636650617734
0 0.573756754398346 0.8960897756177325 0.021490196386973137 0.025453316148861545
0 0.6017378568649292 0.8978735370623576 0.021490196386973137 0.025453316148861545
0 0.629564106464386 0.8989892571688547 0.021789749463399177 0.025477623754693667
0 0.11402252316474915 0.8976403027589542 0.01991639534632364 0.023266459620276164
0 0.16112756729125977 0.9015056698821312 0.019916395346323668 0.023266459620276164
0 0.18452368676662445 0.9035097166549327 0.02032227317492169 0.023496760878452035
0 0.20854029059410095 0.9056484477488151 0.020662665367126465 0.023575420527495266
0 0.23336490988731384 0.9074333545773529 0.020662665367126465 0.023575420527495266
0 0.25770002603530884 0.9091167006381723 0.02095011870066324 0.02394352402797965
0 0.28246009349823 0.9109338924932054 0.02095011870066321 0.02394352402797965
0 0.30706584453582764 0.91273975875102 0.02095011870066321 0.02394352402797965
0 0.33272963762283325 0.9146232768729637 0.02095011870066321 0.02394352402797965
0 0.3840996026992798 0.918393423390943 0.02095011870066321 0.02394352402797965
0 0.4103938341140747 0.9203181096166967 0.020864586035410526 0.023783011029857182
0 0.46396052837371826 0.9236501138414472 0.021786193052927616 0.024952733239462208
0 0.49067801237106323 0.9254087403763173 0.022104422251383482 0.02543202481528596
0 0.5179230570793152 0.927501280530774 0.022104422251383538 0.02543202481528596
0 0.545269787311554 0.9296016305840344 0.022104422251383538 0.02543202481528596
0 0.5733535289764404 0.9317585863809675 0.022104422251383538 0.02543202481528596
0 0.6012047529220581 0.9338976837867914 0.022104422251383538 0.02543202481528596
0 0.6295046806335449 0.9349777753963027 0.02249598503112793 0.025730458340903695
