0 0.13513390719890594 0.1098236926766329 0.02200486262639363 0.023833474447560864
0 0.16173197329044342 0.10945112453698187 0.022004862626393618 0.023833474447560864
0 0.8316157460212708 0.10006783516061073 0.022004862626393562 0.023833474447560864
0 0.8587066531181335 0.09968836362971815 0.022004862626393562 0.023833474447560864
0 0.8850117921829224 0.09931989861835598 0.022004862626393562 0.023833474447560864
0 0.4403655230998993 0.14038513340933303 0.021966616312662723 0.023751155350559456
0 0.4677234888076782 0.1398943856705067 0.021966616312662723 0.023751155350559456
0 0.4959242045879364 0.1393885206639389 0.02196661631266278 0.023751155350559456
0 0.5235165357589722 0.1388935688727213 0.021966616312662834 0.023751155350559456
0 0.5516307950019836 0.13838925472525662 0.021966616312662834 0.023751155350559456
0 0.1085992380976677 0.17842787365580715 0.0213113377491633 0.023444918699042742
0 0.13576851785182953 0.17795957029284445 0.021311337749163328 0.023444918699042763
0 0.16274714469909668 0.17749455311922 0.021311337749163328 0.02344491869904272
0 0.19082099199295044 0.17701065817544626 0.021311337749163328 0.023444918699042742
0 0.21790377795696259 0.17654384566292824 0.021311337749163328 0.023444918699042763
0 0.2744435966014862 0.17567204320153526 0.02150631944338477 0.0234968015389849
0 0.30119743943214417 0.1759138495423073 0.021387040615081787 0.02341990507850352
0 0.32896533608436584 0.1754256387014821 0.021387040615081787 0.0234199050785035
0 0.356494277715683 0.1749416291306751 0.021387040615081787 0.0234199050785035
0 0.38489848375320435 0.17444223079718837 0.021387040615081787 0.02341990507850352
0 0.44041046500205994 0.1734662277753963 0.021387040615081787 0.0234199050785035
0 0.46831613779067993 0.17317336052647628 0.021146972974141476 0.023657769195793196
0 0.4963991641998291 0.1728786319690215 0.02114697297414142 0.023657769195793196
0 0.5247430205345154 0.1725811660275478 0.021146972974141365 0.023657769195793196
0 0.5521576404571533 0.17229345232941384 0.021146972974141365 0.023657769195793196
0 0.607360303401947 0.1721245617918744 0.021276513735453362 0.02380127869835197
0 0.6640030145645142 0.17195126547923992 0.021276513735453362 0.02380127869835197
0 0.6917449235916138 0.17186639011855953 0.021276513735453362 0.02380127869835197
0 0.7187536954879761 0.17178375776423965 0.021276513735453362 0.02380127869835197
0 0.7470213174819946 0.17139480280321698 0.02165297667185473 0.023906079373618414
0 0.7750476002693176 0.17086216867379267 0.021693507830301995 0.024083625438601472
0 0.8026330471038818 0.17041056655174078 0.021693507830301995 0.024083625438601472
0 0.10881684720516205 0.21228938878968703 0.02074350416660309 0.023327213849208123
0 0.13631069660186768 0.21221533487009447 0.020924518505732237 0.023521526839381992
0 0.16326399147510529 0.21160420640781566 0.020924518505732237 0.023521526839381992
0 0.19055728614330292 0.21098536892321337 0.020924518505732237 0.023521526839381992
0 0.2178453803062439 0.21036664935283256 0.020924518505732237 0.023521526839381992
0 0.2733023464679718 0.2091092398000318 0.02092451850573218 0.023521526839381992
0 0.3012844920158386 0.20905405976051508 0.02084653576215112 0.023696529772854562
0 0.32890424132347107 0.2086606233510192 0.021322906017303467 0.023984953414562138
0 0.3568657636642456 0.20822957504627315 0.021322906017303467 0.023984953414562138
0 0.3852258324623108 0.2078797946803097 0.021231472492218018 0.02362561780352925
0 0.41268348693847656 0.2075411442877611 0.021231472492218018 0.02362561780352925
0 0.4408966302871704 0.2071931760343781 0.021231472492218018 0.02362561780352925
0 0.4692313075065613 0.2068437088367551 0.021231472492218018 0.02362561780352925
0 0.4970722645521164 0.20597828266232512 0.021096358696619688 0.023970566978750274
0 0.5250656604766846 0.2059124981030931 0.021096358696619744 0.023970566978750274
0 0.5808431506156921 0.20578142084423715 0.021096358696619744 0.023970566978750274
0 0.6089240312576294 0.20620428129684093 0.020894328753153557 0.023652808610783067
0 0.6368247866630554 0.20613309211551695 0.020894328753153557 0.023652808610783067
0 0.6642652153968811 0.20606307746435948 0.020894328753153557 0.023652808610783067
0 0.692377507686615 0.20599134854361284 0.020894328753153557 0.023652808610783067
0 0.7196375727653503 0.2059217940929324 0.020894328753153557 0.023652808610783067
0 0.10851278156042099 0.2466268539428711 0.020887449383735657 0.02379608154296875
0 0.13581189513206482 0.24606498221162684 0.020887449383735657 0.02379608154296875
0 0.1908678114414215 0.24493181856765756 0.020887449383735657 0.02379608154296875
0 0.2180471420288086 0.24437241221583167 0.020887449383735657 0.02379608154296875
0 0.2459155172109604 0.24379882391343258 0.020887449383735657 0.02379608154296875
0 0.2737630009651184 0.24365181146666062 0.020874083042144775 0.023720689522203575
0 0.30156373977661133 0.24322302320807282 0.020874083042144775 0.023720689522203575
0 0.3296920955181122 0.2428118905355764 0.020935962597529056 0.023715898972149072
0 0.35702213644981384 0.24223618174708167 0.0212399959564209 0.02415923185126726
0 0.38563141226768494 0.24194015820896347 0.0212399959564209 0.02415923185126726
0 0.4419711232185364 0.24135720460054638 0.0212399959564209 0.02415923185126726
0 0.4690552055835724 0.24107696241827573 0.0212399959564209 0.02415923185126726
0 0.497340589761734 0.2407842902250068 0.0212399959564209 0.02415923185126726
0 0.5537378191947937 0.2405539039162437 0.02089601755142212 0.02394240031870758
0 0.5817083120346069 0.24043964265439755 0.02089601755142212 0.02394240031870758
0 0.609330415725708 0.24032680458462644 0.02089601755142212 0.02394240031870758
0 0.6371794939041138 0.24021303930947946 0.02089601755142212 0.02394240031870758
0 0.665102481842041 0.24010011629462116 0.02069322268168139 0.023959477742512992
0 0.6923947334289551 0.23993013050829978 0.020649472872416252 0.023985189984935228
0 0.10915985703468323 0.2804488692172738 0.021535207827885955 0.02365093083344686
0 0.13619495928287506 0.2798931147831484 0.021535207827885927 0.02365093083344686
0 0.16327333450317383 0.2793364707963996 0.021535207827885927 0.02365093083344686
0 0.19163335859775543 0.2787534802459007 0.021607677141825377 0.024074421372524527
0 0.21862421929836273 0.27819956464928486 0.021154885490735353 0.024216688880624726
0 0.24566259235143661 0.27791839422181597 0.02115488549073538 0.024216688880624726
0 0.27394723892211914 0.277624263870427 0.02115488549073541 0.024216688880624726
0 0.3300532102584839 0.2770447620125704 0.02148689826329553 0.02413415539172266
0 0.35825327038764954 0.2767442501224291 0.02148689826329553 0.02413415539172266
0 0.3865848779678345 0.2764423364064417 0.02148689826329553 0.02413415539172266
0 0.41365450620651245 0.2761538708815397 0.02148689826329553 0.02413415539172266
0 0.44238758087158203 0.2758476789607558 0.02148689826329553 0.02413415539172266
0 0.4706546664237976 0.2758043508177503 0.021071215470631954 0.02358611055122792
0 0.49822840094566345 0.27560908295387443 0.0210712154706319 0.02358611055122792
0 0.5547574162483215 0.2752087635826844 0.021071215470631843 0.02358611055122792
0 0.5827856063842773 0.2750102774178229 0.021071215470631843 0.02358611055122792
0 0.6099998354911804 0.27481755544972974 0.021071215470631843 0.02358611055122792
0 0.6384891271591187 0.2746158039197394 0.021071215470631843 0.02358611055122792
0 0.6661564707756042 0.2745341739827016 0.02005934715270996 0.022702327994413154
0 0.6934575438499451 0.27439640543406857 0.02005934715270996 0.022702327994413154
0 0.7291533350944519 0.27421627488247186 0.02005934715270996 0.022702327994413154
0 0.41494089365005493 0.34486402467239735 0.021502554416656494 0.02417984304502026
0 0.4432235658168793 0.3447418095404876 0.021502554416656494 0.02417984304502026
0 0.4707402288913727 0.3446229044883932 0.021502554416656494 0.02417984304502026
0 0.4995392858982086 0.34449845795341927 0.021502554416656494 0.02417984304502026
0 0.5275628566741943 0.344377362450888 0.021502554416656494 0.02417984304502026
0 0.5548287630081177 0.34383625207945356 0.021445413430531746 0.023988768111827763
0 0.5830109715461731 0.34378495327261993 0.02147120237350464 0.024083189261976112
0 0.6114474534988403 0.3435982395624721 0.02139427264531446 0.024104096168695494
0 0.10926606506109238 0.3829233147377192 0.021562819679578155 0.02445390982221262
0 0.1362493485212326 0.38282111633655636 0.02134959896405536 0.024525206218394213
0 0.163433238863945 0.38218876320622236 0.02134959896405536 0.024525206218394213
0 0.19088663160800934 0.38155014089642286 0.02134959896405536 0.024525206218394213
0 0.21825528144836426 0.3809134898806419 0.02134959896405536 0.024525206218394213
0 0.27491500973701477 0.37959546821061957 0.021349598964055416 0.024525206218394213
0 0.30258479714393616 0.37902412171569905 0.02145877480506897 0.02427997884824296
0 0.33093100786209106 0.37968703041790336 0.02139657735824585 0.02419076963912609
0 0.35939839482307434 0.3797335624243479 0.02139657735824585 0.02419076963912609
0 0.3873696029186249 0.3797792833904887 0.02139657735824585 0.02419076963912609
0 0.41574031114578247 0.3797116747573382 0.0214768648147583 0.024216053097747093
0 0.47184693813323975 0.3793286500975143 0.021230340003967285 0.023981582286746003
0 0.4996633529663086 0.3791986404537402 0.021230340003967285 0.023981582286746003
0 0.5277628898620605 0.3792104055715162 0.021095792452494377 0.023903151815251773
0 0.5550695061683655 0.3789222587420335 0.021095792452494377 0.023903151815251773
0 0.5836516618728638 0.3786206520744901 0.021095792452494377 0.023903151815251773
0 0.611465573310852 0.37832715212903856 0.021095792452494377 0.023903151815251773
0 0.6395813822746277 0.3780304664789244 0.021095792452494377 0.023903151815251773
0 0.6953055262565613 0.37774990864354563 0.02131330966949463 0.023798395496930278
0 0.7228891253471375 0.37759851854900983 0.02131330966949463 0.023798395496930278
0 0.7508170008659363 0.37744523892436427 0.02131330966949463 0.023798395496930278
0 0.7791269421577454 0.3769043624285192 0.021495183308919197 0.02387168795563454
0 0.8068559765815735 0.37657755474711574 0.021495183308919197 0.02387168795563454
0 0.8342844247817993 0.37611890393634173 0.021707653999328613 0.02415986763414485
0 0.8620391358243356 0.3765120826319146 0.02172199885050463 0.023997432501741144
0 0.10978933423757553 0.41710205965263897 0.021548673510551453 0.02422173078670058
0 0.1637270152568817 0.41561408158436713 0.021578038732210814 0.023613064788108647
0 0.19166339933872223 0.41549695924270985 0.021578038732210814 0.023613064788108647
0 0.2192048877477646 0.4153814924877518 0.021578038732210814 0.023613064788108647
0 0.24757315963506699 0.4152502459149028 0.021394972999890655 0.023657066877498183
0 0.27581796050071716 0.4151335049307696 0.021394972999890682 0.023657066877498183
0 0.30330073833465576 0.4150199135287163 0.021394972999890682 0.023657066877498183
0 0.3315815031528473 0.41490302389891787 0.021394972999890682 0.023657066877498183
0 0.3599683940410614 0.4147856956304506 0.021394972999890682 0.023657066877498183
0 0.38790789246559143 0.41480499090150347 0.021335413058598873 0.02355865360230433
0 0.41614657640457153 0.4144997872538762 0.021335413058598873 0.02355865360230433
0 0.47280576825141907 0.4138874148054773 0.021335413058598873 0.02355865360230433
0 0.5004336982965469 0.41358881218488824 0.0213516851266225 0.023621758749318676
0 0.5565023422241211 0.41311046910361954 0.021351685126622444 0.023621758749318676
0 0.5843039155006409 0.41287328323120237 0.021351685126622444 0.023621758749318676
0 0.6121823787689209 0.412635441380809 0.021351685126622444 0.023621758749318676
0 0.6402316093444824 0.41239614264909613 0.021351685126622444 0.023621758749318676
0 0.6675359010696411 0.41200034562931503 0.02101246515909838 0.023442260978757817
0 0.6947134137153625 0.411618307704449 0.02101246515909838 0.023442260978757817
0 0.33300748467445374 0.4825363309347231 0.02121678988138831 0.023908156757206936
0 0.3607693314552307 0.48265621274016623 0.02121678988138831 0.023908156757206936
0 0.3898354768753052 0.4827817267961204 0.02121678988138831 0.023908156757206936
0 0.41782310605049133 0.482902583579968 0.02121678988138831 0.023908156757206936
0 0.4457293748855591 0.4831479634823065 0.021353652079900143 0.024011626724124824
0 0.5014976114034653 0.4825391547624455 0.021353652079900087 0.024011626724124824
0 0.5291514992713928 0.4822372637735373 0.021353652079900032 0.024011626724124824
0 0.5575636029243469 0.481927095521257 0.021353652079900032 0.024011626724124824
0 0.5850734710693359 0.4816267767617869 0.021353652079900032 0.024011626724124824
0 0.6132822036743164 0.48131882866339887 0.021353652079900032 0.024011626724124824
0 0.6410660743713379 0.4816528076960803 0.021262963612874275 0.023957392966100468
0 0.6685882806777954 0.480657089588254 0.021674195925394768 0.024026648942814317
0 0.10937678813934326 0.5202533367068268 0.021828100085258484 0.024905212165773433
0 0.16383202373981476 0.5198344499717225 0.021828100085258484 0.024905212165773433
0 0.1916968673467636 0.5196201048635983 0.021828100085258484 0.024905212165773433
0 0.2203453630208969 0.5193997316582258 0.021828100085258484 0.024905212165773433
0 0.2768695652484894 0.5189649297835409 0.021828100085258484 0.024905212165773433
0 0.3048550486564636 0.5185201334398847 0.021329661210378048 0.024092474649118824
0 0.33299657702445984 0.5183632607009611 0.021329661210378048 0.024092474649118824
0 0.3612815737724304 0.518205588208825 0.021329661210378048 0.024092474649118824
0 0.3896074891090393 0.5180476876192315 0.021329661210378048 0.024092474649118824
0 0.4177439510822296 0.5178908431225278 0.021329661210378048 0.024092474649118824
0 0.4455656409263611 0.5172059258749319 0.020910004774729374 0.023739629937696773
0 0.47346457839012146 0.5169634319913723 0.020910004774729374 0.023739629937696773
0 0.502090334892273 0.5167146206926246 0.02091000477472943 0.023739629937696773
0 0.5298448204994202 0.5164733823655443 0.020910004774729485 0.023739629937696773
0 0.5857983827590942 0.5159870413846748 0.020910004774729485 0.023739629937696773
0 0.6134616732597351 0.5156377846828157 0.020895560582478767 0.023925869963889897
0 0.641301691532135 0.5153214210687682 0.020895560582478767 0.023925869963889897
0 0.6698620915412903 0.5149241714450414 0.021162231763203865 0.024042499157809417
0 0.6977465152740479 0.5145716112713481 0.021162231763203865 0.024042499157809417
0 0.7255231738090515 0.514553794471799 0.021293719609578377 0.023795519688332673
0 0.7533003091812134 0.5144152973973474 0.021293719609578377 0.023795519688332673
0 0.10954506695270538 0.5548873280369958 0.02106618384520212 0.02360179812409157
0 0.1364123672246933 0.5548252164345485 0.021066183845202147 0.02360179812409157
0 0.19213399291038513 0.5546963996413734 0.021066183845202147 0.02360179812409157
0 0.2490748092532158 0.5546956094420518 0.021032969156901032 0.024069024610888997
0 0.2776090204715729 0.5541985090388808 0.021032969156901005 0.024069024610888997
0 0.30531927943229675 0.5537104052166606 0.020954589049021366 0.023812818896862833
0 0.33335262537002563 0.553378268996644 0.020954589049021366 0.023812818896862833
0 0.36100804805755615 0.5530506103727038 0.020954589049021366 0.023812818896862833
0 0.39002084732055664 0.5527068696897073 0.020954589049021366 0.023812818896862833
0 0.4464293420314789 0.552038547604583 0.020954589049021366 0.023812818896862833
0 0.4741235375404358 0.5513089202171149 0.02097133795420325 0.02393636777419458
0 0.5022544860839844 0.5510743392114364 0.020971337954203306 0.02393636777419458
0 0.5306777358055115 0.5508373207371394 0.020971337954203362 0.02393636777419458
0 0.5587639808654785 0.5506031125090843 0.020971337954203362 0.02393636777419458
0 0.5867946147918701 0.5503693680163924 0.020971337954203362 0.02393636777419458
0 0.6144265532493591 0.5499363909946039 0.020854592323303223 0.02397149847459429
0 0.6708720922470093 0.5492602911732261 0.020854592323303223 0.02397149847459429
0 0.6990755796432495 0.5494773331625914 0.020708799362182617 0.02347700725230141
0 0.7263620495796204 0.5491527734800826 0.020708799362182617 0.02347700725230141
0 0.7543424367904663 0.5488199599790765 0.020708799362182617 0.02347700725230141
0 0.7820162773132324 0.5484907927062557 0.020708799362182617 0.02347700725230141
0 0.8097690939903259 0.5481606860493504 0.020708799362182617 0.02347700725230141
0 0.8378466367721558 0.5478267169286783 0.020708799362182617 0.02347700725230141
0 0.1642911434173584 0.5888245540915646 0.020889838536580385 0.02395830967629597
0 0.19235241413116455 0.5887467140375182 0.020889838536580385 0.02395830967629597
0 0.22059090435504913 0.5890836648900016 0.02111087739467621 0.023949438287306148
0 0.24857958406209946 0.5890559925528331 0.021059195200602204 0.023860990539077587
0 0.3057580292224884 0.588432134583939 0.021059195200602177 0.023860990539077587
0 0.33404821157455444 0.5881234683434999 0.021059195200602177 0.023860990539077587
0 0.36227065324783325 0.5878155412025968 0.021059195200602177 0.023860990539077587
0 0.3908803462982178 0.5875033888705942 0.020970125993092892 0.023914839870245827
0 0.4195433259010315 0.5870804492503309 0.020970125993092892 0.023914839870245827
0 0.4478341341018677 0.5866630012444639 0.020970125993092892 0.023914839870245827
0 0.4751686453819275 0.5862596639787271 0.020970125993092892 0.023914839870245827
0 0.503092348575592 0.5858476328295331 0.020970125993092836 0.023914839870245827
0 0.530646026134491 0.5855230169936679 0.020937959353129143 0.024101434751998548
0 0.587422788143158 0.5848541176782223 0.020937959353129143 0.024101434751998548
0 0.6438602805137634 0.584189215371775 0.020937959353129143 0.024101434751998548
0 0.6716431975364685 0.5838618988161967 0.020937959353129143 0.024101434751998548
0 0.6996784210205078 0.5839795818579847 0.0213202635447185 0.023924361827761628
0 0.7278108596801758 0.5838739262070767 0.0213202635447185 0.023924361827761628
0 0.7557938694953918 0.5837688317589145 0.0213202635447185 0.023924361827761628
0 0.7832565307617188 0.5830472280266327 0.02130126953125 0.023798299390216205
0 0.16556161642074585 0.6240199606882899 0.021056175231933594 0.02414452013119241
0 0.1926768720149994 0.6240082230678824 0.021056175231933594 0.02414452013119241
0 0.2488403543829918 0.6239839110847442 0.021056175231933594 0.02414452013119241
0 0.277372807264328 0.623971559989618 0.021056175231933594 0.02414452013119241
0 0.30600830912590027 0.6239591642867687 0.021056175231933594 0.02414452013119241
0 0.3338702619075775 0.6239471034369484 0.021056175231933594 0.02414452013119241
0 0.3627023696899414 0.6226016997429488 0.020984351634979248 0.024067516474760724
0 0.3908204138278961 0.622405163077421 0.02085825800895691 0.024157915928567048
0 0.4476378560066223 0.6216394142836333 0.02085825800895691 0.024157915928567048
0 0.47547516226768494 0.6212642410467838 0.02085825800895691 0.024157915928567048
0 0.5032816380262375 0.6208894833235371 0.02085825800895691 0.024157915928567048
0 0.5316352844238281 0.6205073511877726 0.02085825800895691 0.024157915928567048
0 0.5596583485603333 0.6202353295650598 0.020704279343287224 0.024057610090388808
0 0.5879865288734436 0.6199093479746653 0.020704279343287224 0.024057610090388808
0 0.6155489087104797 0.6195921786995822 0.020704279343287224 0.024057610090388808
0 0.6436640024185181 0.6190292890681777 0.020907560984293694 0.023849694303763984
0 0.11089248210191727 0.6587548366812772 0.020659337441126496 0.023859896401102285
0 0.13805584609508514 0.659404289726686 0.021174907684326172 0.02412399765132939
0 0.19338282942771912 0.6591600373733876 0.021174907684326172 0.02412399765132939
0 0.22098247706890106 0.6590381930493253 0.021174907684326172 0.02412399765132939
0 0.27767622470855713 0.6587879068337361 0.021174907684326172 0.02412399765132939
0 0.30581483244895935 0.6586636831594068 0.021174907684326172 0.02412399765132939
0 0.33431413769721985 0.6585378671117035 0.021174907684326172 0.02412399765132939
0 0.36250144243240356 0.6576099056565436 0.021148105462392208 0.024018989976986378
0 0.3910376727581024 0.6570794305136037 0.021148105462392208 0.024018989976986378
0 0.447880357503891 0.656703593434134 0.020927468935648563 0.02403492890587154
0 0.47587308287620544 0.65619774751885 0.020927468935648563 0.02403492890587154
0 0.5041255950927734 0.655687207094108 0.02092746893564862 0.02403492890587154
0 0.5325562953948975 0.6551734467001051 0.020927468935648674 0.02403492890587154
0 0.5602637529373169 0.6546727557514989 0.020927468935648674 0.02403492890587154
0 0.5885816812515259 0.6543272595072902 0.02125183741251635 0.024129172628240013
0 0.6442044377326965 0.6537666864733992 0.02125183741251635 0.024129172628240013
0 0.7005206942558289 0.6531991242601305 0.02125183741251635 0.024129172628240013
0 0.7288678884506226 0.6529134377235877 0.02125183741251635 0.024129172628240013
0 0.7568745613098145 0.6526311830032704 0.02125183741251635 0.024129172628240013
0 0.7845048308372498 0.6527784924174465 0.021307071050008064 0.024108975432639897
0 0.8119726181030273 0.6519798012666924 0.02163982391357422 0.024339158405629183
0 0.11164504289627075 0.693222489467887 0.020821695526440948 0.02446965653766952
0 0.13835424184799194 0.6935393664472195 0.02082169552644092 0.02446965653766952
0 0.19379816949367523 0.6941971512181687 0.02082169552644092 0.02446965653766952
0 0.22145722806453705 0.6945252972979878 0.02082169552644092 0.02446965653766952
0 0.27797576785087585 0.6951958312288689 0.020821695526440975 0.02446965653766952
0 0.3060419261455536 0.6935351172158885 0.021095633506774902 0.02442938043165571
0 0.3345052897930145 0.6931042709706466 0.021095633506774902 0.02442938043165571
0 0.3630397915840149 0.6926723479165493 0.021095633506774902 0.02442938043165571
0 0.39133644104003906 0.6922563620163349 0.021121948957443237 0.0242773248243701
0 0.4192868769168854 0.6917297919928912 0.021025826533635494 0.024172376292620465
0 0.4484069347381592 0.6913024103918741 0.021025826533635494 0.024172376292620465
0 0.5044294744729996 0.6904801935243161 0.02102582653363544 0.024172376292620465
0 0.5321592092514038 0.6900732170506391 0.021025826533635383 0.024172376292620465
0 0.5894094705581665 0.6892329814822175 0.021025826533635383 0.024172376292620465
0 0.6171482801437378 0.6888258718217989 0.021025826533635383 0.024172376292620465
0 0.6454349160194397 0.6888018339586166 0.021237969398498535 0.024096171061197862
0 0.6737610697746277 0.6883924712324293 0.021237969398498535 0.024096171061197862
0 0.7016740441322327 0.6879890796750091 0.021237969398498535 0.024096171061197862
0 0.7295303344726562 0.6875865073013018 0.021237969398498535 0.024096171061197862
0 0.1663001924753189 0.7286514903223792 0.020952537655830383 0.024340577827867558
0 0.19364331662654877 0.7289088111533726 0.020952537655830383 0.024340577827867558
0 0.22181564569473267 0.7292976379394531 0.021100948254267393 0.02456679824710811
0 0.24932683259248734 0.7291109833214037 0.021100948254267365 0.02456679824710811
0 0.2781304717063904 0.7289155598277819 0.021100948254267338 0.02456679824710811
0 0.3066043555736542 0.728722373618209 0.021100948254267338 0.02456679824710811
0 0.3347693681716919 0.728531283001567 0.021100948254267338 0.02456679824710811
0 0.39191216230392456 0.7276557212652162 0.021153663595517513 0.024512239204820683
0 0.42040809988975525 0.7270899040754452 0.02141241232554114 0.024282588515170785
0 0.44884192943573 0.726662196383601 0.021600166956583622 0.02440643310546875
0 0.47677868604660034 0.72693253109905 0.021112551291783688 0.024020143257555058
0 0.5054577142000198 0.7262488076853197 0.021112551291783632 0.024020143257555058
0 0.532874584197998 0.7255951747989983 0.021112551291783577 0.024020143257555058
0 0.5608711838722229 0.7249277208462459 0.021112551291783577 0.024020143257555058
0 0.5898903012275696 0.7242358895235284 0.021320819854736328 0.024135619170906064
0 0.6180557608604431 0.7238821867395963 0.021320819854736328 0.024135619170906064
0 0.6462602615356445 0.7235279936769492 0.021320819854736328 0.024135619170906064
0 0.6743853688240051 0.723174797639109 0.021320819854736328 0.024135619170906064
0 0.7019903659820557 0.7228281331616778 0.021320819854736328 0.024135619170906064
0 0.7300896048545837 0.7224373484766761 0.021531661351521736 0.024277295253073577
0 0.7587347030639648 0.7220322752008342 0.021531661351521736 0.024277295253073577
0 0.7857638597488403 0.72140068231627 0.021659334500630623 0.024303879848746365
0 0.16724005341529846 0.7632277732671693 0.02109775940577191 0.0240490344143652
0 0.19405609369277954 0.7634354750104172 0.02109775940577191 0.0240490344143652
0 0.25087809562683105 0.7643601568875661 0.021450002988179534 0.023788925289183513
0 0.2787648141384125 0.7640915804131087 0.0214139620463053 0.023984391559926224
0 0.3075999617576599 0.7638002305169036 0.0214139620463053 0.023984391559926224
0 0.3356119990348816 0.7635171973151674 0.0214139620463053 0.023984391559926224
0 0.36381277441978455 0.7634411050903889 0.02165936430295312 0.024305180985798317
0 0.39272159337997437 0.7629401628361192 0.02165936430295312 0.024305180985798317
0 0.4211992919445038 0.7624466911887657 0.02165936430295312 0.024305180985798317
0 0.47791558504104614 0.7614688429721567 0.021859218676885006 0.024513540341872468
0 0.5063609033823013 0.760975763876043 0.02185921867688495 0.024513540341872468
0 0.5342296957969666 0.76049267844143 0.021859218676884895 0.024513540341872468
0 0.5620725750923157 0.7600100421920675 0.021859218676884895 0.024513540341872468
0 0.6190550923347473 0.7590222913165425 0.021859218676884895 0.024513540341872468
0 0.646513044834137 0.758530993794286 0.02179236213366198 0.024478941924812148
0 0.6750427484512329 0.7580978504689111 0.02175319194793701 0.024513067201126452
0 0.702829122543335 0.7576390554237163 0.02175319194793701 0.024513067201126452
0 0.7309715747833252 0.7571743809899618 0.02175319194793701 0.024513067201126452
0 0.7581930160522461 0.7568051537802053 0.021452705065409416 0.02418204610661954
0 0.36451980471611023 0.8339683177859284 0.022096077601114872 0.024991708208424068
0 0.39285388588905334 0.8335269683611233 0.022096077601114872 0.024991708208424068
0 0.42158615589141846 0.8330794164972924 0.022096077601114872 0.024991708208424068
0 0.4505056142807007 0.8326289488697073 0.022096077601114872 0.024991708208424068
0 0.4789729714393616 0.8321855234545331 0.022096077601114872 0.024991708208424068
0 0.11464496701955795 0.8663425001987192 0.021195734540621444 0.0241291134856468
0 0.14174821972846985 0.8667884649232377 0.021103903651237488 0.024111429850260525
0 0.1687522679567337 0.8678721050883449 0.02161999543507892 0.02474502445191387
0 0.19701483845710754 0.868546988196537 0.02161999543507892 0.02474502445191387
0 0.2241320163011551 0.8691945204253748 0.02161999543507892 0.02474502445191387
0 0.25211819261312485 0.8698628035051317 0.021619995435078948 0.02474502445191387
0 0.2803252339363098 0.8705363606297692 0.021619995435078976 0.02474502445191387
0 0.30826014280319214 0.8705214566962663 0.021522199114163754 0.024663821671360112
0 0.3365840017795563 0.8709751481539527 0.021522199114163754 0.024663821671360112
0 0.3934508264064789 0.8692348391510719 0.021762122710545895 0.0247661975003027
0 0.42203488945961 0.8693021729935048 0.021790236234664917 0.02476134780765515
0 0.45113274455070496 0.8684863780778822 0.021790236234664917 0.02476134780765515
0 0.479331374168396 0.8677595055945123 0.022014588117599487 0.024435176405795785
0 0.5076575130224228 0.8669335121332213 0.022014588117599487 0.024435176405795785
0 0.5358721613883972 0.8661107697473629 0.022014588117599487 0.024435176405795785
0 0.5643719434738159 0.8652797128295073 0.022014588117599487 0.024435176405795785
0 0.592400848865509 0.8644623867301053 0.022014588117599487 0.024435176405795785
0 0.11541599780321121 0.9004384417866551 0.020853176712989807 0.023960852807806333
0 0.14235761761665344 0.9013930297046663 0.020853176712989807 0.023960852807806333
0 0.16965197026729584 0.9024619169013445 0.02152314285437268 0.024436654970627532
0 0.1968270093202591 0.9031778535754772 0.02152314285437268 0.024436654970627532
0 0.22458218038082123 0.9039090740465998 0.02152314285437268 0.024436654970627532
0 0.252771757543087 0.9046517391106473 0.02152314285437265 0.024436654970627532
0 0.28057557344436646 0.9053842411484829 0.021523142854372623 0.024436654970627532
0 0.3088758587837219 0.9053364243618277 0.02231256167093909 0.024790150250575228
0 0.33758896589279175 0.9050598029288235 0.02231256167093909 0.024790150250575228
0 0.36550503969192505 0.9047908600969371 0.02231256167093909 0.024790150250575228
0 0.3947150707244873 0.9045094513099452 0.02231256167093909 0.024790150250575228
0 0.4520394504070282 0.9039571895155796 0.02231256167093909 0.024790150250575228
0 0.48082420229911804 0.9026948497687698 0.02221071720123291 0.02484119030856358
0 0.508330762386322 0.9021392644837846 0.02226841449737549 0.02516842627710139
0 0.5370612144470215 0.9014887949438013 0.02226841449737549 0.02516842627710139
0 0.5657661557197571 0.9008389029788063 0.02226841449737549 0.02516842627710139
0 0.5942618250846863 0.9001937490179792 0.02226841449737549 0.02516842627710139
0 0.6220422983169556 0.8995647873989371 0.02226841449737549 0.02516842627710139
0 0.6504273414611816 0.8989144569643219 0.022223591804504395 0.02478630598201308
