0 0.1816391944885254 0.16303763445525002 0.018881797790527344 0.02091407036596489
0 0.20384226739406586 0.16130381961201512 0.018843412399291992 0.021001571832701217
0 0.22675754129886627 0.1594995356508485 0.018843412399291992 0.021001571832701217
0 0.27506253123283386 0.15586188782093136 0.019809822241465214 0.021430303884107015
0 0.2983282506465912 0.1539207082565168 0.019809822241465214 0.021430303884107015
0 0.32142576575279236 0.1519935628493388 0.019809822241465214 0.021430303884107015
0 0.34556448459625244 0.14997954441746664 0.019809822241465214 0.021430303884107015
0 0.3698052167892456 0.1479570144830748 0.019809822241465214 0.021430303884107015
0 0.395134836435318 0.14602694676613073 0.02014579375584924 0.02227296016012977
0 0.4203871190547943 0.14410901211058239 0.02014579375584924 0.02227296016012977
0 0.47147196531295776 0.14022906990938408 0.02014579375584924 0.02227296016012977
0 0.49708259105682373 0.13861659688456165 0.02121905485788983 0.022499638934468113
0 0.5237287282943726 0.13649910549784816 0.021219054857889885 0.022499638934468113
0 0.5500267148017883 0.13440928064177518 0.021219054857889885 0.022499638934468113
0 0.5768387913703918 0.1322786025368108 0.021219054857889885 0.022499638934468113
0 0.6040483117103577 0.13011634072592093 0.021219054857889885 0.022499638934468113
0 0.6309487819671631 0.1279786382304515 0.021219054857889885 0.022499638934468113
0 0.6596565246582031 0.12684222154839095 0.02171909809112549 0.023105924443681095
0 0.6867755651473999 0.12548827016076378 0.021817127863566155 0.023147316866142804
0 0.18121673166751862 0.19338851751283156 0.01858802636464435 0.020968947299691135
0 0.20478682219982147 0.19156271948772163 0.01858802636464435 0.020968947299691135
0 0.22712022066116333 0.18983271871624272 0.01858802636464435 0.020968947299691135
0 0.25050581246614456 0.18802121242291536 0.018588026364644378 0.020968947299691135
0 0.2739241123199463 0.18620717248251273 0.01936062177022302 0.02149729026380435
0 0.29702407121658325 0.18455374451405557 0.01936062177022302 0.02149729026380435
0 0.32182401418685913 0.18277863662288243 0.01936062177022302 0.02149729026380435
0 0.3461798131465912 0.1810353192700536 0.01936062177022302 0.02149729026380435
0 0.3706567585468292 0.17928333060685978 0.01936062177022302 0.02149729026380435
0 0.3951270580291748 0.17805965077818217 0.020596643288930294 0.022709465766137898
0 0.41994455456733704 0.17624637138011842 0.020596643288930294 0.022709465766137898
0 0.44547614455223083 0.17438091706049239 0.020596643288930294 0.022709465766137898
0 0.49718278646469116 0.17059691007747207 0.021289984385172545 0.023055461025977334
0 0.5235483050346375 0.16888121652030272 0.0212899843851726 0.023055461025977334
0 0.5505039691925049 0.16712712019171425 0.0212899843851726 0.023055461025977334
0 0.5772773027420044 0.16538488873311577 0.0212899843851726 0.023055461025977334
0 0.6038522124290466 0.1636555693870367 0.0212899843851726 0.023055461025977334
0 0.6308214664459229 0.1620013790620032 0.02153225739796949 0.023163987684619504
0 0.6591137647628784 0.16019433043723882 0.02153225739796949 0.023163987684619504
0 0.4444922208786011 0.2382564988247184 0.02141716082890832 0.022822269173555596
0 0.470473974943161 0.237013952031389 0.02141716082890832 0.022822269173555596
0 0.49627020955085754 0.2357802774876257 0.021417160828908266 0.022822269173555596
0 0.5220081806182861 0.2345493893290675 0.02141716082890821 0.022822269173555596
0 0.1315629929304123 0.28544120584537547 0.018449316422144577 0.021105611047079396
0 0.1539434939622879 0.2844301933466002 0.01844931642214459 0.021105611047079396
0 0.17671196162700653 0.28340165491691066 0.01844931642214459 0.021105611047079396
0 0.1995222121477127 0.2823712289964282 0.01844931642214459 0.021105611047079396
0 0.2226286083459854 0.2813274250474087 0.01859685778617859 0.021797934243845386
0 0.24607420712709427 0.2801938165978826 0.01859685778617859 0.021797934243845386
0 0.2939452528953552 0.2778792234634869 0.01859685778617859 0.021797934243845386
0 0.31811103224754333 0.2767107938610365 0.01859685778617859 0.021797934243845386
0 0.3428427278995514 0.27551500187363737 0.01859685778617859 0.021797934243845386
0 0.3671185076236725 0.27427256309272885 0.018645023306210873 0.02177160100419395
0 0.39271172881126404 0.27397082572759585 0.019138912359873417 0.022251853647158155
0 0.13110224902629852 0.3155855578045512 0.01730449000994365 0.02086324469987736
0 0.15344296395778656 0.31462440153355736 0.017664586504300417 0.021327824555626183
0 0.17571978271007538 0.31389138864916427 0.017664586504300417 0.021327824555626183
0 0.19889205694198608 0.31312891103682855 0.017664586504300417 0.021327824555626183
0 0.2214018702507019 0.3123882315276021 0.017664586504300417 0.021327824555626183
0 0.24573839455842972 0.31158744457156157 0.017664586504300445 0.021327824555626183
0 0.29384201765060425 0.31000460745713154 0.017664586504300472 0.021327824555626183
0 0.31889623403549194 0.30889897013819495 0.018808046976725223 0.021861837815868736
0 0.343285471200943 0.30801320949389 0.018808046976725223 0.021861837815868736
0 0.36748090386390686 0.3071344873805497 0.018808046976725223 0.021861837815868736
0 0.39281994104385376 0.30621423219805594 0.018808046976725223 0.021861837815868736
0 0.41796740889549255 0.30530093437017397 0.018808046976725223 0.021861837815868736
0 0.4434066414833069 0.30418087715326353 0.01887013514836633 0.021980803142222297
0 0.12998062744736671 0.34606705155483514 0.01768803844849269 0.02129432027654133
0 0.1751231700181961 0.34457986378739547 0.017688038448492704 0.02129432027654133
0 0.1980505883693695 0.3438245369012916 0.017688038448492704 0.02129432027654133
0 0.22107906639575958 0.3430103479429733 0.0181867778301239 0.021637125532756454
0 0.24492686241865158 0.34230449124714657 0.0181867778301239 0.021637125532756454
0 0.2931947410106659 0.3408758390872229 0.0181867778301239 0.021637125532756454
0 0.31775471568107605 0.3401489030402271 0.0181867778301239 0.021637125532756454
0 0.3423141837120056 0.33942198198895124 0.0181867778301239 0.021637125532756454
0 0.3672257959842682 0.33869084336865674 0.018220270673433903 0.021626258081243917
0 0.39230504631996155 0.3380729916357723 0.018891553084055546 0.02205536716668178
0 0.4177471995353699 0.33738644178523575 0.020301222801208496 0.023201151411662704
0 0.44288957118988037 0.33656960864399754 0.020316501458485958 0.023059076116990648
0 0.49527040123939514 0.3345593449019644 0.020316501458485903 0.023059076116990648
0 0.5213706493377686 0.33350347918133405 0.021143515904744392 0.023503562276677596
0 0.5476534962654114 0.33263310740094965 0.021143515904744392 0.023503562276677596
0 0.5747305750846863 0.33173643416899645 0.021143515904744392 0.023503562276677596
0 0.6019182801246643 0.33083609748532755 0.021143515904744392 0.023503562276677596
0 0.6293705105781555 0.3299270008885583 0.021143515904744392 0.023503562276677596
0 0.657297670841217 0.3298780776514876 0.021464784940083748 0.023262349210044237
0 0.6864365935325623 0.32930221114047736 0.021464784940083748 0.023262349210044237
0 0.12954336404800415 0.3766050512048632 0.018003791570663452 0.021343260772468522
0 0.15191762149333954 0.37604487219522165 0.018068651358286558 0.021371538324873592
0 0.19764192402362823 0.3750635967698208 0.01845972736676532 0.021789964779402846
0 0.22068296372890472 0.37451185454422337 0.01845972736676532 0.021789964779402846
0 0.24447111785411835 0.37394222186845083 0.01845972736676535 0.021789964779402846
0 0.2682313621044159 0.37337325752434647 0.018459727366765377 0.021789964779402846
0 0.2925786077976227 0.37279023680576057 0.01895097891489661 0.02222850710846657
0 0.3167925477027893 0.37227696598512405 0.01895097891489661 0.02222850710846657
0 0.3419025242328644 0.3717447015824604 0.01895097891489661 0.02222850710846657
0 0.36639997363090515 0.37122542111817913 0.01895097891489661 0.02222850710846653
0 0.39214739203453064 0.3706796446511912 0.01895097891489661 0.022228507108466612
0 0.44247397780418396 0.3691450420305949 0.019632716973622677 0.022625206052794965
0 0.4683356285095215 0.3683386957922647 0.02003304163614905 0.022828981857891218
0 0.4941485822200775 0.36756722870481495 0.020033041636149107 0.02282898185789126
0 0.5200234055519104 0.3667939125311636 0.020033041636149163 0.022828981857891218
0 0.5469565987586975 0.3659889650481305 0.020033041636149163 0.022828981857891218
0 0.5742140412330627 0.3651743267857751 0.020033041636149163 0.022828981857891218
0 0.6295543313026428 0.36396910318511017 0.020675977071126228 0.023390836493913516
0 0.6576815247535706 0.36335653759637 0.020675977071126228 0.023390836493913558
0 0.6859750151634216 0.3627403503240541 0.020675977071126228 0.023390836493913516
0 0.7143834233283997 0.3621216603255971 0.020675977071126228 0.023390836493913478
0 0.7430036067962646 0.361994044725285 0.02146569887797045 0.023946385050928828
0 0.12866168841719627 0.4071626218077757 0.017945582667986557 0.021329243977864638
0 0.17379698157310486 0.40633529840513716 0.018006900946299254 0.02134861317715898
0 0.19718967378139496 0.4059462911510114 0.018006900946299254 0.02134861317715898
0 0.22038091719150543 0.4055606338765771 0.018006900946299254 0.02134861317715898
0 0.2439265176653862 0.40516908384439054 0.018006900946299226 0.02134861317715898
0 0.292161762714386 0.4043669589730196 0.018006900946299198 0.02134861317715898
0 0.3163243234157562 0.4039927194284838 0.018531709909439087 0.021660501642744724
0 0.366387277841568 0.4031897415428098 0.019668221473693848 0.02272781845211064
0 0.3909848928451538 0.40280120317326035 0.019668221473693848 0.02272781845211064
0 0.41635194420814514 0.4024005109608074 0.019668221473693848 0.02272781845211064
0 0.44150108098983765 0.40200326087784977 0.019668221473693848 0.02272781845211064
0 0.4675491750240326 0.40159181106922237 0.019668221473693848 0.02272781845211064
0 0.4934239983558655 0.40118309820546455 0.019668221473693848 0.02272781845211064
0 0.519988477230072 0.40015566626260446 0.02098468939463305 0.02323194991710574
0 0.5467312335968018 0.3995988139188217 0.02098468939463305 0.02323194991710574
0 0.5738041996955872 0.3990350857668495 0.02098468939463305 0.02323194991710574
0 0.6010035872459412 0.3984687251980596 0.02098468939463305 0.02323194991710574
0 0.6289330124855042 0.3978871633840162 0.02098468939463305 0.02323194991710574
0 0.44055232405662537 0.46700717127600383 0.02029075225194299 0.02233667891154923
0 0.46626830101013184 0.4668529039473604 0.02029075225194299 0.02233667891154923
0 0.4924895018339157 0.4666956058360649 0.020290752251942934 0.02233667891154923
0 0.5190194845199585 0.4665364553762037 0.02029075225194288 0.02233667891154923
0 0.12662383541464806 0.49935873164687045 0.017917317648728684 0.021844346393910433
0 0.14920763671398163 0.4995103994828567 0.01791731764872867 0.021844346393910433
0 0.17167717218399048 0.4996826875311685 0.01817647616068524 0.021874035975729827
0 0.1947038769721985 0.4998290483341661 0.01817647616068524 0.021874035975729827
0 0.21771839261054993 0.4999753316613034 0.01817647616068524 0.021874035975729827
0 0.24201905727386475 0.50012978992297 0.018176476160685212 0.021874035975729827
0 0.2658856511116028 0.5002814891726471 0.018176476160685184 0.021874035975729827
0 0.3142261505126953 0.5005887478262288 0.018176476160685184 0.021874035975729827
0 0.33891311287879944 0.49978815123092296 0.01938929160435998 0.022837912389474378
0 0.3638414442539215 0.49984645552146 0.01938929160435998 0.022837912389474378
0 0.38919931650161743 0.4999057644550859 0.01938929160435998 0.022837912389474378
0 0.44022807478904724 0.5000251144229664 0.01938929160435998 0.022837912389474378
0 0.4923784136772156 0.5001470876294513 0.020612875620524107 0.023336543593295785
0 0.5188280940055847 0.5001021314419666 0.020612875620524163 0.023336543593295785
0 0.5451884269714355 0.500057327117065 0.020612875620524163 0.023336543593295785
0 0.5723122358322144 0.5000112251218307 0.020612875620524163 0.023336543593295785
0 0.5998202562332153 0.49996447008709577 0.020612875620524163 0.023336543593295785
0 0.1268129087984562 0.5300269459569177 0.017320550978183746 0.021396163822144446
0 0.14891564846038818 0.5303477906061796 0.01760658621788025 0.021541063175644984
0 0.17115314304828644 0.530837569125863 0.01760658621788025 0.021541063175644984
0 0.19376328587532043 0.5313355551844939 0.01760658621788025 0.021541063175644984
0 0.21777184307575226 0.5318643411751496 0.01760658621788025 0.021541063175644984
0 0.24125859141349792 0.5323816343795421 0.01760658621788025 0.021541063175644984
0 0.28906741738319397 0.5318168373995049 0.019099771976470947 0.022540602573128635
0 0.31423041224479675 0.53171650199003 0.019040604432423947 0.022448369698931134
0 0.3389902412891388 0.5319241492964452 0.019040604432423947 0.022448369698931134
0 0.3640701174736023 0.5321344806652767 0.019040604432423947 0.022448369698931134
0 0.4146408140659332 0.5325585897700744 0.019040604432423947 0.022448369698931134
0 0.4397992789745331 0.5327695802200673 0.019040604432423947 0.022448369698931134
0 0.46565699577331543 0.5329258289690677 0.01993282636006677 0.023186232692511452
0 0.49196459352970123 0.533084796184566 0.019932826360066713 0.023186232692511452
0 0.5182788968086243 0.5332438039190904 0.019932826360066658 0.023186232692511452
0 0.5449322462081909 0.5334048603856286 0.019932826360066658 0.023186232692511452
0 0.6001046299934387 0.5339565277099609 0.021501223246256584 0.023573025252467846
0 0.6280294060707092 0.5340950123621383 0.021501223246256584 0.023573025252467846
0 0.6558809876441956 0.5342331340278633 0.021501223246256584 0.023573025252467846
0 0.6842707395553589 0.5343739245899055 0.021501223246256584 0.023573025252467846
0 0.7133582234382629 0.5345181753469068 0.021501223246256584 0.023573025252467846
0 0.7423365712165833 0.5346577430541646 0.02184462547302246 0.02380932948386028
0 0.1255616955459118 0.5605609361515489 0.017587117850780487 0.021299465682155346
0 0.170315220952034 0.5617523648893887 0.017587117850780487 0.021299465682155346
0 0.19310322403907776 0.562359027303344 0.017587117850780487 0.021299465682155346
0 0.21669317781925201 0.5629870392555414 0.017587117850780487 0.021299465682155346
0 0.2400825023651123 0.5636097100545393 0.017587117850780487 0.021299465682155346
0 0.2642233073711395 0.5627468293830048 0.01867433389027917 0.022102858669073952
0 0.3125022053718567 0.563699351594623 0.01867433389027917 0.022102858669073952
0 0.3379075527191162 0.5642005883387132 0.01867433389027917 0.022102858669073952
0 0.3629041910171509 0.564693761426349 0.018988947073618534 0.022611100544301058
0 0.3880910873413086 0.5650136795645335 0.018988947073618534 0.022611100544301058
0 0.41375792026519775 0.5653396937465281 0.018988947073618534 0.022611100544301058
0 0.4394097626209259 0.5656655175217892 0.018988947073618534 0.022611100544301058
0 0.4652427136898041 0.5659936416980832 0.018988947073618534 0.022611100544301058
0 0.49126847088336945 0.5664786920395494 0.01948480804761249 0.02303210709446166
0 0.5444835424423218 0.5673308705174646 0.019484808047612434 0.02303210709446166
0 0.571558952331543 0.5677644522249093 0.019484808047612434 0.02303210709446166
0 0.5986425280570984 0.5680549532868141 0.019812633593877083 0.023068982501362644
0 0.6274957656860352 0.5684892628862016 0.020182599623997932 0.02336135391117061
0 0.12418035045266151 0.5922131005439818 0.017742286125818893 0.021546297295148984
0 0.14657454192638397 0.5927056600881178 0.017742286125818907 0.021546297295148984
0 0.16915929317474365 0.5932930641038805 0.017863094806671143 0.02164036358973782
0 0.19216634333133698 0.5937415721804596 0.017863094806671143 0.02164036358973782
0 0.21604332327842712 0.594207038995097 0.017863094806671143 0.02164036358973782
0 0.2400711327791214 0.5946550338635589 0.018853445847829164 0.022383785987085205
0 0.2637586295604706 0.595137219096339 0.018789152304331425 0.022383904272271625
0 0.31172114610671997 0.5961212034713931 0.018789152304331425 0.022383904272271625
0 0.33728376030921936 0.5966456382753204 0.018789152304331425 0.022383904272271625
0 0.3621143400669098 0.5971550548836323 0.018789152304331425 0.022383904272271625
0 0.3874976634979248 0.5976758114127225 0.018789152304331425 0.022383904272271625
0 0.4127199351787567 0.5982946801533479 0.019487857818603516 0.022702091424040147
0 0.4385278522968292 0.598883872808412 0.019487857818603516 0.022702091424040147
0 0.46495115756988525 0.5994871147251533 0.019487857818603516 0.022702091424040147
0 0.49124816060066223 0.5995458114978879 0.019477287928263365 0.023041008054748006
0 0.5442493557929993 0.601125672806141 0.020922422409057617 0.02414611698121058
0 0.5716739296913147 0.6014652629757375 0.020922422409057617 0.02414611698121058
0 0.5991418957710266 0.6018053904575379 0.020922422409057617 0.02414611698121058
0 0.6272554397583008 0.6021535119345022 0.020922422409057617 0.02414611698121058
0 0.41195136308670044 0.6651095456855242 0.02043258150418603 0.023064044094825032
0 0.4376862347126007 0.6660560446636775 0.02043258150418603 0.023064044094825032
0 0.4639566242694855 0.6670222393753797 0.02043258150418603 0.023064044094825032
0 0.4903803616762161 0.6679940740446187 0.020432581504185976 0.023064044094825032
0 0.5166782736778259 0.6689612810001817 0.02043258150418592 0.023064044094825032
0 0.543647050857544 0.6702244995819469 0.020292441050211663 0.02324176758758776
0 0.121661476790905 0.6858554602878323 0.018791258335113525 0.021973454675009083
0 0.1444268375635147 0.6867567993873773 0.018791258335113525 0.021973454675009083
0 0.16722145676612854 0.6872372294581214 0.019036591053009033 0.02219041927840353
0 0.19055473804473877 0.688369555213161 0.019036591053009033 0.02219041927840353
0 0.21416769921779633 0.6895154533733788 0.019036591053009033 0.02219041927840353
0 0.238003209233284 0.6906721514628064 0.019036591053009033 0.02219041927840353
0 0.26185494661331177 0.6918296370395395 0.019036591053009033 0.02219041927840353
0 0.2862357199192047 0.69250058018884 0.01998094717661536 0.022813634354938776
0 0.33514606952667236 0.6948935354077146 0.01998094717661536 0.022813634354938776
0 0.38596436381340027 0.6973798374583783 0.01998094717661536 0.022813634354938776
0 0.41124483942985535 0.6986166931862055 0.01998094717661536 0.022813634354938776
0 0.4375282824039459 0.6999026194275758 0.01998094717661536 0.022813634354938776
0 0.4638370871543884 0.7005702173987101 0.02026037375132239 0.023264862770257994
0 0.48989148437976837 0.7013692190480787 0.02031565705935162 0.023291358652040885
0 0.5166653394699097 0.702993304230446 0.020353853702545166 0.023423778918362458
0 0.5431081652641296 0.7041727774170333 0.020353853702545166 0.023423778918362458
0 0.12065810337662697 0.7166397349532405 0.018262863159179688 0.021988624750181686
0 0.14339381456375122 0.7177606325035175 0.018553843100865663 0.022139734075975102
0 0.1663079857826233 0.7189506264620049 0.018553843100865663 0.022139734075975102
0 0.18930953741073608 0.7201451583179398 0.018553843100865663 0.022139734075975102
0 0.21309170126914978 0.7213802294466727 0.018553843100865663 0.022139734075975102
0 0.23679031431674957 0.7226109615592069 0.018553843100865663 0.022139734075975102
0 0.28476396203041077 0.7251023608946034 0.01855384310086572 0.022139734075975102
0 0.3096795082092285 0.7265010656312455 0.018860270579656002 0.0224252745162609
0 0.33501937985420227 0.7279621390409248 0.019718309243520138 0.023073403410209296
0 0.3598860800266266 0.7292598312984325 0.019718309243520138 0.023073403410209296
0 0.3856794238090515 0.7306058813287781 0.019718309243520138 0.023073403410209296
0 0.41029417514801025 0.7318904253982187 0.019718309243520138 0.023073403410209296
0 0.4365506172180176 0.7332606426505155 0.019718309243520138 0.023073403410209213
0 0.11951087787747383 0.7482028031677143 0.018189718325932816 0.022228314895038428
0 0.1423020362854004 0.7495315019474473 0.018391827742258726 0.022425732871358735
0 0.1651497334241867 0.7508588625965948 0.018391827742258726 0.022425732871358735
0 0.18916788697242737 0.7523268766181413 0.018714815378189087 0.02231491443722747
0 0.2129386067390442 0.7536813166592002 0.018714815378189087 0.02231491443722747
0 0.26057595014572144 0.756395661281204 0.018714815378189087 0.02231491443722747
0 0.28478574752807617 0.7577751196771856 0.018714815378189087 0.02231491443722747
0 0.3094218969345093 0.7596755574885424 0.01965618133544922 0.023192945376847032
0 0.3342514932155609 0.7605498647228836 0.01975260178248084 0.023358781208363724
0 0.359429270029068 0.7621349068575127 0.01975260178248084 0.023358781208363724
0 0.4101506769657135 0.7653280230614471 0.01975260178248084 0.023358781208363724
0 0.4360051453113556 0.7669556656448181 0.01975260178248084 0.023358781208363724
0 0.46253374218940735 0.7686257473258085 0.01975260178248084 0.023358781208363724
0 0.48976677656173706 0.7703401761752527 0.01975260178248084 0.023358781208363724
0 0.5158873796463013 0.7715808984513304 0.02085987726847338 0.023473576981892067
0 0.5428068041801453 0.7731998354889625 0.02085987726847338 0.023473576981892067
0 0.5703095197677612 0.7747669844515674 0.02086120843887329 0.023642665656038144
0 0.1186373382806778 0.7795878565588663 0.01843392848968506 0.021954972614613724
0 0.14058050513267517 0.7806820536768714 0.018648495276768984 0.021932084431019974
0 0.16522598266601562 0.7824056674993387 0.018648495276768984 0.021932084431019974
0 0.18810606002807617 0.7840431568234466 0.01915438969930011 0.022037062534066135
0 0.21206165850162506 0.7853640179301418 0.019228855768839537 0.02228900998137718
0 0.2599712908267975 0.7885024954902904 0.01922885576883948 0.02228900998137718
0 0.2843097150325775 0.7900968637730771 0.01922885576883948 0.02228900998137718
0 0.3093000650405884 0.79173393859319 0.01922885576883948 0.02228900998137718
0 0.334181547164917 0.7933638816656068 0.01922885576883948 0.02228900998137718
0 0.3843412399291992 0.7967113656383427 0.01988232135772705 0.022939519364704567
0 0.4101313650608063 0.7984470366968376 0.01988232135772705 0.022939519364704567
0 0.4356656074523926 0.8001654868902162 0.01988232135772705 0.022939519364704567
0 0.4615079164505005 0.8021941670453322 0.020126283168792725 0.023484281791272904
0 0.4882839322090149 0.8038910266964935 0.020126283168792725 0.023484281791272904
0 0.5154081583023071 0.8059360592864281 0.02054540316263842 0.023778397907582474
0 0.5423240661621094 0.8078838298713832 0.02054540316263842 0.023778397907582474
0 0.16335691511631012 0.8145806955736737 0.018927777806917845 0.0222881228424782
0 0.1867118775844574 0.8161665659049981 0.018927777806917845 0.0222881228424782
0 0.21038267016410828 0.8175360213878543 0.019261017441749573 0.022616719090661336
0 0.23498229682445526 0.819326170906266 0.019261017441749573 0.022616719090661336
0 0.25871435552835464 0.8210531862811858 0.019261017441749573 0.022616719090661336
0 0.2835437059402466 0.8228600531209161 0.019261017441749573 0.022616719090661336
0 0.33284130692481995 0.826832758413536 0.02062247196833289 0.023944825165031602
0 0.35790500044822693 0.8287096245344295 0.02062247196833289 0.023944825165031602
0 0.3838423192501068 0.8306519110885081 0.02062247196833289 0.023944825165031602
0 0.4352306127548218 0.834500064873163 0.02062247196833289 0.023944825165031602
0 0.4620436728000641 0.8365079303120457 0.02062247196833289 0.023944825165031602
0 0.4874957501888275 0.8384138801160009 0.02062247196833289 0.023944825165031602
0 0.5152571201324463 0.840278908614826 0.02113397916158033 0.024261533751968375
0 0.542244017124176 0.8422272260798964 0.02113397916158033 0.024261533751968375
0 0.5704057216644287 0.8443047084594333 0.023362040519714355 0.02528475975805486
0 0.5982372760772705 0.8456117496934048 0.023362040519714355 0.02528475975805486
0 0.6269299387931824 0.8469592307836035 0.023362040519714355 0.02528475975805486
0 0.6549164652824402 0.84827354990407 0.023362040519714355 0.02528475975805486
0 0.6846700310707092 0.8496708537256995 0.023362040519714355 0.02528475975805486
0 0.7121127843856812 0.8509596358621306 0.023362040519714355 0.02528475975805486
0 0.1630859673023224 0.8465413825456486 0.01893209914366406 0.022420365681019974
0 0.18603797256946564 0.848297119140625 0.019020343820254026 0.022464308627816135
0 0.21023617684841156 0.8502745656161793 0.019020343820254026 0.022464308627816135
0 0.23363186419010162 0.8521864314283563 0.019020343820254026 0.022464308627816135
0 0.2579980567097664 0.8541776056892747 0.019020343820254 0.022464308627816135
0 0.28283336758613586 0.8562071157056231 0.01902034382025397 0.022464308627816135
0 0.33184415102005005 0.8602275777459077 0.019668196638425228 0.022878543351047612
0 0.3569851815700531 0.8622866359340491 0.019668196638425228 0.022878543351047612
0 0.3830256760120392 0.8644193604935048 0.019668196638425228 0.022878543351047612
0 0.40875479578971863 0.8667178227383324 0.020323117574056027 0.02361415892608395
0 0.434866726398468 0.8687466466149618 0.020323117574056027 0.02361415892608395
0 0.46101945638656616 0.8708154898551437 0.020497143268585205 0.023836653361948776
0 0.16225285828113556 0.8786126957383267 0.019884059826533018 0.02237358388974674
0 0.20981551706790924 0.8830070986997071 0.019884059826533018 0.02237358388974674
0 0.23342913389205933 0.8851888049025949 0.019884059826533018 0.02237358388974674
0 0.2569008693099022 0.8873574024171136 0.01988405982653299 0.02237358388974674
0 0.28172948956489563 0.8893832231533422 0.020769913991292355 0.023808264917181333
0 0.3059331476688385 0.8915063724961392 0.02098635832468665 0.02404601814210866
0 0.3310522139072418 0.8937099767853397 0.02098635832468665 0.02404601814210866
0 0.3561975359916687 0.8959158844043841 0.02098635832468665 0.02404601814210866
0 0.3820234537124634 0.8981814982023635 0.02098635832468665 0.02404601814210866
0 0.40814897418022156 0.900473395059275 0.02098635832468665 0.02404601814210866
0 0.4608841836452484 0.9050981734250985 0.021250605583190918 0.024055658384811048
0 0.4877966046333313 0.9072216832360556 0.021950940291086796 0.02422936018123183
0 0.5148780941963196 0.909477001089025 0.02220519383748365 0.024346107660337936
0 0.5418254137039185 0.9117502611736918 0.02220519383748365 0.024346107660337936
0 0.5688081979751587 0.9138934113258539 0.02209738890330004 0.024420568185259096
0 0.5976373553276062 0.916267643099101 0.022607028484344482 0.024507862652918978
0 0.6254957318305969 0.9174531853226134 0.022707223892211914 0.02463377723398146
