0 0.29561448097229004 0.1177204597828 0.021531422932942745 0.023517948712489415
0 0.32076138257980347 0.11574015506478243 0.021150588989257812 0.023515213367550872
0 0.3462613523006439 0.11363788794335557 0.021150588989257812 0.023515213367550872
0 0.3712943196296692 0.11157412140779953 0.021150588989257812 0.023515213367550872
0 0.39732810854911804 0.10942784519293819 0.021150588989257812 0.023515213367550872
0 0.4231061339378357 0.10730265462121298 0.02207028865814209 0.024897987528364803
0 0.44896262884140015 0.10501808408991598 0.02207028865814209 0.024897987528364793
0 0.475534051656723 0.10267034555207764 0.02207028865814209 0.024897987528364793
0 0.502460315823555 0.10029125473319861 0.02207028865814209 0.024897987528364793
0 0.5290392637252808 0.09794285131055255 0.02207028865814209 0.024897987528364793
0 0.5563541650772095 0.09579200522844182 0.0221197704474132 0.024272334668063375
0 0.583253026008606 0.09383845606515574 0.02268335223197937 0.024838839390481163
0 0.6114358305931091 0.09219673622486203 0.023001035054524666 0.025247185729270767
0 0.37308523058891296 0.1442487960638002 0.020823240280151367 0.023140411968379043
0 0.3983171880245209 0.14335212346236625 0.020906150341033936 0.023523375045421513
0 0.42371678352355957 0.14140678006549215 0.02120596170425415 0.023704055667847612
0 0.4504905343055725 0.1394146975516888 0.02120596170425415 0.023704055667847612
0 0.4771689176559448 0.1374297107860496 0.02120596170425415 0.023704055667847612
0 0.5031866431236267 0.13549387981581723 0.02120596170425415 0.023704055667847612
0 0.5304784774780273 0.13346324965011241 0.02120596170425415 0.023704055667847612
0 0.3488297978443886 0.1800513016767942 0.020960132280985477 0.02283498483110765
0 0.3737427374320244 0.1779774331831345 0.020856499671936035 0.02278275822484218
0 0.39901999439766156 0.17691424526879518 0.020650625228881836 0.022745494694672765
0 0.42529594898223877 0.1746615254601767 0.020650625228881836 0.022745494694672828
0 0.4520178735256195 0.1728725031473684 0.020650625228881836 0.022745494694672828
0 0.47838762402534485 0.17110705874793491 0.020650625228881836 0.022745494694672828
0 0.5046330690383911 0.16934993655182595 0.020650625228881836 0.022745494694672828
0 0.5317773818969727 0.16644794269285074 0.020650625228881836 0.022745494694672828
0 0.5576178511576866 0.16549697506406738 0.020678162574768066 0.022761707158051734
0 0.5849764943122864 0.1631553398987685 0.021051963170369392 0.022761404052261222
0 0.24921974539756775 0.24940763517867687 0.02154099941253662 0.023357006930565676
0 0.2743484079837799 0.24818460958820204 0.02154099941253662 0.023357006930565676
0 0.29953575134277344 0.2469587279727981 0.02154099941253662 0.023357006930565676
0 0.32469406723976135 0.2457342591396598 0.02154099941253662 0.023357006930565676
0 0.34970730543136597 0.24451685131685905 0.02154099941253662 0.023357006930565676
0 0.37573644518852234 0.24395620039422472 0.021240989367167118 0.022997952246850747
0 0.4019019603729248 0.24236253250476925 0.021240989367167118 0.022997952246850747
0 0.427717387676239 0.24077928651810554 0.021465261777242062 0.023230101711066223
0 0.4536554515361786 0.23920485030773075 0.021465261777242062 0.023230101711066223
0 0.4799879193305969 0.23760647384339895 0.021465261777242062 0.023230101711066223
0 0.5325245261192322 0.234417510451802 0.02146526177724195 0.023230101711066223
0 0.5592278242111206 0.2327966246494027 0.02146526177724195 0.023230101711066223
0 0.5870696902275085 0.23110662796124173 0.02146526177724195 0.023230101711066223
0 0.6146668791770935 0.22925594241120095 0.022105813026428223 0.023660083149754724
0 0.6424647569656372 0.2282905800398006 0.02266772588094068 0.02391945299252062
0 0.67110675573349 0.2267400408754522 0.02266772588094068 0.02391945299252062
0 0.699460506439209 0.22325626376429175 0.02318771680196119 0.024081015771673604
0 0.3772393465042114 0.30814126480457393 0.021576205889383915 0.023166789564975473
0 0.4030974805355072 0.3072354592693393 0.021576205889383915 0.023166789564975473
0 0.42924150824546814 0.30631963893271535 0.021576205889383915 0.023166789564975473
0 0.4550909101963043 0.3054141392806045 0.021576205889383915 0.023166789564975473
0 0.48134830594062805 0.30449434768321904 0.021576205889383915 0.023166789564975473
0 0.5074193924665451 0.30323290270428327 0.021402309338251768 0.023227928220763715
0 0.5343127250671387 0.302027970875398 0.021441469589869255 0.023272048595339753
0 0.10498920828104019 0.35072506305783296 0.019027918577194214 0.021932306215744636
0 0.12869499623775482 0.35072898307738437 0.019027918577194214 0.021932306215744636
0 0.15243953466415405 0.35073290950476327 0.019027918577194214 0.021932306215744636
0 0.1764758676290512 0.3507368841836619 0.019027918577194214 0.021932306215744636
0 0.1052621454000473 0.38142644527346586 0.01893295596043268 0.021911502808563455
0 0.1286865808069706 0.3809443409745201 0.018932955960432693 0.021911502808563455
0 0.15303850173950195 0.38044314785864725 0.018932955960432707 0.021911502808563455
0 0.17647354304790497 0.37996082527692926 0.018932955960432707 0.021911502808563455
0 0.10559135675430298 0.4131774015204851 0.01848614712556204 0.021414172741793792
0 0.12921032309532166 0.41237295900335236 0.018486147125562027 0.021414172741793792
0 0.15340349078178406 0.4115489596618861 0.018486147125562014 0.021414172741793792
0 0.1775396466255188 0.41072690209677054 0.018486147125562014 0.021414172741793792
0 0.10596954822540283 0.4442155083944631 0.0187258223692576 0.02171991037767987
0 0.12994304299354553 0.44382800241452364 0.018725822369257614 0.02171991037767987
0 0.1539279669523239 0.4433978038262582 0.019101406137148558 0.02191812677900926
0 0.17822562158107758 0.4429370968840843 0.019101406137148558 0.02191812677900926
0 0.2031276822090149 0.4424649298218301 0.019101406137148558 0.02191812677900926
0 0.2280997335910797 0.4419914356674427 0.019101406137148558 0.02191812677900926
0 0.2527466490864754 0.4415241064027298 0.01910140613714853 0.02191812677900926
0 0.10638830810785294 0.47563996425894806 0.018676469723383576 0.022149965744609926
0 0.13001519441604614 0.47563934153388926 0.018739541371663407 0.022029580996017994
0 0.15418699383735657 0.47509823289028436 0.018739541371663393 0.022029580996017994
0 0.1788415014743805 0.47454631836568933 0.018739541371663393 0.022029580996017994
0 0.20314760506153107 0.4737774604974791 0.01891803741455078 0.02205921143524401
0 0.22802822291851044 0.4734507664448616 0.01891803741455078 0.02205921143524401
0 0.2534318044781685 0.4731172056362662 0.01891803741455078 0.02205921143524401
0 0.2788623571395874 0.47278329068459507 0.01891803741455078 0.02205921143524401
0 0.30439475178718567 0.4724480385004088 0.01891803741455078 0.02205921143524401
0 0.3302571177482605 0.4721487200094704 0.019738053282101986 0.02222676240196529
0 0.38082700967788696 0.4712013422056686 0.019738053282101986 0.02222676240196529
0 0.40660712122917175 0.47098404628053797 0.01980304718017578 0.02247666942980868
0 0.4325999617576599 0.4706117496934048 0.01980304718017578 0.02247666942980868
0 0.4586164057254791 0.4702058469822223 0.02035103241602576 0.022747217222701673
0 0.4851186275482178 0.4698198621839694 0.02035103241602576 0.022747217222701673
0 0.5115008354187012 0.4694356252980787 0.02035103241602587 0.022747217222701673
0 0.5379723906517029 0.46825737176939497 0.0203899542490642 0.0228628114212391
0 0.5649803280830383 0.4679036251334257 0.02059537172317505 0.022941825925841756
0 0.10688380151987076 0.5076440206970504 0.018581191698710114 0.022143726201020526
0 0.15439826250076294 0.5069687421931777 0.018622477849324526 0.022097180980120465
0 0.17885999381542206 0.5066523648457488 0.018622477849324526 0.022097180980120465
0 0.2034408152103424 0.5063344472392429 0.018622477849324526 0.022097180980120465
0 0.25409170985221863 0.5056793506933132 0.018622477849324554 0.022097180980120465
0 0.27962666749954224 0.5053490927053053 0.01862247784932458 0.022097180980120465
0 0.30504685640335083 0.505005769951399 0.018854717413584354 0.022158363992853737
0 0.3302907943725586 0.5048313140869141 0.019565780957539913 0.02235814767290461
0 0.3557974100112915 0.5044336141598005 0.019565780957539913 0.02235814767290461
0 0.38131004571914673 0.5040358203675858 0.019565780957539913 0.02235814767290461
0 0.40732479095458984 0.5036301976683396 0.019565780957539913 0.02235814767290461
0 0.43313202261924744 0.503227810527003 0.019565780957539913 0.02235814767290461
0 0.45921462774276733 0.5028793867244277 0.02041912078857422 0.022957203000090843
0 0.48579731583595276 0.5026358188354954 0.02041912078857422 0.022957203000090843
0 0.5116742253303528 0.5024200262025346 0.02053312460581469 0.023610403371411702
0 0.5656994581222534 0.5017557526415303 0.02053312460581469 0.023610403371411702
0 0.592285692691803 0.5014288584885844 0.02053312460581469 0.023610403371411702
0 0.6206948757171631 0.501079550059944 0.02053312460581469 0.023610403371411702
0 0.6477362513542175 0.5007470596668332 0.02053312460581469 0.023610403371411702
0 0.6758372783660889 0.5003481158641389 0.022187670071919685 0.024103534314059417
0 0.7045502066612244 0.4999404850399802 0.022187670071919685 0.024103534314059417
0 0.7331157326698303 0.49953494685210464 0.022187670071919685 0.024103534314059417
0 0.7623156905174255 0.4991204017816588 0.022187670071919685 0.024103534314059417
0 0.10653269290924072 0.5386278462964434 0.018776421745618194 0.021840561267941497
0 0.13085336983203888 0.5384520521088066 0.01877642174561818 0.021840561267941497
0 0.15484462678432465 0.5382786390274313 0.018776421745618166 0.021840561267941497
0 0.17901675403118134 0.5381039185833291 0.018776421745618166 0.021840561267941497
0 0.20469486713409424 0.5379183126050372 0.018776421745618166 0.021840561267941497
0 0.2295839488506317 0.5377955439656421 0.01888542373975116 0.022067432255708026
0 0.25442951917648315 0.5378096824468568 0.01923680305480957 0.02208354861237282
0 0.3053451180458069 0.5371668236246389 0.019514302412668827 0.022328990374424606
0 0.3310559093952179 0.5369936033736827 0.019514302412668827 0.022328990374424606
0 0.3563167154788971 0.5368234147898426 0.019514302412668827 0.022328990374424606
0 0.3819402754306793 0.5366507822393732 0.019514302412668827 0.022328990374424606
0 0.4077640771865845 0.5364768006080805 0.019514302412668827 0.022328990374424606
0 0.45981061458587646 0.536126149624718 0.019514302412668827 0.022328990374424606
0 0.5119874477386475 0.5357296835375781 0.01966804265975952 0.022696206736010173
0 0.5391300320625305 0.5355383850807367 0.01966804265975952 0.022696206736010173
0 0.5664617419242859 0.5352023734345962 0.020324110984802246 0.022967375526132455
0 0.5931392908096313 0.5349595269491506 0.020324110984802246 0.022967375526132455
0 0.15478003025054932 0.5701159100199855 0.019053439299265562 0.022106466367263256
0 0.17946074903011322 0.5700848601585211 0.01875796914100647 0.022005421246669144
0 0.22950518131256104 0.5698451995849609 0.019103537003199278 0.02235105056171275
0 0.2545049786567688 0.5697824832314041 0.01910353700319925 0.02235105056171275
0 0.2799029052257538 0.5697187681012221 0.019103537003199222 0.02235105056171275
0 0.30494970083236694 0.569655933844324 0.019103537003199222 0.02235105056171275
0 0.330996572971344 0.569590590720953 0.019103537003199222 0.02235105056171275
0 0.38214853405952454 0.5690189976788278 0.019552210966745975 0.022900455681852647
0 0.40763241052627563 0.5690270357353743 0.019552210966745975 0.022900455681852647
0 0.4600757658481598 0.569161481635515 0.01991591850916541 0.02280473339465243
0 0.48618170619010925 0.5690488546467285 0.01991591850916541 0.02280473339465243
0 0.5126825571060181 0.568934523923535 0.01991591850916552 0.02280473339465243
0 0.5388086438179016 0.5688218100187075 0.01991591850916552 0.02280473339465243
0 0.5664383769035339 0.5687026090400163 0.01991591850916552 0.02280473339465243
0 0.5937744975090027 0.5690209588339162 0.01993264754613233 0.023259185081304506
0 0.6495698094367981 0.5692910039147665 0.021570682525634766 0.02392681624538209
0 0.6776573657989502 0.5689402813499735 0.021570682525634766 0.02392681624538209
0 0.7063796520233154 0.5685816330659632 0.021570682525634766 0.02392681624538209
0 0.7356851100921631 0.5682157028553098 0.021570682525634766 0.02392681624538209
0 0.7646195292472839 0.5678544057183842 0.021570682525634766 0.02392681624538209
0 0.7934513688087463 0.5683521448179732 0.022497892379760742 0.02430461913116224
0 0.15475806593894958 0.6020257639330487 0.018856937686602293 0.02206231642139045
0 0.1792982667684555 0.6023498412471494 0.01888271172841388 0.022198787955350654
0 0.20413517951965332 0.6022848972054415 0.01888271172841388 0.022198787955350654
0 0.22944331169128418 0.6022187210100436 0.01888271172841388 0.022198787955350654
0 0.25448595732450485 0.6020776664294857 0.019118388493855804 0.022613347962845202
0 0.2798101305961609 0.6020870208740234 0.01911838849385583 0.022613347962845202
0 0.33036333322525024 0.6021056946180832 0.01911838849385583 0.022613347962845202
0 0.3557315766811371 0.6021150653416161 0.01911838849385583 0.022613347962845202
0 0.38163989782333374 0.6021246355633403 0.01911838849385583 0.022613347962845202
0 0.40793997049331665 0.6021343504933596 0.01911838849385583 0.022613347962845202
0 0.43349289894104004 0.6021871332386332 0.019431034723917606 0.02302498041197311
0 0.4863838255405426 0.6017051656235515 0.01946413516998291 0.02295788313991334
0 0.5396324396133423 0.6027419955231422 0.019979516665140862 0.023358071497244372
0 0.5667233467102051 0.6026097352125618 0.02038896083831787 0.023638318675432965
0 0.5947710871696472 0.6025348042332849 0.02145274480183912 0.024480982344279974
0 0.6220216155052185 0.6029565463688841 0.02145274480183912 0.024480982344279974
0 0.6787468194961548 0.6038607663886492 0.02205359935760498 0.024708563043165523
0 0.7073144912719727 0.6040513301695886 0.02205359935760498 0.024708563043165523
0 0.7363185882568359 0.6042448051726459 0.02205359935760498 0.024708563043165523
0 0.7661596536636353 0.604443863265157 0.02205359935760498 0.024708563043165523
0 0.7956269979476929 0.60464042841002 0.02205359935760498 0.024708563043165523
0 0.8253825902938843 0.6046402066252953 0.022247632344563728 0.024750613426977295
0 0.15487860143184662 0.6341514143832895 0.018892606099446596 0.02205687530281013
0 0.17984408140182495 0.6342572633790251 0.018892606099446596 0.02205687530281013
0 0.2048124223947525 0.6342224773148929 0.018839100996653257 0.02247826627982685
0 0.22977232933044434 0.6343367376992869 0.018839100996653257 0.02247826627982685
0 0.2548011839389801 0.634451313709361 0.01883910099665323 0.02247826627982685
0 0.2801584005355835 0.634567392880768 0.018839100996653202 0.02247826627982685
0 0.33086463809013367 0.6347995137059411 0.018839100996653202 0.02247826627982685
0 0.35633984208106995 0.6349161329949481 0.018839100996653202 0.02247826627982685
0 0.38192418217658997 0.6354677954385447 0.019826849301656124 0.02328086084173637
0 0.40809518098831177 0.6356750372141184 0.019826849301656124 0.02328086084173637
0 0.4599608778953552 0.6360857490557151 0.019826849301656124 0.02328086084173637
0 0.5135759115219116 0.6365103134694063 0.019826849301656013 0.02328086084173637
0 0.5403459072113037 0.6367222985555959 0.019826849301656013 0.02328086084173637
0 0.5672569274902344 0.6369398514298903 0.020081023375193352 0.02348697277926654
0 0.5955179929733276 0.637057016062182 0.020926276842753166 0.02439223888308503
0 0.651447594165802 0.6369938303613369 0.020926276842753166 0.02439223888308503
0 0.679692268371582 0.6388036720783214 0.022292772928873772 0.024767380352168064
0 0.7081602215766907 0.6391257352607195 0.022292772928873772 0.024767380352168064
0 0.7374016642570496 0.6394565490715928 0.022292772928873772 0.024767380352168064
0 0.7673273086547852 0.63979510338214 0.022292772928873772 0.024767380352168064
0 0.7973000407218933 0.6401341904041379 0.022292772928873772 0.024767380352168064
0 0.8268046379089355 0.6404679813302704 0.022292772928873772 0.024767380352168064
0 0.8568716049194336 0.6404901992442996 0.022902607917785645 0.025118776070055058
0 0.15509887039661407 0.6657498825428098 0.019033849239349365 0.02249538806057721
0 0.1797826737165451 0.6660217549753464 0.019033849239349365 0.02249538806057721
0 0.20492886006832123 0.6661753987157067 0.01892526944478351 0.02245233225267987
0 0.2547517418861389 0.6665912174839171 0.019015570481618255 0.022721076196478375
0 0.28038257360458374 0.6671297827432322 0.019015570481618282 0.022721076196478375
0 0.30482882261276245 0.6676434570781503 0.019015570481618282 0.022721076196478375
0 0.33047717809677124 0.6681823905538171 0.019015570481618282 0.022721076196478375
0 0.3559918701648712 0.6688861879800183 0.01972484588623047 0.023390392924464026
0 0.3815191388130188 0.669173750766488 0.01972484588623047 0.023390392924464026
0 0.43396392464637756 0.6697645373860014 0.01972484588623047 0.023390392924464026
0 0.4599968492984772 0.6700577963498214 0.01972484588623047 0.023390392924464026
0 0.486629843711853 0.6703578150549601 0.01972484588623047 0.023390392924464026
0 0.5408070683479309 0.6709681174689895 0.01972484588623047 0.023390392924464026
0 0.5679832696914673 0.671697128650754 0.020565052827199226 0.023610225943631904
0 0.595731258392334 0.6723376586076845 0.021374821662902832 0.024090493372244372
0 0.6237297058105469 0.6729839701119971 0.021374821662902832 0.024090493372244372
0 0.6517729163169861 0.6736313149199946 0.021374821662902832 0.024090493372244372
0 0.6803714036941528 0.6742914776469386 0.021374821662902832 0.024090493372244372
0 0.1060471460223198 0.6977646406306777 0.01933299998442331 0.02281135736509811
0 0.13079941272735596 0.6977825164794922 0.01899961630503337 0.022360010664592474
0 0.1551380157470703 0.6982299726944717 0.018999616305033384 0.022360010664592474
0 0.17972557246685028 0.6987846285797829 0.019339541594187437 0.022661608318949856
0 0.20475034415721893 0.6992109991193307 0.019339541594187437 0.022661608318949856
0 0.229745015501976 0.6996731579899845 0.0194600025812785 0.023024359414743824
0 0.25476527214050293 0.7001348096270894 0.019460002581278474 0.023024359414743824
0 0.27990785241127014 0.7005987182716219 0.019460002581278446 0.023024359414743824
0 0.3303799331188202 0.7015299844462001 0.019460002581278446 0.023024359414743824
0 0.35573673248291016 0.7019978456718977 0.019460002581278446 0.023024359414743824
0 0.40777459740638733 0.7032099879065226 0.020394066969553593 0.023627052011415885
0 0.4338851869106293 0.7038384983070071 0.020394066969553593 0.023627052011415885
0 0.4870283305644989 0.7051177118037177 0.020394066969553593 0.023627052011415885
0 0.5141478180885315 0.7057705074811916 0.020394066969553704 0.023627052011415885
0 0.541265070438385 0.7064232493555823 0.020394066969553704 0.023627052011415885
0 0.5686057209968567 0.7070941037909929 0.020701110363006592 0.023758614710134997
0 0.5964131355285645 0.7070809741352879 0.02056974172592163 0.023693173430686772
0 0.10519558191299438 0.7297455987264944 0.019127145409584045 0.022914856903312686
0 0.12949298694729805 0.7302061769800992 0.019127145409584045 0.022914856903312686
0 0.15416686236858368 0.7304921272530391 0.019172588984171568 0.023056887841039795
0 0.17897579073905945 0.7310577658719795 0.019172588984171568 0.023056887841039795
0 0.2041289508342743 0.7316209660019986 0.01937815546989441 0.023043979970059598
0 0.22878767549991608 0.732191967367568 0.01937815546989441 0.023043979970059598
0 0.253933846950531 0.7327742561287198 0.01937815546989441 0.023043979970059598
0 0.2793210446834564 0.7333621261329492 0.01937815546989441 0.023043979970059598
0 0.30491119623184204 0.7340547881177074 0.019812385241190555 0.023052851359049508
0 0.3304400146007538 0.7347936186679574 0.019812385241190555 0.023052851359049508
0 0.3558206260204315 0.7355281599549806 0.019812385241190555 0.023052851359049508
0 0.38198718428611755 0.7362854473610098 0.019812385241190555 0.023052851359049508
0 0.43420839309692383 0.7377967834472656 0.019812385241190555 0.023052851359049508
0 0.46059244871139526 0.7385603654527376 0.019812385241190555 0.023052851359049425
0 0.48727795481681824 0.7391163716962373 0.020518342653910282 0.02345327628675363
0 0.5144617557525635 0.7397923038711914 0.020518342653910393 0.02345327628675363
0 0.5417182445526123 0.7404700434485147 0.020518342653910393 0.023453276286753547
0 0.568870484828949 0.7410616178922478 0.020585715770721436 0.023608244666757455
0 0.5965915322303772 0.741266361502714 0.021056532859802246 0.02373902372611583
0 0.10419616848230362 0.7626823602720748 0.018951212366422027 0.022538887437924045
0 0.15431301295757294 0.7635528209597565 0.01934764782587689 0.02290237781613372
0 0.178960919380188 0.7644851152286973 0.01954431335131329 0.02319057967311663
0 0.2289016991853714 0.7656371719553169 0.01954431335131329 0.02319057967311663
0 0.25377577543258667 0.7662109785112186 0.019544313351313264 0.02319057967311663
0 0.2789728045463562 0.7667922350914039 0.019544313351313236 0.02319057967311663
0 0.3045646548271179 0.7680713165694478 0.01944136619567871 0.0235024977099989
0 0.3297721743583679 0.768759527871775 0.01944136619567871 0.0235024977099989
0 0.38214612007141113 0.7701894322041906 0.01944136619567871 0.0235024977099989
0 0.4078250229358673 0.7708905131320768 0.01944136619567871 0.0235024977099989
0 0.43389517068862915 0.7716022757596748 0.01944136619567871 0.0235024977099989
0 0.4606124460697174 0.7723317061529292 0.01944136619567871 0.0235024977099989
0 0.48756733536720276 0.7733726501464844 0.020137488842010498 0.02372806756071331
0 0.5150144696235657 0.7742260765543854 0.020137488842010498 0.02372806756071331
0 0.10359872877597809 0.7945862703545149 0.019675731658935547 0.02277060811833829
0 0.1283467821776867 0.7953790936871833 0.019675731658935547 0.02277060811833829
0 0.1531093269586563 0.796172381262571 0.019675731658935547 0.02277060811833829
0 0.17837709188461304 0.7972561148710029 0.019284149010976137 0.023123689400133346
0 0.20366421341896057 0.797892810689724 0.019284149010976137 0.023123689400133346
0 0.22866657376289368 0.7985223366034393 0.019284149010976137 0.023123689400133346
0 0.2534945532679558 0.7991474718414177 0.019284149010976165 0.023123689400133346
0 0.2792584002017975 0.7997961709665697 0.019284149010976193 0.023123689400133346
0 0.3046088218688965 0.8011494691316714 0.01966814696788788 0.02354105868080779
0 0.3301020860671997 0.8019622980162154 0.020298659801483154 0.023813646893168606
0 0.35569527745246887 0.802997675408202 0.020298659801483154 0.023813646893168606
0 0.40871718525886536 0.8047427687534067 0.020854055881500244 0.024064411488614452
0 0.43442365527153015 0.8058986092753956 0.020854055881500244 0.024064411488614452
0 0.4609278738498688 0.8070903189819949 0.020854055881500244 0.024064411488614452
0 0.48827967047691345 0.8083201383572404 0.020854055881500244 0.024064411488614452
0 0.5153008699417114 0.8095350930857104 0.020854055881500244 0.024064411488614452
0 0.1522987186908722 0.8290803598803144 0.019735376040140806 0.023298692333605753
0 0.17725111544132233 0.8299567946618132 0.019735376040140806 0.023298692333605753
0 0.20235107839107513 0.8308384125986992 0.019735376040140806 0.023298692333605753
0 0.2277439534664154 0.8316673456236373 0.019941439231236757 0.023927792098171138
0 0.25352683663368225 0.8328144589238975 0.019941439231236785 0.023927792098171138
0 0.3038467764854431 0.8350532571179462 0.019941439231236813 0.023927792098171138
0 0.329103946685791 0.8361769807789422 0.019941439231236813 0.023927792098171138
0 0.3555469214916229 0.8373534623966661 0.019941439231236813 0.023927792098171138
0 0.3815513849258423 0.8386415297988522 0.020937124888102177 0.02467020907143279
0 0.4345512390136719 0.8407880095922559 0.020937124888102177 0.02467020907143279
0 0.46204861998558044 0.8419016461039699 0.02213585376739502 0.025210890659066135
0 0.4883583188056946 0.8432707188512181 0.02213585376739502 0.025210890659066135
0 0.5150594711303711 0.8446601615893422 0.02213585376739502 0.025210890659066135
0 0.5425497889518738 0.8460906699809412 0.02213585376739502 0.025210890659066135
0 0.5712105631828308 0.847582085188045 0.02213585376739502 0.025210890659066135
0 0.5993567109107971 0.8485172183014625 0.02292863527933764 0.02578232639519732
0 0.627639651298523 0.8498964919944674 0.02292863527933764 0.02578232639519732
0 0.6559739112854004 0.8512782683895278 0.02292863527933764 0.02578232639519732
0 0.6854158639907837 0.8527140636173413 0.02292863527933764 0.02578232639519732
0 0.7147919535636902 0.8541466468988463 0.02292863527933764 0.02578232639519732
0 0.7439038753509521 0.855385979940725 0.0237271785736084 0.0261333376862282
0 0.1517373025417328 0.8625403115915697 0.020654499530792236 0.023282487263051224
0 0.17639581859111786 0.8636180784893039 0.020654499530792236 0.023282487263051224
0 0.2266875058412552 0.8658162122148226 0.020654499530792236 0.023282487263051224
0 0.2522220313549042 0.8669322674670057 0.020654499530792236 0.023282487263051224
0 0.3035189211368561 0.8691743362781613 0.020654499530792236 0.023282487263051224
0 0.3288722038269043 0.8703659240584812 0.02041664719581604 0.023343877274860817
0 0.35484519600868225 0.8718595282976017 0.021541158358255985 0.024643180906310673
0 0.3801990747451782 0.8732333222665025 0.021541158358255985 0.024643180906310673
0 0.4335210919380188 0.876143078471339 0.02207803726196289 0.025440955346868833
0 0.4608268737792969 0.8775869923128178 0.02207803726196289 0.025440955346868833
0 0.5159258246421814 0.8805005927460274 0.02207803726196289 0.025440955346868833
0 0.5432426333427429 0.8819450896814033 0.02207803726196289 0.025440955346868833
0 0.5714166760444641 0.8834349166515262 0.02207803726196289 0.025440955346868833
0 0.5991176962852478 0.8847727510416139 0.022140026092529297 0.025290969730347737
0 0.6277028322219849 0.8862107742664426 0.022140026092529297 0.025290969730347737
