0 0.7838700413703918 0.08783907391304194 0.020284533500671387 0.021633674932080647
0 0.8087646961212158 0.08854989395585171 0.019579648971557617 0.021018998567448106
0 0.8335867524147034 0.08928477486898732 0.01939380168914795 0.02115189751913381
0 0.12143471091985703 0.07492809517439021 0.020219936966896057 0.02150342630785565
0 0.1468082219362259 0.07414839434069256 0.020329058170318604 0.022396819536076036
0 0.1452447921037674 0.10531767024550327 0.020657176772753416 0.022215401479440157
0 0.19817252457141876 0.10255518449193397 0.020855809251467405 0.02281452703845593
0 0.22448204457759857 0.10289487173390943 0.020855809251467405 0.02281452703845593
0 0.25161146372556686 0.10324514485043168 0.020855809251467378 0.02281452703845593
0 0.27838432788848877 0.10359081441738502 0.02085580925146735 0.02281452703845593
0 0.3062498867511749 0.10395059197448021 0.02085580925146735 0.02281452703845593
0 0.33315059542655945 0.10429791216637196 0.02085580925146735 0.02281452703845593
0 0.3598398268222809 0.10460201529569405 0.021029437581698063 0.022724800331648008
0 0.41527679562568665 0.1063785544344848 0.02089347441991174 0.022159605987312272
0 0.441964715719223 0.10726225653360057 0.02077196041742957 0.0220411729442981
0 0.4686358571052551 0.1081994557824501 0.02077196041742957 0.0220411729442981
0 0.4955819845199585 0.1091463177861021 0.020771960417429625 0.0220411729442981
0 0.5220187902450562 0.11007528269648716 0.02077196041742968 0.0220411729442981
0 0.5486630797386169 0.11101153839466184 0.02077196041742968 0.0220411729442981
0 0.5755153894424438 0.11199390438423887 0.020316680272420173 0.021794570508853424
0 0.6281430721282959 0.11399666098661201 0.020316680272420173 0.021794570508853424
0 0.6534742712974548 0.11539710597643393 0.020262161890665764 0.021783022917518307
0 0.705513060092926 0.11634124727754752 0.01987314224243164 0.02156012187632481
0 0.7317606806755066 0.11712761812431868 0.01987314224243164 0.02156012187632481
0 0.7569921016693115 0.11788354393594466 0.01987314224243164 0.02156012187632481
0 0.7833467721939087 0.11867312196689792 0.01987314224243164 0.02156012187632481
0 0.8087272644042969 0.1194335139074991 0.01987314224243164 0.02156012187632481
0 0.8340526223182678 0.12019225404110223 0.01987314224243164 0.02156012187632481
0 0.8583056330680847 0.12038215630328358 0.020240386327107673 0.02158943442411201
0 0.1451709121465683 0.1367663339126942 0.0203169584274292 0.02211232887682063
0 0.16946133971214294 0.13630007035949077 0.0203169584274292 0.02211232887682063
0 0.1962391585111618 0.13578606043082395 0.0203169584274292 0.02211232887682063
0 0.2232169806957245 0.1352682113647461 0.0203169584274292 0.02211232887682063
0 0.25075656175613403 0.1347395791336215 0.0203169584274292 0.02211232887682063
0 0.27814599871635437 0.13550040464754168 0.02088663975397742 0.02264111541038336
0 0.3049705922603607 0.13579524261753317 0.02088663975397742 0.02264111541038336
0 0.3327181935310364 0.13610022567039312 0.02088663975397742 0.02264111541038336
0 0.35984331369400024 0.136398366827742 0.02088663975397742 0.02264111541038336
0 0.41443631052970886 0.1380024178083553 0.020556211471557617 0.022341114606044103
0 0.4409124553203583 0.1387582204221921 0.020556211471557617 0.022341114606044103
0 0.46858006715774536 0.13972221418868663 0.020164430141448975 0.022036685500034067
0 0.49521493911743164 0.1405602690845572 0.020164430141448975 0.022036685500034067
0 0.5217477083206177 0.1413763463802715 0.019974112510681152 0.02165742622789485
0 0.5752862095832825 0.14306782567223839 0.019974112510681152 0.02165742622789485
0 0.6020143032073975 0.14391226501612545 0.019974112510681152 0.02165742622789485
0 0.6283331513404846 0.14474377478116593 0.019974112510681152 0.02165742622789485
0 0.6538262963294983 0.14554919752963755 0.019974112510681152 0.02165742622789485
0 0.6793494820594788 0.14635556937623592 0.019974112510681152 0.02165742622789485
0 0.7058222889900208 0.14751681616139967 0.019967834154764885 0.02176414164461832
0 0.09149619936943054 0.171617275860459 0.020087850590546935 0.02234829303830169
0 0.11540642008185387 0.16876229125145523 0.020388881365458175 0.02256367557732635
0 0.1684560477733612 0.16815415094065111 0.02038888136545819 0.02256367557732635
0 0.19500702619552612 0.16662535569069098 0.020659983158111572 0.022397610568260947
0 0.2222854197025299 0.16694895056791084 0.020659983158111572 0.022397610568260947
0 0.24949611723423004 0.16722513908563658 0.020689159631729126 0.02251856456431309
0 0.2771064043045044 0.16756094281084447 0.020689159631729126 0.02251856456431309
0 0.33199450373649597 0.1682285066145794 0.020689159631729126 0.02251856456431309
0 0.35898029804229736 0.1685567150910982 0.020689159631729126 0.02251856456431309
0 0.3864545524120331 0.16889086435007494 0.020414332548777225 0.022626093191693907
0 0.4410565197467804 0.17036282550737955 0.020414332548777225 0.022626093191693907
0 0.4679158627986908 0.17108690032762822 0.020414332548777225 0.022626093191693907
0 0.4958143085241318 0.17183898730290623 0.02041433254877728 0.022626093191693907
0 0.5221838355064392 0.17254985764969227 0.020414332548777336 0.022626093191693907
0 0.548586368560791 0.17383913661158362 0.02043667435646057 0.022612135539683276
0 0.5749503374099731 0.17477671119456817 0.02043667435646057 0.022612135539683255
0 0.6019454002380371 0.17581258263698843 0.020427833000818962 0.022364006486049918
0 0.09058212488889694 0.20317112882085225 0.020031387607256562 0.022232794946478292
0 0.11505009979009628 0.2018367505220781 0.020334720611572266 0.022158216136370545
0 0.1404634267091751 0.20119538466635464 0.02054856220881146 0.022178043690762806
0 0.16697266697883606 0.2008085472639217 0.02054856220881146 0.022178043690762806
0 0.1937648355960846 0.2004175812155546 0.02054856220881146 0.022178043690762806
0 0.22135356068611145 0.20001499137738118 0.02054856220881146 0.022178043690762806
0 0.24855664372444153 0.19961802903995957 0.020548562208811433 0.022178043690762806
0 0.3037298619747162 0.19881291111825777 0.020548562208811405 0.022178043690762806
0 0.33081158995628357 0.1999837076941202 0.020743568738301632 0.022596255753391446
0 0.3584873378276825 0.20094108765225446 0.020513196786244747 0.022620933000431505
0 0.38608548045158386 0.20153378331383995 0.020513196786244747 0.022620933000431505
0 0.41358810663223267 0.20212442767138306 0.020513196786244747 0.022620933000431505
0 0.44093063473701477 0.20271163377453758 0.020513196786244747 0.022620933000431505
0 0.46823781728744507 0.2032980807991915 0.020513196786244747 0.022620933000431505
0 0.4951465129852295 0.20387596994978918 0.020513196786244692 0.022620933000431505
0 0.5489062666893005 0.20597156258516533 0.020259400208791023 0.022440503734026795
0 0.5750802755355835 0.20673631214787727 0.020259400208791023 0.022440503734026795
0 0.6014504432678223 0.20716570372573848 0.020318587621052986 0.022515910540440314
0 0.6281020641326904 0.20786558195602062 0.020318587621052986 0.022515910540440314
0 0.13934265077114105 0.23352716135424237 0.020603825648625673 0.022655575774436772
0 0.16638152301311493 0.23230480708253773 0.02048430840174359 0.022652618644773526
0 0.19250477850437164 0.23207396383520706 0.020584424336751284 0.022747719934744455
0 0.2199479639530182 0.23203818742619003 0.020584424336751284 0.022747719934744455
0 0.24714648723602295 0.2320027299718995 0.02058442433675131 0.022747719934744455
0 0.27521222829818726 0.23121473991096841 0.020709196726481083 0.022498374761537064
0 0.302594929933548 0.2319304444069086 0.02056165536244714 0.022576028986494644
0 0.33006036281585693 0.2326076317251141 0.02056165536244714 0.022576028986494644
0 0.38551902770996094 0.23397501976927212 0.02056165536244714 0.022576028986494644
0 0.4132272005081177 0.23465819207935223 0.02056165536244714 0.022576028986494644
0 0.44022369384765625 0.23532381723093432 0.02056165536244714 0.022576028986494644
0 0.4946589916944504 0.23673517112711948 0.02040553092956543 0.02262446677037909
0 0.5216413140296936 0.2374347467198378 0.02040553092956543 0.02262446677037909
0 0.5486448407173157 0.23813487208166786 0.02040553092956543 0.02262446677037909
0 0.5757433176040649 0.2388374592346295 0.02040553092956543 0.02262446677037909
0 0.13830973207950592 0.2660941634067269 0.020706276098887144 0.022818557975828213
0 0.16488102078437805 0.2655897601690071 0.020706276098887144 0.022818557975828213
0 0.19132500886917114 0.2650877734811824 0.020706276098887144 0.022818557975828213
0 0.21911977231502533 0.2645601450010788 0.020706276098887144 0.022818557975828213
0 0.2466149404644966 0.2640382037437208 0.020706276098887116 0.022818557975828213
0 0.27448418736457825 0.26445091602414156 0.02081732451915741 0.022964935894160335
0 0.3301236629486084 0.2640263427185234 0.02081732451915741 0.022964935894160335
0 0.35772407054901123 0.2663380822470022 0.020711104075113895 0.022730479868807506
0 0.38543760776519775 0.2668716841198973 0.020711104075113895 0.022730479868807506
0 0.4126249849796295 0.2673951552050771 0.020711104075113895 0.022730479868807506
0 0.44031164050102234 0.2679282394925563 0.020711104075113895 0.022730479868807506
0 0.4952501654624939 0.2689860366111578 0.02071110407511395 0.022730479868807506
0 0.5221831202507019 0.2695597277716948 0.02035864194234205 0.022402075834052508
0 0.5492084622383118 0.2701353868455209 0.02035864194234205 0.022402075834052508
0 0.5762051939964294 0.2707104365010382 0.02035864194234205 0.022402075834052508
0 0.603017270565033 0.2712815528692201 0.02035864194234205 0.022402075834052508
0 0.08755933493375778 0.3016877063485079 0.020345593492190034 0.02321401492569795
0 0.11062916368246078 0.3008514300553021 0.020345593492190034 0.02321401492569795
0 0.16305501759052277 0.2989510042111421 0.02034559349219006 0.02321401492569795
0 0.1904546022415161 0.2979577752046807 0.02089510361353558 0.023019450579502814
0 0.21773549914360046 0.2978883843947827 0.02089510361353558 0.023019450579502814
0 0.24560865759849548 0.2978174871274919 0.020895103613535554 0.023019450579502814
0 0.27279162406921387 0.2977483454102821 0.020895103613535526 0.023019450579502814
0 0.30113038420677185 0.29767626385356105 0.020895103613535526 0.023019450579502814
0 0.32928669452667236 0.2976221627889693 0.0207882821559906 0.02295820842417633
0 0.3569321632385254 0.29807619677199854 0.020627200603485107 0.02327102838560592
0 0.41258877515792847 0.299662102100461 0.020627200603485107 0.02327102838560592
0 0.43979668617248535 0.3004373769432201 0.020627200603485107 0.02327102838560592
0 0.4670594334602356 0.3012142143161953 0.020627200603485107 0.02327102838560592
0 0.4945763349533081 0.3019982936770417 0.020627200603485107 0.02327102838560592
0 0.5220130681991577 0.3021139404908159 0.020316044489542717 0.022585802300031797
0 0.5490912199020386 0.30264976412750955 0.020316044489542717 0.022585802300031797
0 0.5758636593818665 0.30317953831751504 0.020316044489542717 0.022585802300031797
0 0.6301645636558533 0.30425404695913494 0.020316044489542717 0.022585802300031797
0 0.6566624045372009 0.30477838738020074 0.020316044489542717 0.022585802300031797
0 0.683181643486023 0.30530315122715096 0.020316044489542717 0.022585802300031797
0 0.7084337472915649 0.30519350184950716 0.020367463429768806 0.022945522337920878
0 0.08560287207365036 0.33337852566741233 0.0204185446103414 0.02332611971123274
0 0.1099233478307724 0.33290909356963355 0.0204185446103414 0.02332611971123274
0 0.13566797971725464 0.3324121725112749 0.02041854461034137 0.02332611971123274
0 0.16216227412223816 0.331900781520165 0.02041854461034137 0.02332611971123274
0 0.21679553389549255 0.33084625421568403 0.021175543467203795 0.023279249206069854
0 0.2447284609079361 0.3309990138664739 0.021175543467203767 0.023279249206069854
0 0.30052652955055237 0.3313041624632104 0.02117554346720374 0.023279249206069854
0 0.3288613259792328 0.33145911985832044 0.02117554346720374 0.023279249206069854
0 0.35732510685920715 0.3316147826438726 0.02117554346720374 0.023279249206069854
0 0.3845119774341583 0.33293177183179645 0.02082270383834839 0.023369604302931227
0 0.4117446839809418 0.33338149758272395 0.02067810297012329 0.02349940750950064
0 0.4677191376686096 0.33439000904326505 0.02067810297012329 0.02349940750950064
0 0.49465715885162354 0.3348753608653473 0.02067810297012329 0.02349940750950064
0 0.5214723944664001 0.33535850041657034 0.02067810297012329 0.02349940750950064
0 0.5489575266838074 0.3358537097309911 0.02067810297012329 0.02349940750950064
0 0.5762779712677002 0.33646483214468453 0.019971251487731934 0.023214990778486832
0 0.6031248569488525 0.3369834589403729 0.019971251487731934 0.023214990778486832
0 0.6294082999229431 0.3374912011780091 0.019971251487731934 0.023214990778486832
0 0.6564891338348389 0.33801434737392544 0.019971251487731934 0.023214990778486832
0 0.6830722689628601 0.3385278790496116 0.019971251487731934 0.023214990778486832
0 0.13442571833729744 0.3653143727502158 0.020664495726426438 0.023569402768630402
0 0.16013899445533752 0.36509474177142937 0.020664495726426424 0.023569402768630402
0 0.21614646911621094 0.3646163516813198 0.020664495726426424 0.023569402768630402
0 0.24331822246313095 0.36438426306081373 0.02066449572642645 0.023569402768630402
0 0.27117231488227844 0.3643349756886683 0.021258195241292355 0.023598493531692858
0 0.2999127209186554 0.36486987180488056 0.021258195241292355 0.023598493531692858
0 0.3278490900993347 0.36538980375562974 0.021258195241292355 0.023598493531692858
0 0.38400542736053467 0.36643494579933306 0.021258195241292355 0.0235984935316929
0 0.4395761489868164 0.36746918877889945 0.021258195241292355 0.023598493531692858
0 0.4670317769050598 0.3679801735131808 0.021258195241292355 0.023598493531692858
0 0.521897554397583 0.3690065228661826 0.02102506160736084 0.02347419797912123
0 0.548780083656311 0.3693146205413534 0.020735224088032966 0.02324161973110465
0 0.5759566426277161 0.3696147813818714 0.020009279251098633 0.022885034250658572
0 0.6031697392463684 0.370318568030069 0.020009279251098633 0.02288503425065861
0 0.6293848156929016 0.37099654382397057 0.020009279251098633 0.02288503425065861
0 0.6565620303153992 0.3716994024899484 0.020009279251098633 0.022885034250658572
0 0.6831688284873962 0.37238750901333123 0.020009279251098633 0.02288503425065861
0 0.7093802690505981 0.37306539077581174 0.020009279251098633 0.02288503425065861
0 0.7357825636863708 0.3720086563465207 0.020022829373677498 0.022545607515083714
0 0.7620652318000793 0.37227076883596694 0.020022829373677498 0.022545607515083714
0 0.7896541953086853 0.37280756928199943 0.020678361256917244 0.022805797961331167
0 0.13390690460801125 0.39711519701804004 0.02130040029684703 0.023636514826338474
0 0.1873123049736023 0.39771417129871456 0.021300400296847044 0.023636514826338474
0 0.21493478119373322 0.3982912995094477 0.021508420507113157 0.02360842209453725
0 0.2426551952958107 0.39843002091435814 0.02150842050711313 0.02360842209453725
0 0.27057936787605286 0.3985697619888251 0.021508420507113102 0.02360842209453725
0 0.29855117201805115 0.3987097414261513 0.021508420507113102 0.02360842209453725
0 0.32755768299102783 0.3988548988519713 0.021508420507113102 0.02360842209453725
0 0.38403043150901794 0.39964144663456663 0.021272162596384647 0.02362560301788099
0 0.41145798563957214 0.4000482780988826 0.020435194174448612 0.023228726645772715
0 0.4395291209220886 0.40107802457587666 0.020394782225290897 0.023149830426356644
0 0.46689167618751526 0.4014208789290181 0.020394782225290897 0.023149830426356644
0 0.4941364526748657 0.40176225750746025 0.020394782225290953 0.023149830426356644
0 0.5491007566452026 0.4024509633209642 0.020394782225291008 0.023149830426356644
0 0.5761464834213257 0.4027898477953534 0.020394782225291008 0.023149830426356644
0 0.6028880476951599 0.40314559445957293 0.020172715187072754 0.02290240738743041
0 0.6293837428092957 0.4034980702929428 0.020172715187072754 0.02290240738743041
0 0.6562234163284302 0.40385512211778757 0.020172715187072754 0.02290240738743041
0 0.683448314666748 0.4042172986407613 0.020172715187072754 0.02290240738743041
0 0.7099514007568359 0.4041537359569604 0.020712534586588616 0.02303216623705487
0 0.7365898489952087 0.4044877109302243 0.020712534586588616 0.02303216623705487
0 0.762978732585907 0.40481855702954667 0.020712534586588616 0.02303216623705487
0 0.7878895998001099 0.40547805608705034 0.021197756131489998 0.023258061372032516
0 0.8160799741744995 0.4059657449383482 0.021197756131489998 0.023258061372032516
0 0.35616058111190796 0.432296309360238 0.02116539080937707 0.023543453955835205
0 0.383143812417984 0.43307268819734895 0.02113337318102515 0.023393350054127356
0 0.4115010201931 0.43351803269497186 0.02114315827687585 0.02339488776155215
0 0.43926188349723816 0.43388091441045784 0.02114315827687585 0.02339488776155215
0 0.46684542298316956 0.4345862979130026 0.020935088396072388 0.02314246717349509
0 0.49412937462329865 0.43481569511945856 0.020935088396072388 0.02314246717349509
0 0.5213677287101746 0.43504470895214686 0.020935088396072388 0.02314246717349509
0 0.5492056608200073 0.4352787638993091 0.020935088396072388 0.02314246717349509
0 0.5758764743804932 0.4355030059814453 0.020935088396072388 0.02314246717349509
0 0.6030446290969849 0.4363861540858649 0.020935088396072388 0.02314246717349509
0 0.07860975712537766 0.46744297308691113 0.020750383536020905 0.02384951687598419
0 0.10393792390823364 0.4672757525776708 0.020750383536020905 0.02384951687598419
0 0.12996132671833038 0.46698752114939135 0.021418740351994828 0.02406355392101199
0 0.1848161518573761 0.4660631482295486 0.021776149670283018 0.024082479550857006
0 0.24078144133090973 0.46637229032294697 0.02177614967028299 0.024082479550857006
0 0.26927030086517334 0.46652965760823756 0.021776149670282963 0.024082479550857006
0 0.2976730465888977 0.4666865492164806 0.021776149670282963 0.024082479550857006
0 0.3264468014240265 0.46684549021166427 0.021776149670282963 0.024082479550857006
0 0.3550674319267273 0.46700358537584935 0.021776149670282963 0.024082479550857006
0 0.3830668032169342 0.46742802996968114 0.02111925681432092 0.02369583484738372
0 0.43950700759887695 0.4681168046108512 0.020861665407816532 0.023497766302537602
0 0.46674901247024536 0.4682491631121007 0.020861665407816532 0.023497766302537602
0 0.4943142682313919 0.46838309216601326 0.020861665407816588 0.023497766302537602
0 0.5210602879524231 0.46851304086477386 0.020861665407816643 0.023497766302537602
0 0.5491162538528442 0.46864935409191044 0.020861665407816643 0.023497766302537602
0 0.07740599662065506 0.5014758570081306 0.02071608603000641 0.02433880355006959
0 0.10253968089818954 0.5013762629309366 0.02071608603000641 0.02433880355006959
0 0.1286400407552719 0.5012728383304803 0.02071608603000641 0.02433880355006959
0 0.1555427759885788 0.5011662342584321 0.02071608603000641 0.02433880355006959
0 0.1836400181055069 0.5010548968647801 0.021419684092203795 0.024044805718946773
0 0.24009620398283005 0.5010664296704669 0.021208032965660095 0.02380589921345077
0 0.268134742975235 0.5011940131390622 0.021208032965660095 0.02380589921345077
0 0.29704147577285767 0.5013255471407829 0.021208032965660095 0.02380589921345077
0 0.3259865939617157 0.5014572558071451 0.021208032965660095 0.02380589921345077
0 0.3544811010360718 0.5015869140625 0.021208032965660095 0.02380589921345077
0 0.3826356828212738 0.5016764168871631 0.02109229564666748 0.023577253947886442
0 0.4108860492706299 0.5020404194676599 0.02088133494059241 0.02375899913699128
0 0.4667867124080658 0.5020075066145077 0.02093704541524255 0.023860546969628093
0 0.49416065216064453 0.5021017531139494 0.020937045415242495 0.023860546969628093
0 0.521013617515564 0.5021942059361302 0.02093704541524244 0.023860546969628093
0 0.5494929552078247 0.5022922582409199 0.02093704541524244 0.023860546969628093
0 0.576592743396759 0.502385560856309 0.02093704541524244 0.023860546969628093
0 0.07575167715549469 0.5358081640199174 0.02051989734172821 0.024301159289456208
0 0.10113449394702911 0.535668704798541 0.02051989734172821 0.024301159289456208
0 0.1271086186170578 0.5355259967913029 0.02051989734172821 0.024301159289456208
0 0.1825622022151947 0.5352213216382403 0.02051989734172821 0.024301159289456208
0 0.21084149181842804 0.536296195515265 0.02172785997390747 0.024401228557261442
0 0.23902525007724762 0.5361931823020758 0.02172785997390747 0.024401228557261442
0 0.2671050727367401 0.5360905489793167 0.02172785997390747 0.024401228557261442
0 0.29601460695266724 0.5359848830144004 0.02172785997390747 0.024401228557261442
0 0.3251771330833435 0.5355466962217067 0.021205445130666134 0.023956505827201484
0 0.3822267949581146 0.535859041435774 0.021205445130666134 0.023956505827201484
0 0.41009506583213806 0.5360116193958492 0.021205445130666134 0.023956505827201484
0 0.43818408250808716 0.5361549022585846 0.02061711748441064 0.023428924323976558
0 0.466355562210083 0.5362804692207882 0.02061711748441064 0.023428924323976558
0 0.49407993257045746 0.5364040433106827 0.020617117484410585 0.023428924323976558
0 0.5216875672340393 0.5365270970819082 0.02061711748441053 0.023428924323976558
0 0.5495034456253052 0.5366510790447856 0.02061711748441053 0.023428924323976558
0 0.5768766403198242 0.5364672195079715 0.021464983622233147 0.023648225059805045
0 0.6041659712791443 0.5366655422925706 0.021464983622233147 0.023648225059805045
0 0.6313920617103577 0.5368634054822586 0.021464983622233147 0.023648225059805045
0 0.6583467125892639 0.5370592960091525 0.021464983622233147 0.023648225059805045
0 0.07424719631671906 0.5702370044796966 0.02083122233549753 0.024595068406689128
0 0.09960733354091644 0.5707920433200623 0.021432737509409577 0.024641554484995817
0 0.12593664228916168 0.5708780954050463 0.02143273750940959 0.024641554484995817
0 0.1533060073852539 0.5709675467063976 0.021432737509409605 0.024641554484995817
0 0.180808424949646 0.5710574328631572 0.021432737509409605 0.024641554484995817
0 0.23779599368572235 0.571243685345317 0.021432737509409605 0.024641554484995817
0 0.2956075966358185 0.5714326310186614 0.02143273750940955 0.024641554484995817
0 0.3240273892879486 0.5705770891766215 0.021591822306315067 0.024485802465631
0 0.3530362546443939 0.5707825111672996 0.021402100721995 0.02428329822628997
0 0.38158223032951355 0.5706496571385583 0.021402100721995 0.02428329822628997
0 0.4102168679237366 0.5705163904740062 0.021402100721995 0.02428329822628997
0 0.43804240226745605 0.570386889405967 0.021402100721995 0.02428329822628997
0 0.4667499363422394 0.5702532834784929 0.021402100721995 0.02428329822628997
0 0.4941112995147705 0.5701259426802864 0.021402100721995054 0.02428329822628997
0 0.5497978329658508 0.5700573144957076 0.020997921625773186 0.024383308351501994
0 0.5770002007484436 0.569983172077688 0.020997921625773186 0.024383308351501994
0 0.6047396063804626 0.5706732550332713 0.021053731441497803 0.02397200118663699
0 0.6318864822387695 0.5706485382664105 0.021237095197041755 0.023820152578427865
0 0.6589359641075134 0.5705164532328761 0.021237095197041755 0.023820152578427865
0 0.6856983304023743 0.5703857702103077 0.021237095197041755 0.023820152578427865
0 0.07223487086594105 0.6044958275534671 0.021293645103772484 0.0248571588087451
0 0.09733576327562332 0.604911626771439 0.02129364510377249 0.0248571588087451
0 0.12396224215626717 0.6053526975076988 0.021293645103772477 0.0248571588087451
0 0.17954519391059875 0.6062734356031743 0.021293645103772463 0.0248571588087451
0 0.20872138440608978 0.6063823699564638 0.02180065711339313 0.025029766467190583
0 0.2366386502981186 0.6063835232756859 0.02180065711339313 0.025029766467190583
0 0.2656134068965912 0.6063847202820071 0.021800657113393185 0.025029766467190583
0 0.2947578430175781 0.6063859242981354 0.021800657113393185 0.025029766467190583
0 0.32360875606536865 0.6063871161882267 0.021800657113393185 0.025029766467190583
0 0.35196205973625183 0.6061438183451808 0.02141279975573218 0.02467097792514535
0 0.38070935010910034 0.6059789001076276 0.02141279975573218 0.02467097792514535
0 0.40928852558135986 0.605746025262877 0.021391302347183228 0.024259168048237644
0 0.46659478545188904 0.6054644072045051 0.021391302347183228 0.024259168048237644
0 0.49355752766132355 0.6053319051859375 0.021391302347183228 0.024259168048237644
0 0.5489636063575745 0.6050596251184599 0.021391302347183228 0.024259168048237644
0 0.5769585371017456 0.604922050653502 0.021391302347183228 0.024259168048237644
0 0.6048348546028137 0.6047771501643808 0.02152555187543226 0.02424470768418423
0 0.6320623755455017 0.6047231541123501 0.02166111270586657 0.024107112440952035
0 0.17796237766742706 0.641783042615993 0.022032479445139586 0.024748573007509635
0 0.23550687730312347 0.6418400254360465 0.021858235200246157 0.02484349686970077
0 0.26446643471717834 0.6418255714878018 0.021858235200246212 0.02484349686970077
0 0.29369500279426575 0.6418109832741696 0.021858235200246212 0.02484349686970077
0 0.3225419521331787 0.6419262109800826 0.021674255530039432 0.024541455645893894
0 0.35166314244270325 0.6417236701301197 0.021674255530039432 0.024541455645893894
0 0.37994980812072754 0.6415269334841189 0.021674255530039432 0.024541455645893894
0 0.40873202681541443 0.6413267502163239 0.021674255530039432 0.024541455645893894
0 0.4371285140514374 0.6411292497501817 0.021674255530039432 0.024541455645893894
0 0.46538105607032776 0.6409134513300464 0.021572331587473514 0.024819603262021615
0 0.4938199669122696 0.6406063257261764 0.021494497855504335 0.024698272231937324
0 0.5215024352073669 0.6403972917278667 0.021583030621210808 0.025038194286730917
0 0.1776139885187149 0.6771469559780386 0.02223104238510132 0.025028672329215115
0 0.2045995444059372 0.6769318097803833 0.02223104238510132 0.025028672329215115
0 0.23380346596240997 0.676698977345663 0.02223104238510132 0.025028672329215115
0 0.2633664309978485 0.6764632823855378 0.02223104238510132 0.025028672329215115
0 0.29234546422958374 0.6762322429050989 0.02223104238510132 0.025028672329215115
0 0.32154354453086853 0.6775742742126132 0.022043267885843876 0.02516576486040461
0 0.3503028154373169 0.6774917268790159 0.022043267885843876 0.02516576486040461
0 0.3788541555404663 0.6773380456968795 0.02224517862002051 0.02487584786821711
0 0.40738385915756226 0.6768387015190295 0.02224517862002051 0.02487584786821711
0 0.4365748465061188 0.6763277831521992 0.02224517862002051 0.02487584786821711
0 0.4658050835132599 0.6758161778140369 0.02224517862002051 0.02487584786821711
0 0.4939851015806198 0.6753229540447856 0.022245178620020567 0.02487584786821711
0 0.17519080638885498 0.7129547207854515 0.022312512000401796 0.025189481040303965
0 0.20407623052597046 0.7132154414879698 0.022312512000401796 0.025189481040303965
0 0.23319336771965027 0.7146306079357013 0.021977782249450684 0.02561347429142442
0 0.2621770203113556 0.7143098254536473 0.021977782249450684 0.02561347429142442
0 0.2915573716163635 0.7139846524277349 0.021977782249450684 0.02561347429142442
0 0.32057157158851624 0.7136635318563221 0.021977782249450684 0.02561347429142442
0 0.3492541015148163 0.7133460821107377 0.021977782249450684 0.02561347429142442
0 0.3784370422363281 0.7130230939666913 0.021977782249450684 0.02561347429142442
0 0.40752729773521423 0.7126574848973474 0.02210954825083411 0.02486357578011446
0 0.17406979203224182 0.7498083225939141 0.022490416963895143 0.02569420393123183
0 0.20272044837474823 0.7500110227008199 0.022490416963895143 0.02569420393123183
0 0.23229140043258667 0.7502202337943383 0.022490416963895143 0.02569420393123183
0 0.26116760820150375 0.7511901108545204 0.022087256113688114 0.025656604027563316
0 0.2899279296398163 0.7506280056265897 0.022087256113688114 0.025656604027563316
0 0.3192588686943054 0.7500547479800086 0.022087256113688114 0.025656604027563316
0 0.3487246632575989 0.7494788546540356 0.022087256113688114 0.025656604027563316
0 0.37736988067626953 0.7489189990731173 0.022087256113688114 0.025656604027563316
0 0.40687865018844604 0.7483422658245625 0.022087256113688114 0.025656604027563316
0 0.4357854723930359 0.7482212061484469 0.022375603516896603 0.025022831998130175
0 0.46505942940711975 0.7477260805361651 0.022375603516896603 0.025022831998130175
0 0.49290430545806885 0.7472551257111305 0.022375603516896547 0.025022831998130175
0 0.17251817882061005 0.7865230649016625 0.023230204979578672 0.026446497717569042
0 0.20191992819309235 0.7867217631151946 0.023230204979578672 0.026446497717569042
0 0.23115427792072296 0.7875806231831395 0.02278268337249756 0.026099744693253282
0 0.26037827134132385 0.7871751264411002 0.02278268337249756 0.026099744693253282
0 0.2895905673503876 0.7867697920061829 0.02278268337249756 0.026099744693253282
0 0.31871944665908813 0.7863656150174689 0.02278268337249756 0.026099744693253282
0 0.3480032682418823 0.785959288131359 0.02278268337249756 0.026099744693253282
0 0.37726423144340515 0.7855727465911043 0.022835910320281982 0.02620578736297855
0 0.4063994586467743 0.7859374077614862 0.02280592918395996 0.025914332663365926
0 0.4356610178947449 0.7852385737970065 0.022689123948415157 0.02578498781189427
0 0.17196515202522278 0.8235432824423147 0.022914335131645203 0.026113938915637003
0 0.20056259632110596 0.8237729057152294 0.022914335131645203 0.026113938915637003
0 0.23048712313175201 0.8240131848015558 0.022914335131645203 0.026113938915637003
0 0.26026468724012375 0.8242522838503815 0.022914335131645203 0.026113938915637003
0 0.28873464465141296 0.8244808834669376 0.022914335131645203 0.026113938915637003
0 0.31829819083213806 0.8236125833973675 0.02273428936799371 0.02607384023740299
0 0.3467826247215271 0.8232986008849384 0.02273428936799371 0.02607384023740299
0 0.37632644176483154 0.8229729408441588 0.02273428936799371 0.02607384023740299
0 0.40670323371887207 0.8223656055539154 0.023246010144551632 0.02620708850003017
0 0.17038680613040924 0.8606661419535793 0.023166552186012268 0.02621962672980268
0 0.20043861865997314 0.8609238776695928 0.023166552186012268 0.02621962672980268
0 0.22890505194664001 0.8611680165733037 0.023166552186012268 0.02621962672980268
0 0.2584864869713783 0.8616100146370615 0.023241619269053132 0.02582875333091096
0 0.2881397306919098 0.8609736242959666 0.023241619269053104 0.02582875333091096
0 0.31781288981437683 0.8603368065490351 0.023241619269053104 0.02582875333091096
0 0.34738609194755554 0.8597021339860542 0.023241619269053104 0.02582875333091096
0 0.3771674931049347 0.8590629932492279 0.023241619269053104 0.02582875333091096
0 0.4065276086330414 0.858432893752808 0.023241619269053104 0.02582875333091096
0 0.43518906831741333 0.858221364575763 0.02331787347793579 0.02528328119322311
