0 0.11809340864419937 0.09711942839068036 0.02112751702467601 0.022413117016932764
0 0.14295132458209991 0.09572048897219974 0.021127517024676024 0.022413117016932764
0 0.16798196732997894 0.0943118289341905 0.021127517024676024 0.022413117016932764
0 0.1932920217514038 0.0928874443275938 0.021127517024676024 0.022413117016932764
0 0.21912752091884613 0.09143348904543146 0.021127517024676024 0.022413117016932754
0 0.2718304395675659 0.08909488696685935 0.020453522602717045 0.021538309348646055
0 0.2983112037181854 0.0879198482465641 0.020453522602717045 0.021538309348646065
0 0.3256382644176483 0.0859893922186975 0.02162855863571167 0.023003106893495072
0 0.35183221101760864 0.08523594778637554 0.02162855863571167 0.023003106893495072
0 0.37976938486099243 0.08443236104900546 0.02162855863571167 0.023003106893495072
0 0.40756893157958984 0.08363273302745972 0.02162855863571167 0.023003106893495072
0 0.4334443509578705 0.08288845073345096 0.02162855863571167 0.023003106893495072
0 0.11408152523585874 0.1296376537504217 0.021562459568182604 0.023222686708435546
0 0.14111368358135223 0.12908177260059786 0.021435260772705078 0.023376516593519123
0 0.16704995930194855 0.12777742119722588 0.021435260772705078 0.023376516593519123
0 0.19277945160865784 0.12648346906007868 0.021435260772705078 0.023376516593519123
0 0.21876929700374603 0.1251764236045284 0.021435260772705078 0.023376516593519123
0 0.2720488905906677 0.12249695977499318 0.021435260772705078 0.023376516593519123
0 0.2988138198852539 0.12115093486908032 0.021435260772705078 0.023376516593519123
0 0.32561933994293213 0.12056011377378952 0.02170669039090478 0.02363886574442074
0 0.35210904479026794 0.1190191202385481 0.021264443794886234 0.02319724800050722
0 0.3798660933971405 0.11781334488094217 0.02136152982711792 0.02331066870874214
0 0.16630162298679352 0.1599386680957883 0.021759738524754824 0.023144795913104876
0 0.19147634506225586 0.15895872206417258 0.021759738524754824 0.023144795913104876
0 0.2176479995250702 0.15793996964836535 0.021759738524754824 0.023144795913104876
0 0.24442380666732788 0.15689770011014717 0.02175973852475485 0.023144795913104876
0 0.271510511636734 0.15584332862732603 0.02175973852475488 0.023144795913104876
0 0.29801812767982483 0.15515237630799758 0.021514346202214596 0.02347264548604801
0 0.32436662912368774 0.1541629676798161 0.02117476860682166 0.023641785909963207
0 0.3523481786251068 0.15313691783109046 0.02117476860682166 0.023641785909963207
0 0.37870946526527405 0.1521702810775402 0.02117476860682166 0.023641785909963207
0 0.4334157407283783 0.1497752457406091 0.02190311749776208 0.024166876031446814
0 0.4882809519767761 0.14737325221069453 0.02190311749776208 0.024166876031446814
0 0.5173697716032353 0.14702506671570925 0.02190311749776197 0.024166876031446814
0 0.5451331865135117 0.14571374830149253 0.02190311749776197 0.024166876031446814
0 0.16498102247714996 0.1927428966344789 0.021263147393862425 0.02325905940329381
0 0.21708384156227112 0.19075028853027093 0.021263147393862425 0.02325905940329381
0 0.24434756487607956 0.1897076210320454 0.021263147393862397 0.02325905940329381
0 0.27095746994018555 0.1886899580070118 0.02126314739386237 0.02325905940329381
0 0.2977277636528015 0.18766616111577944 0.02135576804478967 0.023875521134960553
0 0.3244574964046478 0.18686607938156427 0.02135576804478967 0.023875521134960553
0 0.3789062201976776 0.18523630516112718 0.02135576804478967 0.023875521134960574
0 0.4058287441730499 0.1844304527468273 0.02135576804478967 0.023875521134960553
0 0.433392196893692 0.18360541587652163 0.02135576804478967 0.023875521134960553
0 0.46191442012786865 0.18293589085353265 0.02158774932225549 0.024011563885119526
0 0.48872944712638855 0.18221997105798055 0.02158774932225549 0.024011563885119547
0 0.5159602165222168 0.1809664831220848 0.022149284680684334 0.024156078811763786
0 0.5445596285127289 0.18074449772334383 0.022149284680684334 0.024156078811763786
0 0.5746117118579238 0.18081982947685982 0.022231578826904297 0.023961100467415744
0 0.6297142461164674 0.18055691916675104 0.022101938724517822 0.023735974186150637
0 0.6593122482299805 0.17996596650063243 0.02274644374847412 0.024186422658521098
0 0.1636141836643219 0.2256078276523324 0.021085013945897402 0.023836091507312862
0 0.21663254499435425 0.22398501399218249 0.021085013945897402 0.023836091507312862
0 0.2434411197900772 0.22316444315037853 0.02108501394589743 0.023836091507312862
0 0.2696453034877777 0.2223623718265782 0.021085013945897457 0.023836091507312862
0 0.3244727551937103 0.2208777569602217 0.02131342887878418 0.02402904421784157
0 0.3515825569629669 0.22018210832462753 0.02131342887878418 0.02402904421784157
0 0.3783791661262512 0.2194944963397945 0.02131342887878418 0.02402904421784157
0 0.40548574924468994 0.21879893029610084 0.02131342887878418 0.02402904421784157
0 0.43341514468193054 0.21721740262045627 0.02281847596168518 0.024616034456001724
0 0.488679900765419 0.21597141443296922 0.02268563707669574 0.025023024211558234
0 0.5175036787986755 0.21537908583186202 0.022685637076695686 0.025023024211558234
0 0.5733447074890137 0.21424014069313227 0.022670427958170647 0.024219719938529526
0 0.6010222434997559 0.21344489019925655 0.022670427958170647 0.024219719938529526
0 0.6297144889831543 0.21262048435683548 0.022670427958170647 0.024219719938529526
0 0.6595655083656311 0.21176278380511748 0.022670427958170647 0.024219719938529526
0 0.687802791595459 0.2109514502591865 0.022670427958170647 0.024219719938529526
0 0.717258389316388 0.21182884034025828 0.021827737490336174 0.023283137831577035
0 0.16282907128334045 0.2586379605670308 0.020914802948633848 0.023478722387506083
0 0.18945369124412537 0.2586988211563693 0.02125887076059979 0.023555888686069223
0 0.2159692943096161 0.25783048674117687 0.02125887076059979 0.023555888686069223
0 0.24217531830072403 0.256972290438395 0.021258870760599763 0.023555888686069223
0 0.26910489797592163 0.2560903990946121 0.021258870760599735 0.023555888686069223
0 0.2953614294528961 0.2552305487699287 0.021434783935546875 0.024359533029009176
0 0.3231581747531891 0.25452803964783544 0.021434783935546875 0.024359533029009176
0 0.35083144903182983 0.253828651017659 0.021434783935546875 0.024359533029009176
0 0.3780059516429901 0.2531418678793293 0.021434783935546875 0.024359533029009176
0 0.43254849314689636 0.25176341034645255 0.021434783935546875 0.024359533029009176
0 0.45992714166641235 0.25118929295504744 0.021795034408569336 0.02426075011260747
0 0.4885219931602478 0.25050427192865415 0.021795034408569336 0.02426075011260747
0 0.5167309641838074 0.24982849509210645 0.021795034408569336 0.02426075011260747
0 0.5452043414115906 0.24983554167604194 0.022624731063842773 0.024508616720983197
0 0.573605477809906 0.24927845543029747 0.022624731063842773 0.024508616720983197
0 0.6012977957725525 0.24873527260713799 0.022624731063842773 0.024508616720983197
0 0.6301373839378357 0.24816958616155027 0.022624731063842773 0.024508616720983197
0 0.11179732531309128 0.2938597701316656 0.021510447065035493 0.024288517560145623
0 0.1371818333864212 0.2934039046037086 0.02126231292883557 0.023872286774391353
0 0.16272073984146118 0.2926957551823106 0.02117838462193805 0.02396364729533821
0 0.1885601431131363 0.2918970061024103 0.02117838462193805 0.02396364729533821
0 0.21540355682373047 0.29106722099563803 0.02117838462193805 0.02396364729533821
0 0.24182119220495224 0.29025059757240973 0.02117838462193808 0.02396364729533821
0 0.2676306366920471 0.2894527745801349 0.02143617471059167 0.024390849032143263
0 0.29535335302352905 0.28898145913350975 0.02143617471059167 0.024390849032143263
0 0.3498230278491974 0.2885911989927722 0.02206065257390344 0.024819174478220386
0 0.3768557012081146 0.2878745544788449 0.02206065257390344 0.024819174478220386
0 0.4045194089412689 0.2871411810488984 0.02206065257390344 0.024819174478220386
0 0.45959606766700745 0.2856810818275898 0.02206065257390344 0.024819174478220386
0 0.48825040459632874 0.2849214465119118 0.02206065257390344 0.024819174478220386
0 0.516298770904541 0.28417787566442204 0.022060652573903328 0.024819174478220386
0 0.5447002053260803 0.28466595141402085 0.02262004216512037 0.024729913519334398
0 0.5728240609169006 0.28422419969425644 0.02262004216512037 0.024729913519334398
0 0.6009008884429932 0.2837831866615616 0.02262004216512037 0.024729913519334398
0 0.6299965977668762 0.283326169678592 0.02262004216512037 0.024729913519334398
0 0.6581132411956787 0.2828845312429029 0.02262004216512037 0.024729913519334398
0 0.11058223992586136 0.32687559238642694 0.021541555722554534 0.023957585179528524
0 0.13605472445487976 0.32648924894111103 0.021495630343755068 0.023976865664933053
0 0.16181035339832306 0.3259961000950485 0.021495630343755068 0.023976865664933053
0 0.18837687373161316 0.3254874249283489 0.021495630343755068 0.023976865664933053
0 0.21523697674274445 0.32497312846779086 0.021495630343755068 0.023976865664933053
0 0.2685564160346985 0.3239522091178007 0.021495630343755123 0.023976865664933053
0 0.2942311465740204 0.3236845371335052 0.02192266782124841 0.02450132739636328
0 0.3220280706882477 0.3231439126682883 0.02192266782124841 0.02450132739636328
0 0.34905269742012024 0.3226183086728762 0.02192266782124841 0.02450132739636328
0 0.4046456813812256 0.32153707655164304 0.02192266782124841 0.02450132739636328
0 0.4324808716773987 0.3209957078445789 0.02192266782124841 0.02450132739636328
0 0.45944374799728394 0.3202696733696516 0.021770675977071163 0.024155698081319673
0 0.4881763756275177 0.3203490279441656 0.021879831949869755 0.024336689202360377
0 0.5159798264503479 0.3196777299393055 0.02214336395263672 0.02470820818760601
0 0.544714093208313 0.31920161394654595 0.02210676670074463 0.024384298989939136
0 0.5733004808425903 0.3188435532325922 0.02210676670074463 0.024384298989939136
0 0.6017357110977173 0.31834065784287036 0.02200096845626831 0.024191523707190226
0 0.10967075824737549 0.360438624468065 0.021472784380118043 0.024159682813540924
0 0.13491296395659447 0.36004706316216045 0.02142616858084996 0.024060781611952672
0 0.16079439222812653 0.35947378698560467 0.021426168580849947 0.024060781611952672
0 0.18757912516593933 0.35888050252202863 0.021426168580849947 0.024060781611952672
0 0.21398726105690002 0.35829555972000454 0.021426168580849947 0.024060781611952672
0 0.24025323241949081 0.3577137658762377 0.021426168580849975 0.024060781611952672
0 0.26714274287223816 0.3573132226633471 0.021239936351776123 0.024037871249886447
0 0.29468798637390137 0.35713783530301824 0.02175062894821167 0.02439769478731377
0 0.32176417112350464 0.3568351717153797 0.02175062894821167 0.02439769478731377
0 0.3759301006793976 0.35622969296278695 0.02175062894821167 0.02439769478731377
0 0.40409305691719055 0.35591488120284864 0.02175062894821167 0.02439769478731377
0 0.4315616488456726 0.355607831200888 0.02175062894821167 0.02439769478731377
0 0.4595501124858856 0.35505933539811957 0.02186596393585205 0.024471874384917058
0 0.5166734457015991 0.35452536649482197 0.02189427614212036 0.024628291758455944
0 0.572484016418457 0.35383984384514516 0.02189427614212036 0.024628291758455944
0 0.6010113954544067 0.3532879594500166 0.022120753924051995 0.024600361668786336
0 0.6292663812637329 0.35287340208178786 0.022120753924051995 0.024600361668786336
0 0.6586612462997437 0.35244212039681366 0.022120753924051995 0.024600361668786336
0 0.6876928806304932 0.35212452467097793 0.02262659867604566 0.024560115134069135
0 0.7130826115608215 0.35168424066223447 0.02295585473378492 0.0250724230625833
0 0.10915713012218475 0.39396490052688954 0.021400481462478638 0.023680990056474026
0 0.13365818560123444 0.3932621534480605 0.02137274543444316 0.02383514522582067
0 0.16050997376441956 0.39295810435127587 0.021372745434443174 0.02383514522582067
0 0.18692602217197418 0.3926589892379686 0.021372745434443174 0.02383514522582067
0 0.21315234899520874 0.3923620223866691 0.021372745434443174 0.02383514522582067
0 0.2395673543214798 0.3920629190844159 0.021372745434443147 0.02383514522582067
0 0.2670052945613861 0.39146819134565247 0.021053145329157474 0.023914366729499814
0 0.2942174971103668 0.39089444755241737 0.021053145329157474 0.023914366729499814
0 0.32080450654029846 0.3903338853702989 0.021053145329157474 0.023914366729499814
0 0.3767850399017334 0.39059452677881995 0.02180071671803796 0.02464912473693369
0 0.4040752351284027 0.39055217892933414 0.02180071671803796 0.02464912473693369
0 0.4316514730453491 0.39050938721007405 0.02180071671803796 0.02464912473693369
0 0.45859506726264954 0.39046757720237557 0.02180071671803796 0.02464912473693369
0 0.48744499683380127 0.3904228090186008 0.02180071671803796 0.02464912473693369
0 0.5150550603866577 0.38940536144167875 0.022370874881744385 0.024796478508054692
0 0.5439143776893616 0.38909334393290196 0.022370874881744385 0.024796478508054692
0 0.5719766020774841 0.388509145008036 0.022133688131968254 0.024680677310440945
0 0.601152777671814 0.38879995920117083 0.022338171799977546 0.024838765462239638
0 0.15995155274868011 0.42575213370914716 0.021538873513539614 0.024018960405689856
0 0.18555237352848053 0.4257390665453534 0.021538873513539614 0.024018960405689856
0 0.21215271949768066 0.4257254892041915 0.021538873513539614 0.024018960405689856
0 0.238502636551857 0.42571203968688653 0.021538873513539614 0.024018960405689856
0 0.26628515124320984 0.42569785894349566 0.021616776784261105 0.024405131968416965
0 0.32143715023994446 0.42535112850599216 0.021616776784261105 0.024405131968416965
0 0.34842491149902344 0.4251814614324714 0.021616776784261105 0.024405131968416965
0 0.37612617015838623 0.4250073087324953 0.021616776784261105 0.024405131968416965
0 0.4037696123123169 0.42483351951421694 0.021616776784261105 0.024405131968416965
0 0.4310639202594757 0.4244744056879088 0.02151634295781457 0.02438605848208884
0 0.4585423767566681 0.42457170677901224 0.021898309389750126 0.02444206651791116
0 0.5155051946640015 0.4244094227635583 0.021898309389750237 0.02444206651791116
0 0.544231116771698 0.4239872777184775 0.022651274998982673 0.024855739386506728
0 0.572493851184845 0.4245554014693859 0.02279738585154223 0.024764304937318314
0 0.6008455157279968 0.4242209683689302 0.02279738585154223 0.024764304937318314
0 0.6299399733543396 0.42387777336338667 0.02279738585154223 0.024764304937318314
0 0.6586406230926514 0.4235392236721518 0.02279738585154223 0.024764304937318314
0 0.6884148716926575 0.42318800992743916 0.02279738585154223 0.024764304937318314
0 0.716921865940094 0.42293033186186063 0.02276766300201416 0.024960540061773256
0 0.15879139304161072 0.45942590403002365 0.02153839667638141 0.02404832470324618
0 0.21174336969852448 0.4599445697873138 0.02156183123588562 0.024118763531825394
0 0.23816078901290894 0.46027303296466204 0.021410644054412842 0.024091173512067035
0 0.2934877574443817 0.4599281681134345 0.021410644054412842 0.024091173512067035
0 0.32047519087791443 0.4597599496572291 0.021410644054412842 0.024091173512067035
0 0.34757524728775024 0.45959102919787637 0.021410644054412842 0.024091173512067035
0 0.3756675720214844 0.4594159237174101 0.021410644054412842 0.024091173512067035
0 0.40284958481788635 0.45938261165175326 0.021564126014709473 0.0244705436765685
0 0.43072208762168884 0.45956070478572403 0.021652082602182987 0.024276378542877907
0 0.45858287811279297 0.4590394663256268 0.021785497665405273 0.024472879809002545
0 0.4872211515903473 0.45900087722331706 0.022339046001434326 0.024819248406462022
0 0.514957070350647 0.45896350401338754 0.022339046001434326 0.024819248406462022
0 0.5432419776916504 0.4589253910599631 0.022339046001434326 0.024819248406462022
0 0.6000348925590515 0.4588488645331804 0.022339046001434326 0.024819248406462022
0 0.6291056275367737 0.4589969280154206 0.02220519383748365 0.024825340093568314
0 0.6590806841850281 0.45889422763468213 0.02220519383748365 0.024825340093568314
0 0.6880060434341431 0.45799221693778774 0.02230966091156006 0.024957523789516715
0 0.7171710133552551 0.4587328267651935 0.022565364837646484 0.0250148921049842
0 0.15848134458065033 0.4937236948066091 0.021572252114613832 0.02387456376423202
0 0.18535569310188293 0.4946095517947435 0.021561662356058775 0.024044628291166974
0 0.21106551587581635 0.4945297684780387 0.02141753832499188 0.02402632365855141
0 0.23827685415744781 0.494499682535465 0.02162673075993854 0.02423956227857013
0 0.26551389694213867 0.49439066509867824 0.021626730759938595 0.02423956227857013
0 0.2925117611885071 0.49428260498429194 0.021626730759938595 0.02423956227857013
0 0.34753671288490295 0.49406236524532043 0.021626730759938595 0.02423956227857013
0 0.3752608299255371 0.493951398272847 0.021626730759938595 0.02423956227857013
0 0.4033881723880768 0.4938607922530837 0.022095918655395508 0.024662786675978023
0 0.4299836754798889 0.49388668149016623 0.022095918655395508 0.024662786675978023
0 0.4578436017036438 0.4939138015725584 0.022095918655395508 0.024662786675978023
0 0.4863229990005493 0.49394152467544694 0.022095918655395508 0.024662786675978023
0 0.5149205923080444 0.49396936283555143 0.022095918655395508 0.024662786675978023
0 0.5440217852592468 0.4939976912217865 0.022095918655395508 0.024662786675978023
0 0.5720789432525635 0.49473868968874907 0.022109786669413323 0.02496556718220077
0 0.6297129392623901 0.49441794461982197 0.023021697998046875 0.024942945140276715
0 0.658693790435791 0.4945340328201654 0.023021697998046875 0.024942945140276715
0 0.6879396438598633 0.4946511825364106 0.023021697998046875 0.024942945140276715
0 0.7171935439109802 0.49476836448492006 0.023021697998046875 0.024942945140276715
0 0.7466057538986206 0.49488618057338335 0.023021697998046875 0.024942945140276715
0 0.15810340642929077 0.528496365214503 0.021656433741251646 0.024031350778978923
0 0.18475167453289032 0.5284166346757195 0.021656433741251646 0.024031350778978923
0 0.21054993569850922 0.528339447323265 0.021656433741251646 0.024031350778978923
0 0.23802126944065094 0.528257254205429 0.021656433741251646 0.024031350778978923
0 0.2657356858253479 0.5281743337941724 0.02165643374125159 0.024031350778978923
0 0.29265108704566956 0.5281934532889699 0.021798908710479736 0.02450298338897474
0 0.31964850425720215 0.5282718643905135 0.021798908710479736 0.02450298338897474
0 0.37452566623687744 0.5287629821708388 0.02198878924051917 0.024560262990552327
0 0.40235304832458496 0.5287461835284566 0.02198878924051917 0.024560262990552327
0 0.4577150344848633 0.5287127629859081 0.02198878924051917 0.024560262990552327
0 0.4853009283542633 0.5286961101234704 0.02198878924051917 0.024560262990552327
0 0.5144076347351074 0.5286785391874091 0.02198878924051928 0.024560262990552327
0 0.5430115461349487 0.5286612717751594 0.02198878924051928 0.024560262990552327
0 0.5713838338851929 0.5301272370094476 0.022383232911427742 0.024667961652888808
0 0.10601697117090225 0.5617506781289744 0.021470631162325532 0.024339040120442763
0 0.13132331147789955 0.5619321682880104 0.021470631162325546 0.024339040120442763
0 0.15800562500953674 0.5615401670957162 0.02153767148653668 0.024544501489447125
0 0.2101965993642807 0.5623234593591024 0.02153767148653668 0.024544501489447125
0 0.2373054176568985 0.5627303137606666 0.02153767148653668 0.024544501489447125
0 0.264297217130661 0.563096379124841 0.021975278854370117 0.02483586747516952
0 0.2917865514755249 0.5632174519613944 0.021975278854370117 0.02483586747516952
0 0.3191787898540497 0.5633380971526686 0.021975278854370117 0.02483586747516952
0 0.37401363253593445 0.5635796093647202 0.021975278854370117 0.02483586747516952
0 0.4297662377357483 0.5638251637303552 0.021921535332997677 0.02509216190308558
0 0.457542359828949 0.5638287263327725 0.021921535332997677 0.02509216190308558
0 0.48589617013931274 0.56383236303025 0.021921535332997677 0.02509216190308558
0 0.5427249670028687 0.5638396519674314 0.021921535332997566 0.02509216190308558
0 0.5712117552757263 0.5638433057208394 0.021921535332997566 0.02509216190308558
0 0.6001675128936768 0.5655449901797971 0.02319391568501783 0.02485559153002362
0 0.6296778917312622 0.5657582393912381 0.02319391568501783 0.02485559153002362
0 0.6594969630241394 0.5659737192898227 0.02319391568501783 0.02485559153002362
0 0.6883310675621033 0.5661820815778561 0.02319391568501783 0.02485559153002362
0 0.7160193920135498 0.5663821641788926 0.02319391568501783 0.02485559153002362
0 0.10609923303127289 0.594687965773325 0.02104243387778601 0.023649910623713112
0 0.13135825470089912 0.595244474189226 0.021042433877785996 0.023649910623713112
0 0.15737923979759216 0.5965303378606778 0.02143538991610211 0.02432440232860955
0 0.18318285048007965 0.5966919734342151 0.0214986304442088 0.024546039196871917
0 0.21021078526973724 0.5969817582951036 0.0214986304442088 0.024546039196871917
0 0.23661933839321136 0.5972649023441294 0.0214986304442088 0.024546039196871917
0 0.264041543006897 0.5975589144398029 0.021498630444208744 0.024546039196871917
0 0.2910585105419159 0.5978485817132995 0.021498630444208744 0.024546039196871917
0 0.31833896040916443 0.5981410739599797 0.021498630444208744 0.024546039196871917
0 0.34593480825424194 0.5983187907123659 0.022515734036763546 0.02507577940475109
0 0.40119996666908264 0.5987923316745811 0.022515734036763546 0.02507577940475109
0 0.4291633069515228 0.5990319362906522 0.022515734036763546 0.02507577940475109
0 0.4567878842353821 0.6000302567361775 0.022002140680948856 0.02527278338291843
0 0.5142432451248169 0.6002042016317678 0.022002140680948967 0.02527278338291843
0 0.5428228974342346 0.6002907259274994 0.022002140680948967 0.02527278338291843
0 0.5714870095252991 0.6003775059234421 0.022002140680948967 0.02527278338291843
0 0.5998223423957825 0.6004632905472157 0.022002140680948967 0.02527278338291843
0 0.6295113563537598 0.600553173411985 0.022002140680948967 0.02527278338291843
0 0.659078061580658 0.6014375021291334 0.022693991661071777 0.025351295175478385
0 0.6870519518852234 0.6017717546823405 0.022693991661071777 0.025351295175478385
0 0.10566623508930206 0.628701409628225 0.021251171827316284 0.02413692030795785
0 0.13011165335774422 0.6293464136564114 0.021251171827316284 0.02413692030795785
0 0.18332120776176453 0.6307503731449223 0.021251171827316284 0.02413692030795785
0 0.20876044034957886 0.6314215994382475 0.021251171827316284 0.02413692030795785
0 0.23554727435112 0.6321283828380496 0.021251171827316284 0.02413692030795785
0 0.2629905641078949 0.6319450555845748 0.021479666233062744 0.024403150691542516
0 0.2900099754333496 0.6328103708666425 0.022377967834472656 0.024810554445251994
0 0.31821733713150024 0.6332126593319611 0.022377967834472656 0.024810554445251994
0 0.3454539477825165 0.6336011031154151 0.022377967834472656 0.024810554445251994
0 0.40049436688423157 0.6343860799582646 0.022377967834472656 0.024810554445251994
0 0.4290260076522827 0.6347929932350336 0.022377967834472656 0.024810554445251994
0 0.4568963646888733 0.635085988857073 0.022483468055725098 0.025230644285216756
0 0.4852728545665741 0.6353843053548522 0.022483468055725098 0.025230644285216756
0 0.5141846537590027 0.6356882494549418 0.022483468055725098 0.025230644285216756
0 0.5427824258804321 0.6359888922497455 0.022483468055725098 0.025230644285216756
0 0.5713511109352112 0.6366051075070404 0.022440016269683838 0.025230319000953853
0 0.6001439094543457 0.6368048583460737 0.0230907599131267 0.025661527648452587
0 0.6297382712364197 0.6371892884720204 0.0230907599131267 0.025661527648452587
0 0.6591905951499939 0.637752467937466 0.023007194201151604 0.02558029529660247
0 0.6882676482200623 0.6381322727646939 0.023007194201151604 0.02558029529660247
0 0.10543783009052277 0.6625426833082385 0.02130827307701111 0.024197186610495452
0 0.1300743818283081 0.663330078125 0.021481166283289596 0.02426250960475709
0 0.15597575902938843 0.6640691104824747 0.02148116628328961 0.02426250960475709
0 0.18261945247650146 0.6648293230158543 0.02148116628328961 0.02426250960475709
0 0.20874027907848358 0.6658442741216615 0.021950016419092833 0.024702027786609737
0 0.23527318239212036 0.666190690017025 0.021950016419092833 0.024702027786609737
0 0.26201361417770386 0.6665398154221835 0.021950016419092777 0.024702027786609737
0 0.3166077435016632 0.6672526011270796 0.021950016419092777 0.024702027786609737
0 0.34385886788368225 0.6676083941792332 0.021950016419092777 0.024702027786609737
0 0.37209275364875793 0.6684563658958258 0.022473255793253544 0.025602917338526526
0 0.3997763395309448 0.6691698308296086 0.022473255793253544 0.025602917338526526
0 0.427487850189209 0.6702406240064044 0.022815843423207638 0.025297209273937138
0 0.4557788074016571 0.6705996972244709 0.022815843423207638 0.025297209273937138
0 0.4845905601978302 0.6709653804608834 0.022815843423207638 0.025297209273937138
0 0.5126786828041077 0.6713218792706601 0.022815843423207527 0.025297209273937138
0 0.5415486693382263 0.6716883016187091 0.022815843423207527 0.025297209273937138
0 0.5708054900169373 0.6723886534225109 0.023036718368530273 0.025709403577701122
0 0.1558302938938141 0.6991343387337619 0.021543492873509706 0.024542461069979465
0 0.18163566291332245 0.699709695931292 0.021543492873509706 0.024542461069979465
0 0.20822323858737946 0.7000825975304255 0.021656543016433716 0.024476812791454753
0 0.23534932732582092 0.7007985669513082 0.021656543016433716 0.024476812791454753
0 0.2615797817707062 0.701490896887241 0.021656543016433716 0.024476812791454753
0 0.28900501132011414 0.7022147618685658 0.021656543016433716 0.024476812791454753
0 0.31630364060401917 0.7029352853464526 0.021656543016433716 0.024476812791454753
0 0.3440746068954468 0.7036682757471235 0.021656543016433716 0.024476812791454753
0 0.3716253936290741 0.7043678261324753 0.022690117359161377 0.025246878927068138
0 0.3991469740867615 0.7049873563747706 0.022690117359161377 0.025246878927068138
0 0.4267171621322632 0.7056079808082479 0.022690117359161377 0.025246878927068138
0 0.45520782470703125 0.7062493257744368 0.022690117359161377 0.025246878927068138
0 0.48396992683410645 0.7069289487880125 0.022924164930979374 0.02555190685183503
0 0.5123782157897949 0.7076195561608603 0.022924164930979485 0.02555190685183503
0 0.571259081363678 0.7085802405807058 0.02287890513737989 0.025625214096187676
0 0.6002624034881592 0.7097156647421805 0.023112575213114495 0.02566235564475836
0 0.6589064598083496 0.7105037334353425 0.023112575213114495 0.02566235564475836
0 0.6882835030555725 0.7108985070839182 0.023112575213114495 0.02566235564475836
0 0.7175780534744263 0.7112921721799904 0.023112575213114495 0.02566235564475836
0 0.7481209635734558 0.7117026129434275 0.023112575213114495 0.02566235564475836
0 0.7779169678688049 0.71210301666104 0.023112575213114495 0.02566235564475836
0 0.8071150183677673 0.7114203253457713 0.022920171419779534 0.025499092516048878
0 0.8352424502372742 0.7114363382028979 0.02294258276621508 0.025448969168256366
0 0.1553431898355484 0.7323972790740257 0.02151853839556378 0.024027994436811136
0 0.18133996427059174 0.7334004243836891 0.02151853839556378 0.024027994436811136
0 0.20771723985671997 0.7344182522050615 0.02151853839556378 0.024027994436811136
0 0.2351464480161667 0.735476671263229 0.02151853839556378 0.024027994436811136
0 0.2619030475616455 0.7365091361716605 0.021518538395563724 0.024027994436811053
0 0.28842905163764954 0.7370141727111651 0.02176893750826514 0.02431452551553424
0 0.315498411655426 0.7377952753111373 0.02176893750826514 0.024314525515534157
0 0.3439352512359619 0.7386158373531201 0.02176893750826514 0.02431452551553424
0 0.37111473083496094 0.7395394791004269 0.022791842619578007 0.025174872819767442
0 0.4276108145713806 0.7410665569515462 0.022791842619578007 0.025174872819767442
0 0.45523977279663086 0.7418755481083324 0.023131827513376835 0.025527303533036606
0 0.48383137583732605 0.7426185607910156 0.023131827513376835 0.025527303533036606
0 0.5416744351387024 0.7441496738167697 0.023316383361816406 0.025939763978470202
0 0.5711649656295776 0.74490517727462 0.023316383361816406 0.025939763978470202
0 0.6002510786056519 0.7456503201582195 0.023316383361816406 0.025939763978470202
0 0.6296830177307129 0.7464043225925638 0.023316383361816406 0.025939763978470202
0 0.6587406396865845 0.74714873557867 0.023316383361816406 0.025939763978470202
0 0.6887245774269104 0.7471049996309502 0.023109118143717522 0.025626618732777703
0 0.7180496454238892 0.7474439285164316 0.023109118143717522 0.025626618732777703
0 0.7479289174079895 0.7477892626978769 0.023109118143717522 0.025626618732777703
0 0.7776942849159241 0.7481332804112015 0.023109118143717522 0.025626618732777703
0 0.8073900938034058 0.7484764941903048 0.023109118143717522 0.025626618732777703
0 0.15511316061019897 0.7664281268452489 0.021575282017389952 0.02448166248410247
0 0.1810590624809265 0.767570402570416 0.021575282017389952 0.02448166248410247
0 0.20750470459461212 0.7687346795022193 0.021575282017389952 0.02448166248410247
0 0.2342633157968521 0.7699127349873511 0.021575282017389952 0.02448166248410247
0 0.26119232177734375 0.7710982921511628 0.021575282017389896 0.02448166248410247
0 0.28821948170661926 0.7722581282131271 0.021811584631601932 0.02476329951323291
0 0.31563520431518555 0.7731806989052326 0.021879037221272823 0.024737986483315055
0 0.37129393219947815 0.7742086897882791 0.022878507773081425 0.02554634744806796
0 0.39844074845314026 0.7752773373626 0.022878507773081425 0.02554634744806796
0 0.4555797576904297 0.7775266421447876 0.022878507773081425 0.02554634744806796
0 0.4835728704929352 0.77862860459278 0.022878507773081425 0.02554634744806796
0 0.5124974846839905 0.7797672360442406 0.022878507773081536 0.02554634744806796
0 0.5704115629196167 0.7818816186494989 0.02378006776173902 0.02612458458242479
0 0.629524827003479 0.7827847502952399 0.02373560269673658 0.02603977410368206
0 0.6585565805435181 0.7832267573585345 0.02373560269673658 0.02603977410368206
0 0.6884831190109253 0.7836823874796816 0.02373560269673658 0.02603977410368206
0 0.7187730073928833 0.7841435495859513 0.02373560269673658 0.02603977410368206
0 0.7480842471122742 0.7845898118129996 0.02373560269673658 0.02603977410368206
0 0.7769758701324463 0.7850146090305837 0.02398904164632154 0.026268360226653343
0 0.15484336018562317 0.8007496678551962 0.02185081442197162 0.024636024652525436
0 0.2070874124765396 0.8032115970948938 0.02185081442197162 0.024636024652525436
0 0.2333846092224121 0.8044508163888 0.02185081442197162 0.024636024652525436
0 0.2607753351330757 0.8057415667433189 0.021850814421971648 0.024636024652525436
0 0.2878192365169525 0.8070159734681596 0.021850814421971676 0.024636024652525436
0 0.31480368971824646 0.808123471034225 0.022272080183029175 0.024770574052204567
0 0.3425043225288391 0.8092936138774074 0.022272080183029175 0.024770574052204567
0 0.3705078065395355 0.8101871142636815 0.022555669148763058 0.025365548540455318
0 0.398093044757843 0.8110672697826916 0.022555669148763058 0.025365548540455318
0 0.4267174005508423 0.8119805801746457 0.022555669148763058 0.025365548540455318
0 0.483409583568573 0.8151148004898938 0.02325661977132165 0.025991986888323753
0 0.5126478672027588 0.8159137104832849 0.02325661977132154 0.025991986888323753
0 0.5414748787879944 0.8166744320891625 0.02360455195109057 0.02620631964631794
0 0.5707812309265137 0.8174784665177396 0.02360455195109057 0.02620631964631794
0 0.5994296073913574 0.8182849440463754 0.02397664388020826 0.026427335517351016
0 0.6289209723472595 0.8190864136956229 0.02397664388020826 0.026427335517351016
0 0.6585032939910889 0.8198903552218038 0.02397664388020826 0.026427335517351016
0 0.6889212131500244 0.8207170052949897 0.02397664388020826 0.026427335517351016
0 0.7181188464164734 0.821510492369186 0.02397664388020826 0.026427335517351016
0 0.1031700074672699 0.8322310336800509 0.021966541806856782 0.024387330047844102
0 0.12901345267891884 0.8337323929387257 0.021966541806856796 0.024387330047844102
0 0.18125225603580475 0.8367671745028572 0.02196654180685681 0.024387330047844102
0 0.2073265016078949 0.8382819419683412 0.02196654180685681 0.024387330047844102
0 0.23336708545684814 0.8397947538764572 0.02196654180685681 0.024387330047844102
0 0.26047755032777786 0.8411860798680505 0.0217562640706698 0.024421396181565032
0 0.287365585565567 0.8417664461357649 0.022504369417826298 0.025116380795027968
0 0.31446829438209534 0.843080765498775 0.022504369417826298 0.025116380795027968
0 0.3418709337711334 0.8444096297016267 0.022504369417826298 0.025116380795027968
0 0.37040936946868896 0.8457935732358772 0.022504369417826298 0.025116380795027968
0 0.3982386887073517 0.8471431288608285 0.022504369417826298 0.025116380795027968
0 0.4261639714241028 0.8479486730083967 0.022840003172556522 0.025411443192829567
0 0.45518165826797485 0.8489578601925872 0.022840003172556522 0.025411443192829567
0 0.48297879099845886 0.8505540004996366 0.02344644069671631 0.02596519529357448
0 0.5122919678688049 0.8516388518258484 0.02344644069671631 0.02596519529357448
0 0.5410652160644531 0.8532073788953916 0.023646950721740723 0.026306743769682766
0 0.5694329142570496 0.8540130437806596 0.023646950721740723 0.026306743769682766
0 0.5987797975540161 0.8548465182911362 0.023646950721740723 0.026306743769682766
0 0.6285825371742249 0.8556929394788464 0.023646950721740723 0.026306743769682766
0 0.6586753726005554 0.8565475996150527 0.023646950721740723 0.026306743769682766
0 0.68833988904953 0.8573900951562535 0.023646950721740723 0.026306743769682766
0 0.7184521555900574 0.8574966608091842 0.024032076199849373 0.02628432872683503
0 0.10242588073015213 0.8653644295625909 0.02236461639404297 0.02439525515534157
0 0.154077410697937 0.8688834591564074 0.02236461639404297 0.02439525515534157
0 0.17942741513252258 0.8706105602870868 0.02236461639404297 0.02439525515534157
0 0.20610730350017548 0.8724282666896667 0.02236461639404297 0.02439525515534157
0 0.23262903094291687 0.8742351975551871 0.02236461639404297 0.02439525515534157
0 0.2595159187912941 0.875244140625 0.022837514678637177 0.024537552234738372
0 0.2864628732204437 0.8768411895702463 0.02278391520182288 0.024418616479681333
0 0.314233660697937 0.8781758685444676 0.02278391520182288 0.024418616479681333
0 0.3415743410587311 0.8794898763394584 0.02278391520182288 0.024418616479681333
0 0.3692568838596344 0.8808203142270874 0.02278391520182288 0.024418616479681333
0 0.39701759815216064 0.8821545090786246 0.02278391520182288 0.024418616479681333
0 0.42563673853874207 0.8835299603496849 0.02278391520182288 0.024418616479681333
0 0.4821268916130066 0.886150709894335 0.023273468017578125 0.025131521298903718
0 0.5108909606933594 0.888051005508262 0.024364868799845396 0.02623263810032087
0 0.5399982333183289 0.8890411909236464 0.02436486879984545 0.02623263810032087
0 0.5693337321281433 0.8900391402488466 0.02436486879984545 0.02623263810032087
0 0.598220705986023 0.8910218314331839 0.02436486879984545 0.02623263810032087
0 0.6273417472839355 0.8920124852380087 0.02436486879984545 0.02623263810032087
0 0.657713770866394 0.8930456955691362 0.02436486879984545 0.02623263810032087
0 0.6880595088005066 0.894416080552526 0.024199803670247322 0.025983943495639535
0 0.7173654437065125 0.8946342434621253 0.024566570917765373 0.02643508319706869
0 0.5743031008030051 0.14579080746686157 0.02190311749776208 0.024166876031446814
0 0.6014613546245726 0.14527798885465945 0.021759738524754768 0.023144795913104876
0 0.6292088657469298 0.14495884785977114 0.021759738524754768 0.023144795913104876
0 0.6583703904602658 0.14485048418380697 0.021759738524754768 0.023144795913104876
0 0.6874474398235776 0.1792577991057297 0.021759738524754768 0.023144795913104917
0 0.7161029901967119 0.17852743927696654 0.021759738524754768 0.023144795913104917
0 0.7452726387858983 0.17806673766333203 0.022149284680684334 0.024156078811763702
0 0.7748998931391321 0.17769794210623374 0.022149284680684334 0.02415607881176366
