0 0.06130106374621391 0.2147899568080902 0.022408771018187203 0.03380712866783142
0 0.08877623826265335 0.21404483355236995 0.023462466895580292 0.035245935122172056
0 0.11810357496142387 0.21457648277282715 0.023462466895580292 0.035245935122172056
0 0.14748965203762054 0.2151091968453774 0.023462466895580292 0.035245935122172056
0 0.1770951747894287 0.2156458890535344 0.023462466895580292 0.035245935122172056
0 0.20827198028564453 0.21621106564998627 0.023462466895580292 0.035245935122172056
0 0.27066662907600403 0.21734216278065363 0.023462466895580292 0.035245935122172056
0 0.30115532875061035 0.21921992265191087 0.023168623447418213 0.03474782903989154
0 0.331602543592453 0.22120364010334015 0.023168623447418213 0.03474782903989154
0 0.3619547188282013 0.22318116547033195 0.023168623447418213 0.03474782903989154
0 0.39172613620758057 0.2250889092683792 0.02319633960723877 0.034727901220321655
0 0.4209790825843811 0.22661801275302357 0.02319633960723877 0.034727901220321655
0 0.4502579867839813 0.22814847309918834 0.02319633960723877 0.034727901220321655
0 0.5097519755363464 0.23125832960201165 0.02319633960723877 0.034727901220321655
0 0.538245439529419 0.23274773359298706 0.02319633960723877 0.034727901220321655
0 0.5676116347312927 0.23400743305683136 0.02252538998921705 0.033544108271598816
0 0.5964124202728271 0.23548437356756735 0.02252538998921705 0.033544108271598844
0 0.6253381967544556 0.23696772377093595 0.02252538998921705 0.033544108271598816
0 0.6530917286872864 0.2383909597992897 0.02252538998921705 0.033544108271598816
0 0.5952497124671936 0.28382307291030884 0.022350748380025154 0.033118267854054806
0 0.6242436170578003 0.2843460440635681 0.022728443145751953 0.03341863552729285
0 0.6525430083274841 0.28558723876688763 0.022728443145751953 0.03341863552729285
0 0.7092465758323669 0.28790482878685 0.022201021512349373 0.03311622142791748
0 0.7362520098686218 0.28909026655436365 0.021807551383972168 0.03251393636067712
0 0.7640371322631836 0.29047730565071106 0.021807551383972168 0.03251393636067712
0 0.7925304174423218 0.2918996963807435 0.021807551383972168 0.03251393636067712
0 0.8188281655311584 0.2932124854419949 0.021807551383972168 0.03251393636067712
0 0.8462821245193481 0.2945829927921295 0.021807551383972168 0.03251393636067712
0 0.8738444447517395 0.2959589095581416 0.021807551383972168 0.03251393636067712
0 0.8998000025749207 0.29692168032815003 0.021413962046305413 0.03235950072606408
0 0.9265022873878479 0.29813823103904724 0.021413962046305413 0.03235950072606408
0 0.9521157741546631 0.2992733826584671 0.02148294448852539 0.03226395448048913
0 0.057610200718045235 0.3116099146667547 0.023046284914016724 0.034631113211313846
0 0.1156250387430191 0.31280189752578735 0.023046284914016724 0.034631113211313846
0 0.1441228985786438 0.3133874194646499 0.023046284914016724 0.034631113211313846
0 0.1747879981994629 0.3139092028141022 0.024251038829485594 0.03554952144622803
0 0.20623807609081268 0.314921440771828 0.024251038829485594 0.03554952144622803
0 0.23784605413675308 0.31593876083238864 0.024251038829485594 0.03554952144622803
0 0.2685321271419525 0.31692640887500134 0.02425103882948554 0.03554952144622803
0 0.29911208152770996 0.31791064143180847 0.02425103882948554 0.03554952144622803
0 0.3306523859500885 0.3198434114456177 0.02362990379333496 0.03475064039230347
0 0.39020928740501404 0.3218472060171584 0.02362990379333496 0.03475064039230347
0 0.41955244541168213 0.3234584927558899 0.0229436457157135 0.034018317858378055
0 0.44837087392807007 0.3246783408029681 0.0229436457157135 0.034018317858378055
0 0.477918803691864 0.325929067725745 0.0229436457157135 0.034018317858378055
0 0.5062986463308334 0.32713035098100113 0.0229436457157135 0.034018317858378055
0 0.5356934070587158 0.32837459444999695 0.0229436457157135 0.034018317858378055
0 0.5637370944023132 0.32896730303764343 0.022232433160146003 0.033128003279368046
0 0.056012868881225586 0.36121487617492676 0.02246332665284475 0.03433285156885779
0 0.08428619801998138 0.3619227707386017 0.022876431544621795 0.03463659683863318
0 0.11331475526094437 0.3623458994449329 0.022876431544621795 0.03463659683863318
0 0.1435973197221756 0.36278730692579764 0.022876431544621767 0.03463659683863318
0 0.17408357560634613 0.3632316834721782 0.022876431544621767 0.03463659683863318
0 0.2045869529247284 0.3631633395178192 0.022955934206644713 0.03389974435170495
0 0.26734986901283264 0.36561909317970276 0.022955934206644657 0.03389974435170495
0 0.2972595691680908 0.3667893838586605 0.022955934206644657 0.03389974435170495
0 0.3288695216178894 0.3680262010959538 0.022955934206644657 0.03389974435170495
0 0.3882044851779938 0.3703478276729584 0.022955934206644657 0.03389974435170495
0 0.4179679751396179 0.37151239751800974 0.022955934206644657 0.03389974435170495
0 0.4476516842842102 0.3729085214329626 0.02216782172520959 0.0336461067199707
0 0.4764980375766754 0.3741510808467865 0.02216782172520959 0.0336461067199707
0 0.5052569508552551 0.37538987377368926 0.022167821725209536 0.0336461067199707
0 0.5346206426620483 0.37655722811843095 0.022580643494923835 0.03379841645558679
0 0.3876456022262573 0.4190964102745056 0.022206584612528446 0.03369241952896118
0 0.4166967570781708 0.4196363687515259 0.022392213344573975 0.03313364585240686
0 0.4464811384677887 0.4206038017900918 0.022392213344573975 0.03313364585240686
0 0.5049729943275452 0.42250368861686644 0.022392213344573975 0.03313364585240686
0 0.5339622497558594 0.4234747886657715 0.022357265154520745 0.03339129686355591
0 0.5629336833953857 0.4242680861364504 0.022357265154520745 0.03339129686355591
0 0.5924160480499268 0.42507537394971806 0.022357265154520745 0.03339129686355591
0 0.620815634727478 0.4258530130738273 0.022357265154520745 0.03339129686355591
0 0.6799957156181335 0.4274734854698181 0.022357265154520745 0.03339129686355591
0 0.7076927423477173 0.42856448888778687 0.022125760714213127 0.03300996621449792
0 0.735764741897583 0.42930940798431816 0.022125760714213127 0.03300996621449792
0 0.7611430883407593 0.42998284825245175 0.022125760714213127 0.03300996621449792
0 0.7914861440658569 0.4307060241699219 0.021513541539510017 0.03316207726796472
0 0.8188011050224304 0.4315752986290927 0.021513541539510017 0.03316207726796472
0 0.8465108275413513 0.4324571360256281 0.021513541539510017 0.03316207726796472
0 0.8735463619232178 0.43331751798134666 0.021513541539510017 0.03316207726796472
0 0.9015264047516717 0.43463811756652077 0.021513541539510017 0.03316207726796472
0 0.9292747974395752 0.4351178209876323 0.02144877115885424 0.03294086456298828
0 0.9564368724822998 0.434551477432251 0.021756092707316155 0.0333766142527262
0 0.05303427204489708 0.4597320854663849 0.022889750699202217 0.03496658802032471
0 0.08122754842042923 0.46028923988342285 0.02309150993824005 0.034763554732004764
0 0.1100316196680069 0.4610164717593984 0.02309150993824005 0.034763554732004764
0 0.13972356915473938 0.46176612037472825 0.02309150993824005 0.034763554732004764
0 0.20403923094272614 0.46338993247318705 0.02309150993824005 0.034763554732004764
0 0.23369811475276947 0.4641387462615967 0.02309150993824005 0.034763554732004764
0 0.26520732045173645 0.46476799678560304 0.02325393756230676 0.0344750086466471
0 0.2953774631023407 0.465411901473999 0.02325393756230676 0.0344750086466471
0 0.35812053084373474 0.4674815535545349 0.022498468557993534 0.03434499104817712
0 0.38679760694503784 0.4677448910964956 0.022498468557993534 0.03434499104817712
0 0.4137943387031555 0.4669724492434257 0.022175004084905026 0.033866723378499386
0 0.4451012909412384 0.46828028559684753 0.022175004084905026 0.033866723378499386
0 0.47387009859085083 0.47011497162683524 0.02227889498074853 0.03344297409057617
0 0.503684476017952 0.47082361578941345 0.022442728281021118 0.03355928262074792
0 0.5327326655387878 0.47149849625813794 0.022442728281021118 0.03355928262074792
0 0.562215268611908 0.4723644839770056 0.02242942651112867 0.03323449691136682
0 0.6203294396400452 0.47359609603881836 0.02242942651112867 0.03323449691136682
0 0.6492805480957031 0.4742096561007794 0.02242942651112867 0.03323449691136682
0 0.6783022880554199 0.4748247130543042 0.02242942651112867 0.03323449691136682
0 0.7068185806274414 0.47542905807495117 0.02242942651112867 0.03323449691136682
0 0.7352724075317383 0.4760320792623841 0.02242942651112867 0.03323449691136682
0 0.7628216743469238 0.47669478230102347 0.02168560028076172 0.032639384269714355
0 0.790916919708252 0.4775688428137975 0.02168560028076172 0.032639384269714355
0 0.818324625492096 0.4784215135437838 0.02168560028076172 0.032639384269714355
0 0.8462055325508118 0.47928890585899353 0.02168560028076172 0.032639384269714355
0 0.8739559054374695 0.4797976315021515 0.021580100059509277 0.03256235520044959
0 0.901727557182312 0.4804202914237976 0.02165929476420092 0.03268512090047204
0 0.05249493941664696 0.5085727125406265 0.023264107604821525 0.03511213262875873
0 0.10948847234249115 0.5106978416442871 0.02356765667597452 0.0351516803105672
0 0.13957536220550537 0.5113597037045822 0.023567656675974546 0.0351516803105672
0 0.17004434764385223 0.5120299712386857 0.023567656675974546 0.0351516803105672
0 0.23257285356521606 0.5134054954601891 0.023567656675974546 0.0351516803105672
0 0.2637161910533905 0.5140905976295471 0.02356765667597449 0.0351516803105672
0 0.2938871681690216 0.5136150360327876 0.023011644681294796 0.034340500831604004
0 0.32490089535713196 0.5142643451690674 0.023079733053843143 0.034558931986490904
0 0.38570958375930786 0.5155269112288076 0.023079733053843143 0.034558931986490904
0 0.4143185019493103 0.5161209159682897 0.023079733053843143 0.034558931986490904
0 0.4443482756614685 0.5167444218202806 0.023079733053843143 0.034558931986490904
0 0.4732714593410492 0.5173449516296387 0.023079733053843143 0.03455893198649096
0 0.5023713707923889 0.5179534561234601 0.02255465586980182 0.0340076287587483
0 0.5617930889129639 0.519406795501709 0.022470474243164062 0.03390542666117358
0 0.5901826620101929 0.5199913182186112 0.022470474243164062 0.03390542666117358
0 0.6205952167510986 0.5213012913356186 0.02234439055124926 0.03338118394215894
0 0.6493902802467346 0.521548867225647 0.02234439055124926 0.03338118394215894
0 0.6777406930923462 0.5217926200721719 0.02234439055124926 0.03338118394215894
0 0.7064689993858337 0.5220396219932023 0.02234439055124926 0.03338118394215894
0 0.7352284789085388 0.5222868919372559 0.02234439055124926 0.03338118394215894
0 0.7637096643447876 0.5225317691480497 0.02234439055124926 0.03338118394215894
0 0.8190075159072876 0.5242525464788304 0.02231200536092115 0.032379110654195076
0 0.8460585474967957 0.5249529480934143 0.02231200536092115 0.032379110654195076
0 0.8730472922325134 0.5256517369852887 0.02231200536092115 0.032379110654195076
0 0.9020131826400757 0.5264017178628085 0.02231200536092115 0.032379110654195076
0 0.9305119514465332 0.5271396040916443 0.02231200536092115 0.032379110654195076
0 0.9578155875205994 0.5278465461070351 0.02231200536092115 0.032379110654195076
0 0.04986889660358429 0.5589345693588257 0.022967273990313217 0.035165270169575935
0 0.10902176052331924 0.5603567746913062 0.022967273990313203 0.035165270169575935
0 0.1386609524488449 0.5610693862880007 0.02296727399031323 0.035165270169575935
0 0.16976915299892426 0.5618173170858439 0.02296727399031323 0.035165270169575935
0 0.20003525912761688 0.5625450015068054 0.02296727399031323 0.035165270169575935
0 0.2318597137928009 0.5624968611739003 0.023610750834147154 0.03461654980977369
0 0.2624755799770355 0.5619074789581568 0.022676487763722775 0.03431681791941332
0 0.2941164970397949 0.5626150965690613 0.022676487763722775 0.03431681791941332
0 0.3243234157562256 0.5632906442345259 0.022676487763722775 0.03431681791941332
0 0.38465428352355957 0.5646398840314837 0.022676487763722775 0.03431681791941332
0 0.41359761357307434 0.565287172794342 0.022676487763722775 0.03431681791941332
0 0.4436471164226532 0.5659592000106554 0.022676487763722775 0.03431681791941332
0 0.47269314527511597 0.5659248081873773 0.02235562602678931 0.033782919247945076
0 0.5020941644906998 0.5662201642990112 0.022584348917007446 0.03357799847920728
0 0.5312998294830322 0.5665402705531059 0.022584348917007446 0.03357799847920728
0 0.5610401630401611 0.5668662369973898 0.022584348917007446 0.03357799847920728
0 0.5900911688804626 0.5671846481227542 0.022584348917007446 0.03357799847920728
0 0.6480710506439209 0.567820131778717 0.022584348917007446 0.03357799847920728
0 0.6763232946395874 0.5689387321472168 0.02214546998341871 0.032956838607788086
0 0.7059341669082642 0.5695627304604789 0.02214546998341871 0.032956838607788086
0 0.7349581122398376 0.5701743602958577 0.02214546998341871 0.032956838607788086
0 0.763588011264801 0.5707776862816085 0.02214546998341871 0.032956838607788086
0 0.7905529141426086 0.5713459253311157 0.02214546998341871 0.032956838607788086
0 0.8182969093322754 0.5719133019447327 0.02181144555409742 0.03301493326822924
0 0.048290032893419266 0.6081050634384155 0.023450786868731185 0.034737904866536384
0 0.0769018679857254 0.6085875022203153 0.02345078686873117 0.034737904866536384
0 0.13697347044944763 0.609600400226538 0.0234507868687312 0.034737904866536384
0 0.19822321832180023 0.6106331635449298 0.0234507868687312 0.034737904866536384
0 0.22957301139831543 0.6111617684364319 0.0234507868687312 0.034737904866536384
0 0.26167336106300354 0.6116186038344147 0.023777554432551057 0.03440678119659424
0 0.32326725125312805 0.6126292943954468 0.023186584313710568 0.034776290257771736
0 0.3541836738586426 0.6129119229650875 0.023186584313710568 0.034776290257771736
0 0.38286593556404114 0.6131741275125958 0.023186584313710568 0.034776290257771736
0 0.41216903924942017 0.6135637164115906 0.022750357786814335 0.03453008333841967
0 0.4415872395038605 0.6138925747865319 0.022750357786814335 0.03453008333841967
0 0.4721659719944 0.6142344064481439 0.022750357786814335 0.03453008333841967
0 0.5012505650520325 0.6145595355153893 0.02275035778681439 0.03453008333841967
0 0.5308105945587158 0.6148899793624878 0.022750357786814446 0.03453008333841967
0 0.5604310035705566 0.6155884861946106 0.022720495859781975 0.034691015879313225
0 0.5595126748085022 0.6641610264778137 0.0225865443547566 0.03431459267934156
0 0.5882248878479004 0.6645051793149083 0.0225865443547566 0.03431459267934156
0 0.6173533797264099 0.6648543217898027 0.0225865443547566 0.03431459267934156
0 0.6773801445960999 0.6655738198446257 0.0225865443547566 0.03431459267934156
0 0.705527126789093 0.6659111976623535 0.0225865443547566 0.03431459267934156
0 0.7340319156646729 0.6662150667285288 0.022485574086507087 0.034620602925618416
0 0.7919654250144958 0.6668326542315701 0.022485574086507087 0.034620602925618416
0 0.8194327354431152 0.6671254634857178 0.022485574086507087 0.034620602925618416
0 0.8472266793251038 0.6674217547443415 0.022485574086507087 0.034620602925618416
0 0.8756844997406006 0.6675968065824016 0.02231641610463453 0.03346538543701172
0 0.9043235182762146 0.667634046246728 0.02231641610463453 0.03346538543701172
0 0.9326485991477966 0.6676708776940892 0.02231641610463453 0.03346538543701172
0 0.9605858325958252 0.6677072048187256 0.02231641610463453 0.03346538543701172
0 0.04493086040019989 0.7076481960384242 0.02346447606881459 0.034863193829854255
0 0.07429512590169907 0.707916796207428 0.02312067647775015 0.03456481297810865
0 0.10350073128938675 0.7083567045888098 0.02312067647775015 0.03456481297810865
0 0.13488730788230896 0.7088294637705775 0.023120676477750138 0.03456481297810865
0 0.19746392965316772 0.7101651855810235 0.02388712763786316 0.03534634908040357
0 0.22818924486637115 0.7102348208427429 0.02388712763786316 0.03534634908040357
0 0.25927773863077164 0.7103052792053252 0.02388712763786316 0.03534634908040357
0 0.29015058279037476 0.710375248823803 0.02388712763786316 0.03534634908040357
0 0.3507448434829712 0.7111816512546396 0.023289501667022705 0.03560360272725416
0 0.3801148533821106 0.7113494873046875 0.023076564073562622 0.03491743405659986
0 0.41045692563056946 0.7114818692207336 0.022908389568328857 0.03480207920074463
0 0.4398360848426819 0.7118209437534875 0.022908389568328857 0.03480207920074463
0 0.46974286437034607 0.7121661077257203 0.022908389568328857 0.03480207920074463
0 0.49891047179698944 0.7125027406697856 0.022908389568328857 0.03480207920074463
0 0.5285937786102295 0.7128453254699707 0.022908389568328857 0.03480207920074463
0 0.5585295557975769 0.7127131819725037 0.022384166717529297 0.03415016333262133
0 0.6174700856208801 0.7128960177800079 0.022384166717529297 0.03415016333262133
0 0.6468573212623596 0.7129871781237465 0.022384166717529297 0.03415016333262133
0 0.6760317087173462 0.7130776782041626 0.022384166717529297 0.03415016333262133
0 0.7045802474021912 0.7131662368774414 0.022384166717529297 0.03415016333262133
0 0.7336307168006897 0.7134076952934265 0.021653850873311287 0.03352518876393629
0 0.7627629041671753 0.7137729407782586 0.021653850873311287 0.03352518876393629
0 0.7912741303443909 0.7141304009475636 0.021653850873311287 0.03352518876393629
0 0.818847119808197 0.7144760979519899 0.021653850873311287 0.03352518876393629
0 0.8471063375473022 0.7148303985595703 0.021653850873311287 0.03352518876393629
0 0.8750101923942566 0.7155127418158328 0.021728992462158203 0.03342179457346606
0 0.903596043586731 0.7158503325150375 0.021728992462158203 0.03342179457346606
0 0.9316495060920715 0.7161816358566284 0.021728992462158203 0.03342179457346606
0 0.07304636389017105 0.7580704483229365 0.02403127153714498 0.034946322441101074
0 0.10273255407810211 0.7583356499671936 0.024031271537144988 0.034946322441101074
0 0.16531771421432495 0.7588947546306467 0.02403127153714496 0.034946322441101074
0 0.19615386426448822 0.7591702294438206 0.02403127153714496 0.034946322441101074
0 0.2254513055086136 0.7594319581985474 0.02403127153714496 0.034946322441101074
0 0.25664421916007996 0.7597106201601252 0.024031271537144988 0.034946322441101074
0 0.28873276710510254 0.7592030408919525 0.023258944352467892 0.03488016128540039
0 0.3192836344242096 0.7597603797912598 0.023258944352467892 0.03488016128540039
0 0.3489166498184204 0.7603009743351219 0.023258944352467892 0.03488016128540039
0 0.3790472447872162 0.7608506462138276 0.023258944352467892 0.03488016128540039
0 0.40920528769493103 0.7614008188247681 0.023258944352467892 0.03488016128540039
0 0.43908384442329407 0.7619458927745822 0.023258944352467892 0.03488016128540039
0 0.46787288784980774 0.7614129004617952 0.02260800202687585 0.034184058507283455
0 0.4983111023902893 0.7615690231323242 0.022577444712320982 0.03418175379435229
0 0.5583986639976501 0.761695913255891 0.022577444712321038 0.03418175379435229
0 0.5871860980987549 0.7617567052230227 0.022577444712321038 0.03418175379435229
0 0.6162728667259216 0.7618181293109126 0.022577444712321038 0.03418175379435229
0 0.6760451197624207 0.7619443535804749 0.022577444712321038 0.03418175379435229
0 0.7048934102058411 0.7617469429969788 0.022539933522542244 0.03432420889536547
0 0.7326765656471252 0.7618817294516775 0.022539933522542244 0.03432420889536547
0 0.7616608142852783 0.7620223428576783 0.022539933522542244 0.03432420889536547
0 0.7897906303405762 0.7627871119571694 0.021853923797607422 0.03295580546061205
0 0.8181346654891968 0.762730062007904 0.021853923797607422 0.03295580546061205
0 0.8463279604911804 0.7626733154634882 0.021853923797607422 0.03295580546061205
0 0.8750667572021484 0.7626154709510286 0.021853923797607422 0.03295580546061205
0 0.903213620185852 0.7625588178634644 0.021853923797607422 0.03295580546061205
0 0.5328300184216992 0.5185259237958739 0.022554655869801876 0.0340076287587483
