0 0.12185034528374672 0.061048186102578804 0.02169465273618698 0.024348236793695494
0 0.1505033040905858 0.06082626830699832 0.022318601608276367 0.02435853869415993
0 0.17880859286148354 0.061458793796074794 0.0211046040058136 0.02400761981343114
0 0.12097033485770226 0.09447532476380814 0.022061489522457123 0.024768130723820177
0 0.14779239892959595 0.09481474410655887 0.022651354471842466 0.02512066308842149
0 0.17461787164211273 0.09483935167406879 0.022651354471842466 0.02512066308842149
0 0.20159034430980682 0.09486409408771394 0.022651354471842466 0.02512066308842149
0 0.22851744979064656 0.09489213334925668 0.022651354471842466 0.02512066308842149
0 0.25730624184104967 0.09581743484457396 0.02265135447184244 0.02512066308842149
0 0.2841367500045532 0.09543207468168943 0.02009024222691852 0.023999349119937605
0 0.3120263876011653 0.09512368478682727 0.023022820552190182 0.02530672568683477
0 0.11767976358532906 0.16243777164193088 0.02080444246530533 0.022669134213942902
0 0.14591464400291443 0.1625269581418024 0.02080444246530533 0.022669134213942902
0 0.1738341748714447 0.1626151485360733 0.02080444246530533 0.022669134213942902
0 0.2014419138431549 0.16270235406242364 0.02080444246530533 0.022669134213942902
0 0.2273421734571457 0.16278416611427485 0.02080444246530533 0.022669134213942902
0 0.282616525888443 0.16199166275734125 0.021378358205159542 0.022299907004186364
0 0.31126540899276733 0.16326016112156835 0.02192435661951697 0.024099239083223565
0 0.3385610282421112 0.16361466119455736 0.02192435661951697 0.024099239083223565
0 0.36764511466026306 0.16399238886814002 0.02192435661951697 0.024099239083223565
0 0.39511528611183167 0.16434915592645968 0.02192435661951697 0.024099239083223565
0 0.42011332511901855 0.16467381632605263 0.02192435661951697 0.024099239083223565
0 0.4804728627204895 0.16545773188004095 0.02192435661951697 0.024099239083223565
0 0.5076901852837754 0.1657377524795837 0.02305130645108272 0.024222891689684226
0 0.5357485513355174 0.1650606383572113 0.02273814577617006 0.02557711993442904
0 0.565040897878801 0.1645805036240735 0.023716022570927864 0.02551973328109861
0 0.5937458987561812 0.1641290623798925 0.023716022570927864 0.02551973328109861
0 0.6223318691579451 0.1641290152363913 0.023716022570927864 0.02551973328109861
0 0.11589638143777847 0.23290580280043724 0.021811236937840775 0.024181011111237282
0 0.1446668952703476 0.23240685638874944 0.022065848112106323 0.02499113156813981
0 0.17153984308242798 0.23169273855393344 0.02187323570251465 0.024684728578079577
0 0.19787520170211792 0.23246789533038473 0.02187323570251465 0.024684728578079577
0 0.22584864497184753 0.2338808644690208 0.02219198147455853 0.025612528009932144
0 0.2538912892341614 0.23407272959864417 0.022191981474558503 0.025612528009932144
0 0.28239190578460693 0.23426772813150884 0.022191981474558475 0.025612528009932144
0 0.3099110722541809 0.23449740298958713 0.021955013275146484 0.025557022686152522
0 0.36737194657325745 0.2351556929652584 0.021433651447296143 0.024862614712973925
0 0.39509713649749756 0.23533009373864464 0.02174931764602661 0.0249604661335317
0 0.4220130443572998 0.2354921657950094 0.02174931764602661 0.0249604661335317
0 0.44976428151130676 0.2356592677220795 0.02174931764602661 0.0249604661335317
0 0.4769909083843231 0.2358232107489382 0.02174931764602661 0.0249604661335317
0 0.5056502223014832 0.23599578058996865 0.02174931764602661 0.0249604661335317
0 0.5344992876052856 0.23617645171002213 0.021563728650410896 0.024703861207000997
0 0.5628549456596375 0.23539946408299395 0.022431651751200432 0.024865098701891075
0 0.5914535522460938 0.23510134497354196 0.022431651751200432 0.024865098701891075
0 0.11257580667734146 0.3005409018937932 0.023086870710055024 0.02533139369284457
0 0.14155416190624237 0.301519571957874 0.022709012031555176 0.025009968484094928
0 0.1689358800649643 0.3020470197810683 0.022446244955062866 0.024992491847784973
0 0.19596520066261292 0.30276586625940494 0.022446244955062866 0.024992491847784973
0 0.22406360507011414 0.3035131450887873 0.022446244955062866 0.024992491847784973
0 0.2530994713306427 0.30428535577500965 0.022446244955062866 0.024992491847784973
0 0.2813640832901001 0.3050370549046716 0.022446244955062866 0.024992491847784973
0 0.3087634742259979 0.30546867015749907 0.02229773998260498 0.024687818778577675
0 0.36530113220214844 0.3055168861566588 0.022401372591654423 0.024815906849942494
0 0.3936033844947815 0.3056505839777294 0.022401372591654423 0.024815906849942494
0 0.421480268239975 0.3057822723881227 0.022401372591654423 0.024815906849942494
0 0.44817572832107544 0.3059083798373962 0.022401372591654423 0.024815906849942494
0 0.4760073721408844 0.306039854537609 0.022393445173899296 0.024962876194207215
0 0.5049506276845932 0.30603369241646566 0.02239344517389935 0.024962876194207215
0 0.5355368493506627 0.3073540484648675 0.022468646367390877 0.024095683134803505
0 0.5628524422645569 0.3067066545377768 0.022468646367390877 0.024095683134803505
0 0.5909942029425816 0.3065133707405939 0.022468646367390877 0.024095683134803505
0 0.6189227104187012 0.3063130683538723 0.022468646367390877 0.024095683134803505
0 0.6474921344229894 0.30521399475807365 0.022468646367390877 0.024095683134803505
0 0.6756610862957024 0.30509514310928815 0.02278280258178711 0.024322243623955304
0 0.7026886343955994 0.30495635732032667 0.02278280258178711 0.024322243623955304
0 0.7337019443511963 0.30481317180976697 0.02278280258178711 0.024322243623955304
0 0.7616376280784607 0.3046841954076013 0.02278280258178711 0.024322243623955304
0 0.11187753826379776 0.3712360099345277 0.023074289162953704 0.025426642839298734
0 0.13919420540332794 0.37161755007366803 0.023074289162953676 0.025426642839298692
0 0.16649436950683594 0.3716474355653275 0.022603501876195253 0.02548426251078761
0 0.1943940967321396 0.37241507017350256 0.022603501876195253 0.02548426251078761
0 0.22247719764709473 0.3731877501353211 0.022603501876195253 0.02548426251078761
0 0.25114375352859497 0.37397648330873595 0.02260350187619528 0.02548426251078761
0 0.2796798050403595 0.3747616257778434 0.02260350187619531 0.02548426251078761
0 0.30869314074516296 0.3755772738837975 0.022775540749231937 0.025454883427582984
0 0.33653372526168823 0.3744301429904919 0.022141794363657596 0.024286432783733058
0 0.3648756146430969 0.3751355991807095 0.022141794363657596 0.024286432783733058
0 0.3932950496673584 0.37584298555465756 0.022141794363657596 0.024286432783733058
0 0.4198296368122101 0.3765034562983082 0.022141794363657596 0.024286432783733058
0 0.47556421160697937 0.37789074210233464 0.022141794363657596 0.024286432783733058
0 0.5034915235657129 0.3776528955415562 0.022141794363657652 0.024286432783733058
0 0.531857524969563 0.37859776888028795 0.02205546696980787 0.025116299473962118
0 0.5606607320886221 0.378622480990586 0.02205546696980787 0.025116299473962118
0 0.5890082228257789 0.377329056651782 0.021617094675699944 0.02366520637689635
0 0.6180071815940904 0.37683254129563415 0.021617094675699944 0.02366520637689635
0 0.646478795857163 0.37677744126135876 0.021617094675699944 0.02366520637689635
0 0.6730775237083435 0.37763605037287906 0.021617094675699944 0.02366520637689635
0 0.7015216946601868 0.3775898598529486 0.021617094675699944 0.02366520637689635
0 0.10770576447248459 0.4417817758959393 0.022915184497833252 0.024770367053128083
0 0.16412822902202606 0.44272384104032186 0.022915184497833252 0.024770367053128083
0 0.19165876507759094 0.44340709640966514 0.022078981002171816 0.024247487386067763
0 0.22053681313991547 0.44377943526866825 0.022274295488993345 0.024037767750348285
0 0.24929140508174896 0.4440672486728017 0.022274295488993318 0.024037767750348285
0 0.2780781686306 0.4443553840922761 0.02227429548899329 0.024037767750348285
0 0.3065776824951172 0.4446406443428158 0.02227429548899329 0.024037767750348285
0 0.33536770939826965 0.44492881242619003 0.02227429548899329 0.024037767750348285
0 0.39248794317245483 0.4455380107081214 0.021847625573476193 0.023586450621139173
0 0.4467718005180359 0.4460980653389082 0.021847625573476193 0.023586450621139173
0 0.47462278604507446 0.44717257565662716 0.02218107382456458 0.024608700774436772
0 0.5022594332695007 0.4473993993710092 0.022181073824564634 0.024608700774436772
0 0.5294990539550781 0.4476229645485102 0.02218107382456469 0.024608700774436772
0 0.10429466515779495 0.513117368831191 0.023123616973559052 0.02509056505306741
0 0.1621810644865036 0.5139185721669743 0.02312361697355908 0.02509056505306741
0 0.18984168767929077 0.5143014217452676 0.02312361697355908 0.02509056505306741
0 0.21805140376091003 0.5146918712962537 0.02312361697355908 0.02509056505306741
0 0.24692568182945251 0.5150915190230968 0.023123616973559052 0.02509056505306741
0 0.27529945969581604 0.5149883891260901 0.022047599156697628 0.024131893187530336
0 0.33465057611465454 0.5158600982067227 0.022047599156697628 0.024131893187530336
0 0.39126887917518616 0.5166916695719449 0.022047599156697628 0.024131893187530336
0 0.4175114631652832 0.5170771029073854 0.022047599156697628 0.024131893187530336
0 0.4451368749141693 0.5174828462822493 0.022047599156697628 0.024131893187530336
0 0.47232717275619507 0.5170485474342523 0.0219899217287699 0.023905051771060497
0 0.10139781981706619 0.5855132258215616 0.022839451829592378 0.02499638047329215
0 0.130098357796669 0.5855731947093347 0.02283945182959239 0.02499638047329215
0 0.1872430145740509 0.5856925967049192 0.022839451829592405 0.02499638047329215
0 0.21603339910507202 0.5867369310121567 0.02209115525086719 0.024584688881571035
0 0.24488719552755356 0.5868709475495094 0.022091155250867217 0.024584688881571035
0 0.2739582657814026 0.5872053545574809 0.02217688163121545 0.024529745412427327
0 0.30296045541763306 0.5872371359445904 0.02217688163121545 0.024529745412427327
0 0.33190736174583435 0.5872688567507495 0.02217688163121545 0.024529745412427327
0 0.360334187746048 0.5873000076387596 0.02217688163121545 0.024529745412427327
0 0.3891183137893677 0.5873315500658612 0.02217688163121545 0.024529745412427327
0 0.4443085193634033 0.5882043533533117 0.022165894508361816 0.024880283562712022
0 0.4728534519672394 0.5883818338083666 0.022165894508361816 0.024880283562712022
0 0.5007711499929428 0.5885554143810888 0.022165894508361816 0.024880283562712022
0 0.5288174748420715 0.5885939043621684 0.022360245386759514 0.025059840475866093
0 0.09777619689702988 0.6585080789965253 0.02335881193478903 0.025549422862917878
0 0.15654343366622925 0.6588234444438797 0.023358811934789003 0.025549422862917878
0 0.1848905384540558 0.658975564874822 0.023358811934789003 0.025549422862917878
0 0.21340985596179962 0.6591286094591606 0.023358811934789003 0.025549422862917878
0 0.27167952060699463 0.6594413047613099 0.02335881193478906 0.025549422862917878
0 0.3016962707042694 0.6596739569375681 0.022680312395095825 0.025589935539304692
0 0.3298018276691437 0.6598479814676441 0.022680312395095825 0.025589935539304692
0 0.3580976724624634 0.6596234028342721 0.022702833016713497 0.02556054167045185
0 0.38731786608695984 0.6594479788023883 0.021755466858545902 0.024789056112599926
0 0.41499850153923035 0.6596743561500726 0.021755466858545902 0.024789056112599926
0 0.4425763189792633 0.6598998926330687 0.021755466858545902 0.024789056112599926
0 0.47121158242225647 0.6601340771047237 0.021755466858545902 0.024789056112599926
0 0.49945269525051117 0.6603650381398756 0.022714624802271544 0.025452369867369186
0 0.5570251941680908 0.6610388932337842 0.0227146248022716 0.025452369867369186
0 0.5850020051002502 0.6613663467387109 0.0227146248022716 0.025452369867369186
0 0.6135236024856567 0.6617001766756757 0.0227146248022716 0.025452369867369186
0 0.6422314047813416 0.6620361860408339 0.0227146248022716 0.025452369867369186
0 0.6693558692932129 0.6623815935711528 0.02298482259114576 0.02568447497463971
0 0.09511784464120865 0.7328113733335982 0.023393983642260224 0.026126225789387992
0 0.1243765652179718 0.7328725653632637 0.023393983642260238 0.026126225789388075
0 0.1813720315694809 0.732991766346732 0.023393983642260252 0.026126225789388075
0 0.21052302420139313 0.7330527330729164 0.023393983642260252 0.026126225789388075
0 0.23991232365369797 0.733114198196766 0.023393983642260224 0.026126225789387992
0 0.2694701850414276 0.7332098862871814 0.023043856024742126 0.025805022365363098
0 0.29850348830223083 0.7332887923452507 0.023043856024742126 0.025805022365363015
0 0.3275693356990814 0.7329511491933705 0.02236584822336829 0.02555844210839081
0 0.3566771447658539 0.7330877392791039 0.02236584822336829 0.025558442108390894
0 0.38547834753990173 0.7332228905969893 0.02236584822336829 0.025558442108390894
0 0.41347184777259827 0.7333542517237575 0.02236584822336829 0.02555844210839081
0 0.441637247800827 0.7334864195003066 0.02236584822336829 0.025558442108390894
0 0.46999025344848633 0.7336194676271282 0.02236584822336829 0.02555844210839081
0 0.49850985407829285 0.7335710731295284 0.022324303785959898 0.025829906611479558
0 0.09274134784936905 0.8071501975835755 0.023878224194049835 0.026938800663910984
0 0.12223443761467934 0.8074477439702943 0.023490426441033677 0.026444072871245266
0 0.15152810513973236 0.8076809819101026 0.0233517587184906 0.026877942935440782
0 0.17929427325725555 0.8076538263365279 0.0233517587184906 0.026877942935440782
0 0.20842304825782776 0.8076253381206057 0.0233517587184906 0.026877942935440782
0 0.23821324110031128 0.8075962030318131 0.0233517587184906 0.026877942935440782
0 0.2674630582332611 0.8075675964355469 0.0233517587184906 0.026877942935440782
0 0.2969822585582733 0.8075387263799851 0.0233517587184906 0.026877942935440782
0 0.3263072371482849 0.8071695372115734 0.023481011390686035 0.026415388713511276
0 0.3555906116962433 0.807030524020594 0.023481011390686035 0.026415388713511276
0 0.3836600184440613 0.8063539151967809 0.023384014765421512 0.026605946149012728
0 0.09084105491638184 0.881869027780932 0.023638740181922913 0.02610252439513698
0 0.12019171565771103 0.8820090993844201 0.023638740181922913 0.02610252439513698
0 0.1768403798341751 0.882279446593861 0.023638740181922913 0.02610252439513698
0 0.2061866968870163 0.8824194974677507 0.023534337679545103 0.026338621627452763
0 0.23549924790859222 0.8823170223984692 0.023534337679545103 0.026338621627452763
0 0.26454395055770874 0.8822154837123943 0.023534337679545048 0.026338621627452763
0 0.2946902811527252 0.8821100937954939 0.023534337679545048 0.026338621627452763
0 0.3240338861942291 0.8820075101630632 0.023534337679545048 0.026338621627452763
0 0.3534325957298279 0.8821420891340389 0.023887723684310913 0.02644797628240079
0 0.3821413218975067 0.8819121427314226 0.023418188095092773 0.0262706667877907
0 0.4396967589855194 0.882058356274322 0.023418188095092773 0.0262706667877907
0 0.46772268414497375 0.8821295531936388 0.023418188095092773 0.0262706667877907
0 0.4955623149871826 0.8822002768518091 0.023418188095092773 0.0262706667877907
0 0.5260170698165894 0.8822776439578034 0.023418188095092773 0.0262706667877907
0 0.5556732416152954 0.8823532611383221 0.02316119273503614 0.025949995647105026
