0 0.8260177373886108 0.08029911684435467 0.02221536636352539 0.02372549855431845
0 0.8539330363273621 0.08010479461315066 0.023067116737365723 0.023836623790652253
0 0.1504542976617813 0.1086388299631518 0.02020688851674396 0.021881258764932323
0 0.17560900747776031 0.10827055642771166 0.020276943842570005 0.021892932034278115
0 0.20088504254817963 0.1077264408230334 0.020500888427098574 0.022070929061534794
0 0.22689534723758698 0.10761856478314068 0.020500888427098574 0.022070929061534794
0 0.25270717591047287 0.10751151190956341 0.0205008884270986 0.022070929061534794
0 0.2786412835121155 0.10740395189211555 0.02050088842709863 0.022070929061534794
0 0.30420705676078796 0.10729791951733966 0.02050088842709863 0.022070929061534794
0 0.3308093845844269 0.1071875881001644 0.02050088842709863 0.022070929061534794
0 0.38288843631744385 0.1079061882316631 0.020526409149169922 0.022234650545342023
0 0.40932464599609375 0.10830960162850313 0.020526409149169922 0.022234650545342023
0 0.435599148273468 0.1087105473897465 0.020526409149169922 0.022234650545342023
0 0.4615955948829651 0.10910725005476497 0.020526409149169922 0.022234650545342023
0 0.48795056343078613 0.10950942372166833 0.020526409149169922 0.022234650545342023
0 0.5134198069572449 0.10989808133071476 0.020526409149169922 0.022234650545342023
0 0.1468626856803894 0.1700342533200286 0.020450949668884277 0.022196023039115505
0 0.17184525728225708 0.1701696557100834 0.020450949668884277 0.022196023039115505
0 0.19802144169807434 0.1703115273311839 0.020450949668884277 0.022196023039115505
0 0.22363679111003876 0.17045035929723373 0.020450949668884277 0.022196023039115505
0 0.24956735968589783 0.17059089971143146 0.020761072635650635 0.022771813148675962
0 0.2753901779651642 0.17110231310822244 0.020667652289072636 0.022558064423790287
0 0.3015545606613159 0.17127201317693616 0.020667652289072636 0.022558064423790287
0 0.32816189527511597 0.17142939013104105 0.02081044514973962 0.022821507712667288
0 0.35421454906463623 0.17168751354822978 0.02081044514973962 0.022821507712667288
0 0.3805733919143677 0.17194867061286057 0.02081044514973962 0.022821507712667288
0 0.43375763297080994 0.1724756072601974 0.02081044514973962 0.022821507712667288
0 0.4599633812904358 0.17273524750110714 0.02081044514973962 0.022821507712667288
0 0.51175457239151 0.17338431273741797 0.020377159118652344 0.022580568180527796
0 0.536884069442749 0.17369077371996502 0.020377159118652344 0.022580568180527796
0 0.5626183152198792 0.17369510124334908 0.020233233769734627 0.02254630983337877
0 0.5890665054321289 0.1739423995794252 0.020233233769734627 0.02254630983337877
0 0.6146581172943115 0.17394390771555346 0.02087843418121338 0.023094820421795514
0 0.6421658992767334 0.17403343828462292 0.02087843418121338 0.023094820421795514
0 0.14215297996997833 0.23406630639486362 0.02066864569981891 0.022931801256283336
0 0.1679549664258957 0.23439294238423192 0.02066864569981891 0.022931801256283336
0 0.22099433839321136 0.23506438556042356 0.02066864569981891 0.022931801256283336
0 0.24696114659309387 0.23539310808345862 0.02066864569981894 0.022931801256283336
0 0.2732013761997223 0.23572529193966887 0.020668645699818966 0.022931801256283336
0 0.29974719882011414 0.23606134440020402 0.020668645699818966 0.022931801256283336
0 0.3256547451019287 0.2359120303378948 0.02030481894810998 0.022829543712527253
0 0.3521301746368408 0.23633431279382042 0.02030481894810998 0.022829543712527253
0 0.3787507712841034 0.2367589106616505 0.02030481894810998 0.022829543712527253
0 0.43144240975379944 0.23759934101124636 0.02030481894810998 0.022829543712527253
0 0.4573953449726105 0.23801328969556232 0.02030481894810998 0.022829543712527253
0 0.4839533269405365 0.23843688886078282 0.02030481894810998 0.022829543712527253
0 0.5099698901176453 0.2383210873516915 0.019790152708689446 0.023474597191625816
0 0.5352179408073425 0.23846890205560728 0.019790152708689446 0.023474597191625816
0 0.5607523322105408 0.2386183931411299 0.019790152708689446 0.023474597191625816
0 0.5873858332633972 0.2391014703608869 0.0201492508252461 0.02313276778819949
0 0.13898508250713348 0.29935069004813797 0.021051838994026184 0.024330597515254085
0 0.1651403158903122 0.29965773294138354 0.021051838994026184 0.024330597515254085
0 0.21833087503910065 0.3005862346915312 0.020939365029335022 0.02414386956266652
0 0.24464189261198044 0.3007407964662064 0.02116293211778006 0.024059635724208123
0 0.270402193069458 0.3009379480376474 0.021162932117780087 0.024059635724208123
0 0.2966613173484802 0.301138917262553 0.021162932117780087 0.024059635724208123
0 0.32330143451690674 0.3013428023442428 0.021162932117780087 0.024059635724208123
0 0.3764728307723999 0.30174973953601925 0.021162932117780087 0.024059635724208123
0 0.402821809053421 0.3024254066999568 0.020549893379211426 0.0240351211192996
0 0.4292111396789551 0.3026215154612131 0.020549893379211426 0.0240351211192996
0 0.48204711079597473 0.3030141588742863 0.020549893379211426 0.0240351211192996
0 0.5074995160102844 0.30356391640596614 0.020729144414265932 0.023871370064195763
0 0.5331881642341614 0.30371745829140084 0.020729144414265877 0.023871370064195763
0 0.5585968494415283 0.30386932682878576 0.020729144414265877 0.023871370064195763
0 0.5851390957832336 0.30402797069791665 0.020729144414265877 0.023871370064195763
0 0.6125433444976807 0.30419176678324855 0.020729144414265877 0.023871370064195763
0 0.13600480556488037 0.36434821574006476 0.021071831385294615 0.023839699205502045
0 0.18908940255641937 0.36482881841679177 0.020923972129821777 0.024131102155345384
0 0.2151535302400589 0.365293025970459 0.020923972129821777 0.024131102155345342
0 0.2421426624059677 0.3657737080470052 0.020923972129821777 0.024131102155345384
0 0.2682189643383026 0.3662381324265825 0.020923972129821777 0.024131102155345384
0 0.32141655683517456 0.3671855926513672 0.020923972129821777 0.024131102155345342
0 0.3485453128814697 0.3676687614583628 0.020923972129821777 0.024131102155345384
0 0.40083155035972595 0.36809647360513376 0.02067274848620093 0.02411253138106
0 0.4271186292171478 0.36821340069315006 0.020678718884786007 0.024605196575785793
0 0.4535714387893677 0.36818243477028917 0.020429809888203976 0.024233219235442447
0 0.4803173542022705 0.36846922719201375 0.020429809888203976 0.024233219235442405
0 0.5058642625808716 0.36874316284193887 0.02042980988820392 0.024233219235442364
0 0.5317739844322205 0.36902098888607476 0.020429809888203865 0.024233219235442405
0 0.5579906702041626 0.3693021064580873 0.020429809888203865 0.024233219235442405
0 0.583892285823822 0.36957984558032203 0.020429809888203865 0.024233219235442447
0 0.6096534729003906 0.3708243813625602 0.020472844441731697 0.024253246396086937
0 0.13142495974898338 0.42965409922045333 0.021843763689200088 0.023979453153388446
0 0.1582714468240738 0.43000408465478823 0.021843763689200102 0.023979453153388446
0 0.18597374856472015 0.4303652269554422 0.021843763689200102 0.023979453153388446
0 0.2119385004043579 0.4307037176087845 0.021843763689200102 0.023979453153388446
0 0.2393341362476349 0.43009983732973855 0.02035367488861084 0.023472748985586295
0 0.2922380268573761 0.4310996033424555 0.02035367488861084 0.023472748985586295
0 0.31982433795928955 0.431620923342517 0.02035367488861084 0.023472748985586295
0 0.37231263518333435 0.4326128355634364 0.02035367488861084 0.023472748985586295
0 0.3987940549850464 0.43311327557231105 0.02035367488861084 0.023472748985586295
0 0.45025898324381003 0.4333845718345505 0.02035367488861084 0.023472748985586295
0 0.4778316020965576 0.4338510323990671 0.02053532997767127 0.023421590642411526
0 0.5039666295051575 0.43409498347792513 0.020535329977671324 0.023421590642411526
0 0.529299795627594 0.43433144977695903 0.02053532997767138 0.023421590642411526
0 0.5552676916122437 0.43503219565732876 0.021266380945841545 0.024339099263035974
0 0.6091724634170532 0.4356445806590413 0.021857182184855217 0.02537770234337154
0 0.6362432837486267 0.4359216911848201 0.021857182184855217 0.02537770234337154
0 0.6628344655036926 0.4361938918890091 0.021857182184855217 0.02537770234337154
0 0.6900212168693542 0.4364721891431328 0.021857182184855217 0.02537770234337154
0 0.7168843746185303 0.4367471739303234 0.021857182184855217 0.02537770234337154
0 0.7432627081871033 0.43701719581347376 0.021857182184855217 0.02537770234337154
0 0.769943118095398 0.4368163958324678 0.021648526191711426 0.02549835323363317
0 0.7971534132957458 0.43692850512127546 0.021648526191711426 0.02549835323363317
0 0.1285080447940543 0.496542223746563 0.021482179562250778 0.023057686266048878
0 0.18202851712703705 0.49615467860246115 0.02148217956225079 0.023057686266048878
0 0.2084580510854721 0.49661566089979425 0.02148217956225079 0.023057686266048878
0 0.23626671731472015 0.49710069793693196 0.02148217956225079 0.023057686266048878
0 0.2633229196071625 0.49757261054460394 0.021482179562250736 0.023057686266048878
0 0.28957346081733704 0.4978652210396187 0.021288752555847168 0.02282700058101689
0 0.3167486786842346 0.4980966434922329 0.021154125531514523 0.022618256798086295
0 0.3703094720840454 0.49877380998250237 0.021154125531514523 0.022618256798086295
0 0.3964434564113617 0.499104220667639 0.021154125531514523 0.022618256798086295
0 0.42345431447029114 0.49944571762445955 0.021154125531514523 0.022618256798086295
0 0.449497252702713 0.4997749772182731 0.021154125531514523 0.022618256798086295
0 0.47637099027633667 0.4997378948122956 0.020934005578359005 0.022836581681125904
0 0.12425901368260384 0.5623691470124 0.0216052308678627 0.023827811544255638
0 0.1513674557209015 0.5626791195457559 0.0216052308678627 0.023827811544255638
0 0.17792902886867523 0.562982838885543 0.0216052308678627 0.023827811544255638
0 0.20533165335655212 0.5632961752595445 0.0216052308678627 0.023827811544255638
0 0.23236475884914398 0.5636052863542423 0.0216052308678627 0.023827811544255638
0 0.25977151840925217 0.5637852880478363 0.021589746077855437 0.023917383001756352
0 0.11968706920742989 0.6309859173310901 0.02120338877042134 0.024077186288759635
0 0.14589376747608185 0.6308888723683912 0.021613935629526793 0.024259256762127545
0 0.17386487126350403 0.6310084202964292 0.021613935629526793 0.024259256762127545
0 0.2013862282037735 0.6301411775540525 0.02157271901766461 0.023991695670194404
0 0.2283894121646881 0.6305833860885265 0.02157271901766461 0.023991695670194404
0 0.2835836112499237 0.6314872552738889 0.021572719017664554 0.023991695670194404
0 0.33753079175949097 0.6323707030801426 0.021572719017664554 0.023991695670194404
0 0.3641296327114105 0.6328062900277072 0.02121802171071374 0.023534582566845378
0 0.3917865455150604 0.6330694054220545 0.02121802171071374 0.023534582566845378
0 0.4190204441547394 0.6333284964504375 0.02121802171071374 0.023534582566845378
0 0.44581764936447144 0.6335834329744894 0.02121802171071374 0.023534582566845378
0 0.47245821356773376 0.6332920736326302 0.021639426549275753 0.023769378662109375
0 0.49941492080688477 0.6339138829430868 0.021639426549275698 0.023769378662109375
0 0.552680492401123 0.6351425577975582 0.021639426549275642 0.023769378662109375
0 0.5785199999809265 0.6357385967072141 0.021639426549275642 0.023769378662109375
0 0.6054317951202393 0.6363593700320221 0.021639426549275642 0.023769378662109375
0 0.6333853602409363 0.6370041738242027 0.021639426549275642 0.023769378662109375
0 0.6609201431274414 0.6373950159826944 0.021463871002197266 0.023781207180762532
0 0.6887511014938354 0.6379542538151062 0.021610935529073005 0.023939354475154433
0 0.11306532472372055 0.6991578922715298 0.021092305580774934 0.02397948272468513
0 0.16992826759815216 0.6997038233221285 0.02109230558077496 0.02397948272468513
0 0.19789667427539825 0.6999723430446234 0.02109230558077496 0.02397948272468513
0 0.22460561990737915 0.7002287709045295 0.02109230558077496 0.02397948272468513
0 0.2523803934454918 0.7004954315895258 0.021092305580774934 0.02397948272468513
0 0.279895544052124 0.7007156170501397 0.021631255745887756 0.02463528537010956
0 0.33410948514938354 0.700983535411746 0.021661962072054508 0.024763092514156426
0 0.3616515100002289 0.7013028167014899 0.021490419904390934 0.024506561515867192
0 0.3891935646533966 0.7017074517093417 0.02137901385625207 0.024463150852410423
0 0.41668710112571716 0.7020687724268714 0.020810842514038086 0.02437026740968695
0 0.44333600997924805 0.7025905338429104 0.020810842514038086 0.02437026740968695
0 0.4703971743583679 0.7031203668474705 0.020810842514038086 0.02437026740968695
0 0.4971524477005005 0.7036442107835291 0.020810842514038086 0.02437026740968695
0 0.5231691002845764 0.7041535931964253 0.021726608276367188 0.02544849602751035
0 0.5500918626785278 0.7047695863822964 0.021726608276367188 0.02544849602751035
0 0.6051667332649231 0.7060297002033646 0.021726608276367188 0.02544849602751035
0 0.6327555179595947 0.7066609319889335 0.021726608276367188 0.02544849602751035
0 0.6598186492919922 0.7072801368181095 0.021726608276367188 0.02544849602751035
0 0.68790602684021 0.7075750217881314 0.021750132242838616 0.0251413389693859
0 0.7148768305778503 0.708112118386167 0.021750132242838616 0.0251413389693859
0 0.7420747876167297 0.7086537385151481 0.021750132242838616 0.0251413389693859
0 0.769011914730072 0.7091901644768721 0.021750132242838616 0.0251413389693859
0 0.796829342842102 0.7097441207530887 0.021750132242838616 0.0251413389693859
0 0.8251649141311646 0.7100284931271575 0.02206277847290039 0.02510289628376327
0 0.10995889455080032 0.76989447741891 0.021776487429936736 0.024759691815043606
0 0.13787762820720673 0.7701167616733285 0.021791582306226076 0.024859524512475663
0 0.1659373641014099 0.7702596638346692 0.021791582306226076 0.024859524512475663
0 0.19339565932750702 0.7703995029888697 0.021791582306226076 0.024859524512475663
0 0.22095534205436707 0.7705398584876663 0.021791582306226076 0.024859524512475663
0 0.2487529292702675 0.7706814255825308 0.021791582306226104 0.024859524512475663
0 0.2765572965145111 0.7708061573117279 0.02133179207642877 0.024850298267926247
0 0.33085593581199646 0.7710725491703282 0.02156101167201996 0.024974497713783805
0 0.3586145043373108 0.7722600288646233 0.021760185559590695 0.0250866320706152
0 0.4139014780521393 0.7727591048839481 0.021236151456832886 0.024710366892260173
0 0.44121935963630676 0.7731998440337737 0.021236151456832886 0.024710366892260173
0 0.46836066246032715 0.7735703934070676 0.021577268838882446 0.024824098099109737
0 0.4952671080827713 0.7740735333800076 0.021577268838882446 0.024824098099109737
0 0.5208174586296082 0.7745513149072717 0.021577268838882446 0.024824098099109737
0 0.5483683347702026 0.7750665054779758 0.021577268838882446 0.024824098099109737
0 0.5755786299705505 0.7755753273187682 0.02208952109018969 0.02547454833984375
0 0.603828489780426 0.7762398276990621 0.02208952109018969 0.02547454833984375
0 0.6598350405693054 0.7775572280171034 0.02208952109018969 0.02547454833984375
0 0.6873294711112976 0.7782039589982154 0.02208952109018969 0.02547454833984375
0 0.7147766947746277 0.778849579567133 0.02208952109018969 0.02547454833984375
0 0.7421442866325378 0.7793969434927172 0.0217134952545166 0.024928070778070494
0 0.7689700126647949 0.7799334698624428 0.0217134952545166 0.024928070778070494
0 0.7968261241912842 0.7804906043971805 0.0217134952545166 0.024928070778070494
0 0.8252407908439636 0.7810589102811591 0.0217134952545166 0.024928070778070494
0 0.8534291386604309 0.7815230613531068 0.021882971127827888 0.02494800183200108
0 0.88168865442276 0.782052845932007 0.022239168485005623 0.024767853492914244
0 0.10468926280736923 0.8402935294217841 0.022076119979222625 0.02505741562954215
0 0.16109712421894073 0.8415363223053688 0.02267633875211078 0.025791907495306333
0 0.18946312367916107 0.8418482403422511 0.022417227427164732 0.025631749352743458
0 0.21663837134838104 0.8420911807387695 0.022417227427164732 0.025631749352743458
0 0.24459362775087357 0.8421868612599928 0.022094940145810454 0.025472655776859365
0 0.27300968766212463 0.8425775037798071 0.022094940145810482 0.025472655776859365
0 0.3283029794692993 0.843337634174656 0.022094940145810482 0.025472655776859365
0 0.3556194305419922 0.8437131601030484 0.022094940145810482 0.025472655776859365
0 0.38367971777915955 0.8440989117289699 0.022094940145810482 0.025472655776859365
0 0.41099438071250916 0.8445564979730651 0.021861135959625244 0.026317152866097385
0 0.438482403755188 0.8450441741084779 0.021861135959625244 0.026317152866097385
0 0.4665325880050659 0.845343341976685 0.02216246724128723 0.027179392733315055
0 0.4940062314271927 0.8457325780114462 0.02216246724128723 0.027179392733315055
0 0.5205411314964294 0.8461085142907026 0.02216246724128723 0.027179392733315055
0 0.5472548604011536 0.847243819125863 0.02170340220133471 0.0258929821871973
0 0.6035261154174805 0.8483345310328768 0.02170340220133471 0.0258929821871973
0 0.6311733722686768 0.8488704208443822 0.02170340220133471 0.0258929821871973
0 0.6591626405715942 0.8494129399013634 0.02170340220133471 0.0258929821871973
0 0.6874396800994873 0.8499610368595567 0.02170340220133471 0.0258929821871973
0 0.7157186269760132 0.8504148971202762 0.02266482512156176 0.02620300766109485
0 0.7430870532989502 0.8509460091577477 0.02266482512156176 0.02620300766109485
0 0.76964271068573 0.8514613485906642 0.02266482512156176 0.02620300766109485
0 0.7974980473518372 0.8520019096165933 0.02266482512156176 0.02620300766109485
0 0.8256074786186218 0.8525474016056505 0.02266482512156176 0.02620300766109485
