0 0.13262603804469109 0.1295910768730696 0.019312220315138504 0.021984676982081213
0 0.1559789627790451 0.12862012403736672 0.019312220315138517 0.021984676982081213
0 0.20357151329517365 0.1266413516819714 0.019312220315138517 0.021984676982081213
0 0.22702182829380035 0.1251890825670819 0.019285529851913452 0.0210888515147128
0 0.2516906186938286 0.12394168403733713 0.019285529851913452 0.0210888515147128
0 0.2750859260559082 0.12275868026888517 0.019285529851913452 0.0210888515147128
0 0.29978880286216736 0.12150955813079452 0.019285529851913452 0.0210888515147128
0 0.3235231935977936 0.12030940832093705 0.019285529851913452 0.0210888515147128
0 0.13263557851314545 0.1598980704019236 0.017754415671030685 0.02092261647069177
0 0.1553020179271698 0.15902389550573898 0.0177544156710307 0.02092261647069177
0 0.1786169409751892 0.1581247105890977 0.0177544156710307 0.02092261647069177
0 0.20255020260810852 0.15720167825388354 0.0177544156710307 0.02092261647069177
0 0.22619196772575378 0.15628988804326266 0.0177544156710307 0.02092261647069177
0 0.2502170205116272 0.15445111518682436 0.01934965451558432 0.02177935607673587
0 0.2751392424106598 0.1533315656287277 0.019349654515584347 0.02177935607673587
0 0.3236166834831238 0.1511538746527702 0.019349654515584347 0.02177935607673587
0 0.3483369052410126 0.15004339929237825 0.019349654515584347 0.02177935607673587
0 0.37382882833480835 0.14889825776565907 0.019349654515584347 0.02177935607673587
0 0.3991377055644989 0.148315598789109 0.019932548205057743 0.022158075672711528
0 0.4245886206626892 0.14762350570323857 0.019932548205057743 0.022158075672711528
0 0.13141225650906563 0.1903480267187323 0.01827721794446309 0.021260135857633835
0 0.1537155956029892 0.1892893413779735 0.0185479422410329 0.021537418513335006
0 0.17725017666816711 0.188295186952103 0.0185479422410329 0.021537418513335006
0 0.22481274604797363 0.1862860354518593 0.0185479422410329 0.021537418513335006
0 0.24851730465888977 0.18528470078645418 0.018547942241032928 0.021537418513334985
0 0.272818922996521 0.18425814495530238 0.018547942241032955 0.021537418513334985
0 0.29718878865242004 0.18322870620164086 0.018547942241032955 0.021537418513334985
0 0.3475947976112366 0.1816839062890341 0.018621186415354374 0.02160960204841554
0 0.37239283323287964 0.1807841266679719 0.018882592519124386 0.02194732843443403
0 0.1290818713605404 0.21992884983728614 0.01830299198627472 0.021217656690020893
0 0.15235339105129242 0.21947919299874358 0.01827576756477356 0.02131531589715053
0 0.175828218460083 0.21867701064708622 0.01827576756477356 0.02131531589715053
0 0.22335214912891388 0.21705302177594132 0.01827576756477356 0.02131531589715053
0 0.24796988815069199 0.21621178382189435 0.01827576756477356 0.02131531589715053
0 0.27207592129707336 0.21538803189299827 0.01827576756477356 0.02131531589715053
0 0.29688313603401184 0.21454031917037808 0.01827576756477356 0.02131531589715053
0 0.3214399516582489 0.21399221849032835 0.01910756031672156 0.021865859512210845
0 0.34675198793411255 0.21327649736253107 0.01910756031672156 0.021865859512210845
0 0.37191227078437805 0.21256506720254587 0.01910756031672156 0.021865859512210845
0 0.3972931504249573 0.21171175047408702 0.0192700823148092 0.021712221840555327
0 0.42218896746635437 0.2110429142796716 0.019584675629933712 0.021911488022915152
0 0.44850048422813416 0.2102606840776943 0.019584675629933712 0.021911488022915152
0 0.4740177094936371 0.20880878803341887 0.019624670346578 0.022042060083197042
0 0.17431248724460602 0.2483478590499523 0.018133923411369324 0.021173536315444854
0 0.19798748195171356 0.24824994532826822 0.018278072277704893 0.021331461825112013
0 0.22219397127628326 0.2476668025172034 0.018278072277704893 0.021331461825112013
0 0.24627093225717545 0.2470867800893313 0.018278072277704865 0.021331461825112013
0 0.27092552185058594 0.24649284238575203 0.018278072277704838 0.021331461825112013
0 0.29532018303871155 0.2459051664485488 0.018278072277704838 0.021331461825112013
0 0.3203330636024475 0.2453025973899302 0.018278072277704838 0.021331461825112013
0 0.3452129065990448 0.24445500484732693 0.018624717990557316 0.02129967268123183
0 0.3962567150592804 0.24274624553051172 0.01981198787689209 0.02250335752501971
0 0.42148616909980774 0.24212588820346567 0.019858936468760136 0.02250768971997638
0 0.4482378661632538 0.2414873087950005 0.019858936468760136 0.02250768971997638
0 0.47380372881889343 0.24087703598080026 0.019858936468760136 0.02250768971997638
0 0.49923786520957947 0.24026990755329655 0.01985893646876019 0.02250768971997638
0 0.5251379013061523 0.2396516578142033 0.019858936468760247 0.02250768971997638
0 0.578673779964447 0.2377712234092003 0.021421472231547112 0.023067710935607465
0 0.6047099232673645 0.23685671035986963 0.021421472231547112 0.023067710935607465
0 0.6335464119911194 0.23584383587504543 0.021421472231547112 0.023067710935607465
0 0.6609410643577576 0.23488160553318213 0.021421472231547112 0.023067710935607465
0 0.6891037225723267 0.23436718932910147 0.02211451530456543 0.023274828297223205
0 0.7165675759315491 0.23363723311313364 0.02211451530456543 0.023274828297223205
0 0.7447013854980469 0.2328894702663362 0.02211451530456543 0.023274828297223205
0 0.7718112468719482 0.23261771718583832 0.0216524600982666 0.022978346477183234
0 0.1727903038263321 0.2795208959416576 0.01814067860444385 0.02149493195289789
0 0.19622723758220673 0.2791036561478016 0.01814067860444385 0.02149493195289789
0 0.22058069705963135 0.27867009975694085 0.01814067860444385 0.02149493195289789
0 0.2450145110487938 0.2782351128419227 0.018140678604443877 0.02149493195289789
0 0.2693192958831787 0.27780242298924646 0.018977880477905273 0.02165717487187346
0 0.29371917247772217 0.27720850682338616 0.018977880477905273 0.02165717487187346
0 0.31921061873435974 0.27658802081542155 0.018977880477905273 0.02165717487187346
0 0.3444402813911438 0.275973906868861 0.018977880477905273 0.02165717487187346
0 0.39547744393348694 0.27473161386889083 0.018977880477905273 0.02165717487187346
0 0.42087244987487793 0.27480107191404296 0.02041194836298621 0.022780115290205582
0 0.4728791117668152 0.27322347774062045 0.02041194836298621 0.022780115290205582
0 0.4992377758026123 0.27242390181535764 0.020411948362986265 0.022780115290205582
0 0.5253753066062927 0.27163103384799575 0.02041194836298632 0.022780115290205582
0 0.5517798662185669 0.2708300657050554 0.02041194836298632 0.022780115290205582
0 0.5784337520599365 0.27002153438478366 0.02041194836298632 0.022780115290205582
0 0.6058634519577026 0.26912228559453044 0.020226359367370605 0.022631194240363098
0 0.6325076818466187 0.26886427679727243 0.020782947540283203 0.022615417953609468
0 0.12424880638718605 0.3113535060438999 0.018434780339399978 0.021634700686432595
0 0.14690324664115906 0.3109887757853766 0.018434780339399992 0.021634700686432595
0 0.19507823884487152 0.31029596994089526 0.018549909194310488 0.02162640593772711
0 0.21908612549304962 0.3100454074449677 0.018549909194310488 0.02162640593772711
0 0.24371883273124695 0.3097883238999851 0.018549909194310515 0.02162640593772711
0 0.2684512734413147 0.30953019946923 0.018549909194310543 0.02162640593772711
0 0.2930048704147339 0.3092739415723224 0.018549909194310543 0.02162640593772711
0 0.12232352420687675 0.3422810088756473 0.018269908924897507 0.02158516876457276
0 0.1699582040309906 0.3418847882588021 0.018269908924897493 0.02158516876457276
0 0.1940053105354309 0.34168476677429305 0.018269908924897493 0.02158516876457276
0 0.2187442183494568 0.34147899095402207 0.018269908924897493 0.02158516876457276
0 0.24271032959222794 0.34127964318019316 0.01826990892489752 0.02158516876457276
0 0.2674857974052429 0.3408494987104804 0.018616199493408203 0.0217586487762688
0 0.29210174083709717 0.34058067410491233 0.018616199493408203 0.0217586487762688
0 0.1209338903427124 0.3732575704885084 0.01843662063280742 0.02158763796784157
0 0.1444179117679596 0.37251410277300556 0.018654833237330137 0.021779851395954442
0 0.19279830157756805 0.37267330080963845 0.01845340927441913 0.02166975745859071
0 0.21708545088768005 0.3725902473302461 0.01845340927441913 0.02166975745859071
0 0.24174126982688904 0.37318695673844426 0.019173502922058105 0.022066515545512356
0 0.2670871615409851 0.3729177519332531 0.019173502922058105 0.022066515545512356
0 0.29157403111457825 0.3726576710085943 0.019173502922058105 0.022066515545512356
0 0.31629711389541626 0.3723950812067118 0.019173502922058105 0.022066515545512356
0 0.3414035141468048 0.3721284200978834 0.019173502922058105 0.022066515545512356
0 0.36705338954925537 0.3718559866089067 0.019173502922058105 0.022066515545512356
0 0.3921971321105957 0.371683165084484 0.01950981219609582 0.022233297658521077
0 0.11956146731972694 0.4040026778262271 0.018807927767435714 0.02181214325187737
0 0.16756626963615417 0.40409323226573857 0.018807927767435728 0.02181214325187737
0 0.19181309640407562 0.40413897056069964 0.018807927767435728 0.02181214325187737
0 0.21604232490062714 0.4041096886923147 0.018704613049825014 0.02201547548752417
0 0.2661392390727997 0.4041872219636414 0.01870461304982507 0.02201547548752417
0 0.29074862599372864 0.4042253090655089 0.01870461304982507 0.02201547548752417
0 0.3154333233833313 0.40426351272279903 0.01870461304982507 0.02201547548752417
0 0.34100231528282166 0.4043030849722929 0.01870461304982507 0.02201547548752417
0 0.3665009140968323 0.4042778015136719 0.019169727961222294 0.022297970084256904
0 0.3916979432106018 0.40411616480627727 0.01874864101409912 0.022198255672011266
0 0.4169140160083771 0.40445043874341385 0.019049783547719357 0.02243308133857195
0 0.11865692585706711 0.4349481449570767 0.018501167496045426 0.0220444849295209
0 0.14216524362564087 0.4350499995222108 0.018501167496045412 0.0220444849295209
0 0.16592305898666382 0.43515293508637815 0.018501167496045412 0.0220444849295209
0 0.19036218523979187 0.43525882256847165 0.018501167496045412 0.0220444849295209
0 0.23954376578330994 0.43590173656227615 0.01928283770879108 0.02240617145863609
0 0.26442575454711914 0.43584852947802216 0.01926145950953162 0.02251381097837936
0 0.2891436517238617 0.4359199612639671 0.01926145950953162 0.02251381097837936
0 0.31485262513160706 0.4359942571424635 0.01926145950953162 0.02251381097837936
0 0.33997631072998047 0.4360668616087326 0.01926145950953162 0.02251381097837936
0 0.36530566215515137 0.4361400604248047 0.01926145950953162 0.02251381097837936
0 0.3906583786010742 0.4362133267630106 0.01926145950953162 0.02251381097837936
0 0.41643550992012024 0.43657364956168243 0.01947351296742761 0.02224382504012228
0 0.11785087361931801 0.46661164039789244 0.018349883457024888 0.02171574082485465
0 0.1412198692560196 0.46694961728227946 0.0182732144991557 0.02181962478992551
0 0.16499726474285126 0.46710732925769893 0.0182732144991557 0.02181962478992551
0 0.18962863087654114 0.46727070549511635 0.0182732144991557 0.02181962478992551
0 0.21406611800193787 0.4674327957615195 0.0182732144991557 0.02181962478992551
0 0.23873989284038544 0.467596453289653 0.0182732144991557 0.02181962478992551
0 0.263811320066452 0.4677627483877262 0.018273214499155643 0.02181962478992551
0 0.11674875020980835 0.49760179741438043 0.018131981293360397 0.021959083024845567
0 0.1404171735048294 0.4979988212454448 0.01813198129336041 0.021959083024845567
0 0.1639319360256195 0.4984979118290911 0.018524726231892885 0.02201624434123673
0 0.18870340287685394 0.4988087942433912 0.018524726231892885 0.02201624434123673
0 0.2132246494293213 0.4991165363878374 0.018524726231892885 0.02201624434123673
0 0.23782460391521454 0.49942526631845363 0.018524726231892885 0.02201624434123673
0 0.287893146276474 0.5000536275464434 0.01852472623189294 0.02201624434123673
0 0.31312379240989685 0.5003702726701018 0.01852472623189294 0.02201624434123673
0 0.3381878733634949 0.5004796859540765 0.019852588574091556 0.02225145443465353
0 0.3632824122905731 0.5004705828289653 0.019852588574091556 0.02225145443465353
0 0.38831642270088196 0.5004097694574401 0.019412974516550663 0.021756874498470753
0 0.11455501616001129 0.5295158538950342 0.018825610478719085 0.022065894548283067
0 0.16282720863819122 0.530266384745753 0.018825610478719057 0.022065894548283067
0 0.18727447092533112 0.5306464881473214 0.018825610478719057 0.022065894548283067
0 0.23695777356624603 0.5314189587869027 0.018825610478719057 0.022065894548283067
0 0.26183220744132996 0.5318057038063226 0.018825610478719113 0.022065894548283067
0 0.28659817576408386 0.5321907624150145 0.018825610478719113 0.022065894548283067
0 0.16234348714351654 0.5613593611606332 0.018686741590499878 0.022200650947038516
0 0.18630875647068024 0.5616340193637582 0.019151419401168823 0.02207952691603071
0 0.2353353053331375 0.5629121816028169 0.019151419401168823 0.02207952691603071
0 0.2601361870765686 0.5635587608802761 0.019151419401168823 0.02207952691603071
0 0.28510546684265137 0.564209730431958 0.019151419401168823 0.02207952691603071
0 0.3105502426624298 0.5648730965547784 0.019151419401168823 0.02207952691603071
0 0.3358241319656372 0.5657455087791683 0.020129601160685184 0.023071170777313414
0 0.3615092635154724 0.5661001427229061 0.020129601160685184 0.023071170777313414
0 0.38640666007995605 0.5664439004301748 0.020129601160685184 0.023071170777313414
0 0.4388050436973572 0.5671673635509171 0.020129601160685184 0.023071170777313414
0 0.4646063446998596 0.5675236014432685 0.020129601160685184 0.023071170777313414
0 0.49106423556804657 0.5678889048548303 0.02012960116068524 0.023071170777313414
0 0.5176194310188293 0.5690312197793607 0.02139051755269361 0.02371065006699673
0 0.5439873933792114 0.5695343904717024 0.02139051755269361 0.02371065006699673
0 0.5713069438934326 0.5700557199911711 0.02139051755269361 0.02371065006699673
0 0.6260930299758911 0.5711011838949811 0.02139051755269361 0.02371065006699673
0 0.6541553735733032 0.5716366878775663 0.02139051755269361 0.02371065006699673
0 0.6823773980140686 0.5721752389943747 0.02139051755269361 0.02371065006699673
0 0.7102051377296448 0.5726672456710092 0.02179276943206787 0.02415105538774836
0 0.7388805747032166 0.5732033751731695 0.02179276943206787 0.02415105538774836
0 0.16085459291934967 0.5932325762371684 0.018946965535481752 0.02245798037033667
0 0.18532492220401764 0.5939296226541618 0.018946965535481752 0.02245798037033667
0 0.20971223711967468 0.5946243043760256 0.018946965535481752 0.02245798037033667
0 0.234528049826622 0.5953311920166016 0.019175559282302856 0.022459281507388622
0 0.2592543065547943 0.5958854231366836 0.019175559282302856 0.022459281507388622
0 0.28427207469940186 0.5964461883917389 0.019175559282302856 0.022459281507388622
0 0.3346957564353943 0.597576419057643 0.019175559282302856 0.022459281507388622
0 0.38561493158340454 0.5989540131187256 0.019965261220932007 0.02323821903199183
0 0.41103991866111755 0.5995929185734239 0.019965261220932007 0.02323821903199183
0 0.4374125897884369 0.6002556384161796 0.019965261220932007 0.02323821903199183
0 0.4636481702327728 0.6009149133020164 0.019965261220932007 0.02323821903199183
0 0.48998524248600006 0.6015767385793287 0.019965261220932007 0.02323821903199183
0 0.5435622930526733 0.6030809712964434 0.020989378293355232 0.02341038312098782
0 0.5703845024108887 0.6037820147501853 0.020989378293355232 0.02341038312098782
0 0.5973660945892334 0.6044872239414023 0.020989378293355232 0.02341038312098782
0 0.6251644492149353 0.6052137805898453 0.020989378293355232 0.02341038312098782
0 0.6819586157798767 0.606698191443155 0.020989378293355232 0.02341038312098782
0 0.7102612257003784 0.6074987012286519 0.02112070719401049 0.023731675258902615
0 0.7389487028121948 0.6083210868359636 0.02112070719401049 0.023731675258902615
0 0.768164873123169 0.6085537311642669 0.021781285603841072 0.02404578157173565
0 0.15948335826396942 0.6257618305295013 0.019099066654841124 0.022704516270363923
0 0.2084917277097702 0.6253711644395092 0.019054795304934202 0.02258348095324618
0 0.23326286673545837 0.6263967114825582 0.019054795304934202 0.02258348095324618
0 0.2582137808203697 0.6279170692372507 0.01930147409439087 0.022895073705865375
0 0.2831074297428131 0.6287108576574991 0.01930147409439087 0.022895073705865375
0 0.3082062900066376 0.6295111896900157 0.01930147409439087 0.022895073705865375
0 0.35920920968055725 0.6311163347820903 0.01958485444386804 0.023084123005238558
0 0.38456985354423523 0.6319544421181911 0.01958485444386804 0.023084123005238558
0 0.41007572412490845 0.6327973488425712 0.01958485444386804 0.023084123005238558
0 0.43654608726501465 0.6336721296902589 0.01958485444386804 0.023084123005238558
0 0.46221619844436646 0.6345204641652662 0.01958485444386804 0.023084123005238558
0 0.48874422907829285 0.6348822350938457 0.020903587341308594 0.023688442023225478
0 0.5155462622642517 0.6358175943064135 0.020903587341308594 0.023688442023225478
0 0.5700587630271912 0.6377200160158023 0.020903587341308594 0.023688442023225478
0 0.5970479846000671 0.6386619078813586 0.020903587341308594 0.023688442023225478
0 0.6249629259109497 0.6396361062693041 0.020903587341308594 0.023688442023225478
0 0.6528852581977844 0.6406105625935562 0.020903587341308594 0.023688442023225478
0 0.6811715960502625 0.6415420594039344 0.021166721979777092 0.02380385879398311
0 0.1589680165052414 0.6568844817405524 0.01880104343096417 0.022182760312575756
0 0.1832004338502884 0.6577559940556474 0.01880104343096417 0.022182760312575756
0 0.2077065259218216 0.6586373490080273 0.01880104343096417 0.022182760312575756
0 0.2573828399181366 0.660423944162768 0.018801043430964143 0.022182760312575756
0 0.2820044159889221 0.6613094524658479 0.018801043430964115 0.022182760312575756
0 0.3074668049812317 0.6623779115389595 0.019090334574381473 0.02285396960354596
0 0.3326752185821533 0.6628955422816128 0.01973700523376465 0.022969889086346295
0 0.35812294483184814 0.6639033916384675 0.01973700523376465 0.022969889086346295
0 0.38330602645874023 0.6649007598265815 0.01973700523376465 0.022969889086346295
0 0.40950721502304077 0.66593844982624 0.01973700523376465 0.022969889086346295
0 0.4354248046875 0.6669649079788563 0.01973700523376465 0.022969889086346295
0 0.46185076236724854 0.6680114998900735 0.01973700523376465 0.022969889086346295
0 0.5150141716003418 0.6690965696822765 0.020902792612711663 0.023913420448007455
0 0.5419254302978516 0.6703546107775765 0.020902792612711663 0.023913420448007455
0 0.5967780947685242 0.6729366391204125 0.021495699882507324 0.02422936018123183
0 0.6245407462120056 0.6738978220222065 0.021495699882507324 0.02422936018123183
0 0.6525290012359619 0.6748668156442618 0.021495699882507324 0.02422936018123183
0 0.6806660294532776 0.6758409600081327 0.021495699882507324 0.02422936018123183
0 0.7087740898132324 0.6768141014631405 0.021495699882507324 0.02422936018123183
0 0.7378522157669067 0.6776684605798056 0.022088567415873284 0.024262184320494186
0 0.765784740447998 0.6785892107646034 0.02181529998779297 0.02442713301311173
0 0.10991837829351425 0.686737567153512 0.018782824277877808 0.02211468718772711
0 0.1338454782962799 0.6877385072929915 0.01883385578791301 0.02232715695403343
0 0.15777604281902313 0.688738710887541 0.018833855787913023 0.02232715695403343
0 0.1823902726173401 0.6897674890050797 0.018833855787913023 0.02232715695403343
0 0.20685386657714844 0.6907899711362867 0.018833855787913023 0.02232715695403343
0 0.25627684593200684 0.6928556575331577 0.018833855787912995 0.02232715695403343
0 0.2816790044307709 0.6938863208793946 0.01908283432324731 0.022669681282930596
0 0.3066432476043701 0.6949184725760822 0.01908283432324731 0.022669681282930596
0 0.33138957619667053 0.6959416145502135 0.01908283432324731 0.022669681282930596
0 0.3568929433822632 0.6969894035820808 0.019176602363586426 0.022733732711437138
0 0.4088382124900818 0.6994469036844619 0.019994020462036133 0.023574030676553417
0 0.43470123410224915 0.7004941370546045 0.019994020462036133 0.023574030676553417
0 0.4874654710292816 0.702630641848542 0.019994020462036133 0.023574030676553417
0 0.514487624168396 0.7037248102301309 0.019994020462036133 0.023574030676553417
0 0.5415305495262146 0.7049252549671928 0.020525336265563965 0.023953696554021263
0 0.5689818263053894 0.7060700793598973 0.020525336265563965 0.023953696554021263
0 0.596329927444458 0.7071640990501227 0.020842889944712395 0.024039128029993282
0 0.6244875192642212 0.7084867138524215 0.02106785774230957 0.024005919463874814
0 0.6518287062644958 0.7095835042554278 0.02106785774230957 0.024005919463874814
0 0.10844515264034271 0.7188897243765897 0.019224196672439575 0.022327393524406436
0 0.13193346187472343 0.7195282869560774 0.01907336960236232 0.022689109624818314
0 0.15664520859718323 0.7207094785241649 0.019073369602362333 0.022689109624818314
0 0.18109385669231415 0.7219288830991393 0.019323915243148804 0.022730568582697487
0 0.23028212785720825 0.7242531000181686 0.019323915243148804 0.022730568582697487
0 0.2548823356628418 0.7254154953990068 0.019323915243148804 0.022730568582697487
0 0.30531957745552063 0.727798727985709 0.019323915243148804 0.022730568582697487
0 0.3561834692955017 0.7302021204039107 0.019323915243148804 0.022730568582697487
0 0.3815993070602417 0.7314030554793902 0.019323915243148804 0.022730568582697487
0 0.40755629539489746 0.7328678397245185 0.020566145579020145 0.02369768305342324
0 0.43325725197792053 0.7340384166979027 0.020566145579020145 0.023697683053423322
0 0.46020135283470154 0.7352436420529388 0.021199385325113895 0.02384638231854106
0 0.4869387447834015 0.7364964366807467 0.021199385325113895 0.023846382318540978
0 0.5137366652488708 0.7377520674041915 0.021199385325114006 0.023846382318541144
0 0.5405753254890442 0.7390096070113067 0.021199385325114006 0.02384638231854106
0 0.5682761073112488 0.7403075417806936 0.02211650212605787 0.024361085522082396
0 0.595397412776947 0.7416304129144822 0.02226622899373365 0.024583565172298878
0 0.6515489220619202 0.7438231179880541 0.02226622899373365 0.02458356517229896
0 0.67974454164505 0.7449241512265137 0.02226622899373365 0.02458356517229896
0 0.7075268626213074 0.7460090452380189 0.02226622899373365 0.02458356517229896
0 0.7372372150421143 0.7471692284872365 0.02226622899373365 0.02458356517229896
0 0.764671266078949 0.7482405226280905 0.02226622899373365 0.02458356517229896
0 0.7933855056762695 0.7483589039292446 0.022699952125549316 0.024901205255079665
0 0.1070614606142044 0.7502388192266572 0.018922189871470124 0.022280375162760446
0 0.13102497160434723 0.7514669507048851 0.01914546390374501 0.02233911854352135
0 0.18046054244041443 0.753992587664724 0.019145463903744997 0.02233911854352135
0 0.2046065628528595 0.7552261949753168 0.019145463903744997 0.02233911854352135
0 0.2291540950536728 0.7564803153091308 0.019145463903744997 0.022339118543521268
0 0.2541026696562767 0.757754924685456 0.019713108738263457 0.02266350088193424
0 0.279348760843277 0.7591283572199521 0.019713108738263485 0.02266350088193424
0 0.30491483211517334 0.7605191972436208 0.019713108738263485 0.02266350088193424
0 0.3299029767513275 0.761878597024196 0.019713108738263485 0.02266350088193424
0 0.35539788007736206 0.763265565384266 0.019713108738263485 0.02266350088193424
0 0.3807847797870636 0.7646933044425662 0.019715865453084347 0.02304402432700471
0 0.432794988155365 0.7675529302552689 0.019715865453084347 0.02304402432700471
0 0.4591837227344513 0.7686047722332042 0.020237207412719727 0.02327450301296038
0 0.4855186939239502 0.7699595606604288 0.020237207412719727 0.02327450301296038
0 0.512340247631073 0.7717113051303598 0.02038041750590014 0.02371138934941244
0 0.10552502423524857 0.7822515896552029 0.01948612928390503 0.02266971085422712
0 0.12965688109397888 0.7835764330486918 0.01948612928390503 0.02266971085422712
0 0.1538924127817154 0.7849069682094196 0.01948612928390503 0.02266971085422712
0 0.20354720950126648 0.7876783470993451 0.019854495922724424 0.02304514803627654
0 0.22790274024009705 0.7889701488406159 0.019854495922724424 0.02304514803627654
0 0.2529998794198036 0.7903012850183042 0.019854495922724397 0.02304514803627654
0 0.27830907702445984 0.7916436686389466 0.01985449592272437 0.02304514803627654
0 0.30381056666374207 0.7929962513058685 0.01985449592272437 0.02304514803627654
0 0.3291977345943451 0.7944352793139081 0.020456333955129025 0.023587781329487644
0 0.3543086051940918 0.7960530481305175 0.020456333955129025 0.023587781329487644
0 0.4064052402973175 0.7994093758765225 0.020456333955129025 0.023587781329487644
0 0.4322965741157532 0.8010774260663998 0.020456333955129025 0.023587781329487644
0 0.45866692066192627 0.8027763366699219 0.020456333955129025 0.023587781329487644
0 0.48459020256996155 0.8040366963639521 0.0210971633593241 0.024012543434320494
0 0.5113204717636108 0.805599119422527 0.02109716335932421 0.024012543434320494
0 0.5392742156982422 0.8072330563567406 0.02109716335932421 0.024012543434320494
0 0.15219390392303467 0.8171053863509339 0.01963910460472107 0.022850273191466923
0 0.17649683356285095 0.8186172662779342 0.01963910460472107 0.022850273191466923
0 0.20129325985908508 0.8201598465237822 0.01963910460472107 0.022850273191466923
0 0.22676615417003632 0.8217758963068953 0.020048479239145933 0.023304192594779446
0 0.25195595622062683 0.8233115617619005 0.020048479239145905 0.023304192594779446
0 0.2765917181968689 0.824399282765943 0.02053842941919959 0.023624508879905522
0 0.32810476422309875 0.8279414791356747 0.02053842941919959 0.023624508879905522
0 0.3531222343444824 0.8296617577578846 0.02053842941919959 0.023624508879905522
0 0.3792065382003784 0.8314553951672953 0.02053842941919959 0.023624508879905522
0 0.4050211012363434 0.8332304843636447 0.02053842941919959 0.023624508879905522
0 0.43136924505233765 0.8349098635223005 0.021322230497995975 0.024049507555111545
0 0.4574444890022278 0.8365718485771918 0.021322230497995975 0.024049507555111545
0 0.5114184021949768 0.840012040249137 0.021322230497996086 0.024049507555111545
0 0.5376184582710266 0.841681980584859 0.021322230497996086 0.024049507555111545
0 0.5652700662612915 0.8433629412983739 0.022019028663635254 0.024156023365582497
0 0.592612624168396 0.8449087533546894 0.022019028663635254 0.024156023365582497
0 0.6204391121864319 0.846481924409473 0.022019028663635254 0.024156023365582497
0 0.649314820766449 0.848114413169643 0.022019028663635254 0.024156023365582497
0 0.6776378154754639 0.8497156542400981 0.022019028663635254 0.024156023365582497
0 0.706331729888916 0.8510402875762689 0.02230203151702881 0.024534003679142442
0 0.7341107726097107 0.8523555134618005 0.02230203151702881 0.024534003679142442
0 0.1509813666343689 0.8498292967330577 0.01991168657938641 0.02311268887778596
0 0.17504264414310455 0.8512480092603106 0.020209302504857363 0.023117302000060673
0 0.2000877559185028 0.8525840404421784 0.020059814055760683 0.02289397956788991
0 0.22509947419166565 0.8543250818042843 0.020059814055760683 0.02289397956788991
0 0.25062108039855957 0.8561546857966933 0.020613491535186768 0.023344941841539596
0 0.2754669785499573 0.8578405858605439 0.020613491535186768 0.023344941841539596
0 0.30092427134513855 0.8595679716562733 0.020613491535186768 0.023344941841539596
0 0.32648760080337524 0.8613025524914384 0.020613491535186768 0.023344941841539596
0 0.3522728383541107 0.8630521907362827 0.020613491535186768 0.023344941841539596
0 0.3782358467578888 0.8648245010386822 0.020525038242340088 0.023265335911004006
0 0.40397730469703674 0.8668049180438385 0.020620644092559814 0.02371978759765625
0 0.42982563376426697 0.8686809983364371 0.020620644092559814 0.02371978759765625
0 0.4561370611190796 0.8704708897790243 0.02129564682642615 0.024099305618640987
0 0.4832668900489807 0.8724537456141523 0.02129564682642615 0.024099305618640987
0 0.5098050385713577 0.8743933569101564 0.021295646826426207 0.024099305618640987
0 0.5364859104156494 0.8763433995204306 0.021295646826426262 0.024099305618640987
0 0.5642648935317993 0.8783737005189408 0.021295646826426262 0.024099305618640987
0 0.5920431017875671 0.8801324429794594 0.021618644396464104 0.02413952258206142
0 0.6206191778182983 0.8819417014387344 0.021618644396464104 0.02413952258206142
0 0.648084819316864 0.8836806541265443 0.021618644396464104 0.02413952258206142
0 0.676410436630249 0.8854740551058571 0.021618644396464104 0.02413952258206142
0 0.7053442001342773 0.885674232660338 0.022074898084004646 0.024981949680535256
0 0.1498311161994934 0.8820736844681719 0.020258933305740356 0.02270495983981358
0 0.17389021813869476 0.8836584756540697 0.020258933305740356 0.02270495983981358
0 0.1988559067249298 0.8853029843859966 0.020258933305740356 0.02270495983981358
0 0.22349859774112701 0.886926217024437 0.020258933305740356 0.02270495983981358
0 0.2742810845375061 0.8902712977209757 0.020258933305740356 0.02270495983981358
0 0.32494285702705383 0.8936084268751018 0.020258933305740356 0.02270495983981358
0 0.3502157926559448 0.896184892270788 0.020581861337025997 0.02322795779206032
0 0.3765048682689667 0.8982322160587755 0.020581861337025997 0.02322795779206032
0 0.4025286138057709 0.8998256728324573 0.02158079544703162 0.023837836213814304
0 0.4293452501296997 0.901873743811319 0.021543721357981327 0.023886806281038144
0 0.45548906922340393 0.9038577367127938 0.021543721357981327 0.023886806281038144
0 0.5094155073165894 0.9079500871836729 0.021543721357981382 0.023886806281038144
0 0.5362737774848938 0.9099882980957367 0.021543721357981438 0.023886806281038144
0 0.5634056925773621 0.9120472752770712 0.021543721357981438 0.023886806281038144
0 0.5913370847702026 0.914165429238553 0.021546880404154534 0.023835588795269997
0 0.6195396184921265 0.9161035189254281 0.02213740348815918 0.024016210275102846
0 0.6475684642791748 0.9177578770837118 0.022492607434590584 0.02446669940800619
0 0.6759172081947327 0.9196813924925643 0.022492607434590584 0.02446669940800619
0 0.7052438855171204 0.9213893309588427 0.022586305936177498 0.024470661961755086
0 0.7330523729324341 0.9219443353750808 0.023015379905700684 0.02527103867641715
0 0.7617495059967041 0.9231756343397983 0.023015379905700684 0.02527103867641715
