0 0.8281151652336121 0.05404914811600086 0.023169835408528572 0.024808178576388094
0 0.8565778732299805 0.05320768862505753 0.023169835408528572 0.024808178576388094
0 0.8849844629647302 0.05290875916452411 0.023169835408528572 0.024808178576388094
0 0.913850844883528 0.05220997865264579 0.023169835408528572 0.024808178576388094
0 0.13638408854603767 0.08315502765566804 0.02392534166574478 0.02509566610173661
0 0.16423994302749634 0.0837597595444809 0.02392534166574478 0.02509566610173661
0 0.1924898624420166 0.08471693549045296 0.02319668730099994 0.02448860989060513
0 0.22110852599143982 0.0849943382795467 0.023384690284729004 0.02463580286780069
0 0.2500778138637543 0.08418969187453623 0.023994922637939453 0.025310869364775425
0 0.28064215183258057 0.0848108031028925 0.023994922637939453 0.025310869364775425
0 0.30926600098609924 0.0853924808125867 0.023994922637939453 0.025310869364775435
0 0.3371061086654663 0.08595823177031851 0.023994922637939453 0.025310869364775435
0 0.3964226245880127 0.08716362853382909 0.023994922637939453 0.025310869364775425
0 0.4535205066204071 0.08832393947142743 0.023994922637939453 0.025310869364775435
0 0.48254624009132385 0.0882160977245354 0.023437023162841797 0.0250650819881942
0 0.5107699632644653 0.08856100427441907 0.023437023162841797 0.0250650819881942
0 0.5683616399765015 0.08926480038221492 0.023437023162841797 0.02506508198819419
0 0.5972658395767212 0.08966488044048099 0.02285887797673536 0.02454127267349598
0 0.625256359577179 0.08965701835100041 0.02285754680633545 0.024974880292434106
0 0.6542085409164429 0.08994395173671643 0.02285754680633545 0.024974880292434096
0 0.6828969717025757 0.08979875077079334 0.022651831309000725 0.024853501208992882
0 0.7107271552085876 0.08991518131522246 0.022651831309000725 0.024853501208992893
0 0.13489354774355888 0.11943425688632699 0.023337237536907196 0.02478596591210179
0 0.16246192157268524 0.11955198775856589 0.023337237536907196 0.02478596591210179
0 0.19092068076133728 0.11967352102573948 0.023337237536907196 0.02478596591210179
0 0.22065748274326324 0.11980051218077194 0.023337237536907196 0.02478596591210179
0 0.24979191273450851 0.1199249309033383 0.023337237536907196 0.02478596591210179
0 0.2782309353351593 0.11964426484218864 0.02310434977213538 0.024787917617679553
0 0.3082224428653717 0.12012921932131745 0.023362348477045658 0.024896303812662748
0 0.33668649196624756 0.11997258468876183 0.022548307975133297 0.02460810195567996
0 0.3948059380054474 0.1210670692976131 0.022548307975133297 0.02460810195567996
0 0.42390531301498413 0.12161505831412314 0.022548307975133297 0.02460810195567996
0 0.48153671622276306 0.12270035227502692 0.022548307975133297 0.02460810195567996
0 0.511031374335289 0.12325578512147416 0.02254830797513324 0.02460810195567996
0 0.5397411584854126 0.12379643750234097 0.022548307975133186 0.02460810195567996
0 0.5678920149803162 0.12334019638771235 0.022575149933497185 0.024516090866207166
0 0.5968793034553528 0.123392879174947 0.022575149933497185 0.024516090866207166
0 0.654682993888855 0.12444657753752451 0.02232249577840162 0.024419097013251727
0 0.683903157711029 0.1245091634780971 0.02232249577840162 0.024419097013251727
0 0.7118574380874634 0.12456903805446964 0.02232249577840162 0.024419097013251727
0 0.7396913170814514 0.12462865474612214 0.02232249577840162 0.024419097013251727
0 0.13406908512115479 0.1545709135442998 0.023389781514803573 0.025174052216285884
0 0.1617797166109085 0.15462526055269463 0.023437892397244753 0.025099857833034294
0 0.19011278450489044 0.15421448197475698 0.023123433192570986 0.024929320165353243
0 0.21978503465652466 0.15441937586359555 0.023123433192570986 0.024929320165353243
0 0.24876417964696884 0.1546194836977492 0.023123433192571013 0.024929320165353243
0 0.2786687910556793 0.15482598209589646 0.02312343319257104 0.024929320165353243
0 0.33643752336502075 0.15522488882375318 0.02312343319257104 0.024929320165353243
0 0.36487191915512085 0.15533705166320938 0.022868121663729313 0.024751190067261675
0 0.4228202700614929 0.15560715697532476 0.022868121663729313 0.024751190067261675
0 0.4519808292388916 0.15694669307979114 0.022747933864593506 0.024771490762400074
0 0.4815400540828705 0.1573871789976608 0.022747933864593506 0.024771490762400074
0 0.5103331953287125 0.15786982221259035 0.02265052000681561 0.02468367140422497
0 0.13182435557246208 0.1893211852672488 0.022976192335287735 0.025139686673186546
0 0.1604674905538559 0.18947803142458894 0.02265701194604236 0.02482439381207606
0 0.18934597074985504 0.1893993344988462 0.02265701194604236 0.02482439381207606
0 0.21851074695587158 0.18931985738606838 0.02265701194604236 0.02482439381207606
0 0.24789539724588394 0.18923978109305867 0.022657011946042388 0.02482439381207606
0 0.2775001525878906 0.1891591049904047 0.022657011946042416 0.02482439381207606
0 0.30704236030578613 0.1894916566314958 0.02260126670201623 0.02454422425854113
0 0.33536088466644287 0.19060088312903115 0.022751271724700928 0.024590895157451786
0 0.364278644323349 0.19078701817613497 0.022751271724700928 0.024590895157451786
0 0.42306992411613464 0.191165440217239 0.022751271724700928 0.024590895157451786
0 0.4516110122203827 0.1913491507412114 0.022751271724700928 0.024590895157451786
0 0.4810626208782196 0.19153872201609057 0.022751271724700928 0.024590895157451786
0 0.509784922003746 0.19210320785713245 0.022998770078023256 0.024435741956843886
0 0.5382832884788513 0.19266329266014715 0.0229987700780232 0.024435741956843886
0 0.567110002040863 0.19322983054227608 0.0229987700780232 0.024435741956843886
0 0.076534703373909 0.22665363541153027 0.022761369744936616 0.025027267692625088
0 0.10433226823806763 0.22597774239473564 0.02262632300456366 0.024980071903199216
0 0.13113925233483315 0.22551836509251622 0.022626323004563645 0.024980071903199216
0 0.15927210450172424 0.22503626708083707 0.02262632300456363 0.024980071903199216
0 0.1884441375732422 0.22453636116809897 0.02262632300456363 0.024980071903199216
0 0.21718746423721313 0.224259633630332 0.023035248120625795 0.025136548419331394
0 0.24737656116485596 0.22447266689566678 0.023035248120625823 0.025136548419331394
0 0.3054986000061035 0.22488281257680268 0.02303524812062585 0.025136548419331394
0 0.3637905418872833 0.225294157200705 0.02303524812062585 0.025136548419331394
0 0.39305752515792847 0.22550068345180777 0.02303524812062585 0.025136548419331394
0 0.422321617603302 0.22570718930342826 0.02303524812062585 0.025136548419331394
0 0.48065444827079773 0.22670314295235358 0.023000160853067997 0.02510931325513263
0 0.5096892714500427 0.22710170945147096 0.023000160853068052 0.02510931325513263
0 0.5383118391036987 0.22749461684116098 0.023000160853068108 0.02510931325513263
0 0.5672709941864014 0.22748994173689613 0.022395173708597893 0.02455764593080033
0 0.5964567065238953 0.22780126113508511 0.022395173708597893 0.02455764593080033
0 0.6247749328613281 0.22810332719669785 0.022395173708597893 0.02455764593080033
0 0.6517980694770813 0.22829357325871372 0.022499680519104004 0.02455970113591633
0 0.07578720897436142 0.259430255602655 0.02246387799580893 0.025033300237138168
0 0.10383515059947968 0.25950791114984556 0.022676904996236175 0.024987893511158522
0 0.13065094873309135 0.25955094614176116 0.02267690499623616 0.024987893511158522
0 0.15855035185813904 0.25959572014333865 0.022676904996236147 0.024987893511158522
0 0.18762508034706116 0.259642380350849 0.022676904996236147 0.024987893511158522
0 0.21660442650318146 0.259688887485238 0.02272692322731018 0.024910771569540333
0 0.2756892740726471 0.26036010955838934 0.02272692322731018 0.024910771569540333
0 0.30564481019973755 0.2607004136784591 0.02272692322731018 0.024910771569540333
0 0.33374083042144775 0.26101959312490425 0.02272692322731018 0.024910771569540333
0 0.36357381939888 0.26135850507159564 0.02272692322731018 0.024910771569540333
0 0.39272159337997437 0.2618992084969148 0.022739847501119015 0.02503539979919904
0 0.42218393087387085 0.26131955967393034 0.02246965964635217 0.024782195571781157
0 0.45087310671806335 0.2627324614413949 0.02263377110163367 0.02477605952772983
0 0.07343785278499126 0.29494223483773163 0.02276908978819847 0.024879618208537704
0 0.13048207759857178 0.2951007010025531 0.02276908978819847 0.024879618208537704
0 0.15754705667495728 0.2951758862373288 0.02276908978819847 0.024879618208537704
0 0.1862477958202362 0.2946512169745049 0.022666255633036314 0.025134507999863734
0 0.24541574716567993 0.2954199813133062 0.022666255633036286 0.025134507999863734
0 0.27495506405830383 0.29580378323484 0.02266625563303626 0.025134507999863734
0 0.303680419921875 0.2961770094274854 0.02266625563303626 0.025134507999863734
0 0.33296263217926025 0.29655747080958167 0.02266625563303626 0.025134507999863734
0 0.39223188161849976 0.297327551306207 0.02266625563303626 0.025134507999863734
0 0.4214571416378021 0.2973985268417478 0.022338688373565674 0.024746029875999272
0 0.45035892724990845 0.2976753323577171 0.022338688373565674 0.024746029875999272
0 0.4796244204044342 0.2979498670325274 0.022524217764536503 0.025213463361873183
0 0.5085279941558838 0.2982210066022183 0.022524217764536558 0.025213463361873183
0 0.5375120043754578 0.29849290073290363 0.022524217764536614 0.025213463361873183
0 0.5664191246032715 0.2987640735714935 0.022524217764536614 0.025213463361873183
0 0.5955810546875 0.2989833223251536 0.022920767466227288 0.02550234535867851
0 0.624203622341156 0.2991985159788827 0.022920767466227288 0.02550234535867851
0 0.6533700823783875 0.29941779879018404 0.022920767466227288 0.02550234535867851
0 0.7113931179046631 0.2998540346012559 0.022920767466227288 0.02550234535867851
0 0.7399851679801941 0.29998494926890457 0.023013750712076897 0.02529216736786128
0 0.7691164016723633 0.30016491024993186 0.023013750712076897 0.02529216736786128
0 0.07161824218928814 0.33077171236969705 0.022129785269498825 0.024655704350434505
0 0.09874758124351501 0.33110265953596246 0.022431649267673492 0.025336406027623822
0 0.12774429842829704 0.3311634297049065 0.022431649267673492 0.025336406027623822
0 0.18591825664043427 0.33128534837749835 0.022431649267673492 0.025336406027623822
0 0.2157553881406784 0.3313478798534071 0.022431649267673492 0.025336406027623822
0 0.2450089007616043 0.3314091882040334 0.022431649267673492 0.025336406027623822
0 0.274539589881897 0.3316924118808922 0.022388269503911373 0.0251417233962421
0 0.3039080798625946 0.33197407993415845 0.022388269503911373 0.0251417233962421
0 0.3335728645324707 0.3322363343349723 0.02230248848597205 0.025097469950831213
0 0.36261406540870667 0.3325328927948208 0.02230248848597205 0.025097469950831213
0 0.3921352028846741 0.33283435219727997 0.02230248848597205 0.025097469950831213
0 0.4503301978111267 0.3334286188786003 0.02230248848597205 0.025097469950831213
0 0.4799141585826874 0.3337307198103084 0.02230248848597205 0.025097469950831213
0 0.5081747025251389 0.33413088598916696 0.022054841121037783 0.025195631870003635
0 0.5369343757629395 0.33452099370147736 0.022054841121037727 0.025195631870003635
0 0.5658606886863708 0.33429762524252266 0.02205994725227356 0.024828445079714753
0 0.595298171043396 0.3347678073616915 0.022076070308685303 0.025006981783134992
0 0.12661552801728249 0.3660932917927587 0.02252829323212306 0.025511837744897663
0 0.1554773896932602 0.36649019517478953 0.022528293232123076 0.025511837744897663
0 0.18512530624866486 0.3668979082489881 0.022528293232123076 0.025511837744897663
0 0.2153325080871582 0.3673133125186775 0.022528293232123076 0.025511837744897663
0 0.24487396329641342 0.3677195615546648 0.022528293232123048 0.025511837744897663
0 0.3039337694644928 0.36828785124269164 0.022121792038281796 0.025482347769330668
0 0.33329468965530396 0.36857037008686006 0.022121792038281796 0.025482347769330668
0 0.3625198006629944 0.3688515821377402 0.022121792038281796 0.025482347769330626
0 0.3918684124946594 0.36913398254749386 0.022121792038281796 0.025482347769330626
0 0.42115432024002075 0.3692715318841019 0.0220663150151571 0.025123825368955167
0 0.4499441385269165 0.36931347292523053 0.0220663150151571 0.025123825368955167
0 0.47933122515678406 0.36935628406758336 0.0220663150151571 0.025123825368955167
0 0.5374553799629211 0.37050792782805686 0.022224227587382073 0.02491483023000318
0 0.5659647583961487 0.3705865539889192 0.022224227587382073 0.02491483023000318
0 0.5949057936668396 0.3706663706183853 0.022224227587382073 0.024914830230003137
0 0.6239848732948303 0.3707465679610919 0.022224227587382073 0.02491483023000318
0 0.6531122922897339 0.37082689861918605 0.022224227587382073 0.02491483023000318
0 0.6825219392776489 0.37107814744461415 0.022432446479797363 0.025241903556409748
0 0.12529562413692474 0.40236983188363007 0.022719557086626693 0.025427884833757266
0 0.15483330190181732 0.40270892041419365 0.022719557086626707 0.025427884833757266
0 0.18433989584445953 0.40304765210669796 0.022719557086626707 0.025427884833757266
0 0.21470960974693298 0.4033962922991598 0.022719557086626707 0.025427884833757266
0 0.2437547966837883 0.40372972710188043 0.02271955708662668 0.025427884833757266
0 0.30345526337623596 0.4037232509879179 0.02240333954493201 0.025170644124349013
0 0.3326036334037781 0.40425673196482104 0.022299329439798954 0.02525217218916551
0 0.36219292879104614 0.40456877555340587 0.022299329439798954 0.02525217218916551
0 0.4208511412143707 0.40518737491053763 0.022299329439798954 0.02525217218916551
0 0.45021042227745056 0.40549699280786466 0.022299329439798954 0.02525217218916551
0 0.4789932072162628 0.4058005310768305 0.022299329439798954 0.02525217218916551
0 0.5077643245458603 0.4057867360669513 0.02196463942527771 0.024800322776617006
0 0.5366530418395996 0.406048901604521 0.02196463942527771 0.024800322776617006
0 0.5656665563583374 0.4063121996787571 0.02196463942527771 0.024800322776617006
0 0.5946793556213379 0.4065754912620367 0.02196463942527771 0.024800322776617006
0 0.6233164668083191 0.4068353734704588 0.02196463942527771 0.024800322776617006
0 0.12391962110996246 0.4390375247645007 0.022685974836349487 0.025567195212194218
0 0.15382657945156097 0.4391394770422647 0.022685974836349487 0.025567195212194218
0 0.18377196788787842 0.4387528817233906 0.02270879348119098 0.02525480403456577
0 0.21317923069000244 0.4390516059343205 0.02270879348119098 0.02525480403456577
0 0.24234576523303986 0.4393478847847376 0.02270879348119101 0.02525480403456577
0 0.30249494314193726 0.4399588908423164 0.022708793481191036 0.02525480403456577
0 0.33197760581970215 0.4402583809786065 0.022708793481191036 0.02525480403456577
0 0.36152076721191406 0.440013796784157 0.022323856751124027 0.024984611097232372
0 0.39042139053344727 0.44012901309602825 0.022323856751124027 0.024984611097232372
0 0.4491643011569977 0.44036319979281086 0.022323856751124027 0.024984611097232372
0 0.47886133193969727 0.4404815910926193 0.022323856751124027 0.024984611097232372
0 0.5075659602880478 0.44059602604355924 0.022323856751124083 0.024984611097232372
0 0.5653176307678223 0.4409844154535338 0.022078871726989746 0.024506295374197497
0 0.5947192907333374 0.44123991774957766 0.022078871726989746 0.024506295374197497
0 0.6235116720199585 0.4414901253751312 0.022078871726989746 0.024506295374197497
0 0.6531069874763489 0.44174731054971383 0.022078871726989746 0.024506295374197497
0 0.6825203895568848 0.44200291488548443 0.022078871726989746 0.024506295374197497
0 0.7108264565467834 0.44173222918843114 0.022083044052124023 0.024393451306246917
0 0.12259553372859955 0.4737215606585105 0.022864118218421936 0.025729571202004548
0 0.1515783667564392 0.4742294577665107 0.022864118218421936 0.025729571202004548
0 0.18107064068317413 0.4747462823509587 0.022864118218421936 0.025729571202004548
0 0.21061226725578308 0.47526397179447993 0.022864118218421936 0.025729571202004548
0 0.24046403914690018 0.4757870962453443 0.022864118218421936 0.025729571202004548
0 0.27082422375679016 0.476319130154759 0.022864118218421936 0.025729571202004548
0 0.30030950903892517 0.4756579874680153 0.02280990282694495 0.02540076795474509
0 0.3309762477874756 0.4758896426240151 0.02280990282694495 0.02540076795474509
0 0.3606474995613098 0.4767161081003588 0.02254607280095422 0.02485890351524654
0 0.38946831226348877 0.4760377582684724 0.022348393996556637 0.025015779243883183
0 0.41914162039756775 0.47621012842932414 0.022348393996556637 0.025015779243883183
0 0.4488527774810791 0.4763827184520622 0.022348393996556637 0.025015779243883183
0 0.47807443141937256 0.47655246498544285 0.022348393996556637 0.025015779243883183
0 0.5072457045316696 0.47672191886014714 0.02234839399655658 0.025015779243883183
0 0.535958468914032 0.4768887092898735 0.022348393996556526 0.025015779243883183
0 0.5657501220703125 0.47677494363731987 0.022108832995096916 0.025120727775632817
0 0.5948760509490967 0.47724179369925523 0.022108832995096916 0.025120727775632817
0 0.623619794845581 0.4777025178421375 0.022108832995096916 0.025120727775632817
0 0.0680550392717123 0.5112910603368005 0.02154408022761345 0.025517633719037616
0 0.12218263000249863 0.5109970551397747 0.02154408022761345 0.025517633719037616
0 0.15017803013324738 0.5115607062051463 0.022584865490595518 0.025517929432003997
0 0.17903505265712738 0.5115446637482324 0.022584865490595518 0.025517929432003997
0 0.20888863503932953 0.5115280672747502 0.022584865490595518 0.025517929432003997
0 0.23925119638442993 0.5115595529245776 0.02270984649658203 0.025254685749379183
0 0.26946237683296204 0.5116647550050107 0.02270984649658203 0.025254685749379183
0 0.29938456416130066 0.5118840239768805 0.022223671277364132 0.025206750677537602
0 0.32945507764816284 0.5118480061375817 0.022350231806437137 0.02513279286465898
0 0.38884755969047546 0.512081716036527 0.022350231806437137 0.02513279286465898
0 0.44871407747268677 0.5123172912699566 0.022350231806437137 0.02513279286465898
0 0.4783022701740265 0.5124337210484137 0.022350231806437137 0.02513279286465898
0 0.5069726705551147 0.5125465393066406 0.022350231806437193 0.02513279286465898
0 0.5365875959396362 0.5127617089032782 0.02239171663920092 0.025108100831970744
0 0.5659063458442688 0.5129096896149391 0.02239171663920092 0.025108100831970744
0 0.5951240658760071 0.5130571603978843 0.02239171663920092 0.025108100831970744
0 0.6240853071212769 0.5132033366538297 0.02239171663920092 0.025108100831970744
0 0.6541227102279663 0.5133549446283385 0.02239171663920092 0.025108100831970744
0 0.6839109063148499 0.5135052947786817 0.02239171663920092 0.025108100831970744
0 0.7134175300598145 0.5140351511544701 0.022979418436686272 0.025485962860343936
0 0.7413239479064941 0.5143552824508312 0.022979418436686272 0.025485962860343936
0 0.0681485515087843 0.5473662531653116 0.021222200244665146 0.02548921570297365
0 0.0945214256644249 0.5473129361174828 0.02217516303062439 0.026023036749787978
0 0.1216028556227684 0.5475590986135518 0.02217516303062439 0.026023036749787978
0 0.1491430103778839 0.5478094307875572 0.02217516303062439 0.026023036749787978
0 0.17818601429462433 0.548073423433015 0.02217516303062439 0.026023036749787978
0 0.2074521780014038 0.5482825531789779 0.023009002208709717 0.026088862456092484
0 0.23768970370292664 0.5482799618743187 0.022696753342946352 0.02591282452723782
0 0.29836028814315796 0.5482607178807487 0.022696753342946407 0.02591282452723782
0 0.3285144865512848 0.5482586261837982 0.02301035324732459 0.02612706857134211
0 0.3582891523838043 0.5482634146863572 0.02301035324732459 0.02612706857134211
0 0.388441801071167 0.5482682639779065 0.02301035324732459 0.02612706857134211
0 0.41861534118652344 0.548273116629314 0.02301035324732459 0.02612706857134211
0 0.44821569323539734 0.5482778770979061 0.02301035324732459 0.02612706857134211
0 0.4773007333278656 0.5484315490818326 0.022967954476674435 0.02603918267774946
0 0.5066834837198257 0.548464531122252 0.022861351569493593 0.02576913759689917
0 0.5359914898872375 0.5486626670239713 0.022861351569493538 0.02576913759689917
0 0.5956624746322632 0.5490660709369292 0.022861351569493538 0.02576913759689917
0 0.6250506639480591 0.5492647489144319 0.022861351569493538 0.02576913759689917
0 0.6541797518730164 0.5494616752447083 0.022861351569493538 0.02576913759689917
0 0.6831919550895691 0.5492268939350926 0.022850632667541504 0.025625480237857372
0 0.7130734920501709 0.5488550409630459 0.022899150848388672 0.025283547334892804
0 0.7424975633621216 0.5485519586607467 0.022899150848388672 0.025283547334892804
0 0.0663890391588211 0.5833847134612328 0.021472622950871788 0.025772449582122093
0 0.09359800070524216 0.5848256043339243 0.022165233890215547 0.02607839421708449
0 0.11973687261343002 0.5848063091899074 0.022224282224973038 0.026060326154841933
0 0.14780361950397491 0.584803176392723 0.022224282224973024 0.026060326154841933
0 0.17705902457237244 0.5847999109180676 0.022224282224973024 0.026060326154841933
0 0.20614594221115112 0.5847966642499006 0.022224282224973024 0.026060326154841933
0 0.2361733466386795 0.5847933126050372 0.022224282224973024 0.026060326154841933
0 0.26701366901397705 0.585522496423056 0.0232083797454834 0.026079517926356644
0 0.2970692217350006 0.5854491888104241 0.0232083797454834 0.026079517926356644
0 0.3280889689922333 0.5853735294593225 0.0232083797454834 0.026079517926356644
0 0.35752540826797485 0.5853017319080441 0.023057321707407596 0.025751453961512894
0 0.3876442611217499 0.585342364836046 0.023057321707407596 0.025751453961512894
0 0.41745293140411377 0.5853825793010289 0.023057321707407596 0.025751453961512894
0 0.47743988037109375 0.5854635068645805 0.023057321707407596 0.025751453961512894
0 0.5063040256500244 0.585502447083939 0.023057321707407652 0.025751453961512894
0 0.5360972881317139 0.5855054991324484 0.023042718569437737 0.02573752588079887
0 0.5658538937568665 0.5855264441911564 0.023042718569437737 0.02573752588079887
0 0.5952757596969604 0.5855471536335295 0.023042718569437737 0.02573752588079887
0 0.06524646282196045 0.6197641949320949 0.022500415643056236 0.025829019472580494
0 0.11902757734060287 0.6214979748393215 0.02255915105342865 0.02623547694479778
0 0.14682941138744354 0.6218584846906128 0.02255915105342865 0.02623547694479778
0 0.17606645822525024 0.6232806552806585 0.02320760488510132 0.026213830755662602
0 0.2059362381696701 0.6231585657873819 0.02298244833946228 0.025913682094840115
0 0.23550662398338318 0.6230363187599086 0.02298244833946228 0.025913682094840115
0 0.26576218008995056 0.6229112391677153 0.02298244833946228 0.025913682094840115
0 0.2961934804916382 0.6227854330304641 0.02298244833946228 0.025913682094840115
0 0.3570937216281891 0.6225336651469386 0.02298244833946228 0.025913682094840115
0 0.38759249448776245 0.6223737293084667 0.023028413454691532 0.026282524877740375
0 0.4175685942173004 0.6222071536751681 0.023028413454691532 0.026282524877740375
0 0.47755125164985657 0.6228474836243322 0.02326880892117822 0.025977378667787064
0 0.5067692548036575 0.6224632462583424 0.023149490356445312 0.025952923205471833
0 0.5362836122512817 0.6224593672641489 0.023149490356445312 0.025952923205471833
0 0.5663148164749146 0.622455420342146 0.023149490356445312 0.025952923205471833
0 0.5958747267723083 0.6224515353610613 0.023149490356445312 0.025952923205471833
0 0.6243715286254883 0.6224477901015171 0.023149490356445312 0.025952923205471833
0 0.650053083896637 0.6224444148424095 0.023149490356445312 0.025952923205471833
0 0.23383566737174988 0.6603888134623683 0.023360331853230776 0.026585867238599202
0 0.2637895345687866 0.6603606904384935 0.02336033185323083 0.026585867238599202
0 0.29478466510772705 0.6605758153539336 0.023045341173807743 0.02633359450702525
0 0.3258682191371918 0.6603024061336074 0.023045341173807743 0.02633359450702525
0 0.3556675314903259 0.660040293031965 0.023045341173807743 0.02633359450702525
0 0.3862789273262024 0.6597710368889689 0.023045341173807743 0.02633359450702525
0 0.41642332077026367 0.6595058884731558 0.023045341173807743 0.02633359450702525
0 0.4464026689529419 0.6592421917863245 0.023045341173807743 0.02633359450702525
0 0.23296985030174255 0.6982870767282885 0.023085524638493837 0.02702988025753997
0 0.26301097869873047 0.6983698776688206 0.023085524638493893 0.02702988025753997
0 0.2936915457248688 0.6984544410637854 0.023085524638493893 0.02702988025753997
0 0.32451120018959045 0.698539387818875 0.023085524638493893 0.02702988025753997
0 0.35527822375297546 0.6986241895099019 0.023085524638493893 0.02702988025753997
0 0.38567233085632324 0.6988152284603548 0.02311609188715613 0.026947849480680772
0 0.416433185338974 0.6989530962566997 0.02311609188715613 0.026947849480680772
0 0.44563284516334534 0.6990839668980298 0.02311609188715613 0.026947849480680772
0 0.2312086820602417 0.7361909067907999 0.02327378590901691 0.027317194975623817
0 0.2618669867515564 0.7364203914968617 0.023273785909016964 0.027317194975623817
0 0.2927316427230835 0.736651420791359 0.023273785909016964 0.027317194975623817
0 0.3236856758594513 0.7368831190952035 0.023273785909016964 0.027317194975623817
0 0.35414111614227295 0.737111085312894 0.023273785909016964 0.027317194975623734
0 0.3851449191570282 0.7361605888189271 0.023025433222452762 0.026780756869057325
0 0.41526126861572266 0.7358303628343756 0.023025433222452762 0.026780756869057325
0 0.23096071183681488 0.7744301197140716 0.02391408383846283 0.027524903763172237
0 0.2616361901164055 0.7747021143204169 0.02391408383846283 0.027524903763172237
0 0.2925047278404236 0.7749758207542715 0.02391408383846283 0.027524903763172237
0 0.3229878842830658 0.7744566013926674 0.024429500102996826 0.0274188610934473
0 0.3539157509803772 0.7745223821595658 0.024429500102996826 0.0274188610934473
0 0.3840324282646179 0.7745864376001684 0.024429500102996826 0.0274188610934473
0 0.4146091043949127 0.7746514714165884 0.024429500102996826 0.0274188610934473
0 0.4448440670967102 0.774715778439544 0.024429500102996826 0.0274188610934473
0 0.06185007095336914 0.8049069781636082 0.022752111156781517 0.02726928947507884
0 0.08657650649547577 0.8067569145666533 0.022752111156781524 0.02726928947507884
0 0.11268655210733414 0.8087103673310151 0.022752111156781524 0.02726928947507884
0 0.1409662663936615 0.8122464736294626 0.02404576539993286 0.026890303737433494
0 0.1996789276599884 0.8127228492914245 0.02404576539993286 0.026890303737433494
0 0.2606153190135956 0.813217267584558 0.02404576539993286 0.026890303737433494
0 0.29089608788490295 0.8134629560102682 0.02404576539993286 0.026890303737433494
0 0.321679025888443 0.8137127188749091 0.02404576539993286 0.026890303737433494
0 0.3522575795650482 0.8142602047272087 0.023828526337941525 0.02697677020878744
0 0.3829646110534668 0.8138552820959757 0.023828526337941525 0.02697677020878744
0 0.44451674818992615 0.8130436160989968 0.023828526337941525 0.02697677020878744
0 0.5054438263177872 0.8122401925313953 0.02382852633794147 0.02697677020878744
0 0.5354110598564148 0.8118450253508812 0.023828526337941414 0.02697677020878744
0 0.5654861330986023 0.8114484361268025 0.023828526337941414 0.02697677020878744
0 0.5965306162834167 0.8114992841883564 0.02494298418362928 0.027854682863220577
0 0.626221239566803 0.8112626186636991 0.02494298418362928 0.027854682863220577
0 0.06074444763362408 0.845091522970846 0.023276790976524353 0.027106351630632266
0 0.1121516227722168 0.8483248801487857 0.02365279197692871 0.027437550152918978
0 0.1400843858718872 0.8491915325785793 0.02365279197692871 0.027437550152918978
0 0.16933107376098633 0.8500989513338257 0.02365279197692871 0.027437550152918978
0 0.22875727713108063 0.8521875780682231 0.02388155460357666 0.027416850245276164
0 0.2599093019962311 0.8529092655625454 0.024163544178009033 0.027643366377482933
0 0.2901553511619568 0.8526945714620598 0.024163544178009033 0.027643366377482933
0 0.3516833484172821 0.852257830188744 0.024163544178009033 0.027643366377482933
0 0.38228052854537964 0.8519084831687341 0.023766348759333256 0.026971210805020702
0 0.4135220944881439 0.851818883141806 0.023766348759333256 0.026971210805020702
0 0.44436365365982056 0.8517304303242565 0.023766348759333256 0.026971210805020702
0 0.4746250510215759 0.8516436413962154 0.023766348759333256 0.026971210805020702
0 0.5046185702085495 0.8515576207360556 0.02376634875933331 0.026971210805020702
0 0.05998571403324604 0.8795217469681141 0.022123554100592933 0.026801767275315032
0 0.08424927294254303 0.8816865621600153 0.02212355410059294 0.026801767275315032
0 0.11135418713092804 0.8853607177734375 0.023815179864565522 0.02742885619170895
0 0.168085977435112 0.8891665436500726 0.024019827445348085 0.02765342061833829
0 0.19771774113178253 0.8896514755090282 0.024019827445348085 0.02765342061833829
0 0.25830090045928955 0.892014694951573 0.024528642495473235 0.02803908946902253
0 0.28918129205703735 0.8919118027618572 0.02448326349258423 0.027854564578034157
0 0.3201574385166168 0.8917621567691808 0.024074474970499637 0.02768642218538044
0 0.35101762413978577 0.8914542974427689 0.024074474970499637 0.02768642218538044
0 0.382018119096756 0.8912526303021656 0.02432577808698022 0.027634140132933513
0 0.4130187928676605 0.8908860849779706 0.02432577808698022 0.027634140132933513
0 0.44418734312057495 0.8905175547182228 0.02432577808698022 0.027634140132933513
0 0.47410088777542114 0.8901638633757583 0.02432577808698022 0.027634140132933513
0 0.5051781684160233 0.8897964122683503 0.024325778086980165 0.027634140132933513
0 0.5353890061378479 0.8894392057963625 0.02432577808698011 0.027634140132933513
0 0.5660341382026672 0.889041644035821 0.024233152468999153 0.027429861615794682
0 0.6280288696289062 0.8877542994685812 0.02485756079355883 0.027176613031431686
0 0.6572989225387573 0.8872296946299626 0.02485756079355883 0.027176613031431686
0 0.6870739459991455 0.886696039244186 0.02485756079355883 0.027176613031431686
0 0.05916725471615791 0.9163196475006813 0.022941293815771736 0.026356364405432414
0 0.08438082784414291 0.9193236787724695 0.02294129381577173 0.026356364405432414
0 0.11007101833820343 0.9223844958661284 0.02294129381577173 0.026356364405432414
0 0.1375882625579834 0.9256629943847656 0.022941293815771757 0.026356364405432414
0 0.16641882061958313 0.9290979656028681 0.022941293815771757 0.026356364405432414
0 0.22675453126430511 0.9307928167517004 0.024015391866366087 0.02705708585044221
0 0.25713371485471725 0.93070770973383 0.02459023892879486 0.027221265689347032
0 0.2879974842071533 0.9305780054872567 0.02459023892879486 0.027221265689347032
0 0.3508290946483612 0.9303139571592574 0.02459023892879486 0.027221265689347032
0 0.3814253807067871 0.9303595077159793 0.02428092559178674 0.027073764061743087
0 0.4124182164669037 0.9298581718857771 0.02428092559178674 0.027073764061743087
0 0.4427652060985565 0.9293672831733379 0.02428092559178674 0.027073764061743087
0 0.47438254952430725 0.9288558453934 0.02428092559178674 0.027073764061743087
0 0.5047407150268555 0.928364775901617 0.024280925591786684 0.027073764061743087
0 0.5349825024604797 0.9277942568756813 0.02435733874638868 0.02735297624454942
0 0.10814846441393988 0.05259565974390784 0.023169835408528572 0.024808178576388094
0 0.1366111724103083 0.05234989220874033 0.023169835408528572 0.024808178576388094
