0 0.1630888134241104 0.09557282647421193 0.02072545886039734 0.02178422979606215
0 0.18783147633075714 0.09559344303044065 0.02072545886039734 0.02178422979606215
0 0.8039295673370361 0.0961068001005166 0.02072545886039734 0.02178422979606215
0 0.8286628723144531 0.09612740885935199 0.02072545886039734 0.02178422979606215
0 0.8532721400260925 0.09614791426547738 0.02072545886039734 0.02178422979606215
0 0.44477057456970215 0.12307771771151399 0.021115084489186642 0.02266789221948433
0 0.47133330443278465 0.1231105585327512 0.021115084489186642 0.02266789221948433
0 0.496286705136299 0.12417459486584118 0.021115084489186475 0.02266789221948433
0 0.5219793915748596 0.1242260027624121 0.02111508448918653 0.02266789221948433
0 0.5476413369178772 0.12427616609725142 0.02111508448918653 0.02266789221948433
0 0.18567581474781036 0.15332276322120844 0.02015418807665509 0.02107111612955728
0 0.2099991887807846 0.1528684417547406 0.02015418807665509 0.02107111612955728
0 0.23623088002204895 0.15237847599519974 0.02015418807665509 0.02107111612955728
0 0.2607519030570984 0.1519204627635867 0.020154188076655033 0.02107111612955728
0 0.3134995996952057 0.15119311169841088 0.020260552565256718 0.02146669875743777
0 0.33911770582199097 0.15132536850780443 0.020214498043060303 0.021727658057397663
0 0.3651679456233978 0.15151937617812045 0.020214498043060303 0.021727658057397663
0 0.3916909396648407 0.15171690465858798 0.020214498043060303 0.021727658057397663
0 0.4180677831172943 0.1519133446909068 0.020214498043060303 0.021727658057397663
0 0.444071501493454 0.15210700589557027 0.020214498043060303 0.021727658057397663
0 0.46997663378715515 0.15229993288602578 0.020214498043060303 0.021727658057397663
0 0.5233280751980892 0.15386255601549775 0.020070234934489006 0.021525885707648212
0 0.5747308228291621 0.15616162199178413 0.02137223879496264 0.02281134257944981
0 0.6003338787831416 0.15621362224404997 0.02137223879496264 0.02281134257944981
0 0.6270386763170462 0.1562739248822962 0.02137223879496264 0.02281134257944981
0 0.6515261875528867 0.15629382126694558 0.02137223879496264 0.02281134257944981
0 0.6773675177373042 0.1567725489046037 0.021261612574259514 0.022632266199866007
0 0.23457032442092896 0.1829275419545728 0.019733806451161684 0.021244640498198287
0 0.25964679569005966 0.18251674218105896 0.01973380645116171 0.021244640498198266
0 0.2862723767757416 0.1820805650745481 0.01973380645116174 0.021244640498198287
0 0.3121708333492279 0.1816562996354214 0.01973380645116174 0.021244640498198287
0 0.33818963170051575 0.18123006277158607 0.01973380645116174 0.021244640498198266
0 0.3647719919681549 0.18189355993130682 0.01961652934551239 0.021282380865525842
0 0.2332402467727661 0.2126542671825302 0.01955294112364453 0.021360633909240277
0 0.25868210941553116 0.21263606049293696 0.019616360465685517 0.021332112393637987
0 0.285175085067749 0.21261914377334384 0.01961636046568549 0.021332112393637987
0 0.3117586672306061 0.21260216919822883 0.01961636046568549 0.021332112393637987
0 0.3378046751022339 0.2125855378836695 0.01961636046568549 0.021332112393637987
0 0.364167183637619 0.21256870447203172 0.01961636046568549 0.021332112393637987
0 0.39085653424263 0.2125999317612759 0.019658883412679073 0.02126982045728107
0 0.4165422320365906 0.21258657189407051 0.019658883412679073 0.02126982045728107
0 0.23183158040046692 0.2440013663713322 0.019954989353815733 0.022029093069623636
0 0.25811874866485596 0.24389171465366957 0.019954989353815705 0.022029093069623636
0 0.284377783536911 0.24378218028888277 0.019954989353815678 0.022029093069623636
0 0.31057822704315186 0.24367289032637762 0.019954989353815678 0.022029093069623636
0 0.3375212848186493 0.24356050269548282 0.019954989353815678 0.022029093069623636
0 0.3645937740802765 0.24403736860834924 0.01982833941777551 0.021672093591024708
0 0.3905405104160309 0.24420221461806185 0.01982833941777551 0.021672093591024708
0 0.41675612330436707 0.2443687688667694 0.01982833941777551 0.021672093591024708
0 0.2305753529071808 0.2756878830665766 0.020090351502100645 0.021950862204381635
0 0.2565731629729271 0.2754988321097325 0.020090351502100617 0.021950862204381635
0 0.2831575274467468 0.2753055158447026 0.02009035150210059 0.021950862204381635
0 0.3098706007003784 0.27511126363476357 0.02009035150210059 0.021950862204381635
0 0.33665183186531067 0.27491651579391124 0.02009035150210059 0.021950862204381635
0 0.36259907484054565 0.27502876620131855 0.020275771617889404 0.022040226662805865
0 0.3900100886821747 0.2749357888864916 0.020275771617889404 0.022040226662805865
0 0.4161562919616699 0.27521204393963483 0.01984129349390662 0.021790733633115282
0 0.22927062213420868 0.30693912506103516 0.019781539837519346 0.02218048332273501
0 0.25516173243522644 0.30642977957898565 0.020003557205200195 0.021997363068336665
0 0.28200677037239075 0.30641946127248365 0.020003557205200195 0.021997363068336665
0 0.3089093267917633 0.3064091208578613 0.020003557205200195 0.021997363068336665
0 0.33592167496681213 0.3063987382430757 0.020003557205200195 0.021997363068336665
0 0.36186566948890686 0.30638876626657885 0.020003557205200195 0.021997363068336665
0 0.38959482312202454 0.30637810813650296 0.020003557205200195 0.021997363068336665
0 0.4162759482860565 0.30728397537808566 0.01983630657196045 0.021810975185660428
0 0.2285003513097763 0.3386737246846044 0.020521988471349062 0.022687838059063135
0 0.25404220819473267 0.3389322471663688 0.0202919046084086 0.022346393082493008
0 0.2810901999473572 0.33888433145922287 0.020291904608408573 0.022346393082493008
0 0.30790019035339355 0.338836837373132 0.020291904608408573 0.022346393082493008
0 0.3345041573047638 0.33878970825903654 0.020291904608408573 0.022346393082493008
0 0.36177870631217957 0.3387413912041243 0.020291904608408573 0.022346393082493008
0 0.3888758420944214 0.338693388437985 0.020291904608408573 0.022346393082493008
0 0.4153161644935608 0.3391588344130405 0.020262320836385128 0.022544062414834667
0 0.17513218522071838 0.3717558864091793 0.020885080099105835 0.022728565127350563
0 0.22705808281898499 0.37157294916552164 0.020535677671432495 0.022705159446065767
0 0.2534906268119812 0.371527494386185 0.02044673760732016 0.02252666709959048
0 0.28019264340400696 0.3714024263741853 0.020446737607320187 0.02252666709959048
0 0.30752721428871155 0.3712743955781729 0.020446737607320187 0.022526667099590437
0 0.3340798616409302 0.37115002718800927 0.020446737607320187 0.022526667099590437
0 0.36070993542671204 0.3710252961447072 0.020446737607320187 0.02252666709959048
0 0.388106107711792 0.3712814784083749 0.020297229290008545 0.02254013682520667
0 0.4153312146663666 0.37120181208466974 0.02074996630350745 0.022955606150072673
0 0.4418352544307709 0.3715552396552507 0.02073637644449866 0.022693545319313228
0 0.4960964620113373 0.37229543374030577 0.020736376444498716 0.022693545319313228
0 0.5220112204551697 0.3725820378098641 0.020757079124450684 0.02277501424153647
0 0.5489017963409424 0.37298295664232833 0.020757079124450684 0.02277501424153647
0 0.5756574273109436 0.3733818635447279 0.020757079124450684 0.02277501424153647
0 0.6018889546394348 0.3737729564448936 0.020757079124450684 0.02277501424153647
0 0.6280728578567505 0.37416333930436957 0.020757079124450684 0.02277501424153647
0 0.6539821028709412 0.3745496272107812 0.020757079124450684 0.02277501424153647
0 0.6806204915046692 0.3748128962340731 0.020493904749552483 0.022694395494091434
0 0.7067524194717407 0.37513592076856034 0.020493904749552483 0.022694395494091434
0 0.7324181795120239 0.37545318286264395 0.020493904749552483 0.022694395494091434
0 0.17205379903316498 0.43703332058219024 0.020466938614845276 0.023193181947220202
0 0.19762976467609406 0.4368520601248445 0.020466938614845276 0.023193181947220202
0 0.22399240732192993 0.43666522437719213 0.020466938614845276 0.023193181947220202
0 0.2506892755627632 0.4364760199258494 0.020466938614845276 0.023193181947220202
0 0.278975248336792 0.4362755532676958 0.020466938614845276 0.023193181947220202
0 0.3057745397090912 0.4369904703773684 0.02028675874074304 0.022697064303612468
0 0.36014696955680847 0.43687922455543693 0.02028675874074304 0.022697064303612468
0 0.3876616954803467 0.43682292951199014 0.02028675874074304 0.022697064303612468
0 0.41472533345222473 0.436767557393086 0.02028675874074304 0.022697064303612468
0 0.4421185553073883 0.4367115109465843 0.020558973153432247 0.022647088812303227
0 0.49652722477912903 0.43731813652570856 0.020218114058176695 0.02265613762907285
0 0.523209810256958 0.4376027357070253 0.02021811405817675 0.02265613762907285
0 0.5762611627578735 0.4381685868499758 0.02021811405817675 0.02265613762907285
0 0.6026403903961182 0.438449950385599 0.02021811405817675 0.02265613762907285
0 0.628511369228363 0.43872589288755903 0.02021811405817675 0.02265613762907285
0 0.6552618145942688 0.43883643039437226 0.019871552785237556 0.022595516470975654
0 0.6817829608917236 0.4389326261169805 0.019871552785237556 0.022595516470975654
0 0.7077844738960266 0.4387954713951721 0.019763390223185295 0.022506004156068314
0 0.7338129878044128 0.4387751734533975 0.019763390223185295 0.022506004156068314
0 0.17033490538597107 0.4699173417202262 0.020364930232365908 0.023271191027737458
0 0.19626398384571075 0.46995593226233195 0.02035085360209149 0.02313261993171638
0 0.22282935678958893 0.4692304072585911 0.02054297924041748 0.02323712489401653
0 0.2497996985912323 0.469315018764762 0.02048027515411377 0.023078563601471657
0 0.27695348858833313 0.4693861286268885 0.02048027515411377 0.023078563601471657
0 0.3045997619628906 0.4694585281957216 0.02048027515411377 0.023078563601471657
0 0.35947591066360474 0.46943748905979343 0.02036021153132117 0.022762830867323766
0 0.3867773413658142 0.4696737333785656 0.02036021153132117 0.022762830867323766
0 0.4136609733104706 0.4699063624075773 0.02036021153132117 0.022762830867323766
0 0.44136232137680054 0.47014606728511227 0.02036021153132117 0.022762830867323766
0 0.46875879168510437 0.470383133999137 0.02036021153132117 0.022762830867323766
0 0.49571429193019867 0.4706163849178169 0.020360211531321226 0.022762830867323766
0 0.5222732424736023 0.4702264652695767 0.020356734593709236 0.022821736890216205
0 0.5763487219810486 0.4708002109512171 0.020356734593709236 0.022821736890216205
0 0.602673351764679 0.47107951763137446 0.020356734593709236 0.022821736890216205
0 0.6292757391929626 0.471361771345023 0.020356734593709236 0.022821736890216205
0 0.6560536623001099 0.4716458875079488 0.020356734593709236 0.022821736890216205
0 0.6819695830345154 0.4718367554420649 0.020003199577331543 0.022583835808805772
0 0.708206295967102 0.47202060626609704 0.020003199577331543 0.022583835808805772
0 0.7347463369369507 0.47152073230735275 0.02039504051208496 0.02235557497009756
0 0.7605373859405518 0.47113220212010176 0.02039504051208496 0.02235557497009756
0 0.786717414855957 0.47073781213095023 0.02039504051208496 0.02235557497009756
0 0.1687941998243332 0.5033776926439862 0.02056200305620831 0.02357633723769077
0 0.22179484367370605 0.5031119628737568 0.02056200305620831 0.02357633723769077
0 0.2487829625606537 0.5028710919757222 0.020749409993489593 0.02336824402328615
0 0.2762160897254944 0.5028391106184139 0.02079649766286218 0.023477569106937324
0 0.3034665584564209 0.50285457490838 0.02079649766286218 0.023477569106937324
0 0.3311856687068939 0.5028703051463714 0.02079649766286218 0.023477569106937324
0 0.3586997091770172 0.5028859190099042 0.02079649766286218 0.023477569106937324
0 0.386036217212677 0.5029014321260674 0.02079649766286218 0.023477569106937324
0 0.44151970744132996 0.5030402250068132 0.02077474196751916 0.023270540459211484
0 0.4683750867843628 0.5031311318934941 0.02077474196751916 0.023270540459211484
0 0.49577751755714417 0.5032238905783455 0.020774741967519106 0.023270540459211484
0 0.5225789546966553 0.5033146148677999 0.02077474196751905 0.023270540459211484
0 0.5497437119483948 0.503406569015148 0.02077474196751905 0.023270540459211484
0 0.5763034820556641 0.5036170110814393 0.02032260100046801 0.023152373557867006
0 0.6034677028656006 0.5036751503168151 0.02032260100046801 0.023152373557867006
0 0.6564501523971558 0.5037885479778653 0.02032260100046801 0.023152373557867006
0 0.6825965642929077 0.5040741463611581 0.020541111628214592 0.023150126139322862
0 0.7094089984893799 0.5041964774908021 0.020541111628214592 0.023150126139322862
0 0.7357519268989563 0.5031934353299163 0.020535310109456306 0.022274165190467484
0 0.762024462223053 0.5021930734797186 0.020535310109456306 0.022274165190467484
0 0.7881792783737183 0.5011971939441769 0.020535310109456306 0.022274165190467484
0 0.22026695311069489 0.5366641129767545 0.02092487613360089 0.023330008336740003
0 0.24716724455356598 0.5366815966229106 0.02092487613360086 0.023330008336740003
0 0.27482157945632935 0.5366995703540559 0.020924876133600834 0.023330008336740003
0 0.30262306332588196 0.5367176397235875 0.020924876133600834 0.023330008336740003
0 0.3302244246006012 0.5367355790249136 0.020924876133600834 0.023330008336740003
0 0.35771358013153076 0.5367534453989437 0.020924876133600834 0.023330008336740003
0 0.21871063113212585 0.5704912314996534 0.02102548877398175 0.024083189261976192
0 0.24571774899959564 0.5705779763155205 0.02111708124478659 0.023989241252573942
0 0.27321478724479675 0.5707199823767889 0.021117081244786617 0.023989241252573942
0 0.3014853000640869 0.5708659829801885 0.021117081244786617 0.023989241252573942
0 0.3290477991104126 0.5710083271080681 0.021117081244786617 0.023989241252573942
0 0.3572883605957031 0.5711541730304097 0.021117081244786617 0.023989241252573942
0 0.3850836753845215 0.5703130688837903 0.020865599314371708 0.023987082547919696
0 0.412624329328537 0.5700513263081395 0.020865599314371708 0.023987082547919696
0 0.21718651056289673 0.6049476002537927 0.02136215567588806 0.024472820666409333
0 0.2442326471209526 0.6049271073452261 0.020959203441937774 0.024622628855150798
0 0.2724011242389679 0.605391169703284 0.021108190218607548 0.02450768522513935
0 0.30051907896995544 0.6056782478509948 0.02099345127741492 0.0242253976274831
0 0.32839325070381165 0.605486256841555 0.02099345127741492 0.0242253976274831
0 0.35684022307395935 0.6052903205104956 0.02099345127741492 0.0242253976274831
0 0.3844664394855499 0.605100037361403 0.02099345127741492 0.0242253976274831
0 0.4127867817878723 0.6049049732296966 0.02099345127741492 0.0242253976274831
0 0.21585418283939362 0.6397232233091842 0.021619205673535646 0.024653146433275798
0 0.24334900826215744 0.6402145651883857 0.021333162983258575 0.02453657638194949
0 0.27109652757644653 0.6407260007636492 0.02159372965494788 0.024682274160459115
0 0.29924774169921875 0.640600534701377 0.02159372965494788 0.024682274160459115
0 0.327548086643219 0.6404744039836902 0.02159372965494788 0.024682274160459115
0 0.35551726818084717 0.6403497492154376 0.02159372965494788 0.024682274160459115
0 0.38418686389923096 0.6402219727981923 0.02159372965494788 0.024682274160459115
0 0.4128805994987488 0.639813267907431 0.02168562014897668 0.024401997410973836
0 0.21413135528564453 0.6752586190014828 0.021838446458180727 0.024958795355271977
0 0.24121665954589844 0.6758595844006706 0.021535019079844148 0.02466379210006359
0 0.26950615644454956 0.6758909447248592 0.02153501907984412 0.02466379210006359
0 0.29761621356010437 0.675922106131061 0.02153501907984412 0.02466379210006359
0 0.3261733651161194 0.6759537631638426 0.02153501907984412 0.02466379210006359
0 0.35429471731185913 0.6759849370912064 0.02153501907984412 0.02466379210006359
0 0.38320106267929077 0.6760169812228174 0.02153501907984412 0.02466379210006359
0 0.4116364121437073 0.6761409187800043 0.021371344725290897 0.024580371472262542
0 0.2126242071390152 0.710612319236578 0.02173781394958496 0.02506616873334539
0 0.24012957513332367 0.7109574151432232 0.02173781394958496 0.02506616873334539
0 0.26852214336395264 0.7117028790850972 0.02173503239949548 0.024970328160958753
0 0.29636383056640625 0.7118789219034798 0.021704475084940555 0.024699248084726205
0 0.3245525658130646 0.7116417995719022 0.021704475084940555 0.024699248084726205
0 0.3539186716079712 0.7113947732539596 0.021704475084940555 0.024699248084726205
0 0.38213756680488586 0.7111573972182814 0.021704475084940555 0.024699248084726205
0 0.4107885956764221 0.7109163860942043 0.021704475084940555 0.024699248084726205
0 0.15734770894050598 0.7467010478169451 0.022054304679234804 0.02539291677548901
0 0.21122263371944427 0.7470271975495094 0.022054304679234804 0.02539291677548901
0 0.23885899782180786 0.7477559458286328 0.021987458070119204 0.025257391523021165
0 0.26719149947166443 0.7476887012326191 0.02222687005996704 0.025359116783437774
0 0.29578086733818054 0.7475390988726949 0.02222687005996704 0.025359116783437774
0 0.32410305738449097 0.7473908946000809 0.02222687005996704 0.025359116783437774
0 0.35315191745758057 0.7472388878106924 0.02222687005996704 0.025359116783437774
0 0.38179412484169006 0.747089008952296 0.02222687005996704 0.025359116783437774
0 0.41023313999176025 0.7469401933576235 0.02222687005996704 0.025359116783437774
0 0.4388183057308197 0.7465818555488597 0.022166530291239384 0.025161817092304053
0 0.49586121737957 0.7457625569748253 0.022482961416244507 0.025224478669868912
0 0.5232935547828674 0.7454297622895933 0.022482961416244507 0.025224478669868912
0 0.5512869954109192 0.7452112242232921 0.022362470626831055 0.025353143381517985
0 0.579465389251709 0.7447527207483906 0.022362470626831055 0.025353143381517985
0 0.6069895029067993 0.7443048633642633 0.022362470626831055 0.025353143381517985
0 0.6351443529129028 0.7438467429818146 0.022362470626831055 0.025353143381517985
0 0.6619499921798706 0.7434105762215548 0.022362470626831055 0.02535314338151807
0 0.6897516846656799 0.7430901194727698 0.022486329078674316 0.02521550378134076
0 0.7163881659507751 0.742790145015861 0.022486329078674316 0.02521550378134076
0 0.7441345453262329 0.7423425497010697 0.02236640453338623 0.02471817371457122
0 0.15367580950260162 0.8174588403036428 0.02240930994351703 0.026166871536609737
0 0.1811109334230423 0.8183397948858658 0.02240930994351703 0.026166871536609737
0 0.2079860270023346 0.8192027666335062 0.02240930994351703 0.026166871536609737
0 0.23574671149253845 0.821829031463009 0.022336324055989565 0.0261485964752907
0 0.29354214668273926 0.821073665175327 0.022532343864440918 0.026327621105105378
0 0.3227270841598511 0.8212438851672105 0.02246248722076416 0.025639083034308494
0 0.3514530658721924 0.8205750044002089 0.02236492435137427 0.025637841039849917
0 0.3802559971809387 0.8199310188243198 0.02236492435137427 0.025637841039849917
0 0.40902164578437805 0.8197103101153707 0.02291836341222131 0.02607401766518279
0 0.46639886498451233 0.8185587426259263 0.02291836341222131 0.02607401766518279
0 0.4953619986772537 0.8179774491506074 0.022918363412221254 0.02607401766518279
0 0.5512486696243286 0.8168557971386575 0.0229183634122212 0.02607401766518279
0 0.580335259437561 0.8162720258845839 0.0229183634122212 0.02607401766518279
0 0.6079453825950623 0.815969422806141 0.022613992293675667 0.025795042052749625
0 0.6361392140388489 0.8156218268228252 0.022613992293675667 0.025795042052749625
0 0.6634153127670288 0.8144276933181789 0.022700587908426995 0.02586678201838046
0 0.6909501552581787 0.8136101656181868 0.022465785344441658 0.025786466376726016
0 0.7180953025817871 0.8128386149966191 0.022114912668864006 0.025589994681897904
0 0.15185005962848663 0.8544796788415243 0.021893163522084536 0.02576949245245893
0 0.1786239892244339 0.8552866727346403 0.021893163522084536 0.02576949245245893
0 0.2060641199350357 0.8561137466174785 0.021893163522084536 0.02576949245245893
0 0.23476587235927582 0.856978847081909 0.021893163522084536 0.02576949245245893
0 0.2633066773414612 0.8578390964241915 0.02189316352208459 0.02576949245245893
0 0.2921449840068817 0.8583567337486957 0.02278544505437219 0.026109739791515263
0 0.35074320435523987 0.8572678676871366 0.02278544505437219 0.026109739791515263
0 0.4088592827320099 0.8562286505086358 0.023036162058512333 0.02621773416681796
0 0.43703410029411316 0.855690179869186 0.023036162058512333 0.02621773416681796
0 0.4664127826690674 0.8551185075626817 0.022847215334574345 0.02592456433200108
0 0.49523380398750305 0.8544751033737562 0.0228472153345744 0.02592456433200108
0 0.5231960415840149 0.8538508707831568 0.022847215334574456 0.02592456433200108
0 0.5520352721214294 0.8532070600892836 0.022847215334574456 0.02592456433200108
0 0.5803048014640808 0.8525759674781976 0.022847215334574456 0.02592456433200108
0 0.6079241633415222 0.851835383925327 0.02262149254481005 0.025739448015079942
0 0.6636574268341064 0.8503829264900628 0.022616664568583245 0.025577042453972756
0 0.6907719373703003 0.8493243591331823 0.0219383637110393 0.02497786884159994
0 0.7191305756568909 0.8487605308575108 0.0219383637110393 0.02497786884159994
0 0.7463045716285706 0.8482202557167591 0.0219383637110393 0.02497786884159994
0 0.7733246088027954 0.8476830415947493 0.0219383637110393 0.02497786884159994
0 0.8003422617912292 0.8472033655920694 0.022158781687418694 0.02488554725351271
0 0.15076269209384918 0.8918067577273346 0.021930575370788574 0.02563736789910357
0 0.17688128352165222 0.8927212498899827 0.021930575370788574 0.02563736789910357
0 0.20464098453521729 0.8936932023432583 0.021930575370788574 0.02563736789910357
0 0.2334587723016739 0.8947022016658339 0.021930575370788574 0.02563736789910357
0 0.2623891234397888 0.8957151421780201 0.021930575370788574 0.02563736789910357
0 0.29157769680023193 0.8947821994886331 0.0226269165674845 0.025840522706970577
0 0.32039308547973633 0.8951241249261901 0.0234353939692179 0.025666406912397154
0 0.3792091906070709 0.8938319763532225 0.0234353939692179 0.025666406912397154
0 0.40755340456962585 0.8932092738545734 0.0234353939692179 0.025666406912397154
0 0.4372219145298004 0.8925574775017868 0.0234353939692179 0.025666406912397154
0 0.4662931263446808 0.8919188033702762 0.0234353939692179 0.025666406912397154
0 0.4958171546459198 0.8911883332008539 0.023125807444254576 0.0256908328034157
0 0.5242317914962769 0.8899844236615447 0.0232773025830586 0.024875433870064304
0 0.5812087059020996 0.8878121409633255 0.023062467575073242 0.024337413699127907
0 0.6095939874649048 0.8871344632880632 0.023062467575073242 0.024337413699127907
0 0.6374215483665466 0.8864701007825048 0.023062467575073242 0.024337413699127907
0 0.6643599271774292 0.8858269668439704 0.023062467575073242 0.024337413699127907
0 0.692792534828186 0.8851481592932413 0.023062467575073242 0.024337413699127907
0 0.7198958396911621 0.884501087866776 0.023062467575073242 0.024337413699127907
