0 0.14153963327407837 0.15911073100862574 0.022946134209632874 0.024155077084090346
0 0.19626255333423615 0.15655173811801645 0.022543296217918396 0.024671776350154433
0 0.22369761765003204 0.15497233146844908 0.022513036926587404 0.024098655050115055
0 0.25182441622018814 0.15411360566847224 0.022513036926587432 0.024098655050115055
0 0.27999570965766907 0.15298629361529684 0.022455791632334354 0.02484447272248969
0 0.3083709180355072 0.1522593646920504 0.022455791632334354 0.02484447272248969
0 0.3328544497489929 0.15163213450192234 0.022455791632334354 0.02484447272248969
0 0.36468809843063354 0.15081660569060884 0.022455791632334354 0.02484447272248969
0 0.3941832184791565 0.15006098636361057 0.022455791632334354 0.02484447272248969
0 0.4225103557109833 0.14827558642088234 0.0228861769040426 0.024765036826909975
0 0.4532157778739929 0.1471234365951183 0.0228861769040426 0.024765036826909975
0 0.4833189845085144 0.14731019763680656 0.023336251576741573 0.025199520495510854
0 0.5418207049369812 0.1462231015050134 0.023336251576741462 0.025199520495510854
0 0.6018868088722229 0.14510693553995038 0.023336251576741462 0.025199520495510854
0 0.13899724185466766 0.22833114446595656 0.02241749564806622 0.02474047047223229
0 0.16547881066799164 0.22756703605919704 0.02241749564806622 0.02474047047223229
0 0.19359822571277618 0.22675566866701782 0.02241749564806622 0.02474047047223229
0 0.2220183163881302 0.22593562547550644 0.02241749564806622 0.02474047047223229
0 0.2499508559703827 0.2251296502529885 0.022417495648066194 0.02474047047223229
0 0.27898189425468445 0.22462855729678666 0.023092230161031124 0.025673577951830485
0 0.3364675045013428 0.2233095107287548 0.023092230161031124 0.025673577951830485
0 0.3654100298881531 0.22264540472695993 0.023092230161031124 0.025673577951830485
0 0.3938964307308197 0.22230316871820494 0.022741317749023438 0.025263231854106106
0 0.42350801825523376 0.2216338224189226 0.0229970018068949 0.0260775662207788
0 0.45238545536994934 0.22114464502887143 0.0229970018068949 0.0260775662207788
0 0.483172208070755 0.21966861015142397 0.023903191089630127 0.02643613297809929
0 0.5118988752365112 0.21949256958529612 0.023903191089630127 0.02643613297809929
0 0.5416052937507629 0.21969524649686592 0.023397604624430413 0.026592875635901164
0 0.571884274482727 0.21932658788705603 0.023397604624430413 0.026592875635901164
0 0.6000121831893921 0.21898411943303334 0.023397604624430413 0.026592875635901164
0 0.6313302552522119 0.21866492160262094 0.023397604624430413 0.026592875635901164
0 0.6629794231101648 0.21780821930323568 0.023397604624430413 0.026592875635901164
0 0.9045598186603209 0.18275588829163797 0.02393949031829834 0.026741574901018982
0 0.13775072991847992 0.26298693723456806 0.02263424793879193 0.024575181709703575
0 0.1640484780073166 0.2623546292937739 0.02263424793879193 0.024575181709703575
0 0.1929304599761963 0.26143393405648163 0.0228121280670166 0.025238155394561503
0 0.22088739275932312 0.2607166501745649 0.022517502307891846 0.025128209313680958
0 0.24950376152992249 0.2603990210950601 0.022529264291127532 0.025196888650110553
0 0.27792274951934814 0.25996292469113375 0.02252926429112756 0.025196888650110553
0 0.3349579870700836 0.2590877048556414 0.02252926429112756 0.025196888650110553
0 0.36379072070121765 0.25864525942244787 0.02252926429112756 0.025196888650110553
0 0.39307117462158203 0.2581959436106127 0.02252926429112756 0.025196888650110553
0 0.4226323962211609 0.2577423193492547 0.02252926429112756 0.025196888650110553
0 0.4518742859363556 0.2570660169734511 0.023186544577280643 0.024827277013497732
0 0.5120961666107178 0.2562408447265625 0.023137946923573738 0.02545132008633875
0 0.5413528680801392 0.2563043510075421 0.02371027072270704 0.025046503821084667
0 0.5712109804153442 0.2559982565946357 0.02371027072270704 0.025046503821084667
0 0.6012609004974365 0.25549487180488056 0.024055262406667 0.025521818057511178
0 0.6315773725509644 0.2924251014809048 0.024082938830057854 0.026333831077398256
0 0.661497950553894 0.29228842579153275 0.024029135704040527 0.026075865871222473
0 0.6924848556518555 0.2922397214312886 0.024029135704040527 0.026075865871222473
0 0.7236605882644653 0.29219072027718046 0.024029135704040527 0.026075865871222473
0 0.7539299130439758 0.29214314378983053 0.024029135704040527 0.026075865871222473
0 0.7839066982269287 0.29209602710812593 0.024029135704040527 0.026075865871222473
0 0.8141852021217346 0.29204843619329646 0.024029135704040527 0.026075865871222473
0 0.8441370725631714 0.29329752203910675 0.024220307668050056 0.025935535283051692
0 0.873457670211792 0.2938824187766146 0.024220307668050056 0.025935535283051692
0 0.9025509357452393 0.29446278061977654 0.024220307668050056 0.025935535283051692
0 0.9321792721748352 0.2951222734502339 0.023962736129760742 0.02590004972709239
0 0.13558565080165863 0.33339387317036473 0.02282720307509105 0.025597357934759542
0 0.16316881775856018 0.33317228478302824 0.022827203075091063 0.025597357934759542
0 0.19153527915477753 0.33328493251356966 0.022503395875294985 0.025573065114575765
0 0.21966204047203064 0.3330152734506185 0.022503395875294985 0.025573065114575765
0 0.24819155782461166 0.3327417530538344 0.022503395875295013 0.025573065114575765
0 0.30641430616378784 0.33218355541484945 0.02250339587529504 0.025573065114575765
0 0.33477163314819336 0.3319116858548896 0.02250339587529504 0.025573065114575765
0 0.3634367883205414 0.33113379811131677 0.02292579412460327 0.025760606277820675
0 0.3926178514957428 0.33097294238929215 0.02292579412460327 0.025760606277820675
0 0.420998752117157 0.33081649742929337 0.02292579412460327 0.025760606277820675
0 0.4810405373573303 0.330485527147009 0.02292579412460327 0.025760606277820675
0 0.5112012028694153 0.33031927153121593 0.02292579412460327 0.025760606277820675
0 0.5706855654716492 0.3300918091175168 0.024392644564310784 0.027415120324423146
0 0.6008381247520447 0.3300485116567875 0.024392644564310784 0.027415120324423146
0 0.6307787299156189 0.33000551855082166 0.024392644564310784 0.027415120324423146
0 0.6612716317176819 0.3299617323764535 0.024392644564310784 0.027415120324423146
0 0.692042350769043 0.3299175472713899 0.024392644564310784 0.027415120324423146
0 0.7225629687309265 0.33002766897512037 0.024607300758361816 0.027365544045618365
0 0.07989724725484848 0.37078789777533955 0.022491817673047393 0.025275725726933457
0 0.1347378045320511 0.3686934804533451 0.022582476337750748 0.025137250737626408
0 0.16252478957176208 0.3686035289320835 0.022582476337750734 0.025137250737626408
0 0.19069574773311615 0.3685123344200344 0.022582476337750734 0.025137250737626408
0 0.21905741095542908 0.3684410383534986 0.022466694315274538 0.025541017221850017
0 0.24764368683099747 0.3683380308700243 0.022466694315274566 0.025541017221850017
0 0.27648136019706726 0.36823411750349755 0.022466694315274593 0.025541017221850017
0 0.30540382862091064 0.3681298985873585 0.022466694315274593 0.02554101722185006
0 0.363312691450119 0.367921230404876 0.022466694315274593 0.025541017221850017
0 0.39201632142066956 0.36730672037878703 0.022876178224881527 0.025942891143089116
0 0.4507003724575043 0.36790303296821064 0.02398039897282922 0.026320183924002226
0 0.4813821017742157 0.3678041672558056 0.02398039897282922 0.026320183924002226
0 0.5404919981956482 0.3676136974827506 0.02398039897282911 0.026320183924002268
0 0.5704914331436157 0.36724750460736666 0.024281303087870354 0.026397875113080668
0 0.600170910358429 0.36742139417071673 0.024281303087870354 0.026397875113080626
0 0.6300140023231506 0.36759624233913973 0.024281303087870354 0.026397875113080626
0 0.660541296005249 0.3677750991879387 0.024281303087870354 0.026397875113080668
0 0.6914790868759155 0.3679563611052757 0.024281303087870354 0.026397875113080626
0 0.07909102737903595 0.405060701592024 0.022491584221522004 0.025159909743671324
0 0.10601552575826645 0.40491244020623823 0.022491584221522004 0.025159909743671324
0 0.16161248087882996 0.4043485431612007 0.022857407728830992 0.025809413702912978
0 0.1895296424627304 0.40430898444597113 0.022857407728830992 0.025809413702912978
0 0.21836699545383453 0.40426812181631144 0.022857407728830992 0.025809413702912978
0 0.24637167900800705 0.40422843908214495 0.022857407728830964 0.025809413702912978
0 0.2756451368331909 0.4041869584904161 0.0225258469581604 0.02604681207228071
0 0.30508357286453247 0.4043238419066118 0.0225258469581604 0.02604681207228071
0 0.3335733413696289 0.40445631418997136 0.0225258469581604 0.02604681207228071
0 0.3626859784126282 0.4045916826996527 0.0225258469581604 0.02604681207228071
0 0.3912256956100464 0.4047243872354197 0.0225258469581604 0.02604681207228071
0 0.45068421959877014 0.4046854635882893 0.022478342056274414 0.026122366735177503
0 0.4800569415092468 0.4046699987891361 0.022478342056274414 0.026122366735177503
0 0.5102891325950623 0.40465408147767534 0.022478342056274414 0.026122366735177503
0 0.5397636890411377 0.40468128337948545 0.023707310358683342 0.0268091009568799
0 0.5695388913154602 0.4047087627456338 0.023707310358683342 0.0268091009568799
0 0.5995333790779114 0.40473644448912155 0.023707310358683342 0.0268091009568799
0 0.6294369697570801 0.4047640423442042 0.023707310358683342 0.0268091009568799
0 0.6603803634643555 0.4044877429341161 0.024120330810546875 0.026503215464510715
0 0.07879874110221863 0.44113225715104926 0.02254629135131836 0.0257568359375
0 0.10559108853340149 0.44095842300293525 0.02254629135131836 0.0257568359375
0 0.1329997330904007 0.4408581312312636 0.022731179992357894 0.025682227556095567
0 0.16054342687129974 0.4406428982120812 0.02273117999235791 0.025682227556095567
0 0.1890077292919159 0.4404204713365268 0.02273117999235791 0.025682227556095567
0 0.21695399284362793 0.44020209254075043 0.02273117999235791 0.025682227556095567
0 0.2467382624745369 0.43996935112531793 0.02273117999235788 0.025682227556095567
0 0.3047330975532532 0.4404345116608774 0.022899344563484192 0.02551677615143532
0 0.3324906527996063 0.44065714733604894 0.022899344563484192 0.02551677615143532
0 0.36183470487594604 0.4408925078635992 0.022899344563484192 0.02551677615143532
0 0.4211817979812622 0.44074954543002814 0.022460420926411984 0.025559950244519083
0 0.44992151856422424 0.4410901376559114 0.022460420926411984 0.025559950244519083
0 0.47966447472572327 0.44144261914974303 0.022460420926411984 0.025559950244519083
0 0.5098679065704346 0.4418005577056036 0.022460420926411928 0.025559950244519083
0 0.5393754243850708 0.4421502490376317 0.022460420926411873 0.025559950244519083
0 0.568239688873291 0.44258570116619733 0.022588511308034187 0.025750034539274522
0 0.07809340208768845 0.4748447329499001 0.022657389442125947 0.02575482508932903
0 0.10360388457775116 0.47512375805829704 0.022657389442125947 0.02575482508932903
0 0.13140343129634857 0.47542782018411395 0.02265738944212596 0.02575482508932903
0 0.15933376550674438 0.4757333128196866 0.022657389442125975 0.02575482508932903
0 0.18802396953105927 0.47604711665663607 0.022657389442125975 0.02575482508932903
0 0.21494409441947937 0.4755551928884206 0.02341423432032269 0.025852676509886804
0 0.2743184268474579 0.4761131197907204 0.023414234320322636 0.025852676509886804
0 0.3036592900753021 0.4763888291126125 0.023414234320322636 0.025852676509886804
0 0.36191627383232117 0.4768942012343296 0.02314647038777673 0.025761596916257817
0 0.39068686962127686 0.4771085035150564 0.02314647038777673 0.025761596916257817
0 0.4202907979488373 0.4773290130034802 0.02314647038777673 0.025761596916257817
0 0.4495241940021515 0.4775467625243303 0.02314647038777673 0.025761596916257817
0 0.47940298914909363 0.4777693194012309 0.02314647038777673 0.025761596916257817
0 0.509160652756691 0.4779270083405251 0.023023337125778198 0.025843627693117183
0 0.539189875125885 0.4782858560251635 0.02374575535456347 0.025997842005056872
0 0.6318214389742638 0.14513659856795227 0.023336251576741462 0.025199520495510854
0 0.6623530361522623 0.14454481905196903 0.022997001806895012 0.0260775662207788
0 0.6938351104859592 0.1446524275912644 0.022455791632334354 0.02484447272248969
0 0.7261560478178011 0.144147830967889 0.023336251576741462 0.025199520495510854
0 0.7553786592824119 0.14385579524859948 0.0228861769040426 0.024765036826909975
0 0.7857074445607711 0.14453701462587676 0.023397604624430413 0.026592875635901164
0 0.7854392700860289 0.18115915507817434 0.022417495648066055 0.024740470472232268
0 0.8153761834108911 0.18113633677695792 0.023903191089630127 0.02643613297809925
0 0.8459074833766133 0.1826461245224948 0.023397604624430413 0.026592875635901205
0 0.8756539712146837 0.18262997995239894 0.023092230161031013 0.025673577951830447
0 0.9338301205310692 0.1832799351196715 0.02393949031829834 0.026741574901018982
0 0.7233042209895689 0.2182417581247729 0.023397604624430413 0.026592875635901164
0 0.7827550915639792 0.21806411743428622 0.022997001806895012 0.0260775662207788
0 0.8150545318624867 0.21932236109968015 0.022997001806895012 0.0260775662207788
0 0.8458964161908449 0.2189535655425819 0.022997001806895012 0.0260775662207788
0 0.8757610906803228 0.21924834886489886 0.02393949031829834 0.026741574901018982
