0 0.10526098310947418 0.07621526718139648 0.0212348053852717 0.02337845536165459
0 0.13109423220157623 0.07645125657074063 0.021234805385271713 0.02337845536165459
0 0.7834298014640808 0.08241040913760805 0.021234805385271782 0.02337845536165458
0 0.8088869452476501 0.08264296276624812 0.021234805385271782 0.02337845536165459
0 0.8343715071678162 0.082875766862388 0.021234805385271782 0.02337845536165459
0 0.07853201031684875 0.1109769954237827 0.020538320144017547 0.023401607838711983
0 0.10463763773441315 0.10984989877041969 0.020538320144017547 0.023401607838711983
0 0.13059423491358757 0.10872923641875927 0.020538320144017533 0.023401607838711983
0 0.18476782739162445 0.1063903202224159 0.02053832014401752 0.023401607838711983
0 0.21215027570724487 0.10520809750224269 0.02053832014401752 0.023401607838711983
0 0.2396956831216812 0.10510463743809519 0.021669695774714143 0.02367702010990112
0 0.2676030099391937 0.10499981801105661 0.021669695774714115 0.02367702010990112
0 0.29584556818008423 0.10482937790626704 0.02139238516489661 0.023337963015534157
0 0.3235864043235779 0.10528846328654122 0.02139238516489661 0.023337963015534157
0 0.3789772093296051 0.10620513027697906 0.02139238516489661 0.023337963015534157
0 0.4066356420516968 0.10666285195625105 0.02139238516489661 0.023337963015534157
0 0.43375641107559204 0.10711167579473452 0.02139238516489661 0.023337963015534157
0 0.4623079001903534 0.10774955338526686 0.021203895409901974 0.02305117318796557
0 0.48907363414764404 0.10823133379914039 0.021203895409901974 0.02305117318796557
0 0.5168192982673645 0.1085786597673283 0.021161556243896484 0.022978937903115917
0 0.5440239310264587 0.10905912416709991 0.021161556243896484 0.022978937903115917
0 0.07860229909420013 0.1437438255132631 0.02043707917133966 0.023254823315051187
0 0.10429796576499939 0.14272771463955097 0.02043707917133966 0.023254823315051187
0 0.13065343722701073 0.14139273897870502 0.020965948700904846 0.02331232470135356
0 0.1576581448316574 0.14061763674713845 0.020965948700904846 0.02331232470135356
0 0.18446765840053558 0.13984813706957572 0.020965948700904846 0.02331232470135356
0 0.21182115375995636 0.13906302376249496 0.020965948700904846 0.02331232470135356
0 0.23962252587080002 0.13826505527939909 0.02090736726919809 0.023496812628221155
0 0.26740559935569763 0.1384708017583474 0.020907367269198063 0.023496812628221155
0 0.2959299385547638 0.13868203765194728 0.020907367269198063 0.023496812628221155
0 0.3233381509780884 0.13888500811176452 0.020907367269198063 0.023496812628221155
0 0.35073259472846985 0.1390878766082054 0.020907367269198063 0.023496812628221155
0 0.3788676857948303 0.13915404608083326 0.020753761132558224 0.023047018420788656
0 0.406711608171463 0.13963168385305624 0.020753761132558224 0.023047018420788656
0 0.43432122468948364 0.14010530231626045 0.020753761132558224 0.023047018420788656
0 0.4625827670097351 0.14059010398790847 0.020753761132558224 0.023047018420788656
0 0.48985952138900757 0.1410580124965934 0.02075376113255817 0.023047018420788656
0 0.5173365473747253 0.14143651495795143 0.02097453673680616 0.023084241290425144
0 0.5456171631813049 0.14177550825961802 0.02097453673680616 0.023084241290425144
0 0.07876165211200714 0.1774996047796205 0.02045436700185141 0.023799389831779545
0 0.10456502437591553 0.1762843280048892 0.02045436700185141 0.023799389831779524
0 0.1304606795310974 0.17506470492792567 0.020454367001851395 0.023799389831779545
0 0.15675733983516693 0.1738261954728947 0.02045436700185138 0.023799389831779524
0 0.18416178226470947 0.17253551214404678 0.02045436700185138 0.023799389831779524
0 0.21189086139202118 0.1721636084623115 0.020844469467798887 0.02346086871716402
0 0.24000679701566696 0.17211550364711464 0.02084446946779886 0.02346086871716402
0 0.26785385608673096 0.17070831936942907 0.02063020070393884 0.023206004800722567
0 0.3237265944480896 0.1719722636910372 0.02079429229100549 0.023399545240771848
0 0.37942397594451904 0.17289343348423422 0.02079429229100549 0.023399545240771848
0 0.407680869102478 0.1733607695730659 0.02079429229100549 0.023399545240771848
0 0.4355248808860779 0.17382127708504147 0.02079429229100549 0.023399545240771848
0 0.46360161900520325 0.17428563361944155 0.020742495854695675 0.022999290348023393
0 0.5181695222854614 0.17509767684661087 0.020742495854695564 0.022999290348023414
0 0.5449894070625305 0.17549679252592926 0.020742495854695564 0.022999290348023414
0 0.5721536874771118 0.1759010332719645 0.020742495854695564 0.022999290348023393
0 0.5991076827049255 0.17630214469377384 0.020742495854695564 0.022999290348023414
0 0.6258007884025574 0.17707720803843194 0.020815491676330566 0.023179534793824196
0 0.6528070569038391 0.17755841099938682 0.020815491676330566 0.023179534793824196
0 0.6789669990539551 0.1783876345101908 0.020702918370564705 0.023281152858290563
0 0.13033480569720268 0.20824895903121593 0.020321113367875412 0.02315811038941379
0 0.15663635730743408 0.2076646595885168 0.0203211133678754 0.02315811038941379
0 0.2118186503648758 0.20604235626930414 0.021096338828404726 0.0237350907436637
0 0.23966877162456512 0.20608586964003348 0.021096338828404754 0.0237350907436637
0 0.26773858070373535 0.20612972625370396 0.02109633882840478 0.0237350907436637
0 0.2956940829753876 0.20617340427301772 0.02109633882840478 0.0237350907436637
0 0.324541300535202 0.20621847551922465 0.02109633882840478 0.0237350907436637
0 0.3522757291793823 0.2062330024186955 0.021259665489196777 0.023572197256162157
0 0.3798823058605194 0.20652806354547704 0.021259665489196777 0.023572197256162157
0 0.4086414575576782 0.20683544347900001 0.021259665489196777 0.023572197256162157
0 0.43618085980415344 0.20712978664047166 0.021259665489196777 0.023572197256162157
0 0.463019996881485 0.2074166453161905 0.021259665489196777 0.023572197256162157
0 0.4904693216085434 0.2075040950331577 0.02089493473370868 0.023599195849987917
0 0.129983801394701 0.24120455795545326 0.020963147282600403 0.0238035039384236
0 0.18449433147907257 0.2406010960423669 0.020929113030433655 0.023672443951747186
0 0.21177566051483154 0.24007640989734666 0.02112520237763721 0.02362779129383176
0 0.23966871947050095 0.23988555198492006 0.021125202377637237 0.02362779129383176
0 0.26783671975135803 0.23969281278986146 0.021125202377637264 0.02362779129383176
0 0.2958069443702698 0.23950142687233433 0.021125202377637264 0.02362779129383176
0 0.3242209553718567 0.23930700435194857 0.021125202377637264 0.02362779129383176
0 0.12926925346255302 0.2756334792735965 0.021097583075364426 0.02399153302806295
0 0.15683181583881378 0.2748755091753451 0.021177589893341064 0.023717776749485196
0 0.18412117660045624 0.274576652881711 0.02115433414777118 0.023779092833053236
0 0.21216870844364166 0.2743890097924018 0.02115433414777118 0.023779092833053236
0 0.2684180438518524 0.273050718945292 0.02136031786600745 0.02353439035341724
0 0.2962733507156372 0.27334843125454217 0.02136031786600745 0.02353439035341724
0 0.3243887424468994 0.27364892330220536 0.02136031786600745 0.02353439035341724
0 0.3531668484210968 0.27395649831573227 0.02136031786600745 0.02353439035341724
0 0.3807908296585083 0.2742517382599587 0.02136031786600745 0.02353439035341724
0 0.4086574912071228 0.2745495719259563 0.02136031786600745 0.02353439035341724
0 0.4363638758659363 0.2745387276937795 0.021539370218912723 0.023602404335672515
0 0.4642975926399231 0.2752559129581895 0.021555523077646854 0.023931784223216478
0 0.49141231179237366 0.2755039019141057 0.02155552307764691 0.023931784223216478
0 0.547279417514801 0.27554006354753363 0.021906574567158943 0.02404425864995912
0 0.5732159614562988 0.27589210233808276 0.021906574567158943 0.02404425864995912
0 0.6282442212104797 0.2766390053199752 0.021906574567158943 0.02404425864995912
0 0.655051052570343 0.2770028565914348 0.021906574567158943 0.02404425864995912
0 0.6815651655197144 0.2773627347724382 0.021906574567158943 0.02404425864995912
0 0.7079644799232483 0.2779463390971339 0.021533767382303948 0.023900335149247543
0 0.7348775267601013 0.2783484076294595 0.02129530906677246 0.023777067199233917
0 0.0780697762966156 0.31072958125624545 0.020842765768369048 0.02395940381427144
0 0.12916238233447075 0.3098130629219506 0.020842765768369034 0.02395940381427144
0 0.15635740756988525 0.30932522835717224 0.02084276576836902 0.02395940381427144
0 0.18354371190071106 0.30883755023125203 0.02084276576836902 0.02395940381427144
0 0.21112917363643646 0.3083427118700604 0.02084276576836902 0.02395940381427144
0 0.23953527957201004 0.3079637723188376 0.020739547908306122 0.02379881688790725
0 0.07719756662845612 0.34569800177285837 0.020600890119870513 0.023969665054203032
0 0.1025843694806099 0.3450460050461659 0.020600890119870513 0.023969665054203032
0 0.1566016525030136 0.3436587058293036 0.020600890119870485 0.023969665054203032
0 0.18402467668056488 0.34295441383539244 0.020600890119870485 0.023969665054203032
0 0.21173691749572754 0.342874571334484 0.02112568418184918 0.023682498192602378
0 0.23965459316968918 0.3426850967535244 0.021125684181849153 0.023682498192602378
0 0.2679678797721863 0.3424929371992245 0.021125684181849125 0.023682498192602378
0 0.29610684514045715 0.3423019607463831 0.021125684181849125 0.023682498192602378
0 0.3254804015159607 0.34210260524306185 0.021495183308919308 0.02390426813169967
0 0.35343754291534424 0.34233791400011304 0.021495183308919308 0.02390426813169967
0 0.3812393844127655 0.34257191563400813 0.021495183308919308 0.02390426813169967
0 0.40936583280563354 0.34280864940864714 0.021495183308919308 0.02390426813169967
0 0.4371083676815033 0.3430421518725018 0.021495183308919308 0.02390426813169967
0 0.07663150876760483 0.37999600033427394 0.021067221959431975 0.0239690292713254
0 0.10314636677503586 0.379596843275913 0.021041120092074067 0.023719772812007947
0 0.15647737681865692 0.3775040366566515 0.020977209011713682 0.023949172145636494
0 0.18433427810668945 0.37724269822586415 0.020977209011713682 0.023949172145636494
0 0.21212230622768402 0.37698200592600184 0.020977209011713682 0.023949172145636494
0 0.24048058688640594 0.37629595476717054 0.02123334010442099 0.02396519978841147
0 0.2683877646923065 0.3764541537262673 0.021233340104421017 0.02396519978841147
0 0.2969626784324646 0.37661613791690857 0.021233340104421017 0.02396519978841147
0 0.35391730070114136 0.376938999727634 0.021233340104421017 0.02396519978841147
0 0.38201773166656494 0.37709829419158225 0.021233340104421017 0.02396519978841147
0 0.41007161140441895 0.37725732476801743 0.021233340104421017 0.02396519978841147
0 0.43816736340522766 0.37703318022080146 0.02102903525034583 0.023724230684975336
0 0.46611249446868896 0.3769814136416413 0.02102903525034583 0.023724230684975336
0 0.4935038685798645 0.3770122186720474 0.021296918392181396 0.02360876216444858
0 0.5205521583557129 0.37704263786115383 0.021296918392181396 0.02360876216444858
0 0.5481873750686646 0.37707371712310195 0.021296918392181396 0.02360876216444858
0 0.5750894546508789 0.37710397188053574 0.021296918392181396 0.02360876216444858
0 0.12966053187847137 0.41191365610806097 0.02089247604211171 0.02410622530205305
0 0.1844068169593811 0.4116479740586392 0.021025031805038452 0.024207654849503445
0 0.2125718593597412 0.4115279440439263 0.021025031805038452 0.024207654849503445
0 0.24018704146146774 0.4114102573503701 0.021025031805038452 0.024207654849503445
0 0.2685329020023346 0.4112894567490642 0.021025031805038452 0.024207654849503445
0 0.2975664734840393 0.41116572535315227 0.021025031805038452 0.024207654849503445
0 0.12896659970283508 0.447177532107331 0.021002839008967086 0.024138073588526526
0 0.18476733565330505 0.44602056991222294 0.021256218353907286 0.02386223253353616
0 0.21299611032009125 0.445938709736543 0.021256218353907286 0.02386223253353616
0 0.24084843695163727 0.4458579412165464 0.021256218353907258 0.02386223253353616
0 0.2689109444618225 0.44572391066440314 0.02098439137140906 0.023607268813968574
0 0.2979738414287567 0.4456412075132383 0.02098439137140906 0.023607268813968574
0 0.3550477623939514 0.4454787944847462 0.02098439137140906 0.023607268813968574
0 0.3828694522380829 0.44539962338822897 0.02098439137140906 0.023607268813968574
0 0.41108518838882446 0.44531933096952214 0.02098439137140906 0.023607268813968574
0 0.43925178050994873 0.4452272481123646 0.02100793520609534 0.02355750032173565
0 0.4667481780052185 0.4451483793036882 0.02100793520609534 0.02355750032173565
0 0.4948185086250305 0.44506786426401745 0.021007935206095396 0.02355750032173565
0 0.5216752886772156 0.44507687590843026 0.021229267120361328 0.023573439250620817
0 0.5495345592498779 0.44494144503484656 0.021229267120361328 0.023573439250620817
0 0.5763885974884033 0.4448109008467494 0.021229267120361328 0.023573439250620817
0 0.603796660900116 0.4446776634038881 0.021229267120361328 0.023573439250620817
0 0.128727275878191 0.48141421828159064 0.02081837008396785 0.02429358903751817
0 0.18454833328723907 0.4809944703593271 0.020818370083967863 0.02429358903751817
0 0.2127443104982376 0.4807824499605771 0.020818370083967863 0.02429358903751817
0 0.24058224260807037 0.4805731218914653 0.020818370083967835 0.02429358903751817
0 0.2694534957408905 0.48057272267896073 0.021201471487681034 0.023740931074748724
0 0.2983538806438446 0.47996991179710213 0.02093517780303955 0.023505809695221657
0 0.3267471492290497 0.47986671477429055 0.02093517780303955 0.023505809695221657
0 0.35530534386634827 0.47976291831793694 0.02093517780303955 0.023505809695221657
0 0.38343745470046997 0.47966067048849903 0.02093517780303955 0.023505809695221657
0 0.411486953496933 0.4795587229174237 0.02093517780303955 0.023505809695221657
0 0.1284465342760086 0.5157926741082639 0.021171609560648605 0.02426463873811465
0 0.1561765968799591 0.5158167107160702 0.02117160956064862 0.02426463873811465
0 0.18378156423568726 0.5158637290777162 0.021447976430257143 0.02403617090033012
0 0.2414424866437912 0.5153241004781091 0.02144797643025717 0.02403617090033012
0 0.26988258957862854 0.5150579394061306 0.0214479764302572 0.02403617090033012
0 0.29809337854385376 0.5147939244041616 0.0214479764302572 0.02403617090033012
0 0.3269101679325104 0.5145242380541425 0.0214479764302572 0.02403617090033012
0 0.355867475271225 0.514301693488719 0.021359264850616455 0.023629092430883545
0 0.3843567371368408 0.5140827459765434 0.021359264850616455 0.023629092430883545
0 0.41212913393974304 0.5138693077619686 0.021359264850616455 0.023629092430883545
0 0.4393600821495056 0.5136600307230325 0.021359264850616455 0.023629092430883545
0 0.1282825507223606 0.5507197712743005 0.021116775770982102 0.024322923763777805
0 0.1848258078098297 0.5505782118011766 0.021116775770982088 0.024322923763777805
0 0.21273894608020782 0.5505083295667543 0.021116775770982088 0.024322923763777805
0 0.2409953698515892 0.5504375878962621 0.021116775770982116 0.024322923763777805
0 0.269774854183197 0.5503655367119368 0.021116775770982144 0.024322923763777805
0 0.29854410886764526 0.5498946877413018 0.02133031189441681 0.02432703417400981
0 0.1286165826022625 0.5861351101897484 0.021506073574225112 0.0247140928756359
0 0.15571679174900055 0.5859610396800053 0.021506073574225126 0.0247140928756359
0 0.18436628580093384 0.5864039117045015 0.021663029988606752 0.024145259413608285
0 0.21295779943466187 0.5859438874000726 0.021663029988606752 0.024145259413608285
0 0.2411729395389557 0.5854121363440226 0.021610716978708894 0.024482460909111554
0 0.26972219347953796 0.5849991076603369 0.021610716978708866 0.024482460909111554
0 0.2988153398036957 0.5845782103592884 0.021610716978708866 0.024482460909111554
0 0.3269845247268677 0.5839794070221657 0.021722833315531376 0.023997816928597385
0 0.3844055235385895 0.5830770683005653 0.021722833315531376 0.023997816928597385
0 0.44119706749916077 0.5821846211081518 0.021722833315531376 0.023997816928597385
0 0.4687209725379944 0.5817520984108782 0.021722833315531376 0.023997816928597385
0 0.496692955493927 0.5813125344209893 0.02172283331553143 0.023997816928597385
0 0.5240084528923035 0.5807943565900936 0.022198935349782234 0.02416433289993641
0 0.12806444242596626 0.6217312036558639 0.02132384727398555 0.02459950410118404
0 0.18434448540210724 0.6217438266723828 0.02173354228337604 0.024935167889262356
0 0.21297167241573334 0.621267274368641 0.02173354228337604 0.024935167889262356
0 0.24110959470272064 0.6207988667782622 0.021733542283376067 0.024935167889262356
0 0.270010381937027 0.6203177598944491 0.021733542283376095 0.024935167889262356
0 0.29840895533561707 0.6198450132857921 0.021733542283376095 0.024935167889262356
0 0.327317476272583 0.6193637776602406 0.021733542283376095 0.024935167889262356
0 0.3560325503349304 0.6187784505444903 0.021856745084126827 0.024597877679869186
0 0.38501814007759094 0.6182404887564583 0.021856745084126827 0.024597877679869186
0 0.12851709127426147 0.6567717494320232 0.021478891372680664 0.024802333624787978
0 0.1559755802154541 0.6566950775856195 0.02138585845629376 0.024529213129087936
0 0.184252068400383 0.6565434734662724 0.02138585845629376 0.024529213129087936
0 0.21313120424747467 0.6563886382572829 0.02138585845629376 0.024529213129087936
0 0.2413286566734314 0.6562374578873971 0.021385858456293733 0.024529213129087936
0 0.26982375979423523 0.6560846816661746 0.021385858456293705 0.024529213129087936
0 0.3275444507598877 0.6548048507335574 0.021906276543935177 0.024996942327928227
0 0.35631000995635986 0.6542401192640954 0.021906276543935177 0.024996942327928227
0 0.38547012209892273 0.6536676418487437 0.021906276543935177 0.024996942327928227
0 0.41308972239494324 0.6531254080838935 0.021906276543935177 0.024996942327928227
0 0.12862353026866913 0.6917566255081532 0.021477262179056808 0.025151215782461295
0 0.15691184997558594 0.6917994167486883 0.021477262179056822 0.025151215782461295
0 0.18481966853141785 0.6919183952863827 0.0215636094411214 0.02480156477107558
0 0.21376554667949677 0.6916006947817455 0.0215636094411214 0.02480156477107558
0 0.24148918688297272 0.6919273553892623 0.02152372399965921 0.02467813417893042
0 0.29942482709884644 0.6906310236731241 0.021602511405944824 0.024937770163366093
0 0.32832932472229004 0.6900080387698726 0.021602511405944824 0.024937770163366093
0 0.35664287209510803 0.6893977907454801 0.021602511405944824 0.024937770163366093
0 0.3858534097671509 0.6887682096947172 0.021602511405944824 0.024937770163366093
0 0.4138898253440857 0.6881639347519986 0.021602511405944824 0.024937770163366093
0 0.44218921661376953 0.6874431097418282 0.021602272987365723 0.02472337826277853
0 0.12790631130337715 0.7291731268031154 0.021947026252746582 0.02500959884288699
0 0.18457159399986267 0.7287285705656422 0.02231730024019879 0.025182236072628997
0 0.21291476488113403 0.7281393893929415 0.02231730024019879 0.025182236072628997
0 0.27070528268814087 0.7269380740850973 0.022317300240198734 0.025182236072628997
0 0.299638956785202 0.7263366178787166 0.022317300240198734 0.025182236072628997
0 0.32830625772476196 0.7257406988809275 0.022317300240198734 0.025182236072628997
0 0.35726919770240784 0.7251386343126274 0.022317300240198734 0.025182236072628997
0 0.38600942492485046 0.7240843734731168 0.022365212440490723 0.02468156444933993
0 0.4145299196243286 0.723265714423601 0.022365212440490723 0.02468156444933993
0 0.44222527742385864 0.722470740299517 0.022365212440490723 0.02468156444933993
0 0.12845100462436676 0.7642286646161449 0.02173112829526265 0.024433461270591195
0 0.18533803522586823 0.7635650634765625 0.021731128295262636 0.024433461270591195
0 0.21381574869155884 0.7632328639768045 0.021731128295262636 0.024433461270591195
0 0.24234186857938766 0.762900099804281 0.021731128295262664 0.024433461270591195
0 0.27138832211494446 0.7625612658123637 0.02173112829526269 0.024433461270591195
0 0.30038759112358093 0.762222982239505 0.02173112829526269 0.024433461270591195
0 0.3290356695652008 0.7607039518134538 0.022259876132011414 0.02453335311061663
0 0.12830746173858643 0.8005334842551065 0.022067368030548096 0.025001999019652263
0 0.18513858318328857 0.7996025972588118 0.022067368030548096 0.025001999019652263
0 0.2140268236398697 0.7991294113229501 0.022067368030548096 0.025001999019652263
0 0.24246260523796082 0.798663636609268 0.022067368030548096 0.025001999019652263
0 0.2710638642311096 0.798195151395576 0.022067368030548096 0.025001999019652263
0 0.12815522029995918 0.8345356431118277 0.022012047469615936 0.025179545084635525
0 0.18554063141345978 0.8346766468979808 0.022012047469615936 0.025179545084635525
0 0.21367357671260834 0.834745773383717 0.022012047469615936 0.025179545084635525
0 0.2426067516207695 0.8348168661428053 0.022012047469615936 0.025179545084635525
0 0.1281101442873478 0.8719845809524484 0.02271752556165059 0.024935818457788163
0 0.1850794553756714 0.870853956355605 0.022490094105402647 0.024691677832788163
0 0.24350563436746597 0.8703571585721748 0.023175333937009185 0.025297593700793253
0 0.2719283699989319 0.8693920450408736 0.023175333937009213 0.025297593700793253
0 0.3011537194252014 0.8683996782063079 0.023175333937009213 0.025297593700793253
0 0.3298913836479187 0.8674238710581519 0.023175333937009213 0.025297593700793253
0 0.3584355413913727 0.8664546345555505 0.023175333937009213 0.025297593700793253
