0 0.17547637224197388 0.060463616624474525 0.022391696770985903 0.03282143175601959
0 0.20209155976772308 0.06134283356368542 0.022390743096669496 0.03197430819272995
0 0.2574244514107704 0.06333952303646258 0.022390743096669524 0.03197430819272995
0 0.28525808453559875 0.06434390073296904 0.022390743096669552 0.03197430819272995
0 0.31467807844833096 0.06398647471710488 0.022833863894144657 0.032318200916051865
0 0.344532232593607 0.06485205877332517 0.022833863894144657 0.032318200916051865
0 0.37295895704516663 0.067142949417319 0.022833863894144657 0.032318200916051865
0 0.4017032671857763 0.06729541977902422 0.022833863894144657 0.032318200916051865
0 0.4302820199065738 0.06821030847452306 0.022833863894144657 0.032318200916051865
0 0.4574900269508362 0.06854987242761358 0.022069474061330197 0.03196756417552629
0 0.5125673413276672 0.07091706991195679 0.02224489053090406 0.03211158017317453
0 0.5411862134933472 0.07081164974539006 0.02224489053090406 0.03211158017317453
0 0.5686309933662415 0.07071055445243658 0.02224489053090406 0.03211158017317453
0 0.6004233956336975 0.0705934443048672 0.02224489053090406 0.03211158017317453
0 0.6264359951019287 0.07049762457609177 0.02224489053090406 0.03211158017317453
0 0.6537079215049744 0.07230294445339142 0.02233068148295092 0.032450348138809204
0 0.6842998619432803 0.07191106677055359 0.02233068148295092 0.032450348138809204
0 0.1147116869688034 0.11172142624855042 0.023165762424468994 0.03437107553084691
0 0.14171534776687622 0.11240336654052853 0.023165762424468994 0.03437107553084692
0 0.17126986384391785 0.11314972517218073 0.023165762424468994 0.03437107553084692
0 0.19900614023208618 0.1138501666626872 0.023165762424468994 0.03437107553084692
0 0.22733384370803833 0.11456554383039474 0.023165762424468994 0.03437107553084691
0 0.28727465867996216 0.11603876948356628 0.022951145966847775 0.03415535638729732
0 0.3132438361644745 0.11728891357779503 0.02257196108500159 0.03436272591352463
0 0.34081071615219116 0.11802791511007071 0.02257196108500159 0.03436272591352463
0 0.3688496947288513 0.1187795724663196 0.02257196108500159 0.03436272591352464
0 0.39700961112976074 0.11953447187380783 0.02257196108500159 0.03436272591352463
0 0.42689403891563416 0.12033560127019882 0.02257196108500159 0.03436272591352463
0 0.45481109619140625 0.12121204286813736 0.022703230381011963 0.03485278536876042
0 0.5115349292755127 0.12327680306171412 0.02208997805913282 0.033818840980529785
0 0.5389055013656616 0.12414523959159851 0.02208997805913282 0.033818840980529785
0 0.567206859588623 0.1243769875310435 0.02206377188364672 0.033565709988276154
0 0.6245368123054504 0.12531684339046478 0.02206377188364672 0.03356570998827617
0 0.6548119540567751 0.12578945016787893 0.02206377188364672 0.03356570998827617
0 0.6831859526810823 0.1262664668083921 0.02206377188364672 0.03356570998827617
0 0.7124955587916905 0.1267232447862625 0.02206377188364672 0.03356570998827617
0 0.7407032781177096 0.12718567653499285 0.02206377188364672 0.03356570998827617
0 0.11405918002128601 0.16390618681907654 0.022786974906921387 0.03339479366938275
0 0.1416138857603073 0.16483531276706484 0.022786974906921387 0.03339479366938275
0 0.1690225899219513 0.16575951564110444 0.022786974906921387 0.03339479366938275
0 0.19835010170936584 0.16674841940402985 0.022682165106137575 0.03303210934003192
0 0.22663506865501404 0.1678061593095049 0.022635703285535158 0.03333720564842224
0 0.2542031928896904 0.16849572956562042 0.022635703285535186 0.03333720564842224
0 0.3112022876739502 0.16992146604497424 0.022635703285535214 0.03333720564842224
0 0.339157372713089 0.17062071547471683 0.022635703285535214 0.03333720564842224
0 0.3962869644165039 0.17204971611499786 0.022635703285535214 0.03333720564842224
0 0.4257320761680603 0.17278623605661694 0.022635703285535214 0.03333720564842224
0 0.45277896523475647 0.17493015486406194 0.022667884826660156 0.03389857212702435
0 0.4828229303713198 0.17441566288471222 0.02244660258293152 0.03415149450302124
0 0.5124446115008107 0.17506875755523255 0.02244660258293152 0.03415149450302124
0 0.5392864523110567 0.17501787559604962 0.02244660258293152 0.03415149450302124
0 0.5958558917045593 0.17706930273315527 0.02244660258293152 0.03415149450302124
0 0.6235119104385376 0.1777103692293167 0.02244660258293152 0.03415149450302124
0 0.651062548160553 0.1790626496076584 0.021682024002075195 0.033297677834828676
0 0.6802205310927496 0.17955779790544052 0.02410754892561162 0.03440292270763745
0 0.7096518278121948 0.17894215070574274 0.021682024002075195 0.033297677834828676
0 0.737803041934967 0.17888425290584564 0.021682024002075195 0.033297677834828676
0 0.11261635273694992 0.21739661693572998 0.02317790687084198 0.03440594673156738
0 0.14071522653102875 0.2181151929822562 0.02317790687084198 0.03440594673156738
0 0.16881775856018066 0.21890711784362793 0.022801995277404785 0.03406481941541034
0 0.19692550599575043 0.21956859871338383 0.022801995277404785 0.03406481941541034
0 0.22499361634254456 0.2200319261609303 0.022447089354197203 0.03376616040865582
0 0.2529841363430023 0.22076928615570068 0.022760013739267976 0.03397564093271893
0 0.28201115131378174 0.22153406232176756 0.022760013739267948 0.03397564093271893
0 0.3101028800010681 0.2222741964549287 0.022760013739267948 0.03397564093271893
0 0.36646920442581177 0.2237592827282583 0.022760013739267948 0.03397564093271893
0 0.3947403132915497 0.22450414299964905 0.022760013739267948 0.03397564093271893
0 0.4241798520088196 0.22527014587133237 0.022647519906361935 0.033831506967544556
0 0.4516397714614868 0.22541757122947964 0.022520939509073856 0.0338067313035329
0 0.48017486929893494 0.2269180558120846 0.021630962689717648 0.033720970153808594
0 0.5084229111671448 0.2279464304447174 0.022119601567586245 0.033663779497146606
0 0.5363973379135132 0.2285018196573351 0.02211960156758619 0.033663779497146606
0 0.5936607718467712 0.2296386970551215 0.02211960156758619 0.033663779497146606
0 0.6223074197769165 0.2302074321853284 0.02211960156758619 0.033663779497146606
0 0.65035480260849 0.2307642698287964 0.02211960156758619 0.033663779497146606
0 0.6782345771789551 0.23132973909378052 0.022386471430460686 0.033010909954706846
0 0.7070620656013489 0.23205671784756904 0.0221973260243733 0.033010671536127745
0 0.1124298945069313 0.269995925503565 0.022978941599527986 0.03371065855026245
0 0.13862064480781555 0.2704536020755768 0.02293989062309265 0.03348306814829505
0 0.1662130057811737 0.27112049790845427 0.02293989062309265 0.03348306814829505
0 0.1972678005695343 0.2718710793195637 0.02293989062309265 0.03348306814829505
0 0.22389492392539978 0.27251464576263423 0.02293989062309265 0.03348306814829505
0 0.2527025043964386 0.27321091294288635 0.02293989062309265 0.03348306814829505
0 0.2807895839214325 0.2746712863445282 0.022591422001520756 0.03316986560821533
0 0.31016889766410544 0.27456085194895197 0.022591422001520756 0.03316986560821533
0 0.3658089339733124 0.2760564684867859 0.022580107053120968 0.03320091962814331
0 0.393766850233078 0.27672377367151474 0.022580107053120968 0.03320091962814331
0 0.42228323221206665 0.27740440842867914 0.022580107053120968 0.03320091962814331
0 0.4518001973628998 0.2781089253068185 0.022580107053120968 0.03320091962814331
0 0.4786829650402069 0.27875056862831116 0.022580107053120968 0.03320091962814331
0 0.5058655142784119 0.2793756127357483 0.02233833074569702 0.03326026598612464
0 0.5364401693697329 0.28006212208499975 0.022427280743916755 0.033424556255340576
0 0.5930337309837341 0.2817441404113786 0.02222587664922071 0.033613284428914425
0 0.6214455366134644 0.2824879288673401 0.02222587664922071 0.033613284428914425
0 0.649674117565155 0.2837209105491638 0.0224341948827107 0.032456815242767334
0 0.6775791645050049 0.2832084818494062 0.0224341948827107 0.032456815242767334
0 0.7077035837703282 0.2834185286909981 0.0224341948827107 0.032456815242767334
0 0.7360276337023134 0.28360850170806606 0.0224341948827107 0.032456815242767334
0 0.11201844364404678 0.3212748121662572 0.022130697965621948 0.03299943606058753
0 0.13935300542248621 0.3212521495642485 0.021990184982617678 0.032938679059346554
0 0.16735415160655975 0.32261912391740466 0.021990184982617678 0.032938679059346554
0 0.19371333718299866 0.3233361150464766 0.021990184982617678 0.032938679059346554
0 0.22267237305641174 0.3241238242026453 0.021990184982617678 0.032938679059346554
0 0.2503429874777794 0.32487648725509644 0.021990184982617705 0.032938679059346554
0 0.27984535694122314 0.3255665714196542 0.022732466459274292 0.0330011248588562
0 0.3371054232120514 0.3274132311344147 0.022732466459274292 0.0330011248588562
0 0.36412709951400757 0.3282846908497441 0.022732466459274292 0.0330011248588562
0 0.3926657438278198 0.32769305596437676 0.02277214328447974 0.03335483868916833
0 0.4217625856399536 0.32862588763237 0.022603601217269897 0.03314719597498572
0 0.44874775409698486 0.329494137128656 0.022603601217269897 0.03314719597498572
0 0.47908955812454224 0.33047038658603045 0.022603601217269897 0.03314719597498572
0 0.5058990865945816 0.33133298485466234 0.022603601217269897 0.03314719597498572
0 0.5348426103591919 0.332264244556427 0.022208531697591072 0.032682955265045166
0 0.5631353855133057 0.3324773423348315 0.022208531697591072 0.032682955265045166
0 0.5912714004516602 0.33268925941415156 0.022208531697591072 0.032682955265045166
0 0.6480445861816406 0.3331168682183818 0.022208531697591072 0.032682955265045166
0 0.6769005060195923 0.33333420753479004 0.022208531697591072 0.032682955265045166
0 0.11165057674602226 0.37347968198634957 0.021313071250915527 0.032195766766866085
0 0.1385483200903292 0.37414053025783633 0.020780454079310118 0.03186033169428504
0 0.1659097241030799 0.3754743116873282 0.024083329571617962 0.03319489514386209
0 0.19535755835197588 0.3758419674502001 0.023058031444196353 0.03245958361811829
0 0.2796383798122406 0.3774966597557068 0.021168768405914307 0.03142092625300086
0 0.3068455457687378 0.3782377720684918 0.021168768405914307 0.03142092625300086
0 0.3371322453022003 0.37856748700141907 0.020415544509887695 0.031496723492940304
0 0.36494097113609314 0.3793200937056507 0.020415544509887695 0.031496723492940304
0 0.39236152172088623 0.38006219495570814 0.020415544509887695 0.031496723492940304
0 0.4197836220264435 0.38080433814692627 0.020415544509887695 0.031496723492940304
0 0.44852113723754883 0.3815820813179016 0.020415544509887695 0.031496723492940304
0 0.476643830537796 0.38243070244789124 0.02085576454798377 0.031831204891204834
0 0.5046352744102478 0.38340526422039284 0.021957496802012144 0.033411482969919803
0 0.5337803959846497 0.3843522071838379 0.022443056106567383 0.03286077578862512
0 0.5902610421180725 0.3849337428527484 0.022443056106567383 0.03286077578862512
0 0.620448523097568 0.3859455944615276 0.022443056106567383 0.03286077578862512
0 0.6489634800840307 0.3855009142368996 0.022443056106567383 0.03286077578862512
0 0.6767326880384374 0.38578683137893677 0.022443056106567383 0.03286077578862512
0 0.11224053882890278 0.42741700344615513 0.021106307705243438 0.03180827697118127
0 0.1398513157058645 0.4285057911790154 0.02110630770524341 0.03180827697118127
0 0.16547679901123047 0.42674405299131113 0.02110630770524341 0.03180827697118127
0 0.19552286245204786 0.42860033445888096 0.02110630770524341 0.03180827697118127
0 0.22446149587631226 0.42901459575798256 0.02110630770524341 0.03180827697118127
0 0.25069424510002136 0.42939691820810855 0.020148754119873047 0.030922412872314453
0 0.2779925465583801 0.43084582836746155 0.020148754119873047 0.030922412872314453
0 0.3048655688762665 0.43227216601371765 0.020148754119873047 0.030922412872314453
0 0.33656757573286694 0.4316158006798803 0.024202811497229137 0.03375913938097996
0 0.3921260414300141 0.4331678328690705 0.022302885850270626 0.033639609813690186
0 0.4219654312840215 0.43320447886574753 0.022302885850270626 0.033639609813690186
0 0.47542694211006165 0.43475245233735044 0.022302885850270626 0.033639609813690186
0 0.5027719736099243 0.4355035722255707 0.02230288585027057 0.033639609813690186
0 0.5317609310150146 0.4362998478651084 0.022302885850270515 0.033639609813690186
0 0.5605963468551636 0.4368171231766654 0.022764186064402336 0.03342250982920325
0 0.5906870431370206 0.4377358722454642 0.022702018419901604 0.033804555733998654
0 0.6459910273551941 0.4390525221824646 0.022702018419901604 0.033804555733998654
0 0.10948701947927475 0.47762981057167053 0.0205000638961792 0.03137735525767005
0 0.13611599802970886 0.4785767737511179 0.0205000638961792 0.03137735525767005
0 0.16524524986743927 0.4774114787578583 0.02191099524497986 0.03311846653620398
0 0.1926654577255249 0.4784718400967362 0.02191099524497986 0.03311846653620398
0 0.2502828695707851 0.48255953192710876 0.021788244446118682 0.03273141384124756
0 0.2775639350767489 0.4826970759804697 0.02178824444611871 0.03273141384124756
0 0.30609956935599997 0.4821138493438734 0.02178824444611871 0.03273141384124756
0 0.3334508538246155 0.4829786707926149 0.02178824444611871 0.03273141384124756
0 0.3618486225605011 0.4831181466579437 0.02178824444611871 0.03273141384124756
0 0.3905356824398041 0.4838960013707332 0.022192031145095825 0.03324668606122333
0 0.4176188111305237 0.48463036520508196 0.022192031145095825 0.03324668606122333
0 0.44624263048171997 0.48485198163002585 0.022491008043289185 0.033181071281433105
0 0.5033831745386124 0.4869558811187744 0.022317320108413696 0.032928138971328735
0 0.5311168432235718 0.4880890922059311 0.022317320108413696 0.032928138971328735
0 0.5596776008605957 0.48925609854683483 0.022317320108413696 0.03292813897132868
0 0.5870795845985413 0.4903757568269804 0.022317320108413696 0.03292813897132868
0 0.6159658432006836 0.4915560632944107 0.022317320108413696 0.032928138971328735
0 0.6443322896957397 0.49248266220092773 0.021976153055826897 0.03262935082117718
0 0.6697298884391785 0.493588115007733 0.021976153055826897 0.03262935082117713
0 0.7017417550086975 0.49391200486101927 0.021427790323893303 0.03197841842969257
0 0.16557898455195957 0.53176328626209 0.02259942889213562 0.03410307566324877
0 0.1926702735600648 0.531901478767395 0.02259942889213562 0.03410307566324877
0 0.24867361783981323 0.5336140753741624 0.02259942889213562 0.03410307566324877
0 0.2755957543849945 0.5344268626553009 0.02259942889213562 0.03410307566324877
0 0.30516499280929565 0.5353195667266846 0.02259942889213562 0.03410307566324877
0 0.33333228804447035 0.5361481066722937 0.02259942889213562 0.03410307566324877
0 0.36074188351631165 0.5370222263866001 0.02234816551208496 0.03359874089558912
0 0.3898871121583162 0.5377161797136083 0.02234816551208496 0.03359874089558912
0 0.41745826601982117 0.5378721425087266 0.022315144538879395 0.032643477121989006
0 0.44651401594833096 0.5381537283337867 0.021733472744623783 0.032383759816487556
0 0.5019366890192032 0.5401079654693604 0.02173347274462384 0.032383759816487556
0 0.5300834774971008 0.54071716243945 0.021733472744623894 0.032383759816487556
0 0.5581083297729492 0.5413237202748871 0.021733472744623894 0.032383759816487556
0 0.5877102613449097 0.5419644117355347 0.021733472744623894 0.032383759816487556
0 0.6145444512367249 0.5425451993870191 0.021733472744623894 0.032383759816487556
0 0.6445722933168764 0.5434355061930585 0.022124012311299568 0.032252470652262444
0 0.10695989429950714 0.5806457996368408 0.022309693197409303 0.03311522801717115
0 0.1352354846894741 0.5819967985153198 0.02255798627932866 0.03345719973246264
0 0.16335169970989227 0.5830593182369405 0.022557986279328646 0.03345719973246264
0 0.1917361319065094 0.5841319739615466 0.022557986279328646 0.03345719973246264
0 0.21942493319511414 0.5851783415972974 0.022557986279328646 0.03345719973246264
0 0.24786202609539032 0.5862529873847961 0.022557986279328673 0.03345719973246264
0 0.27639680328192534 0.5865520698484903 0.0211373666922251 0.032333532969156975
0 0.3329227431504815 0.5879599607568443 0.025705439624962967 0.03357081922705207
0 0.3626555127126199 0.5876861810684204 0.0211373666922251 0.032333532969156975
0 0.39109703125777073 0.5880601241230615 0.0211373666922251 0.032333532969156975
0 0.41664063930511475 0.5884841883545306 0.022517800331115723 0.03251854578653979
0 0.44348636269569397 0.5891507267951965 0.02249932289123535 0.032533248265584236
0 0.4718171954154968 0.5898765212261166 0.02249932289123535 0.032533248265584236
0 0.5014113187789917 0.5906346793126654 0.02249932289123535 0.032533248265584236
0 0.5579496622085571 0.592083108845269 0.02249932289123535 0.032533248265584236
0 0.5847285985946655 0.5927691459655762 0.02249932289123535 0.032533248265584236
0 0.6139801078372531 0.5927307280549191 0.022235214710235596 0.032603462537129646
0 0.6708685755729675 0.5960841308161947 0.022185683250427246 0.03220343589782715
0 0.6983948879771762 0.5961194678589149 0.021563251813252693 0.03150649865468336
0 0.7274531898675142 0.5955855228282787 0.02095341682434082 0.030549168586730957
0 0.10821904242038727 0.6319913864135742 0.022503430644671113 0.032925089200337654
0 0.1339990384876728 0.6335968375205994 0.02223472048838933 0.032987674077351814
0 0.16227398812770844 0.6344277264056505 0.022234720488389315 0.032987674077351814
0 0.18972289562225342 0.6352343411807205 0.022234720488389315 0.032987674077351814
0 0.21845605969429016 0.6360786951747591 0.022234720488389315 0.032987674077351814
0 0.24914117240243489 0.6369166374206543 0.022234720488389342 0.032987674077351814
0 0.2766491583100072 0.6377017895685954 0.022154385844866398 0.032921433448791504
0 0.3034708853121157 0.6375678181648254 0.022024566928545597 0.0326726039250691
0 0.10644655674695969 0.6848866939544678 0.02252585192521414 0.03411424160003662
0 0.13355809450149536 0.6864494042941105 0.02220672369003296 0.03306102752685547
0 0.1609751582145691 0.6868957877159119 0.02220672369003296 0.03306102752685547
0 0.18958218395709991 0.6873615451789338 0.02220672369003296 0.03306102752685547
0 0.21818599104881287 0.6878272502383729 0.02220672369003296 0.03306102752685547
0 0.2459932416677475 0.6882799863815308 0.02174779772758484 0.0327495733896892
0 0.2737963795661926 0.6888705356683514 0.02174779772758484 0.0327495733896892
0 0.301543653011322 0.6894598983728092 0.02174779772758484 0.0327495733896892
0 0.329633891582489 0.6900565457877671 0.02174779772758484 0.0327495733896892
0 0.3574356436729431 0.6906470656394958 0.02174779772758484 0.0327495733896892
0 0.38556283712387085 0.6907668952375325 0.02220052480697632 0.03323090076446533
0 0.4139196574687958 0.6914098262786865 0.02220052480697632 0.03323090076446533
0 0.4698631167411804 0.6926782261231771 0.02220052480697632 0.03323090076446533
0 0.4976990520954132 0.6933093471967355 0.02220052480697632 0.03323090076446533
0 0.5248774290084839 0.6939255595207214 0.02220052480697632 0.03323090076446533
0 0.5826322436332703 0.6952350280241256 0.02220052480697632 0.03323090076446533
0 0.6101430058479309 0.6973512304116867 0.022370656331380134 0.03303547700246168
0 0.6669842004776001 0.6996349096298218 0.022370656331380134 0.03303547700246168
0 0.6948740482330322 0.7007554255889074 0.022370656331380134 0.03303547700246168
0 0.7226341366767883 0.7015402913093567 0.02198449770609545 0.03249553839365649
0 0.10579763352870941 0.735841691493988 0.022147829333941133 0.033206065495808845
0 0.13308757171034813 0.7371194925002161 0.021945471564928695 0.032745639483134026
0 0.16059541702270508 0.7377586960792542 0.02194547156492871 0.032745639483134026
0 0.21689298748970032 0.7390668904552594 0.02194547156492871 0.032745639483134026
0 0.24497755616903305 0.7397194954343744 0.02194547156492868 0.032745639483134026
0 0.27273982763290405 0.7403646111488342 0.021945471564928654 0.032745639483134026
0 0.3006410300731659 0.7410129552214711 0.021945471564928654 0.032745639483134026
0 0.3294905126094818 0.7411422729492188 0.022283295790354374 0.03363664944966627
0 0.3841104805469513 0.7422238357959893 0.022283295790354374 0.03363664944966627
0 0.4117935299873352 0.7427720045132303 0.022283295790354374 0.03363664944966627
0 0.44173383712768555 0.7433648705482483 0.022283295790354374 0.03363664944966627
0 0.46892690658569336 0.743903336877066 0.022283295790354374 0.03363664944966627
0 0.49703367054462433 0.7452315202977957 0.02220215400060016 0.03362985452016187
0 0.5246333479881287 0.7461631493426623 0.022202154000600105 0.03362985452016187
0 0.5808840394020081 0.7480618953704834 0.022202154000600105 0.03362985452016187
0 0.6093376874923706 0.7487400293312315 0.02228572964668274 0.034037987391154045
0 0.6365024447441101 0.7495249509811401 0.02228572964668274 0.034037987391154045
0 0.10521813482046127 0.7880001664161682 0.021552972495555878 0.03249867757161451
0 0.13231680914759636 0.788189845771054 0.021552972495555878 0.03249867757161451
0 0.16081398725509644 0.7883893140658585 0.021552972495555878 0.03249867757161451
0 0.18812277913093567 0.7885804641554602 0.021552972495555878 0.03249867757161451
0 0.21512717008590698 0.7887694835662842 0.021552972495555878 0.03249867757161451
0 0.27197593450546265 0.7909339083049054 0.021925022204717037 0.03246736526489258
0 0.2990904450416565 0.7920457124710083 0.02207668622334802 0.03272024790445971
0 0.3279542028903961 0.7926406621363669 0.02207668622334802 0.03272024790445971
0 0.35609742999076843 0.7932207599750898 0.02207668622334802 0.03272024790445971
0 0.38374465703964233 0.7937906340908241 0.02207668622334802 0.03272024790445971
0 0.4115225076675415 0.7946950108068586 0.021981000900268555 0.03347647190093994
0 0.4399310052394867 0.7953683733940125 0.021981000900268555 0.03347647190093994
0 0.46827059984207153 0.79604010278386 0.021981000900268555 0.03347647190093994
0 0.5236570239067078 0.7973529193348553 0.021981000900268555 0.03347647190093994
0 0.5515643358230591 0.7980144023895264 0.021981000900268555 0.03347647190093994
0 0.5805328488349915 0.7987010389431953 0.021981000900268555 0.03347647190093994
0 0.6072115302085876 0.7995290850037374 0.021975596745808845 0.03334343433380127
0 0.6354160308837891 0.8009956727716733 0.02213851610819506 0.03370257218678785
0 0.6925370097160339 0.803026556968689 0.02213851610819506 0.03370257218678785
0 0.10338728874921799 0.838342547416687 0.02218415339787802 0.03234024842580152
0 0.13027645647525787 0.8397481740448569 0.022039572397867843 0.03251194953918457
0 0.15972213447093964 0.8406264781951904 0.022039572397867857 0.03251194953918457
0 0.18721139430999756 0.8414464264065978 0.022039572397867857 0.03251194953918457
0 0.21494096517562866 0.8422735426027954 0.022039572397867857 0.03251194953918457
0 0.24287663400173187 0.8431068062782288 0.02203957239786783 0.03251194953918457
0 0.271230548620224 0.8439525453673837 0.0220395723978678 0.03251194953918457
0 0.3269506096839905 0.8437525033950806 0.022166262070337894 0.03323984146118164
0 0.3549257218837738 0.8443420218666101 0.02200714747110999 0.033360520998636956
0 0.3824189007282257 0.8444010019302368 0.0218316912651062 0.03322931130727125
0 0.41005322337150574 0.8454572353845764 0.0218316912651062 0.03322931130727125
0 0.4675236940383911 0.8467147946357727 0.022172043720881107 0.03352022171020508
0 0.49462832510471344 0.8476800364772549 0.022172043720881163 0.03352022171020508
0 0.5222150087356567 0.8486624450274086 0.022172043720881218 0.03352022171020508
0 0.5796110033988953 0.8513750433921814 0.021942337354024177 0.03284478187561035
0 0.6066297292709351 0.8522286189097228 0.021942337354024177 0.03284478187561035
0 0.6348491907119751 0.8531201280622399 0.021942337354024177 0.03284478187561035
0 0.6627205014228821 0.8540006384377954 0.021942337354024177 0.03284478187561035
0 0.6908150315284729 0.8548882007598877 0.021942337354024177 0.03284478187561035
0 0.7206244468688965 0.853560745716095 0.02175537745157885 0.032534678777058845
0 0.10384170904203698 0.8901808173568161 0.020561595757802337 0.0294076601664226
0 0.13218114883811385 0.8906978320795821 0.020561595757802323 0.0294076601664226
0 0.16095273748592093 0.8890176820902589 0.02056159575780231 0.0294076601664226
0 0.18759945034980774 0.8899931311607361 0.02056159575780231 0.0294076601664226
0 0.24260586500167847 0.892874161443742 0.021682520707448333 0.031659166018168206
0 0.2706558406352997 0.8933414220809937 0.02168252070744836 0.031659166018168206
0 0.2986082434654236 0.8938070573360725 0.02168252070744836 0.031659166018168206
0 0.3274767994880676 0.8942879540063535 0.02168252070744836 0.031659166018168206
0 0.381670206785202 0.8951907157897949 0.02168252070744836 0.031659166018168206
0 0.4095044434070587 0.8960490822792053 0.021637757619222042 0.031637589136759514
0 0.4376846253871918 0.8971806629073061 0.021637757619222042 0.031637589136759514
0 0.4670649766921997 0.8983604365655098 0.021637757619222042 0.031637589136759514
0 0.49409401416778564 0.8994457927645985 0.021637757619221987 0.031637589136759514
0 0.5512798428535461 0.9017421007156372 0.02163775761922193 0.031637589136759514
0 0.578802227973938 0.901395857334137 0.02174045642216993 0.0315706729888916
0 0.6056227087974548 0.9025664329528809 0.02152184645334887 0.0313603083292644
0 0.6341102719306946 0.9031944973288258 0.021765629450480217 0.032379309336344475
0 0.6614776253700256 0.9037978644781586 0.021765629450480217 0.032379309336344475
0 0.6897565722465515 0.904421329498291 0.021765629450480217 0.032379309336344475
0 0.22503567514596162 0.37635984189832844 0.021990184982617678 0.032938679059346554
