0 0.1698574080942123 0.1256735310321901 0.024246434370676695 0.03550021847089134
0 0.19861024618148804 0.1262955367565155 0.023423989613850893 0.03565910458564758
0 0.22878121287842107 0.1267460435628891 0.02388855814933777 0.035910767813523606
0 0.2576405704021454 0.1291923465824024 0.02333333094914755 0.036055857936541244
0 0.28748005628585815 0.12977783381938934 0.02385524908701575 0.036269811292489365
0 0.317090779542923 0.12974652308720727 0.023166457811991337 0.03616762161254883
0 0.3467901051044464 0.13086337968707085 0.023166457811991337 0.03616762161254883
0 0.3767058253288269 0.13198837390631862 0.023166457811991337 0.03616762161254883
0 0.40648141503334045 0.13310809845384838 0.023166457811991337 0.03616762161254883
0 0.4660380780696869 0.13534775376319885 0.023166457811991337 0.03616762161254883
0 0.4956852197647095 0.13646264796510874 0.023166457811991392 0.03616762161254883
0 0.5251826643943787 0.13614296134816617 0.023466428120930916 0.03572903076807658
0 0.5543152093887329 0.136407694637284 0.023466428120930916 0.03572903076807658
0 0.5837074518203735 0.13667478784918785 0.023466428120930916 0.03572903076807658
0 0.6134533882141113 0.13694509514918274 0.023466428120930916 0.03572903076807658
0 0.6441152095794678 0.13787410780787468 0.02337912718455004 0.03579927732547124
0 0.22507541923503566 0.18236108785845503 0.024236579736073793 0.03603320320447284
0 0.25541168451309204 0.183386270714 0.02423657973607382 0.03603320320447284
0 0.28616286220589304 0.18360434677124984 0.02423657973607385 0.03603320320447284
0 0.31528693437576294 0.18467011961829868 0.02423657973607385 0.03603320320447284
0 0.3446953594684601 0.18569065630435944 0.02423657973607385 0.03603320320447284
0 0.3750181794166565 0.18674292449228205 0.02423657973607385 0.03603320320447284
0 0.43690770864486694 0.18723361194133759 0.022783110539118412 0.035701354344685854
0 0.4639089107513428 0.1885399232293584 0.022783110539118412 0.035701354344685854
0 0.4934546798467636 0.18996934002089258 0.022783110539118467 0.035701354344685854
0 0.5228279232978821 0.19139041006565094 0.022783110539118523 0.035701354344685854
0 0.5529120564460754 0.1928458727730828 0.022783110539118523 0.035701354344685854
0 0.583233654499054 0.1920441867730042 0.02369622389475512 0.03547488649686176
0 0.6127827167510986 0.1923162341117859 0.02369622389475512 0.03547488649686176
0 0.6425853967666626 0.19259061641595648 0.02369622389475512 0.03547488649686176
0 0.671798825263977 0.19285957369830928 0.02369622389475512 0.03547488649686176
0 0.7027807831764221 0.1931448131799698 0.02369622389475512 0.03547488649686176
0 0.22418919205665588 0.23667944967746735 0.024091452360153198 0.037185877561569214
0 0.2548151210071595 0.23795492650289846 0.023443639278411865 0.03599812090396881
0 0.2848258316516876 0.23927601602503923 0.02363377809524536 0.0351586639881134
0 0.31350719928741455 0.23943805694580078 0.0234931310017904 0.03607831398646036
0 0.3430609405040741 0.24038433442465765 0.0234931310017904 0.036078313986460386
0 0.3735267221927643 0.24135981441131757 0.0234931310017904 0.036078313986460386
0 0.4029957950115204 0.2423033809035173 0.0234931310017904 0.036078313986460386
0 0.4626646041870117 0.24421390891075134 0.0234931310017904 0.03607831398646036
0 0.49197594821453094 0.24424456735797176 0.02356796463330585 0.0354926387468974
0 0.5219758749008179 0.24508380144834518 0.023567964633305793 0.03549263874689737
0 0.5529199971093072 0.24541548803583435 0.022632228003607757 0.036030520841911495
0 0.5812292139471313 0.24590388552090264 0.021472899266231082 0.03505372587177488
0 0.6123665240075853 0.24641656810297446 0.02309681309594036 0.03402836070763138
0 0.6716009974479675 0.24924488666940042 0.019629796346028572 0.030739550789197295
0 0.2226569950580597 0.2926158718647076 0.023409605026245117 0.03604052464167273
0 0.2522116005420685 0.29310449957847595 0.023409605026245117 0.03604052464167273
0 0.28162384033203125 0.2935907735533781 0.023409605026245117 0.03604052464167273
0 0.3116206228733063 0.29408671180169876 0.023409605026245117 0.03604052464167273
0 0.3415912687778473 0.29458221793174744 0.023409605026245117 0.03604052464167273
0 0.37175050377845764 0.2950808420143907 0.023409605026245117 0.03604052464167273
0 0.4013403058052063 0.2961345277296085 0.02339128653208411 0.035554786523183224
0 0.43177491426467896 0.2969252340448261 0.02339128653208411 0.035554786523183224
0 0.4609382152557373 0.29768291115760803 0.02339128653208411 0.035554786523183224
0 0.4905543327331543 0.2988391038446929 0.023361921310424805 0.03510802984237671
0 0.5202226638793945 0.29942750930786133 0.023361921310424805 0.03510802984237671
0 0.16238678991794586 0.3434465527534485 0.023618966341018677 0.03528738021850586
0 0.19121195375919342 0.34452616688335425 0.023618966341018677 0.03528738021850586
0 0.22123001515865326 0.34565045965121916 0.023618966341018677 0.03528738021850586
0 0.25112247467041016 0.3467700481414795 0.023618966341018677 0.03528738021850586
0 0.31033289432525635 0.34878096622379673 0.02336553732554114 0.03616609175999963
0 0.3403618633747101 0.34959694743156433 0.02336553732554114 0.03616609175999963
0 0.3700278401374817 0.3504030650011894 0.02336553732554114 0.03616609175999963
0 0.4000492990016937 0.35121884213368515 0.02336553732554114 0.03616609175999963
0 0.4291684627532959 0.3520101010799408 0.02336553732554114 0.03616609175999963
0 0.4591326415538788 0.3528243217335769 0.02336553732554114 0.03616609175999963
0 0.5192671418190002 0.353574322755776 0.02327197790145874 0.035399099191029904
0 0.5489550232887268 0.35416221618652344 0.02327197790145874 0.035399099191029904
0 0.5793161988258362 0.35508954524993896 0.023558278878529793 0.03593087196350098
0 0.608515739440918 0.3556647269064484 0.023215850194295173 0.03542097409566247
0 0.637397825717926 0.35623365524841266 0.023215850194295173 0.03542097409566247
0 0.6977905035018921 0.35742328904802384 0.023215850194295173 0.03542097409566247
0 0.7282921671867371 0.35802412033081055 0.023215850194295173 0.03542097409566247
0 0.7569040656089783 0.35985337598686773 0.023536205291748047 0.03603897492090857
0 0.7867922782897949 0.3609393537044525 0.023536205291748047 0.03603897492090857
0 0.09975072741508484 0.3976504871699904 0.02368096758921942 0.035832901795705197
0 0.1305834911763668 0.39872716471739694 0.0231728454430898 0.035192906856536865
0 0.160471111536026 0.3992132544517517 0.023172845443089785 0.035192906856536865
0 0.19039317965507507 0.39969990444155706 0.023172845443089785 0.035192906856536865
0 0.22006498277187347 0.40018248414249374 0.023172845443089785 0.035192906856536865
0 0.2493068277835846 0.4006580710411072 0.023172845443089812 0.035192906856536865
0 0.27941158413887024 0.4011476922569638 0.02317284544308984 0.035192906856536865
0 0.30887043476104736 0.40304031269761414 0.0232775708039602 0.035219669342041016
0 0.3680652678012848 0.40483275055885315 0.0232775708039602 0.035219669342041016
0 0.3978205919265747 0.4059147242976735 0.02347322305043542 0.03548401594161987
0 0.4272443652153015 0.40689298264235246 0.02347322305043542 0.03548401594161987
0 0.4568251669406891 0.40787646174430847 0.024237235387166378 0.03625657161076867
0 0.4869641363620758 0.4082366560947538 0.024237235387166378 0.03625657161076867
0 0.5168825387954712 0.4085942144233146 0.024237235387166267 0.03625657161076867
0 0.5778897404670715 0.4093233186296115 0.024237235387166267 0.03625657161076867
0 0.6375337338741914 0.41183017139081607 0.024237235387166267 0.03625657161076867
0 0.66803843739592 0.41214236872055815 0.02430737018585205 0.036287566026051876
0 0.6961938142776489 0.4132018063052759 0.023603200912475586 0.036137084166208866
0 0.7256083488464355 0.4137793481349945 0.023603200912475586 0.036137084166208866
0 0.7575746774673462 0.4151247465277056 0.02422153949737549 0.036589284737904904
0 0.7880293822582857 0.4153099944427342 0.023469249407450432 0.03586111466089881
0 0.09939232468605042 0.4516226053237915 0.02357921004295349 0.03570908308029175
0 0.12902387976646423 0.45263996720314026 0.02351648608843486 0.03572404384613037
0 0.15852460265159607 0.4536477032337781 0.023516486088434874 0.03572404384613037
0 0.18856392800807953 0.45467383776667253 0.023516486088434874 0.03572404384613037
0 0.2181731015443802 0.4556852784397069 0.023516486088434874 0.03572404384613037
0 0.24689848721027374 0.4566665291786194 0.023516486088434846 0.03572404384613037
0 0.2774025499820709 0.4579344093799591 0.02360798915227258 0.0366135835647583
0 0.3369751572608948 0.4587784155304949 0.02360798915227258 0.0366135835647583
0 0.36754998564720154 0.4592115901788504 0.02360798915227258 0.0366135835647583
0 0.3965534567832947 0.45962250232696533 0.02328646183013916 0.03616013129552209
0 0.4559125006198883 0.4614406351590768 0.02328646183013916 0.03616013129552209
0 0.4861118197441101 0.4623656226598578 0.02328646183013916 0.03616013129552209
0 0.5154650807380676 0.46326469589441943 0.02328646183013916 0.03616013129552209
0 0.5464923477467195 0.4641781151294708 0.02328646183013916 0.03616013129552209
0 0.5770863736117328 0.4636196946656262 0.02361218134562182 0.03577546278635657
0 0.6350868344306946 0.4671940207481384 0.023794452349344963 0.03608481089274085
0 0.6665279019026109 0.46826286151370516 0.023794452349344963 0.03608481089274085
0 0.09810391068458557 0.5062707518502039 0.023489636679490417 0.0351761480172475
0 0.12720968946814537 0.5074381828308105 0.023489636679490403 0.0351761480172475
0 0.1568191796541214 0.5086258176445061 0.02348963667949039 0.0351761480172475
0 0.1863909661769867 0.5098119401666144 0.02348963667949039 0.0351761480172475
0 0.21635673940181732 0.5110138654708862 0.02348963667949039 0.0351761480172475
0 0.2463412508368492 0.5122165423636064 0.023489636679490417 0.0351761480172475
0 0.2759852111339569 0.5117738412716551 0.02360544105370843 0.03592654069264728
0 0.305993914604187 0.5121563076972961 0.02360544105370843 0.03592654069264728
0 0.33587053418159485 0.5125370906895151 0.02360544105370843 0.03592654069264728
0 0.3979509068124088 0.5148904349137211 0.023206671078999874 0.03605294227600098
0 0.42733656293080174 0.5159541464146272 0.023206671078999874 0.03605294227600098
0 0.456529219209412 0.516867349177231 0.02358333269755042 0.03594386577606201
0 0.48735304599926793 0.5180470843102398 0.02358333269755042 0.03594386577606201
0 0.5449057817459106 0.519136482622902 0.02358333269755053 0.03594386577606201
0 0.5739020705223083 0.5202462715154235 0.02358333269755053 0.03594386577606201
0 0.603875994682312 0.5213934779167175 0.02358333269755053 0.03594386577606201
0 0.6338051557540894 0.5225296966461904 0.02360830704371142 0.03616396586100268
0 0.6943297386169434 0.5251167172148944 0.023397326469421387 0.0368314186731975
0 0.723344087600708 0.5244867530391615 0.023478031158447266 0.037137389183044434
0 0.755104124546051 0.5253090858459473 0.023478031158447266 0.037137389183044434
0 0.09625692665576935 0.5631120646441424 0.02356135845184326 0.035726745923360115
0 0.1257982701063156 0.5642137672308878 0.02356135845184326 0.035726745923360115
0 0.15507163107395172 0.5634970267162014 0.02356135845184326 0.035726745923360115
0 0.1849605292081833 0.5650735787640592 0.023499508698781313 0.03649683793385816
0 0.21492573618888855 0.5657292008399963 0.023499508698781313 0.03649683793385816
0 0.244741290807724 0.5663815486054231 0.02349950869878134 0.03649683793385816
0 0.27416419982910156 0.5670253055033857 0.02349950869878137 0.03649683793385816
0 0.30428048968315125 0.5676842331886292 0.02349950869878137 0.03649683793385816
0 0.3642362654209137 0.568498422496238 0.023355960845947266 0.03568553924560547
0 0.39517438411712646 0.5693761706352234 0.023355960845947266 0.03568553924560547
0 0.45313119888305664 0.5710204686225001 0.023355960845947266 0.03568553924560547
0 0.48304426670074463 0.5718691349511199 0.023355960845947266 0.03568553924560547
0 0.5130429267883301 0.5727202296257019 0.023355960845947266 0.03568553924560547
0 0.5726726055145264 0.5744119885863597 0.023355960845947266 0.03568553924560547
0 0.602197527885437 0.5756267187110691 0.023539821306864495 0.036441246668497795
0 0.6314889788627625 0.5766895688008892 0.023539821306864495 0.036441246668497795
0 0.6616692543029785 0.5777846701834481 0.023539821306864495 0.036441246668497795
0 0.694331486283997 0.5788823366165161 0.023539821306864495 0.036441246668497795
0 0.7235909796055452 0.5795555770561899 0.02353270848592115 0.036289771397908455
0 0.75330552937072 0.5801216433698586 0.02353270848592115 0.036289771397908455
0 0.7834396958351135 0.58009272813797 0.02353270848592115 0.036289771397908455
0 0.09478772431612015 0.6194213224046025 0.023781691988309234 0.03646759192148852
0 0.12389568611979485 0.619446117936829 0.02385563900073369 0.035941918690999275
0 0.15386632084846497 0.6203481204819126 0.023855639000733675 0.035941918690999275
0 0.1846014803942339 0.6200312146345685 0.023855639000733675 0.035941918690999275
0 0.2429484948515892 0.6206178909504491 0.023855639000733703 0.035941918690999275
0 0.2735598087310791 0.6215391755104065 0.02385563900073373 0.035941918690999275
0 0.30256253480911255 0.6222985382798983 0.023577873905499813 0.03630407651265455
0 0.33269232511520386 0.6230468139896544 0.023577873905499813 0.03630407651265455
0 0.3618046045303345 0.6237698197364807 0.023577873905499813 0.03630407651265455
0 0.3921341300010681 0.6256203651428223 0.02319309115409851 0.035784006118774414
0 0.4214482307434082 0.6251700574217706 0.023578951756159428 0.035812338193257576
0 0.450994074344635 0.6261931657791138 0.023421108722686768 0.03567337989807129
0 0.5114145129919052 0.6281352506181275 0.023421108722686768 0.03567337989807129
0 0.5415571331977844 0.6291041202096201 0.023421108722686768 0.03567337989807129
0 0.5707564949989319 0.630042670791716 0.023421108722686768 0.03567337989807129
0 0.6003485321998596 0.6309938430786133 0.023421108722686768 0.03567337989807129
0 0.6306413412094116 0.6319464466916909 0.02335202693939209 0.03615196545918775
0 0.660574197769165 0.6329076290130615 0.02335202693939209 0.03615196545918775
0 0.09481462569516382 0.6730047309840167 0.02408026655515036 0.03687584400177002
0 0.12480929756054174 0.6737237918524095 0.023642944792906462 0.03663933277130127
0 0.15405678528326527 0.6740385389622346 0.023899604876836122 0.03637973467508959
0 0.183967505156258 0.6751078945089265 0.023899604876836122 0.03637973467508959
0 0.24133843183517456 0.6757428156532406 0.02389960487683615 0.03637973467508959
0 0.2707359194755554 0.6766478955349052 0.023899604876836178 0.03637973467508959
0 0.3007652759552002 0.6775724291801453 0.023899604876836178 0.03637973467508959
0 0.33076465129852295 0.6777191162109375 0.02323681116104126 0.03645598888397217
0 0.3908225893974304 0.6814328672757038 0.02332199613253272 0.03590214252471924
0 0.42127187016569534 0.6812699535405999 0.02277320623397827 0.03549893697102857
0 0.45092710852622986 0.6813802123069763 0.02277320623397827 0.03549893697102857
0 0.48160541535895546 0.6826779566875592 0.02277320623397827 0.03549893697102857
0 0.5119441444123233 0.6839539259920245 0.02277320623397827 0.03549893697102857
0 0.5420741630189213 0.6840333688406297 0.02277320623397827 0.03549893697102857
0 0.6003023231471026 0.687803990130586 0.02277320623397827 0.03549893697102857
0 0.6312881553614581 0.6886941759562328 0.023870468139648438 0.03550628821055102
0 0.6605967378910677 0.6889696370757384 0.023870468139648438 0.03550628821055102
0 0.6910709238346712 0.6892729651780777 0.023870468139648438 0.03550628821055102
0 0.09397043177375086 0.7284374428384098 0.023791886866092682 0.03501923878987623
0 0.12163507777415675 0.7295311987936717 0.023791886866092668 0.03501923878987623
0 0.15338734638543775 0.729348751328936 0.023791886866092682 0.03501923878987623
0 0.1828931165330204 0.7290782465844498 0.023331398765246092 0.03559919198354078
0 0.21171836978123512 0.7303521037101746 0.02344997227191925 0.035656491915385
0 0.2410971889341319 0.7312110357517482 0.02344997227191925 0.035656491915385
0 0.27138180975560794 0.732177197933197 0.02338377634684241 0.03570735454559326
0 0.3291687071323395 0.7331680449940918 0.02338377634684241 0.03570735454559326
0 0.3586505353450775 0.733658217206758 0.02338377634684241 0.03570735454559326
0 0.3889392614364624 0.7341618051043578 0.02338377634684241 0.03570735454559326
0 0.4189985990524292 0.7351138334001636 0.023342609405517578 0.03397576014200854
0 0.44799143075942993 0.7356197834014893 0.023342609405517578 0.03397576014200854
0 0.509128545537407 0.7390874247224748 0.023342609405517578 0.03397576014200854
0 0.5386759984640428 0.7396030533440072 0.023342609405517578 0.03397576014200854
0 0.5690477240232774 0.740133066236237 0.023342609405517578 0.03397576014200854
0 0.5995612490324327 0.7406655536515696 0.023342609405517578 0.03397576014200854
0 0.6282770037651062 0.7408326471110529 0.02312846978505445 0.03333473205566406
0 0.6578518152236938 0.741819809374505 0.02312846978505445 0.03333473205566406
0 0.6880077719688416 0.7428263693844913 0.02312846978505445 0.03333473205566406
0 0.7182195782661438 0.7438347935676575 0.02312846978505445 0.03333473205566406
0 0.0905078873038292 0.7805607318878174 0.023540005087852478 0.03445204099019361
0 0.11929941922426224 0.7808655500411987 0.023436690370241806 0.034972310066223145
0 0.14841291308403015 0.7830119189880521 0.023370703061421694 0.034863392512003655
0 0.17904220521450043 0.7838835716247559 0.023370703061421694 0.034863392512003655
0 0.20795603096485138 0.7847064052816726 0.023370703061421694 0.034863392512003655
0 0.23786544799804688 0.7855575716131766 0.023370703061421694 0.034863392512003655
0 0.2685471773147583 0.7864307165145874 0.02337070306142175 0.034863392512003655
0 0.2987026870250702 0.7872888861855734 0.02337070306142175 0.034863392512003655
0 0.32809215784072876 0.7884672284126282 0.023241907358169556 0.034989555676778084
0 0.360046316444138 0.7877849090246507 0.023038605848948124 0.034222642580668206
