0 0.4364238679409027 0.06783246244745836 0.02512248357137048 0.026745023653488756
0 0.46558141708374023 0.06839249016013044 0.02512248357137048 0.026745023653488756
0 0.4978804737329483 0.06888997082737239 0.025613456964492798 0.027233474938444382
0 0.5606857538223267 0.06992055830507259 0.025613456964492798 0.027233474938444382
0 0.5913363695144653 0.07042351188908919 0.025613456964492798 0.027233474938444382
0 0.6207919120788574 0.07090685522061366 0.025613456964492798 0.027233474938444382
0 0.6530446410179138 0.07143609827977916 0.025613456964492798 0.027233474938444382
0 0.34085196256637573 0.10884046424691493 0.02629309892654419 0.02765354629634888
0 0.37203502655029297 0.10928413349953234 0.025896012783050537 0.027499331984409067
0 0.4036930203437805 0.10914282839032284 0.025896012783050537 0.027499331984409067
0 0.4351729452610016 0.1090023180895959 0.025896012783050537 0.027499331984409067
0 0.4667348265647888 0.10886144197743346 0.025896012783050537 0.027499331984409067
0 0.49816468358039856 0.10872115515423801 0.025896012783050537 0.027499331984409067
0 0.5300683975219727 0.10910860267557948 0.025855402151743645 0.02756753078726835
0 0.5617994070053101 0.10949395282623896 0.025855402151743645 0.02756753078726835
0 0.5922945141792297 0.10986429383760885 0.025855402151743645 0.02756753078726835
0 0.6550860404968262 0.11062685149085115 0.025855402151743645 0.02756753078726835
0 0.6853094100952148 0.11188061554871515 0.02526768048604322 0.027116154515466024
0 0.7176605463027954 0.11236329281477467 0.02526768048604322 0.027116154515466024
0 0.7476302981376648 0.11267605363361097 0.02512824535369873 0.026773896328238553
0 0.77891606092453 0.1132418395454942 0.02512824535369873 0.026773896328238553
0 0.8097245693206787 0.11379899457270023 0.02512824535369873 0.026773896328238553
0 0.8403822183609009 0.11435342139094934 0.02512824535369873 0.026773896328238553
0 0.8693181872367859 0.11487671256489958 0.02512824535369873 0.026773896328238553
0 0.8991166949272156 0.11541242286696275 0.02486964066823316 0.026588462119878725
0 0.2487124651670456 0.1515861666479776 0.02515748143196106 0.027479341787885313
0 0.27673420310020447 0.15110831996403004 0.02515748143196106 0.027479341787885313
0 0.3079720139503479 0.15057563050828932 0.02515748143196106 0.027479341787885313
0 0.3404146432876587 0.15002239562741387 0.02515748143196106 0.027479341787885313
0 0.37310218811035156 0.1494649842728016 0.02515748143196106 0.027479341787885313
0 0.40345776081085205 0.14895995272004012 0.026129384835561154 0.027751930000246047
0 0.4436221420764923 0.14928701776553302 0.026402076085408566 0.028329036032506676
0 0.47342613339424133 0.1483048605250391 0.02600761254628503 0.028297690458075946
0 0.5304832458496094 0.149802602876804 0.02566671371459961 0.028252727301545832
0 0.5613852739334106 0.14982289629255632 0.025896191596984863 0.028108678122823538
0 0.5930432081222534 0.1500776534856752 0.025896191596984863 0.028108678122823538
0 0.6244717240333557 0.15033056450790563 0.025896191596984863 0.028108678122823538
0 0.6553674340248108 0.15057918794334163 0.025896191596984863 0.028108678122823538
0 0.718332052230835 0.15108587575513263 0.025896191596984863 0.028108678122823538
0 0.7494650483131409 0.15133640867518983 0.025896191596984863 0.028108678122823538
0 0.7799509167671204 0.1520890381635371 0.02507317066192627 0.027273850847584345
0 0.8113074898719788 0.1526641573776649 0.02507317066192627 0.027273850847584345
0 0.842094898223877 0.15322883739027865 0.02507317066192627 0.027273850847584345
0 0.8729314208030701 0.1537944182199463 0.02507317066192627 0.027273850847584345
0 0.9030975699424744 0.15427313294521597 0.02464461326599121 0.027165908222050644
0 0.9331588745117188 0.15479687218125476 0.02464461326599121 0.027165908222050644
0 0.21575890481472015 0.1955765561140894 0.025471831361452757 0.027594237364539812
0 0.24542992562055588 0.1938163496147989 0.025775055090586335 0.027756761210833415
0 0.2776622474193573 0.19327014546061672 0.025775055090586307 0.027756761210833415
0 0.30934765934944153 0.19177784854129254 0.02609916528066003 0.0284257637437924
0 0.34085893630981445 0.19160777617943361 0.02594926953315735 0.028569653976795284
0 0.37191110849380493 0.19167301821154217 0.02594926953315735 0.028569653976795284
0 0.40311679244041443 0.1917385827788759 0.02594926953315735 0.028569653976795284
0 0.46712327003479004 0.1918730633118842 0.02594926953315735 0.028569653976795284
0 0.49862174689769745 0.19193924305050872 0.02594926953315735 0.028569653976795284
0 0.5305546522140503 0.1920063355431571 0.02594926953315735 0.028569653976795284
0 0.5622384548187256 0.1920928140034274 0.02566671371459961 0.028254035831421852
0 0.6250258684158325 0.19266093054483102 0.02566671371459961 0.028254035831421852
0 0.6558914184570312 0.19298437245446898 0.0250551700592041 0.02813365108282992
0 0.6869136691093445 0.19319508242052655 0.0250551700592041 0.02813365108282992
0 0.7189832925796509 0.19341290637368333 0.0250551700592041 0.02813365108282992
0 0.7505266666412354 0.19362715592483132 0.0250551700592041 0.02813365108282992
0 0.7824589014053345 0.19384404670360478 0.0250551700592041 0.02813365108282992
0 0.8123517036437988 0.19404708520702046 0.0250551700592041 0.02813365108282992
0 0.2162327766418457 0.23606068465763147 0.024908944964408875 0.027771173521529798
0 0.24575259536504745 0.2354682612980277 0.02526859442392984 0.02790477663971657
0 0.27720820903778076 0.2352402265681777 0.025268594423929813 0.02790477663971657
0 0.3091576099395752 0.235008612170846 0.025268594423929813 0.02790477663971657
0 0.3402848541736603 0.23478295792662288 0.025268594423929813 0.02790477663971657
0 0.3722040057182312 0.23455156281937 0.025839467843373654 0.02816436826720721
0 0.4044884741306305 0.2346218355338043 0.025839467843373654 0.02816436826720721
0 0.4367372393608093 0.23469203053410384 0.025839467843373654 0.02816436826720721
0 0.4675240218639374 0.2347590432768121 0.025839467843373654 0.02816436826720721
0 0.4994768500328064 0.23482859411904977 0.025839467843373598 0.02816436826720721
0 0.5307601690292358 0.23501996992924154 0.025404691696166992 0.02801537328912309
0 0.5624294281005859 0.23521370672915223 0.025404691696166992 0.02801537328912309
0 0.5942016243934631 0.2354080732478652 0.025404691696166992 0.02801537328912309
0 0.6256305575370789 0.23560033985309684 0.025404691696166992 0.02801537328912309
0 0.6574582457542419 0.2358983304943987 0.025368968645731682 0.028206817863523526
0 0.720703661441803 0.23634994861691497 0.025114138921101814 0.0284726046776587
0 0.7521811127662659 0.23633310326277596 0.025114138921101814 0.0284726046776587
0 0.7840650677680969 0.23631604036566198 0.025114138921101814 0.0284726046776587
0 0.8146993517875671 0.236299646237758 0.025114138921101814 0.0284726046776587
0 0.8776068091392517 0.23626598092012627 0.025114138921101814 0.0284726046776587
0 0.9089854955673218 0.2365070387374523 0.024967114130656 0.02806907476380814
0 0.9386080503463745 0.2365109358135613 0.024822354316711426 0.027692380801651803
0 0.21432556211948395 0.2791220686677409 0.025244047244389833 0.028939624165379724
0 0.24448256194591522 0.2789335916208666 0.025648802518844604 0.02871634609015416
0 0.3082040846347809 0.27828105660372005 0.025563061237335205 0.028645419335180503
0 0.3724411725997925 0.278097593171346 0.025563061237335205 0.028645419335180503
0 0.40419596433639526 0.27744443442974465 0.02580869197845459 0.02844801614450854
0 0.4358530044555664 0.2776470304732401 0.025622328122456905 0.028672831927159064
0 0.4676525592803955 0.2778256660283998 0.025622328122456905 0.028672831927159064
0 0.49929408729076385 0.2780034138601971 0.02562232812245685 0.028672831927159064
0 0.5314221382141113 0.2781838947582634 0.025622328122456794 0.028672831927159064
0 0.5628602504730225 0.2783604998921239 0.025622328122456794 0.028672831927159064
0 0.2133438140153885 0.3221454620361328 0.024973392486572266 0.028324925622274708
0 0.24371648579835892 0.32175371469251596 0.024973392486572266 0.028324925622274708
0 0.2756471037864685 0.32137360683707306 0.025873462359110477 0.028244329053302143
0 0.30813780426979065 0.32070534069432355 0.02579851945241296 0.028752866641495553
0 0.34006214141845703 0.32092635576115097 0.02579851945241296 0.028752866641495553
0 0.40435072779655457 0.3213714314458372 0.02579851945241296 0.028752866641495553
0 0.4360561668872833 0.3215909310616569 0.02579851945241296 0.028752866641495553
0 0.4676435589790344 0.3218096134274505 0.02579851945241296 0.028752866641495553
0 0.4995940923690796 0.32203080985322086 0.025798519452412905 0.028752866641495553
0 0.5635197162628174 0.322222022123115 0.02493075529734301 0.027271847392237463
0 0.5950620174407959 0.32222367373068156 0.02493075529734301 0.027271847392237463
0 0.6270195245742798 0.3222253470791254 0.02493075529734301 0.027271847392237463
0 0.6589588522911072 0.3222270194756646 0.02493075529734301 0.027271847392237463
0 0.690588653087616 0.32222867566485736 0.02493075529734301 0.027271847392237463
0 0.7233695983886719 0.3222073050813443 0.024718324343363518 0.0269136798474216
0 0.7869031429290771 0.3221363910408907 0.024718324343363518 0.0269136798474216
0 0.21212901175022125 0.36615508101707284 0.025059411923090635 0.028722644776336893
0 0.24289324134588242 0.3656842806268832 0.025059411923090608 0.028722644776336893
0 0.2741715908050537 0.3652056124033193 0.02505941192309058 0.028722644776336893
0 0.306986540555954 0.36470342881706247 0.02505941192309058 0.028722644776336893
0 0.33906665444374084 0.36421249079149826 0.02505941192309058 0.028722644776336893
0 0.21183522045612335 0.4098496478398852 0.025108054280281067 0.0291397331296935
0 0.24160278588533401 0.40982330677121187 0.025073642532030732 0.02914789480756414
0 0.273065984249115 0.4096592062875916 0.025073642532030704 0.02914789480756414
0 0.3054406940937042 0.40949035169496134 0.025073642532030704 0.02914789480756414
0 0.3390997648239136 0.40931479834780404 0.025073642532030704 0.02914789480756414
0 0.37118759751319885 0.40968906978687586 0.025607645511627197 0.028616587320963487
0 0.402509868144989 0.4094986582911292 0.025607645511627197 0.028616587320963487
0 0.468732088804245 0.4090960861967998 0.025607645511627197 0.028616587320963487
0 0.500677689909935 0.4089018854071902 0.025607645511627197 0.028616587320963487
0 0.5324261784553528 0.40870888288630997 0.025607645511627197 0.028616587320963487
0 0.5652390122413635 0.4086333873660065 0.02535688877105713 0.02844344737917878
0 0.5971777439117432 0.4087566414424196 0.02535688877105713 0.02844344737917878
0 0.6294813752174377 0.4090919494628906 0.025264382362365723 0.028148503266563766
0 0.6615728735923767 0.40911050834211865 0.025264382362365723 0.028148503266563766
0 0.6936749815940857 0.4091290733570147 0.025264382362365723 0.028148503266563766
0 0.7581835389137268 0.4091663793908583 0.025264382362365723 0.028148503266563766
0 0.7897860407829285 0.4091846554778343 0.025264382362365723 0.028148503266563766
0 0.8224935531616211 0.4092071888058685 0.025406360626220703 0.028123752091282154
0 0.8545659780502319 0.40922664782067486 0.025406360626220703 0.028123752091282154
0 0.20914243161678314 0.4544184135441323 0.025455971558888735 0.029128289037896625
0 0.2401658594608307 0.4542878616687863 0.025455971558888763 0.029128289037896625
0 0.2725191116333008 0.4541517136658678 0.02545597155888879 0.029128289037896625
0 0.3051407039165497 0.45401443644199824 0.02545597155888879 0.029128289037896625
0 0.3388054668903351 0.4538727693779524 0.02545597155888879 0.029128289037896625
0 0.37029945850372314 0.4537402372900115 0.02545597155888879 0.029128289037896625
0 0.4341619908809662 0.4534673994150844 0.025408128897349003 0.029233444568722747
0 0.4686644673347473 0.45330167371173236 0.025504688421885136 0.02914481939271439
0 0.5015029311180115 0.453157256272142 0.02550468842188519 0.02914481939271439
0 0.5341004729270935 0.452118726244736 0.025247494379679436 0.0283400365548541
0 0.5659384727478027 0.45226252356240915 0.025247494379679436 0.0283400365548541
0 0.6307516694068909 0.4525552543834997 0.025247494379679436 0.0283400365548541
0 0.6631135940551758 0.4527014180239724 0.025247494379679436 0.0283400365548541
0 0.6955268383026123 0.4528478134510129 0.025247494379679436 0.0283400365548541
0 0.7275727987289429 0.4529925500292375 0.025247494379679436 0.0283400365548541
0 0.7608281970024109 0.4522932623980957 0.025582512219746834 0.027962972951489827
0 0.7927684187889099 0.45202202020689497 0.025582512219746834 0.027962972951489827
0 0.2080380618572235 0.49919589730196223 0.02531058589617413 0.02933132556057721
0 0.2390265315771103 0.498982940929363 0.025310585896174104 0.02933132556057721
0 0.3047873079776764 0.4985310252159328 0.025310585896174076 0.02933132556057721
0 0.3379928767681122 0.49830283268033404 0.025310585896174076 0.02933132556057721
0 0.3701460063457489 0.4980818726295649 0.025310585896174076 0.02933132556057721
0 0.20649847388267517 0.5453859763557996 0.02514027555783588 0.030205660088117734
0 0.2369280606508255 0.545853566560382 0.02526271343231201 0.029799143473307237
0 0.2701539993286133 0.5455114231553189 0.02526271343231201 0.029799143473307237
0 0.336821585893631 0.544824915084143 0.02526271343231201 0.029799143473307237
0 0.37025973200798035 0.5441113324452249 0.025495409965515137 0.02946208983428724
0 0.40309372544288635 0.5441424791202989 0.025495409965515137 0.02946208983428724
0 0.4359421133995056 0.5441736394501689 0.025495409965515137 0.02946208983428724
0 0.5023425817489624 0.5442366276400319 0.025495409965515137 0.02946208983428724
0 0.5348163843154907 0.5442674326342206 0.025495409965515137 0.02946208983428724
0 0.5674552321434021 0.5442983941920979 0.025495409965515137 0.02946208983428724
0 0.2048548460006714 0.5912132194838675 0.025842775901158632 0.029908941697704753
0 0.23589397966861725 0.5910306974898937 0.025842775901158632 0.029908941697704753
0 0.2694922387599945 0.5908331268582835 0.025842775901158688 0.029908941697704753
0 0.3026887774467468 0.5904188710117819 0.025748461484909058 0.030079361080199304
0 0.3699367642402649 0.5902424745781477 0.025748461484909058 0.030079361080199304
0 0.40298980474472046 0.5901557740129152 0.025748461484909058 0.030079361080199304
0 0.43607816100120544 0.590068980811858 0.025748461484909058 0.030079361080199304
0 0.5024289041757584 0.5898949379144713 0.025748461484909058 0.030079361080199304
0 0.5354735851287842 0.5898082592769593 0.025748461484909058 0.030079361080199304
0 0.5680744647979736 0.5891253409603755 0.025778243939081902 0.029140531554702587
0 0.601392388343811 0.5887347376623819 0.025778243939081902 0.029140531554702587
0 0.20275820791721344 0.638262903967569 0.02544825275739032 0.03007876965426654
0 0.23469021916389465 0.6378034990887309 0.02568793296813965 0.03046047595120221
0 0.26770830154418945 0.6376824229754249 0.02568793296813965 0.03046047595120221
0 0.3008936941623688 0.63773895973383 0.025942126909891727 0.030157163161640074
0 0.3356054723262787 0.6375483986174838 0.025942126909891727 0.030157163161640074
0 0.36843976378440857 0.6373681445491054 0.025942126909891727 0.030157163161640074
0 0.4362347424030304 0.6369959629009276 0.025942126909891727 0.030157163161640074
0 0.46943971514701843 0.6368136738621911 0.025942126909891727 0.030157163161640074
0 0.5026054382324219 0.6365454917730287 0.026061435540517153 0.030570776887642266
0 0.5358723998069763 0.6363551737789716 0.026061435540517097 0.030570776887642266
0 0.20126184821128845 0.6854757524424976 0.025855710109074892 0.02974499842917278
0 0.23364712297916412 0.6853012262388717 0.025930136442184448 0.029709128446357196
0 0.26750677824020386 0.6847249913661378 0.02621106306711829 0.029812834983648256
0 0.33552563190460205 0.6844635009765625 0.02621106306711829 0.029812834983648256
0 0.36860957741737366 0.6843363136845874 0.02621106306711829 0.029812834983648256
0 0.40273669362068176 0.684205116047016 0.02621106306711829 0.029812834983648256
0 0.43596500158309937 0.6840773737707804 0.02621106306711829 0.029812834983648256
0 0.5035559982061386 0.6838175282266911 0.026211063067118345 0.029812834983648256
0 0.5372405648231506 0.6836581017262849 0.026326775550842285 0.02987256900284647
0 0.5698172450065613 0.6835289445034293 0.026326775550842285 0.02987256900284647
