0 0.17718370258808136 0.08827542364597321 0.024833341439565004 0.03043673634529114
0 0.20886093378067017 0.0879320502281189 0.024103164672851562 0.02970775167147318
0 0.27356332540512085 0.08678618476139513 0.024103164672851562 0.029707751671473194
0 0.30593666434288025 0.08621285987803326 0.024103164672851562 0.02970775167147318
0 0.33835655450820923 0.08563871058242378 0.024103164672851562 0.02970775167147318
0 0.3702380061149597 0.08507409691810608 0.024103164672851562 0.029707751671473194
0 0.4017553925514221 0.08310364484786988 0.024190783500671387 0.030696793397267653
0 0.43601998686790466 0.08225092104465016 0.024190783500671387 0.030696793397267653
0 0.5018214583396912 0.0806133566102776 0.024190783500671387 0.030696793397267653
0 0.5343371629714966 0.0798041564469281 0.024190783500671387 0.030696793397267653
0 0.567328155040741 0.0789831280708313 0.024190783500671387 0.030696793397267653
0 0.6005700826644897 0.07753083355231952 0.025937994321187263 0.03184431791305542
0 0.6665064096450806 0.07614845037460327 0.025937994321187263 0.03184431791305542
0 0.700190544128418 0.07544224814894088 0.025937994321187263 0.03184431791305542
0 0.7334485054016113 0.07474498082613815 0.025937994321187263 0.03184431791305542
0 0.7669585943222046 0.07404242753982544 0.025937994321187263 0.03184431791305542
0 0.8007129430770874 0.07333475324205552 0.025937994321187263 0.03184431791305542
0 0.8346250653266907 0.07164561123843109 0.02729201316833496 0.03286861578623455
0 0.8688292503356934 0.07043406367301941 0.02729201316833496 0.03286861578623455
0 0.1447831392288208 0.13666645985713552 0.02477686603864032 0.031158741315205907
0 0.17577065527439117 0.1360815405845642 0.02477686603864032 0.031158741315205907
0 0.20879203081130981 0.1354582302511398 0.02477686603864032 0.031158741315205907
0 0.24020188301801682 0.13486533897591457 0.02477686603864035 0.031158741315205907
0 0.30567213892936707 0.13362952470779418 0.02519492308298743 0.031197627385457373
0 0.33859238028526306 0.13287252318127232 0.02519492308298743 0.031197627385457373
0 0.37068960070610046 0.13213444703556596 0.02519492308298743 0.031197627385457373
0 0.40398555994033813 0.13136880586985156 0.02519492308298743 0.031197627385457373
0 0.4370599091053009 0.13060826063156128 0.02519492308298743 0.031197627385457373
0 0.46999993920326233 0.12923613786697388 0.024878501892089844 0.03137047290802002
0 0.5026609301567078 0.1285758764631188 0.024878501892089844 0.03137047290802002
0 0.5359082221984863 0.12790376263322387 0.024878501892089844 0.03137047290802002
0 0.5689935088157654 0.12723492383956908 0.025693655014038086 0.031990083058675144
0 0.6350297927856445 0.12599174240152497 0.025693655014038086 0.031990083058675144
0 0.6681511998176575 0.12536820764231765 0.025693655014038086 0.031990083058675144
0 0.7014927864074707 0.12474052784158414 0.025693655014038086 0.031990083058675144
0 0.7344831228256226 0.12411946058273315 0.025693655014038086 0.031990083058675144
0 0.7677560448646545 0.12315190222637955 0.026184479395548577 0.032676736513773584
0 0.8014037609100342 0.12240492105484009 0.026184479395548577 0.032676736513773584
0 0.14388957619667053 0.18156280517578124 0.024745563666025816 0.03100063006083169
0 0.17489778995513916 0.18100655162065327 0.024919062852859497 0.03104799588521323
0 0.20830295979976654 0.18227206007070548 0.024819468458493532 0.031178975105285646
0 0.240749754011631 0.18192199468612671 0.02481946845849356 0.031178975105285646
0 0.30598506331443787 0.18121817712282332 0.024819468458493588 0.031178975105285646
0 0.3386975824832916 0.18086524485689245 0.024819468458493588 0.031178975105285646
0 0.3717496395111084 0.18050864934921265 0.02490283052126563 0.03161354064941406
0 0.4047573208808899 0.17884911298751832 0.024449944496154785 0.031119672457377102
0 0.43752044439315796 0.17851183625105443 0.024449944496154785 0.031119672457377102
0 0.4704166054725647 0.17817318997250597 0.024449944496154785 0.031119672457377102
0 0.5035932213068008 0.177831656580206 0.024449944496154785 0.031119672457377102
0 0.5370855927467346 0.17748687267303467 0.024449944496154785 0.031119672457377102
0 0.6028623580932617 0.1760781526565552 0.02536996205647779 0.031908178329467775
0 0.6360573172569275 0.17508169412612914 0.025708913803100586 0.03201986153920493
0 0.6695111393928528 0.17436908861934655 0.025708913803100586 0.03201986153920493
0 0.7025449275970459 0.17366543032617593 0.025708913803100586 0.03201986153920493
0 0.7357977032661438 0.1729571073440866 0.025708913803100586 0.03201986153920493
0 0.7691054940223694 0.17224761247634887 0.025708913803100586 0.03201986153920493
0 0.8371993899345398 0.1707993687373648 0.025816003481547112 0.03199167251586914
0 0.8705433011054993 0.1706074833869934 0.025395671526591057 0.032100137074788426
0 0.9042457938194275 0.17008145068922167 0.025395671526591057 0.032100137074788426
0 0.14220337569713593 0.23210949897766114 0.024405643343925476 0.031200408935546875
0 0.17475947737693787 0.2315987143486459 0.024405643343925476 0.031200408935546875
0 0.20713795721530914 0.2310907164938972 0.024405643343925476 0.031200408935546875
0 0.2403479591012001 0.2305696725845337 0.024405643343925476 0.031200408935546875
0 0.27283206582069397 0.23006001751087654 0.024405643343925476 0.031200408935546875
0 0.3059611916542053 0.22879262130453482 0.02450314164161682 0.031282583872477246
0 0.3391636908054352 0.2282489776611328 0.02516687909762061 0.0317118326822917
0 0.3724129796028137 0.22790631272823897 0.02516687909762061 0.0317118326822917
0 0.4380227029323578 0.2275285868977491 0.02527672052383423 0.03172589937845869
0 0.4703916013240814 0.22710847854614258 0.02527672052383423 0.03172589937845869
0 0.5037559419870377 0.22677828610784756 0.025242765744527162 0.031843153635660836
0 0.5374008417129517 0.22625863552093506 0.025242765744527107 0.031843153635660836
0 0.5704377293586731 0.22574837577295792 0.025242765744527107 0.031843153635660836
0 0.6037099957466125 0.22523448056455328 0.025242765744527107 0.031843153635660836
0 0.6703227162361145 0.2242056369781494 0.025242765744527107 0.031843153635660836
0 0.7034782767295837 0.22369354431001245 0.025242765744527107 0.031843153635660836
0 0.7370441555976868 0.222034398916178 0.025558829307556152 0.032262547810872365
0 0.7715230584144592 0.22144223808085836 0.025558829307556152 0.032262547810872365
0 0.8385687470436096 0.22029075622558594 0.025558829307556152 0.032262547810872365
0 0.8727185726165771 0.21970424715524883 0.025558829307556152 0.032262547810872365
0 0.9063603281974792 0.21889498347864805 0.025697032610575432 0.032413482666015625
0 0.14233744144439697 0.2798983097076416 0.02467955152193707 0.031366380055745414
0 0.17541824281215668 0.2793563282478123 0.02467955152193707 0.031366380055745414
0 0.20826251804828644 0.2788421583721611 0.024830758571624756 0.03174583117167158
0 0.24004974961280823 0.2783322334289551 0.024830758571624756 0.03174583117167158
0 0.30576851963996887 0.27727798496426426 0.024830758571624756 0.03174583117167158
0 0.3394460678100586 0.2767377359085045 0.024830758571624756 0.03174583117167158
0 0.37240463495254517 0.27620902061462405 0.024830758571624756 0.03174583117167158
0 0.4051954746246338 0.27568299597408474 0.024830758571624756 0.03174583117167158
0 0.43810510635375977 0.2760142597481442 0.02489050229390466 0.03192313512166338
0 0.4713044762611389 0.27540736491404105 0.02489050229390466 0.03192313512166338
0 0.5385732650756836 0.2741776704788208 0.02489050229390455 0.03192313512166338
0 0.5718841552734375 0.2735687370190355 0.02489050229390455 0.03192313512166338
0 0.6056908965110779 0.27349052429199217 0.02545607089996338 0.032087278366088864
0 0.6390016078948975 0.2730388259240807 0.02545607089996338 0.032087278366088864
0 0.7050554752349854 0.27263527220362394 0.025729894638061523 0.032444890340169244
0 0.7388169765472412 0.2716853141784668 0.025729894638061523 0.032444890340169244
0 0.7730958461761475 0.2707207987975862 0.025729894638061523 0.032444890340169244
0 0.8073421716690063 0.2697571991213398 0.025729894638061523 0.032444890340169244
0 0.8414484262466431 0.2687975406646729 0.025729894638061523 0.032444890340169244
0 0.14086653292179108 0.3284846544265747 0.024477307995160402 0.03108536402384443
0 0.17418545484542847 0.32830702927944694 0.02499625583489734 0.031501372655232715
0 0.23950845748186111 0.3272890090942383 0.02499625583489737 0.031501372655232715
0 0.2719348967075348 0.32678366230468686 0.024996255834897396 0.031501372655232715
0 0.30536961555480957 0.3258858437433501 0.02544061342875159 0.032041406631469725
0 0.33903154730796814 0.32573800086975097 0.02544061342875159 0.032041406631469725
0 0.37253257632255554 0.32559086467939913 0.02544061342875159 0.032041406631469725
0 0.4056834280490875 0.3254452664642566 0.02544061342875159 0.032041406631469725
0 0.4723063111305237 0.32515265941619875 0.02544061342875159 0.032041406631469725
0 0.5055701732635498 0.32500656486046103 0.025440613428751646 0.032041406631469725
0 0.5394908785820007 0.32338950634002683 0.025298158327738518 0.031820058822631836
0 0.5730636119842529 0.32331104278564454 0.025718728701273674 0.03193947474161787
0 0.6402585506439209 0.3221387580725209 0.025718728701273674 0.03193947474161787
0 0.6732056736946106 0.3215639616746947 0.025718728701273674 0.03193947474161787
0 0.7068527340888977 0.3209769541510842 0.025718728701273674 0.03193947474161787
0 0.7406888604164124 0.3203866481781006 0.025718728701273674 0.03193947474161787
0 0.7749573588371277 0.31954552389534474 0.026234308878580803 0.032485342025756835
0 0.808803915977478 0.3188102960586548 0.026234308878580803 0.032485342025756835
0 0.13957183063030243 0.3760044813156128 0.02479494114716846 0.03177267710367841
0 0.17191286385059357 0.37506942749023436 0.025077338020006834 0.032066742579142285
0 0.20536164939403534 0.3748374313545627 0.025077338020006834 0.032066742579142285
0 0.2383284941315651 0.3746087778934539 0.025077338020006806 0.032066742579142285
0 0.30393967032432556 0.3741537078786152 0.02507733802000678 0.032066742579142285
0 0.3382420241832733 0.37391579151153564 0.02507733802000678 0.032066742579142285
0 0.37089380621910095 0.3743154048919678 0.02523634334405267 0.03178181648254395
0 0.40481826663017273 0.37424188409733183 0.02523634334405267 0.03178181648254395
0 0.4382685422897339 0.3733568368552696 0.02501964569091797 0.0314137776692708
0 0.471998929977417 0.37316834926605225 0.02501964569091797 0.0314137776692708
0 0.5059704035520554 0.37285852432250977 0.02507316072781879 0.031227477391560843
0 0.5395037531852722 0.3718147459143489 0.025387326876322502 0.031295601526896186
0 0.6071258187294006 0.3712665319442749 0.025387326876322502 0.031295601526896186
0 0.6400660276412964 0.3709994847525432 0.025387326876322502 0.031295601526896186
0 0.6732038855552673 0.37073083521484296 0.025387326876322502 0.031295601526896186
0 0.7068924903869629 0.3704577207565308 0.025387326876322502 0.031295601526896186
0 0.741012692451477 0.37018110732742293 0.025387326876322502 0.031295601526896186
0 0.7766821980476379 0.36940751075744627 0.026124318440755134 0.03174915313720703
0 0.1387293040752411 0.42481117248535155 0.02526195844014484 0.03206777572631836
0 0.17161226272583008 0.42482852935791016 0.025142585237820925 0.03216244379679356
0 0.20453645288944244 0.42470943476285905 0.025142585237820925 0.03216244379679356
0 0.23796618729829788 0.4245885114945174 0.025142585237820952 0.03216244379679356
0 0.30380988121032715 0.424350339256289 0.02514258523782098 0.03216244379679356
0 0.3373936116695404 0.4242288589477539 0.02514258523782098 0.03216244379679356
0 0.37096378207206726 0.42398800849914553 0.02550755937894189 0.032462151845296286
0 0.40475645661354065 0.42383183699718086 0.02522118389606476 0.032567183176676374
0 0.17062325775623322 0.47431488037109376 0.025205492973327637 0.03257716496785488
0 0.20417115092277527 0.47437901644738956 0.025205492973327637 0.03257716496785488
0 0.23717086017131805 0.4750224113464355 0.02543887495994568 0.03235715230305995
0 0.27161380648612976 0.47458238783192197 0.02543887495994568 0.03235715230305995
0 0.33791548013687134 0.47373535531643174 0.02543887495994568 0.03235715230305995
0 0.3719956874847412 0.47329996594888185 0.02543887495994568 0.03235715230305995
0 0.4055381417274475 0.4728714466094971 0.02543887495994568 0.03235715230305995
0 0.43920135498046875 0.47248058319091796 0.02538520097732544 0.03235435485839844
0 0.47285377979278564 0.4724860668182373 0.02596648534139001 0.03281399408976231
0 0.5065463781356812 0.4721714292918401 0.025966485341389955 0.03281399408976231
0 0.5744152665138245 0.4715376372957077 0.0259664853413899 0.03281399408976231
0 0.6081924438476562 0.4712222099304199 0.0259664853413899 0.03281399408976231
0 0.6423240900039673 0.470903472366484 0.0259664853413899 0.03281399408976231
0 0.6771711111068726 0.47052793502807616 0.025819738705952888 0.03268222808837891
0 0.7452858686447144 0.47008962631225587 0.025695721308390373 0.03242041269938145
0 0.7804046273231506 0.4698982238769531 0.026263117790222168 0.03244040807088222
0 0.814455509185791 0.4694121557630638 0.026263117790222168 0.03244040807088222
0 0.8489569425582886 0.4689196561351981 0.026263117790222168 0.03244040807088222
0 0.8839866518974304 0.46841961549550915 0.026263117790222168 0.03244040807088222
0 0.9185143709182739 0.4679267406463623 0.026263117790222168 0.03244040807088222
0 0.1363838016986847 0.5254502296447754 0.02556217710177104 0.03278633753458653
0 0.16985172033309937 0.5251647444662402 0.025562177101771055 0.03278633753458653
0 0.2038881629705429 0.5248744097128546 0.025562177101771055 0.03278633753458653
0 0.2369271069765091 0.5245925837370242 0.025562177101771055 0.03278633753458653
0 0.3041577935218811 0.5240190982818603 0.025729258855183956 0.03321555455525722
0 0.3716406524181366 0.5248957044269241 0.02589172124862671 0.033404858907063864
0 0.4048442244529724 0.5244013786315918 0.02589172124862671 0.033404858907063864
0 0.47290676832199097 0.523184871673584 0.025688767433166504 0.03325090408325195
0 0.5068503022193909 0.5228510751145742 0.025688767433166504 0.03325090408325195
0 0.5405665636062622 0.5225195135256239 0.025688767433166504 0.03325090408325195
0 0.5749478936195374 0.5221814117331794 0.025688767433166504 0.03325090408325195
0 0.6430603265762329 0.5215116024017334 0.025688767433166504 0.03325090408325195
0 0.7127825617790222 0.5208401203155517 0.025737524032592773 0.032961241404215434
0 0.7469541430473328 0.520603609085083 0.026027361551920647 0.03303518295288086
0 0.8160892128944397 0.5197336196899414 0.026457468668619866 0.03320058186848964
0 0.85191410779953 0.5196146965026855 0.026356776555379158 0.033498287200927734
0 0.8868527412414551 0.5193069687828884 0.02656332651774096 0.033494313557942766
0 0.13519397750496864 0.5743500232696533 0.025593387583891555 0.032513078053792374
0 0.1688639372587204 0.5743308067321777 0.025373955567677797 0.03283007939656581
0 0.2024354189634323 0.5743494035148428 0.025373955567677797 0.03283007939656581
0 0.23566201329231262 0.5743678092485803 0.025373955567677797 0.03283007939656581
0 0.2701721787452698 0.5743869260112036 0.025373955567677853 0.03283007939656581
0 0.30357930064201355 0.5744054317474365 0.025373955567677853 0.03283007939656581
0 0.3368488550186157 0.5738914966583252 0.025461961825688717 0.03336642583211269
0 0.40515702962875366 0.5746541023254395 0.025971253712972042 0.03326889673868809
0 0.4387693703174591 0.5744901657104492 0.02578502893447876 0.03302510579427089
0 0.5073279589414597 0.573449122804095 0.02578502893447876 0.03302510579427089
0 0.5766950845718384 0.5723958024904618 0.02578502893447876 0.03302510579427089
0 0.609704315662384 0.5718945665904716 0.02578502893447876 0.03302510579427089
0 0.6793277263641357 0.5708373546600342 0.02578502893447876 0.03302510579427089
0 0.7488449811935425 0.5705832246774798 0.02618153889973951 0.03277346293131504
0 0.7835724949836731 0.5704562734263796 0.02618153889973951 0.03277346293131504
0 0.8539461493492126 0.5701990127563477 0.02618153889973951 0.03277346293131504
0 0.13424427434802055 0.6253370062123007 0.026255081097284957 0.03338047663370762
0 0.16768252849578857 0.6253414154052734 0.02625508109728497 0.03338047663370762
0 0.2342277616262436 0.6253501901090303 0.02625508109728497 0.03338047663370762
0 0.2679217457771301 0.6253546330227508 0.026255081097284916 0.03338047663370762
0 0.3025674521923065 0.6253533607474608 0.026691099007924435 0.03348855972290039
0 0.33569881319999695 0.6250910758972168 0.026691099007924435 0.03348855972290039
0 0.4045334458351135 0.6245461456328634 0.026691099007924435 0.03348855972290039
0 0.474058598279953 0.6245473861694336 0.026419957478841183 0.03373009363810216
0 0.5070984959602356 0.6243056233734491 0.026419957478841127 0.03373009363810216
0 0.5763630867004395 0.6237987936828092 0.026419957478841072 0.03373009363810216
0 0.6114344596862793 0.6235421659754803 0.026419957478841072 0.03373009363810216
0 0.6459462642669678 0.6232896327972413 0.026419957478841072 0.03373009363810216
0 0.13130278512835503 0.6751456118748809 0.02704194188117981 0.033580875396728514
0 0.1652788370847702 0.6753814220428467 0.02704194188117981 0.033580875396728514
0 0.19847695529460907 0.6765789499288106 0.026974618434906006 0.03285207748413086
0 0.2663460373878479 0.6764334093533613 0.02688729763031006 0.03263270060221348
0 0.2998626232147217 0.6763154983520507 0.02688729763031006 0.03263270060221348
0 0.3343214690685272 0.6761942724897385 0.02688729763031006 0.03263270060221348
0 0.3686424195766449 0.676073531741822 0.02688729763031006 0.03263270060221348
0 0.40347132086753845 0.6759510040283203 0.02688729763031006 0.03263270060221348
0 0.4377148747444153 0.67583053556095 0.02688729763031006 0.03263270060221348
0 0.5066640377044678 0.6761232606499455 0.026356240113576235 0.03273591995239258
0 0.5425857901573181 0.6767355442047119 0.027136047681172615 0.03434356053670253
0 0.6123101711273193 0.676473535105657 0.027136047681172615 0.03434356053670253
0 0.6834530830383301 0.6762061954750338 0.027136047681172615 0.03434356053670253
0 0.718442440032959 0.6760747130613483 0.027136047681172615 0.03434356053670253
0 0.7896595597267151 0.6758070945739746 0.027136047681172615 0.03434356053670253
0 0.8250335454940796 0.6756588186949365 0.027058959007263184 0.03445974985758458
0 0.8611917495727539 0.6745912075042725 0.027441700299580818 0.03402624130249023
0 0.12744085118174553 0.726067304611206 0.02740415185689926 0.034645016988118546
0 0.16113896667957306 0.7273626327514648 0.027300546566645323 0.03456729253133144
0 0.22949780523777008 0.7278198912698832 0.027300546566645323 0.03456729253133144
0 0.29768437147140503 0.727597364756056 0.02680569887161255 0.03413972854614258
0 0.33260175585746765 0.7277723789215088 0.02680569887161255 0.03413972854614258
0 0.3681386411190033 0.7280903510358774 0.026836176713307736 0.03427127202351894
0 0.4383441209793091 0.7283388614654541 0.026836176713307736 0.03427127202351894
0 0.47263991832733154 0.7284742832183838 0.02679497003555298 0.03398021062215175
0 0.5431002974510193 0.7288888484298646 0.02679497003555298 0.03398021062215175
0 0.5785357356071472 0.7290973386494151 0.02679497003555298 0.03398021062215175
0 0.612925112247467 0.7292996741942546 0.02679497003555298 0.03398021062215175
0 0.6493812203407288 0.7295141696929932 0.02679497003555298 0.03398021062215175
0 0.6851071119308472 0.7298316498246407 0.027246435483296638 0.03394947052001953
0 0.7208429574966431 0.728681888403212 0.027441104253133064 0.03434995015462246
0 0.7566585540771484 0.7282647609710693 0.027441104253133064 0.03434995015462246
0 0.12387139722704887 0.7771233618248837 0.027265330155690506 0.03400014241536464
0 0.1580868661403656 0.7777287006378174 0.027265330155690493 0.03400014241536464
0 0.22680260241031647 0.7802638530731201 0.02725735306739807 0.03392607371012364
0 0.2964123785495758 0.7803716775884613 0.02725735306739807 0.03392607371012364
0 0.33131667971611023 0.7804257438355509 0.02725735306739807 0.03392607371012364
0 0.4020254909992218 0.7805352707401008 0.02725735306739807 0.03392607371012364
0 0.47261157631874084 0.7806446075439453 0.02725735306739807 0.03392607371012364
0 0.5072333216667175 0.7817277587031253 0.027183949947357178 0.03458153406778965
0 0.5781238079071045 0.7821042537689209 0.027183949947357178 0.03458153406778965
0 0.6148345470428467 0.7820286581701834 0.027416030565897698 0.034992027282714847
0 0.6511706113815308 0.7821030616760254 0.027416030565897698 0.034992027282714847
