0 0.1629437655210495 0.05596926330419547 0.02300122380256653 0.035752394547065094
0 0.19137147068977356 0.05592978549366062 0.02300122380256653 0.03575239454706511
0 0.2459893673658371 0.05348360954209077 0.022686044375101716 0.034230592350165054
0 0.30414339900016785 0.05501251657669609 0.022600750128428104 0.03410409515102705
0 0.3314544284665907 0.05570899235273207 0.022600750128428104 0.03410409515102704
0 0.38850682973861694 0.05727315655732047 0.022600750128428104 0.03410409515102705
0 0.41804245114326477 0.05806460619391641 0.022600750128428104 0.03410409515102704
0 0.4459916651248932 0.058813545752216034 0.022600750128428104 0.03410409515102705
0 0.19180114688100042 0.10968787706381566 0.022563517093658447 0.03544659912586212
0 0.21992159131410957 0.10874730711047714 0.023009508848190308 0.03532342612743378
0 0.1638028299486315 0.1106105951239934 0.022866666316986084 0.03516226261854173
0 0.1642865687608719 0.16183389525373076 0.022309978802998842 0.03354082504908246
0 0.1919467610281867 0.16153873744848612 0.022544761498769106 0.033500224351882935
0 0.21850010752677917 0.16170943832942922 0.022544761498769106 0.033500224351882935
0 0.27509361505508423 0.16212932953448958 0.02340708176294959 0.0336291988690694
0 0.3030532759589118 0.1623795640629691 0.02340708176294959 0.0336291988690694
0 0.3327182120568043 0.16195427340593435 0.02340708176294959 0.0336291988690694
0 0.36087842648093765 0.16219159864508048 0.02340708176294959 0.0336291988690694
0 0.38971628611152237 0.16241875653331345 0.02340708176294959 0.0336291988690694
0 0.16564150632899483 0.2150696106493542 0.021906107664108276 0.03253430128097534
0 0.19246425212901314 0.2148051481597112 0.02189779281616211 0.0326589246590932
0 0.21914524318259437 0.21497059769836474 0.02189779281616211 0.0326589246590932
0 0.2759105610994645 0.21455896783126685 0.02296203374862671 0.03357968727747601
0 0.3036934185175248 0.21530654437748004 0.02296203374862671 0.03357968727747601
0 0.3315126347688981 0.21484946654513531 0.02296203374862671 0.03357968727747601
0 0.36068226341848014 0.2162047334946791 0.02296203374862671 0.03357968727747601
0 0.38935930493437215 0.21518414200823985 0.02296203374862671 0.03357968727747601
0 0.16453779750579112 0.4237320060168341 0.020730048418045044 0.03232407569885254
0 0.19145663445060318 0.4247620315165133 0.02107781171798706 0.03272515535354614
0 0.1642068725677184 0.47444437865524425 0.022266671061515808 0.03339223066965735
0 0.1926439744822773 0.47533194236712456 0.02206583321094513 0.03264307975769043
0 0.24591889353217306 0.476362290414604 0.02206583321094513 0.03264307975769043
0 0.30348480704389974 0.475948429709109 0.02206583321094513 0.03264307975769043
0 0.3308999979937518 0.4770130817487994 0.02206583321094513 0.03264307975769043
0 0.35891324980759326 0.4774242282649617 0.02206583321094513 0.03264307975769043
0 0.387549544558113 0.4767025373323378 0.02206583321094513 0.03264307975769043
0 0.41496444226783 0.4763317155985185 0.022258460521697998 0.03227214018503821
0 0.16478002071380615 0.5256617665290833 0.024010539054870605 0.03526890277862549
0 0.1902792900800705 0.5257471203804016 0.021754086017608643 0.03334498405456543
0 0.2172488123178482 0.5263694524765015 0.022766530513763428 0.03326117992401123
0 0.1635293263344117 0.5787685800481726 0.022894859313964844 0.03396642208099365
0 0.1916778731493302 0.5798150210460721 0.022894859313964844 0.03396642208099365
0 0.2182808667421341 0.5791630055357897 0.022259141008059202 0.033088525136311775
0 0.24616026133298874 0.5798058855680772 0.022259141008059175 0.033088525136311775
0 0.27391014459692403 0.5810496633092646 0.022259141008059147 0.033088525136311775
0 0.30267732268498265 0.5804864538649541 0.022259141008059147 0.033088525136311775
0 0.32959366323035444 0.581130548759743 0.022259141008059147 0.033088525136311775
0 0.3588132155990159 0.5807081011090005 0.023837689172338528 0.032160186670887825
0 0.27242735028266907 0.6325994729995728 0.020805537700653076 0.031009793281555176
0 0.3022199273109436 0.6316622495651245 0.021409988403320312 0.03163039684295654
0 0.32981758058807 0.6327424527686318 0.021547323391761297 0.03057026421582265
0 0.27326814296804824 0.6841750240620271 0.021281540393829346 0.03121161460876465
0 0.30224521881268346 0.6836737585656436 0.021036505699157715 0.0303572416305542
0 0.32955888686356716 0.6832060291443341 0.02085907812471749 0.029710626896516823
0 0.2725627470163652 0.7341497864252254 0.020737290382385254 0.029539823532104492
0 0.30147572763172203 0.7344526722107405 0.021800875663757324 0.029377222061157227
0 0.32987185245678746 0.7341664529141085 0.02215653657913208 0.030852675437927246
0 0.24562111368149891 0.7870193635240013 0.021045468103738557 0.032034483220842236
0 0.27236337113527603 0.7870236649925326 0.02192063427265778 0.03426671322481123
0 0.29955223202705383 0.7867923974990845 0.023088812828063965 0.03272044658660889
0 0.24487841442043398 0.8372247951266205 0.022637075480119673 0.03513760110478337
0 0.2738151236632724 0.8379453432643926 0.022634027364813236 0.03369650482923958
0 0.3012660837467806 0.8378921441779895 0.02216532826423645 0.033047596613566155
0 0.3295600509937899 0.8387663960456848 0.02216532826423645 0.033047596613566155
0 0.1617474311295851 0.8872770858399661 0.022698615988095583 0.03308006127675367
0 0.19043628337942523 0.8875843382176059 0.02256821095943451 0.032892584800720215
0 0.21791927461270932 0.88856037189677 0.02256821095943451 0.032892584800720215
0 0.24496988685410703 0.8889526952390628 0.022568210959434537 0.032892584800720215
0 0.27262548568808004 0.888725492769411 0.02256821095943451 0.032892584800720215
0 0.3283548355102539 0.8896018957647849 0.02107956012090051 0.03138943513234449
0 0.3558271527290344 0.8889610767364502 0.02107956012090051 0.03138943513234449
0 0.3841865062713623 0.8882995667066821 0.02107956012090051 0.03138943513234449
0 0.4118373692035675 0.887654582922616 0.02107956012090051 0.03138943513234449
0 0.44059374928474426 0.8869838118553162 0.02107956012090051 0.03138943513234449
0 0.1616729199886322 0.9351339340209961 0.02272433042526245 0.033450961112976074
0 0.18902893364429474 0.9371548891067505 0.022510379552841187 0.03355729579925537
0 0.2157132774591446 0.9383414387702942 0.022284775972366333 0.03332507610321045
