0 0.3574192523956299 0.03686385891366242 0.029557228088378906 0.03214449060055636
0 0.3953034579753876 0.03572781877396246 0.027420540650685665 0.03055458891299342
0 0.4357595117319198 0.0377740130579395 0.027420540650685665 0.03055458891299343
0 0.473481148481369 0.037993995256202166 0.026451071103413937 0.030345071193783782
0 0.5516234459700408 0.04375866501629501 0.026451071103413826 0.03034507119378379
0 0.5864725775188869 0.045420697254635975 0.026451071103413826 0.03034507119378378
0 0.6240742140346103 0.04694377464115777 0.026451071103413826 0.030345071193783782
0 0.6625028407132184 0.04898122940674252 0.026687661806742424 0.029986278955326524
0 0.6999415357907613 0.051170338647926195 0.02688054243723559 0.029937421628671093
0 0.09862795389360852 0.10477105659547709 0.02592606097459793 0.028632740641749182
0 0.13026159822388933 0.10214188548637608 0.025926060974597945 0.028632740641749182
0 0.1662251016607991 0.09781225046488792 0.02592606097459793 0.028632740641749182
0 0.2013212514144403 0.09341315055523987 0.02592606097459793 0.028632740641749182
0 0.23968951514473666 0.09056567447540781 0.025926060974597875 0.028632740641749192
0 0.2782008107061739 0.08798234299921728 0.02592606097459793 0.028632740641749192
0 0.3178626475510774 0.08681256708806016 0.028334428866704342 0.030850451121958646
0 0.35543234149614966 0.08669946548055668 0.028429298489182075 0.03116609918531211
0 0.43613478541374207 0.08462002111035724 0.030259748299916622 0.0323464131170465
0 0.47601670026779175 0.08525158638177915 0.02972690264383948 0.03260487549064695
0 0.5129181566061797 0.08779660775783736 0.029726902643839537 0.03260487549064696
0 0.5524906516075134 0.08823609229115442 0.029726902643839592 0.03260487549064695
0 0.5903034210205078 0.09025011901342249 0.029726902643839592 0.03260487549064696
0 0.6269627809524536 0.09275746129895981 0.029726902643839592 0.03260487549064695
0 0.6650411486625671 0.09536037571677156 0.029137571652730232 0.031979629235674246
0 0.7393153309822083 0.09992580466858554 0.029137571652730232 0.031979629235674246
0 0.8103291392326355 0.1010844840079439 0.029137571652730232 0.031979629235674246
0 0.8461599946022034 0.10302721067916515 0.029137571652730232 0.031979629235674246
0 0.8825045228004456 0.10546117605164994 0.028268416722615486 0.03152491695197053
0 0.9171275673089204 0.10804018093325987 0.028453310330708748 0.0313476610553357
0 0.9513387084007263 0.11017890719891005 0.0270575682322185 0.03034171762392501
0 0.09623555839061737 0.15481113294280532 0.02944914499918619 0.03210288794465766
0 0.1651630401611328 0.1446488977608036 0.029449144999186216 0.03210288794465766
0 0.20026880502700806 0.1416765828668806 0.029449144999186216 0.03210288794465766
0 0.2379099205136299 0.13906681368877158 0.02944914499918619 0.03210288794465766
0 0.2760667326273742 0.1390627808451755 0.02944914499918616 0.03210288794465766
0 0.31589324496410515 0.13815336184549548 0.030362804730733273 0.03374735514322915
0 0.3962745313291196 0.13608829077721463 0.030362804730733273 0.03374735514322915
0 0.4355740547180176 0.1355194739053934 0.030362804730733273 0.03374735514322915
0 0.4757813689885316 0.137822396708762 0.030492742856343624 0.03385516469792801
0 0.5145888924598694 0.13788158115377652 0.02962636947631836 0.03303348925686623
0 0.553032636642456 0.1394586936858684 0.029695192972819084 0.03243412343106527
0 0.5912346839904785 0.1410889942925972 0.029695192972819084 0.03243412343106527
0 0.6677577495574951 0.1432780146225058 0.029695192972819084 0.03243412343106527
0 0.7037689089775085 0.14481481746756314 0.029695192972819084 0.03243412343106527
0 0.7790597081184387 0.14802790797033974 0.029695192972819084 0.03243412343106527
0 0.8155825138092041 0.15020880095410408 0.029464364051818848 0.032982981482217476
0 0.8508553681550202 0.1515951489293298 0.028166453043619866 0.032800637474355784
0 0.885667222517508 0.153267044318064 0.02794337272644043 0.031873843466588704
0 0.9198719373455755 0.1560955926532072 0.027597109476725334 0.031021132949710803
0 0.9574960933791267 0.15781181692683294 0.027597109476725334 0.031021132949710803
0 0.09347380421779775 0.20571358635146014 0.030418696502844483 0.033753432044687184
0 0.12591972574591637 0.20184251997205946 0.030418696502844497 0.033753432044687205
0 0.16234774887561798 0.196560145849678 0.03041869650284451 0.033753432044687205
0 0.23641449682138588 0.1916233395796534 0.030242880185445187 0.03362859681595203
0 0.2770164906978607 0.18948166376552533 0.030242880185445187 0.03362859681595203
0 0.31683996319770813 0.18734071622487078 0.030242880185445187 0.03362859681595203
0 0.35552409291267395 0.18790646145717282 0.030242880185445187 0.03362859681595203
0 0.3940339684486389 0.18847450811630892 0.030242880185445187 0.03362859681595203
0 0.4370904024000521 0.1890293466696144 0.030035416285196903 0.03217989899391352
0 0.5161329684434114 0.19173567917303827 0.030035416285197014 0.03217989899391352
0 0.5555517430658693 0.19194867847568836 0.030265649159749275 0.03283219744068707
0 0.5922596874060454 0.19274413924500616 0.030265649159749275 0.03283219744068707
0 0.6319978413758455 0.19351947250045354 0.030265649159749275 0.03283219744068707
0 0.6700379429040131 0.1959011717247091 0.030265649159749275 0.03283219744068707
0 0.7072500586509705 0.1966642951472477 0.030265649159749275 0.03283219744068707
0 0.7445495128631592 0.1974055979154623 0.030265649159749275 0.03283219744068707
0 0.8182145357131958 0.1988335321115893 0.029568513234456306 0.03239571031673935
0 0.8545163869857788 0.20003748489340292 0.02917281786600756 0.03220202941303105
0 0.09247380495071411 0.2553910133039818 0.028524070978164673 0.032107419745866644
0 0.12527260184288025 0.25275719566246646 0.029277533292770386 0.032685923021893167
0 0.16142474114894867 0.24916123152805955 0.029596110184987368 0.03332217904024346
0 0.19805915377758168 0.2472171113936599 0.029596110184987368 0.03332217904024346
0 0.23673008382320404 0.2430889838123213 0.029596110184987395 0.03332217904024346
0 0.27597919658378317 0.24219838651879239 0.029596110184987423 0.03332217904024346
0 0.3160870560893306 0.24257692604820652 0.029596110184987423 0.03332217904024346
0 0.39991989731788635 0.29532190317947427 0.03017934163411462 0.03310590936231986
0 0.43976527893984757 0.295805367592771 0.03017934163411462 0.03310590936231986
0 0.47822725772857666 0.2945314122748559 0.030564546585083008 0.03319490417953607
0 0.5185250639915466 0.2952217944832735 0.030564546585083008 0.03319490417953607
0 0.5583800077438354 0.2959045895690534 0.030564546585083008 0.03319490417953607
0 0.5957371239308957 0.29764603580102234 0.030564546585083008 0.03319490417953607
0 0.6357633471488953 0.2983069793609172 0.030564546585083008 0.03319490417953607
0 0.6724380497579221 0.30057506350692514 0.030564546585083008 0.03319490417953607
0 0.08736905455589294 0.35946185089821037 0.026754915714263916 0.0336152010185774
0 0.11876147061034484 0.4122715078480382 0.03018941730260849 0.03501492877339208
0 0.15505046866558214 0.41045155748689743 0.03018941730260849 0.03501492877339208
0 0.19531670212745667 0.40791908941014277 0.029991239309310913 0.034687042236328125
0 0.23421332240104675 0.4075839052137005 0.029991239309310913 0.034687042236328125
0 0.27471786737442017 0.4055976242834833 0.029991239309310913 0.034687042236328125
0 0.3160371482372284 0.4041313756084794 0.029991239309310913 0.034687042236328125
0 0.3986945428230145 0.40405255201867074 0.029991239309310913 0.034687042236328125
0 0.4406602680683136 0.4033755883481425 0.030778268973032596 0.03561776922654741
0 0.48000213503837585 0.40284139056538426 0.030059059460957882 0.035220212714616644
0 0.5213982462882996 0.4033077149322672 0.03005905946095777 0.035220212714616644
0 0.5614128708839417 0.40375847694631156 0.03005905946095777 0.035220212714616644
0 0.6010422110557556 0.40420489875762705 0.03005905946095777 0.035220212714616644
0 0.6405425667762756 0.40464986756790516 0.03005905946095777 0.035220212714616644
0 0.7188461422920227 0.4055339342144007 0.029791196187337166 0.03459773692049727
0 0.7564134001731873 0.4067732262807754 0.029557665189107185 0.03343114926833521
0 0.7955405712127686 0.4068813228599518 0.029557665189107185 0.03343114926833521
0 0.8326807618141174 0.40698393001112826 0.029557665189107185 0.03343114926833521
0 0.8702336549758911 0.40708767733507506 0.029557665189107185 0.03343114926833521
0 0.9080971479415894 0.4075600472638052 0.029648741086323982 0.03341053807458212
0 0.9466328620910645 0.40903552742891536 0.028944174448649163 0.033271079839662064
0 0.0815521823587241 0.4693229668721569 0.029650084674358368 0.034980419070221654
0 0.11840505056359149 0.4680646330401332 0.029650084674358368 0.034980419070221654
0 0.1549910604953766 0.4662003275496132 0.029650084674358368 0.034980419070221654
0 0.19445163011550903 0.463182911022653 0.029650084674358368 0.034980419070221654
0 0.23388661444187164 0.4617813908776572 0.029650084674358368 0.034980419070221654
0 0.2742914855480194 0.4611338288014628 0.031528155008951786 0.03576521171155832
0 0.3147061765193939 0.4604861093439394 0.031528155008951786 0.03576521171155832
0 0.35677242279052734 0.45981192068729265 0.031528155008951786 0.03576521171155832
0 0.4406120181083679 0.45846823758857197 0.031528155008951786 0.03576521171155832
0 0.481876403093338 0.4586119540902071 0.030912021795908573 0.035319720127785795
0 0.5217938423156738 0.45868132835210756 0.031064391136169434 0.03542948878088663
0 0.5622443556785583 0.4590625890396421 0.031064391136169434 0.03542948878088663
0 0.6033383011817932 0.45944991430732196 0.031064391136169434 0.03542948878088663
0 0.6826539635658264 0.4605106087618096 0.03018577893575025 0.03528006501900128
0 0.7217618823051453 0.46056997587881515 0.03018577893575025 0.03528006501900128
0 0.7607718110084534 0.4606291942436977 0.03018577893575025 0.03528006501900128
0 0.7985170483589172 0.46068649276518436 0.03018577893575025 0.03528006501900128
0 0.836088240146637 0.4607435270797375 0.03018577893575025 0.03528006501900128
0 0.874998927116394 0.4615550817445267 0.02978801727294922 0.034873784974563955
0 0.913310706615448 0.4615470531374909 0.029351870218912834 0.034860625747562324
0 0.9503079056739807 0.4616887687450374 0.029195825258890862 0.03463561775148383
0 0.07805226936384484 0.5259273210339871 0.029750625292460114 0.03613535563151036
0 0.11371294229670807 0.5248179117071552 0.029750625292460114 0.03613535563151036
0 0.1524977833032608 0.5220413308395638 0.029750625292460142 0.03613535563151036
0 0.19139419496059418 0.5224456656133505 0.03085195024808246 0.03630861385848166
0 0.23154610119484087 0.5206362784268218 0.03085195024808246 0.03630861385848166
0 0.27215256735130594 0.5193570718396322 0.030851950248082516 0.03630861385848166
0 0.31489086151123047 0.5202712026985424 0.03123585383097327 0.03644872266192769
0 0.35620981454849243 0.5184762280029508 0.03123585383097327 0.03644872266192769
0 0.39887771010398865 0.5182903643201996 0.03123585383097327 0.03644872266192769
0 0.4820937459115629 0.5184598975889128 0.03123585383097327 0.03644872266192769
0 0.5662950453934846 0.5170259073209804 0.03123585383097338 0.03644872266192769
0 0.6060605049133301 0.5160647633080682 0.031009932359059578 0.03547399358231886
0 0.6461009979248047 0.5165203798358547 0.031009932359059578 0.03547399358231886
0 0.6845117034735503 0.5180545268030028 0.02962275346120191 0.03533302721127054
0 0.7259201584038911 0.5182421394107868 0.02962275346120191 0.03533302721127054
0 0.7641419172286987 0.517886650447883 0.02962275346120191 0.03533302721127054
0 0.8027333793816743 0.516987775884262 0.02962275346120191 0.03533302721127054
0 0.8797048926353455 0.5168142096940861 0.02962275346120191 0.03533302721127054
0 0.917182445526123 0.5173992597266172 0.02904013792673754 0.035588641499364096
0 0.9553708434104919 0.5187253188101204 0.029049714406331306 0.03540615702784339
0 0.07688046522714473 0.5832685261769333 0.03027370572090149 0.037048073702080304
0 0.11209813036300519 0.5814677787997617 0.03032017747561136 0.036883332008539244
0 0.14950001515724043 0.5802575124022119 0.030320177475611387 0.036883332008539244
0 0.18968982994556427 0.5784458351260765 0.030320177475611387 0.036883332008539244
0 0.27081069350242615 0.5765747247740279 0.031660954157511356 0.03681262703829034
0 0.3145042955875397 0.5759993044132048 0.031660954157511356 0.03681262703829034
0 0.3569605052471161 0.5754401798202288 0.031660954157511356 0.03681262703829034
0 0.3992162346839905 0.5748836954399288 0.031660954157511356 0.03681262703829034
0 0.44182288646698 0.5743225896081259 0.031660954157511356 0.03681262703829034
0 0.4834485948085785 0.5738516075666561 0.031511902809143066 0.03676880237668059
0 0.5255647301673889 0.5734224111213314 0.031511902809143066 0.03676880237668059
0 0.6087896227836609 0.575922547254545 0.030612647533416748 0.03644425739613609
0 0.6488713622093201 0.5758962048013903 0.030434250831604004 0.035652338072311045
0 0.6880553364753723 0.5754455824021232 0.030434250831604004 0.035652338072311045
0 0.7289711236953735 0.5749750438579778 0.030434250831604004 0.035652338072311045
0 0.7679919600486755 0.5745262975725821 0.030434250831604004 0.035652338072311045
0 0.8068993091583252 0.5740788564098795 0.030434250831604004 0.035652338072311045
0 0.8456151485443115 0.5737496391644671 0.03099977970123291 0.03663786067519077
0 0.07461452760078291 0.6401841313956012 0.02960586051146189 0.038061511608981295
0 0.11012680359460691 0.6396327302129385 0.030803089340527876 0.03750341252763136
0 0.14834651626922468 0.6395324876680976 0.031296869119008364 0.038434819657673154
0 0.18789100922920088 0.639297436066068 0.031296869119008364 0.038434819657673154
0 0.22926421739436964 0.6390515146208199 0.031296869119008364 0.038434819657673154
0 0.27151428438999037 0.6388003811458446 0.03129686911900842 0.038434819657673154
0 0.3137386319813905 0.6385494005464459 0.03129686911900842 0.038434819657673154
0 0.39965559266231676 0.6361825583209054 0.03209948539733887 0.03755318101986429
0 0.441704911214334 0.6356333600084991 0.03209948539733887 0.03755318101986429
0 0.4841030063452544 0.6350796063902012 0.03209948539733887 0.03755318101986429
0 0.5265742363753142 0.6345248975706166 0.03209948539733887 0.03755318101986429
0 0.6105892658233643 0.6339753698830354 0.03209948539733887 0.03755318101986429
0 0.6511597037315369 0.6336869610269762 0.03080960114796949 0.03551492025685865
0 0.6919598579406738 0.633215033139143 0.03080960114796949 0.03551492025685865
0 0.7322500944137573 0.6327490033760795 0.03080960114796949 0.03551492025685865
0 0.7712449431419373 0.6322979571250695 0.03080960114796949 0.03551492025685865
0 0.8118396997451782 0.6318284050336077 0.03080960114796949 0.03551492025685865
0 0.8509010672569275 0.6312622199598065 0.03097800413767504 0.03564766580744313
0 0.8899379968643188 0.6307797181411204 0.03097800413767504 0.03564766580744313
0 0.06975938379764557 0.702274354357205 0.031525840361913054 0.038805614146151336
0 0.10651382058858871 0.7026529589384566 0.031858543554941804 0.039053717324900074
0 0.14471369981765747 0.7023180354575882 0.03185854355494183 0.039053717324900074
0 0.18458504974842072 0.7019684570930688 0.03185854355494183 0.039053717324900074
0 0.22670653462409973 0.7020583214854902 0.03261309862136841 0.039309568183366644
0 0.26965460181236267 0.7012225963451245 0.03261309862136841 0.039309568183366644
0 0.3132436275482178 0.7003743988117684 0.03261309862136841 0.039309568183366644
0 0.40052734591342787 0.6986900237985044 0.03261309862136841 0.039309568183366644
0 0.48753108360149244 0.6969970206984356 0.03261309862136841 0.039309568183366644
0 0.5300542888817964 0.6961695629330863 0.03261309862136841 0.039309568183366644
0 0.5706940469918428 0.695290342884573 0.03213165203730273 0.039127763851668426
0 0.6140495119271455 0.6943646480910712 0.0325817267100017 0.03906217471573709
0 0.06667635589838028 0.7625622055224568 0.03099192182223002 0.03913815816243487
0 0.10390960425138474 0.7640709944231776 0.0323400100072225 0.0398459619329881
0 0.14203068614006042 0.7638286628361718 0.032546559969584166 0.039730752161306955
0 0.18233047425746918 0.7635667771960524 0.032546559969584166 0.039730752161306955
0 0.2685673236846924 0.7630063724502918 0.03254655996958411 0.039730752161306955
0 0.3122953176498413 0.7635641473902302 0.03415042161941528 0.040208506029705667
0 0.3558245599269867 0.7624393367849477 0.03415042161941528 0.040208506029705667
0 0.40024518966674805 0.7612914924207733 0.03415042161941528 0.040208506029705667
0 0.44401565194129944 0.7601604486077186 0.03415042161941528 0.040208506029705667
0 0.4877675473690033 0.7590298845683779 0.03415042161941528 0.040208506029705667
0 0.5310318470001221 0.7579119201722748 0.03415042161941528 0.040208506029705667
0 0.6163344383239746 0.7560839624265265 0.03286923964818311 0.038761819055838205
0 0.6579359173774719 0.7552101090393818 0.03286923964818311 0.038761819055838205
0 0.6994376182556152 0.7538850777730359 0.030911048253377205 0.03539539307586909
0 0.740129828453064 0.752563769673976 0.030911048253377205 0.03539539307586909
0 0.7789463400840759 0.7513033669839658 0.030911048253377205 0.03539539307586909
0 0.8219358325004578 0.7499074643227777 0.030911048253377205 0.03539539307586909
0 0.8997780680656433 0.7473798656545766 0.030911048253377205 0.03539539307586909
0 0.9371172189712524 0.7466224541777104 0.02981511751810717 0.03509066086406858
0 0.9744170904159546 0.7455197349896625 0.02981511751810717 0.0350906608640685
0 0.06435100734233856 0.8242954776576631 0.030430272221565247 0.03801585352698038
0 0.10101357847452164 0.8256003944056016 0.030430272221565247 0.03801585352698038
0 0.14046761393547058 0.828399239754182 0.03265077869097392 0.039438824320948404
0 0.18070995807647705 0.8284369968936732 0.032650778690973936 0.039438824320948404
0 0.22355440258979797 0.828477195438327 0.032650778690973936 0.039438824320948404
0 0.267880380153656 0.8285187840225334 0.03265077869097388 0.039438824320948404
0 0.31138235330581665 0.8285595994895126 0.03265077869097388 0.039438824320948404
