0 0.33313748240470886 0.06778541276621264 0.026548564434051514 0.027299781178319178
0 0.36736220121383667 0.06722921004831428 0.026548564434051514 0.027299781178319178
0 0.39533543586730957 0.06677460327040494 0.026548564434051514 0.027299781178319178
0 0.45871272683143616 0.06574462778152286 0.026548564434051514 0.027299781178319178
0 0.49145302176475525 0.06521254916523778 0.026548564434051514 0.027299781178319178
0 0.5236524343490601 0.0647752433571611 0.026041150093078613 0.027053655580032702
0 0.5550132989883423 0.06412621431572493 0.026041150093078613 0.027053655580032702
0 0.5870870351791382 0.06362215308255928 0.02517722050348925 0.025396753651227132
0 0.6191558241844177 0.06308884830333551 0.02517722050348925 0.025396753651227132
0 0.6506569385528564 0.06207756109015886 0.025031010309855217 0.025539342747178187
0 0.6834036707878113 0.06137613756711699 0.025031010309855217 0.025539342747178187
0 0.29993996024131775 0.14267078665799873 0.025673647721608517 0.026850877806197767
0 0.3322869539260864 0.14168086956525255 0.025673647721608517 0.026850877806197767
0 0.36429521441459656 0.14070131874592653 0.025673647721608517 0.026850877806197767
0 0.3964722156524658 0.13971660394277996 0.025673647721608517 0.026850877806197767
0 0.4291992485523224 0.13871505648590798 0.025673647721608517 0.026850877806197767
0 0.46142062544822693 0.13789240254070845 0.025178372859954834 0.026254166004269622
0 0.4940406531095505 0.13705957051944503 0.025178372859954834 0.026254166004269622
0 0.5257219076156616 0.13625070660613303 0.025178372859954834 0.026254166004269622
0 0.5592260956764221 0.1353953008120872 0.025178372859954834 0.026254166004269622
0 0.07530701905488968 0.18639494780446417 0.02580332259337107 0.026618406754131473
0 0.10683438926935196 0.1851171626947242 0.02573843797047934 0.026877214742261332
0 0.1386498063802719 0.1842968463897705 0.02573843797047931 0.02687721474226131
0 0.1717667579650879 0.18287491874432316 0.025626997152964293 0.026688779047293262
0 0.2032552808523178 0.18234881689382154 0.025626997152964293 0.026688779047293262
0 0.23629604279994965 0.1817967806466821 0.025626997152964293 0.02668877904729324
0 0.3018113970756531 0.18070216756355478 0.025626997152964237 0.026688779047293262
0 0.3347860872745514 0.18015123522558876 0.025626997152964237 0.026688779047293262
0 0.36667853593826294 0.17961838469083696 0.025626997152964237 0.02668877904729324
0 0.39863812923431396 0.17846699893815582 0.02499145269393921 0.026785384776980378
0 0.4312830865383148 0.17760591728742733 0.02499145269393921 0.026785384776980378
0 0.46366211771965027 0.1767518500157511 0.02499145269393921 0.026785384776980357
0 0.5285667181015015 0.17471920577129416 0.025584538777669197 0.026918004649554118
0 0.5934342741966248 0.1735995376324136 0.02541828155517578 0.026811851087466684
0 0.625870943069458 0.1725199721580328 0.02541828155517578 0.026811851087466705
0 0.6584701538085938 0.17143499692386166 0.02541828155517578 0.026811851087466705
0 0.6914246678352356 0.17033819639518727 0.02541828155517578 0.026811851087466705
0 0.7237148284912109 0.1692635070445926 0.02541828155517578 0.026811851087466705
0 0.7887353897094727 0.1670994761667213 0.02541828155517578 0.026811851087466705
0 0.8534272313117981 0.16600029945588124 0.02483224868774414 0.026394467021143713
0 0.8861000537872314 0.16497775986884647 0.02483224868774414 0.026394467021143713
0 0.9183753728866577 0.1639676606805025 0.02483224868774414 0.026394467021143713
0 0.9490765333175659 0.16300682688868323 0.02483224868774414 0.026394467021143713
0 0.0440727062523365 0.22510388840076534 0.02451866865158081 0.02724122631457422
0 0.07590851932764053 0.22432947143888524 0.02451866865158081 0.02724122631457422
0 0.10819441080093384 0.22354410616716444 0.02451866865158081 0.02724122631457422
0 0.13967354595661163 0.22246043626652207 0.025072614351908384 0.026695902033369644
0 0.20571663975715637 0.2212560370246495 0.025072614351908384 0.026695902033369644
0 0.23837795853614807 0.220660406727638 0.025072614351908357 0.026695902033369644
0 0.27070432901382446 0.22007088473744496 0.02507261435190833 0.026695902033369644
0 0.3364582061767578 0.21887175981388535 0.025157570838928223 0.02712356212527253
0 0.36818671226501465 0.2181322644077461 0.025157570838928223 0.02712356212527253
0 0.4010581970214844 0.21736612962967716 0.025157570838928223 0.02712356212527253
0 0.4335836172103882 0.2166080605688289 0.025157570838928223 0.02712356212527253
0 0.46548688411712646 0.21586449201716934 0.025157570838928223 0.02712356212527253
0 0.49770472943782806 0.2151497742332715 0.025296767552693666 0.027564351872880356
0 0.5634366869926453 0.21323472400044285 0.02529676755269361 0.027564351872880356
0 0.5951770544052124 0.2123099927089274 0.02529676755269361 0.027564351872880356
0 0.6269460916519165 0.21138442614375544 0.02529676755269361 0.027564351872880356
0 0.6596953868865967 0.2104303005129792 0.02529676755269361 0.027564351872880356
0 0.6926809549331665 0.20946929125481295 0.02529676755269361 0.027564351872880356
0 0.7254391312599182 0.2085908845413563 0.024991432825724358 0.02758434206940407
0 0.04572509601712227 0.2643525719592198 0.02510874470074971 0.027141230975010627
0 0.07722347974777222 0.26366903615552323 0.025108744700749724 0.027141230975010627
0 0.10924436897039413 0.26297416163634074 0.025108744700749724 0.027141230975010627
0 0.14178140461444855 0.2622680863977176 0.025108744700749697 0.027141230975010627
0 0.17498667538166046 0.2615475100140239 0.025108744700749697 0.027141230975010627
0 0.20740920305252075 0.2608439196743136 0.025108744700749697 0.027141230975010627
0 0.24005412310361862 0.26048354215400166 0.025150770942370088 0.027433661527411883
0 0.3055556118488312 0.259366024498166 0.02515077094237006 0.027433661527411883
0 0.37081703543663025 0.2574121785718341 0.025290290514628055 0.02757400690123092
0 0.40328896045684814 0.25675839408908996 0.025290290514628055 0.02757400690123092
0 0.43504098057746887 0.25611910405507704 0.025290290514628055 0.02757400690123092
0 0.46692997217178345 0.25547705625958167 0.025290290514628055 0.02757400690123092
0 0.4987689256668091 0.2548360159230787 0.02529029051462811 0.02757400690123092
0 0.5317515134811401 0.25430898993016365 0.025176088015238518 0.027251339698022622
0 0.5648202896118164 0.2532133945198946 0.02522897720336914 0.027231778285300056
0 0.6295772194862366 0.2510682411928342 0.02522897720336914 0.027231778285300056
0 0.6617370247840881 0.2500029079000718 0.02522897720336914 0.027231778285300056
0 0.6940125823020935 0.24893374017197312 0.02522897720336914 0.027231778285300056
0 0.7265005111694336 0.24785753738048466 0.02522897720336914 0.027231778285300056
0 0.7588335275650024 0.24687013804134866 0.02520207564036059 0.026926114577655615
0 0.7913458943367004 0.24587726162451923 0.02520207564036059 0.026926114577655615
0 0.824567973613739 0.24486271170682686 0.02520207564036059 0.026926114577655615
0 0.8562009334564209 0.243896690990991 0.02520207564036059 0.026926114577655615
0 0.04875741899013519 0.3043421368266261 0.025021438797314957 0.027697112209113098
0 0.08024512976408005 0.3036644078648206 0.02502143879731497 0.027697112209113098
0 0.11295237019658089 0.30302735403621817 0.025229980548222855 0.027736560318821133
0 0.14535588026046753 0.30230628612429594 0.02522998054822284 0.027736560318821133
0 0.17777186632156372 0.3015849405868561 0.02522998054822284 0.027736560318821133
0 0.24301619827747345 0.30013307336273576 0.02522998054822287 0.027736560318821133
0 0.27576500177383423 0.2994043217148892 0.025229980548222897 0.027736560318821133
0 0.3075339198112488 0.29869737523445844 0.025229980548222897 0.027736560318821133
0 0.3401816189289093 0.2982792495354076 0.025061190128326416 0.027413065119307144
0 0.37287595868110657 0.29768722001896347 0.024705588817596436 0.027605175047881816
0 0.40475666522979736 0.2970150379851828 0.024705588817596436 0.027605175047881816
0 0.43651291728019714 0.29634547998602456 0.024705588817596436 0.027605175047881816
0 0.5018187165260315 0.29496855363441765 0.024705588817596436 0.027605175047881816
0 0.5334583520889282 0.29430145441099653 0.024705588817596436 0.027605175047881816
0 0.5654487609863281 0.2930523258808696 0.02493298053741455 0.02759868414827098
0 0.5978885293006897 0.2920625597931618 0.02493298053741455 0.02759868414827098
0 0.6296638250350952 0.2910930673528943 0.02493298053741455 0.02759868414827098
0 0.6957040429115295 0.28907812176371783 0.02493298053741455 0.02759868414827098
0 0.7607309222221375 0.28709409403246505 0.02493298053741455 0.02759868414827098
0 0.7924718260765076 0.2861256509189444 0.02493298053741455 0.02759868414827098
0 0.8260014057159424 0.285145781760992 0.02466849486033129 0.027678260507509718
0 0.8580172657966614 0.28417528110045015 0.025109489758809334 0.027626836022665333
0 0.05259920284152031 0.34492497111475745 0.025059553484121956 0.027340038802272617
0 0.08426681905984879 0.34362012286518895 0.024975548187891633 0.02735299103019776
0 0.11610040813684464 0.3428681839344113 0.024799952904383346 0.027472651282022167
0 0.1485709697008133 0.3421959681322726 0.02479995290438336 0.027472651282022167
0 0.18096186220645905 0.3415254016640957 0.02479995290438336 0.027472651282022167
0 0.21334025263786316 0.34085509401780106 0.02479995290438336 0.027472651282022167
0 0.2456681951880455 0.3401858307594477 0.024799952904383332 0.027472651282022167
0 0.3101431727409363 0.3392554660176122 0.02461330095926917 0.027292266372562407
0 0.34213539958000183 0.3386894823098607 0.02461330095926917 0.027292266372562407
0 0.37411201000213623 0.338123774876643 0.02461330095926917 0.027292266372562407
0 0.4062710404396057 0.33755484019834586 0.02461330095926917 0.027292266372562407
0 0.43873509764671326 0.3369805092035338 0.02461330095926917 0.027292266372562407
0 0.5028685182332993 0.3353583263432194 0.024655441443125425 0.02697851491528888
0 0.5347011685371399 0.3346749904543854 0.02465544144312548 0.02697851491528888
0 0.5671173334121704 0.33347882970079057 0.024394720792770386 0.027324957440989915
0 0.5991433262825012 0.33264435169308687 0.024578293164571052 0.027234676272370095
0 0.6310310363769531 0.33176150133976223 0.02494204044342041 0.027245706366014085
0 0.6634958982467651 0.3308011210241983 0.02494204044342041 0.027245706366014085
0 0.7288624048233032 0.32886743941898994 0.02494204044342041 0.027245706366014085
0 0.7609038352966309 0.3279195851132334 0.02494204044342041 0.027245706366014085
0 0.7937695980072021 0.32694734529007313 0.02494204044342041 0.027245706366014085
0 0.8257843255996704 0.326000280912863 0.02494204044342041 0.027245706366014085
0 0.8590840697288513 0.3242686072061228 0.02485501766204834 0.027154109274694135
0 0.055874502286314964 0.3838942328164744 0.02461085096001625 0.02699220642562986
0 0.08712807297706604 0.382932840391647 0.024561412632465363 0.026649053706679235
0 0.11905725672841072 0.38220314426627916 0.024561412632465363 0.026649053706679235
0 0.15138645470142365 0.38127699563669604 0.02443562944730121 0.027113256528396027
0 0.18314482271671295 0.3807423856272162 0.02443562944730121 0.027113256528396027
0 0.21581439673900604 0.3803449508456922 0.024186521768569946 0.02683181171269381
0 0.24798782169818878 0.3796620147172795 0.024186521768569946 0.02683181171269381
0 0.2796608507633209 0.37898970034999374 0.024186521768569946 0.02683181171269381
0 0.3114418089389801 0.37831509500221777 0.024186521768569946 0.02683181171269381
0 0.3751978576183319 0.37696176351502886 0.024186521768569946 0.02683181171269381
0 0.4076136350631714 0.37627368303942654 0.024186521768569946 0.02683181171269381
0 0.4394671618938446 0.3757012722104095 0.023957649866739872 0.026951353679331713
0 0.47169288992881775 0.37479991674510943 0.02344493071238196 0.026644070943196627
0 0.5031566619873047 0.37396280155625455 0.023444930712382017 0.026644070943196627
0 0.5353431105613708 0.3731064590641158 0.023444930712382073 0.026644070943196627
0 0.5672486424446106 0.37225759055279084 0.023444930712382073 0.026644070943196627
0 0.5987421274185181 0.37141968483148613 0.023444930712382073 0.026644070943196586
0 0.631170928478241 0.3705568943856049 0.023444930712382073 0.026644070943196586
0 0.6956607103347778 0.36849402403057746 0.024141987164815193 0.026930136273997728
0 0.7282726168632507 0.3677492679839804 0.024141987164815193 0.026930136273997686
0 0.7603394985198975 0.36701695863590683 0.024141987164815193 0.026930136273997686
0 0.792493462562561 0.366282660592892 0.024141987164815193 0.026930136273997686
0 0.05868137627840042 0.42412620367005816 0.024527067939440407 0.026830185291378997
0 0.08981054276227951 0.42222728285678596 0.024764979879061372 0.02680567068647039
0 0.12252085283398628 0.4217028530496804 0.024764979879061386 0.02680567068647039
0 0.1542549580335617 0.4216310368027798 0.024883399407068907 0.026666951733966205
0 0.18590658903121948 0.4208500944397334 0.024883399407068907 0.026666951733966205
0 0.2176864892244339 0.4200659872840516 0.024883399407068907 0.026666951733966205
0 0.24986569583415985 0.4193008334137673 0.02444790800412497 0.026952492174252003
0 0.28196629881858826 0.4185450329240803 0.024447908004124996 0.026952492174252003
0 0.3130626678466797 0.41804071487625905 0.02429189284642541 0.02694341378618586
0 0.345402330160141 0.4172027942746185 0.02429189284642541 0.02694341378618586
0 0.4091115891933441 0.4155520874694037 0.02429189284642541 0.02694341378618586
0 0.4400580823421478 0.4147502638787126 0.02429189284642541 0.02694341378618586
0 0.4717879593372345 0.41392814281374907 0.02429189284642541 0.02694341378618586
0 0.503943920135498 0.41309498191808947 0.024291892846425356 0.02694341378618586
0 0.5681307911872864 0.41149795887082125 0.024047891298929924 0.026744990385779984
0 0.5991337299346924 0.4106996170749989 0.023990213871002197 0.026633447454881352
0 0.6304478049278259 0.4101139393871896 0.023631731669108147 0.02627356477486065
0 0.6630908250808716 0.409388959591391 0.023631731669108147 0.02627356477486065
0 0.6950861215591431 0.40867836530818497 0.023631731669108147 0.02627356477486065
0 0.727121114730835 0.4073478343874909 0.023888826370239258 0.026295713676038692
0 0.06382785737514496 0.4623022524890552 0.025511915485064186 0.027137401492096657
0 0.09542293846607208 0.46114882924406597 0.025070627530415862 0.02693072769993041
0 0.12744562327861786 0.46053070245787153 0.025070627530415848 0.02693072769993041
0 0.15912075340747833 0.4599921650421432 0.024359862009684263 0.02653352604355923
0 0.1904405653476715 0.4593420250471248 0.024359862009684263 0.02653352604355923
0 0.22161588072776794 0.4586948845271046 0.024359862009684263 0.02653352604355923
0 0.25304973125457764 0.4580423773069484 0.024359862009684236 0.02653352604355923
0 0.3166578412055969 0.4571892708835911 0.023457785447438595 0.02685449289721112
0 0.3472605049610138 0.456348552260288 0.023457785447438595 0.02685449289721112
0 0.37870240211486816 0.4553351085129522 0.023835668961207035 0.026521579239719654
0 0.4106021523475647 0.45462351067121637 0.023835668961207035 0.026521579239719654
0 0.44214361906051636 0.4537419163903525 0.023438453674316406 0.026273269061894436
0 0.4738871157169342 0.4533384601777269 0.023558348417282104 0.02633918348208884
0 0.5053238719701767 0.4525105232416197 0.023558348417282104 0.02633918348208884
0 0.5690670013427734 0.4508317466272169 0.023558348417282104 0.02633918348208884
0 0.6002053618431091 0.45001166841748164 0.023558348417282104 0.02633918348208884
0 0.6314055323600769 0.449189962342728 0.023558348417282104 0.02633918348208884
0 0.6633439660072327 0.4483488129351725 0.023558348417282104 0.02633918348208884
0 0.6955428719520569 0.44782257991631924 0.02367003758748365 0.0260411935259206
0 0.7267715334892273 0.4470063126314828 0.02386816342671705 0.025985806487327397
0 0.7592355012893677 0.4455455615074197 0.024196147918701172 0.02634852801182468
0 0.7911540269851685 0.4444310831469159 0.024196147918701172 0.02634852801182468
0 0.8240504860877991 0.44328245892296236 0.024196147918701172 0.02634852801182468
0 0.8562464118003845 0.4425581555033839 0.02467246850331617 0.0267236990522044
0 0.06997744739055634 0.500414925424447 0.024210388461748757 0.025860631188680958
0 0.10037170350551605 0.49970719980639083 0.02421038846174875 0.025860631188680958
0 0.132538840174675 0.49862788734879654 0.023970454931259155 0.025839990423631352
0 0.1634337455034256 0.49809349414914156 0.02371789018313092 0.02559165067450945
0 0.19325615465641022 0.49753542852167004 0.02371789018313092 0.02559165067450945
0 0.2573973014950752 0.4963351576390047 0.02371789018313089 0.02559165067450945
0 0.2883692681789398 0.4959667115739606 0.023519496122995975 0.025550753571266353
0 0.319293737411499 0.49517689194790154 0.023519496122995975 0.025550753571266353
0 0.35016700625419617 0.4943883799941738 0.023519496122995975 0.025550753571266353
0 0.38120362162590027 0.4935956961242366 0.023519496122995975 0.025550753571266353
0 0.4123033583164215 0.4928014001180959 0.023519496122995975 0.025550753571266353
0 0.4442332088947296 0.49198590277021165 0.023519496122995975 0.025550753571266353
0 0.5070427060127258 0.4909149331482613 0.023685256640116392 0.025807018427885724
0 0.5694225430488586 0.4896728145880876 0.023685256640116448 0.025807018427885724
0 0.6010837554931641 0.4890423708183821 0.023685256640116448 0.025807018427885724
0 0.6323404908180237 0.4881854841077464 0.024177034695943123 0.025646268859390087
0 0.6638581156730652 0.48735498827557233 0.024177034695943123 0.025646268859390087
0 0.6954187154769897 0.48652336004474517 0.024177034695943123 0.025646268859390087
0 0.7276251912117004 0.4856747128516362 0.024177034695943123 0.025646268859390087
0 0.7592273354530334 0.4848419899164244 0.024177034695943123 0.025646268859390087
0 0.7919169664382935 0.48398061148408916 0.024177034695943123 0.025646268859390087
0 0.8230825662612915 0.4829382253181444 0.024476567904154534 0.026075348373531426
