0 0.3303869664669037 0.09223301757424694 0.02112036943435669 0.022934096728184434
0 0.35963794589042664 0.09155444211738055 0.02154618501663208 0.023139816846034316
0 0.3907642662525177 0.0913902243902517 0.021581510702768925 0.022773382275603538
0 0.42017802596092224 0.09051584910601676 0.021581510702768925 0.022773382275603538
0 0.4505118429660797 0.08961412351470323 0.021581510702768925 0.02277338227560355
0 0.4804506301879883 0.08975957141782859 0.021759549776713016 0.022975733113843343
0 0.5097693204879761 0.0902750723121702 0.021759549776713072 0.022975733113843332
0 0.5689969658851624 0.08767053882534846 0.021759549776713127 0.022975733113843343
0 0.6005936861038208 0.08757341739743255 0.021759549776713127 0.022975733113843343
0 0.6320570707321167 0.087476705814046 0.021759549776713127 0.022975733113843343
0 0.6601602633794149 0.08804132864456769 0.022957126299540276 0.024398350900457815
0 0.12303921207785606 0.13098427306774052 0.023182156185309097 0.024768784988758175
0 0.1520123928785324 0.12984015220819517 0.023151432474454225 0.025002331696739506
0 0.18140769004821777 0.1291406986325286 0.023061196009318052 0.025205915288407658
0 0.2106674611568451 0.12870108679513761 0.023061196009318052 0.025205915288407658
0 0.24037957936525345 0.128254678693383 0.023061196009318025 0.025205915288407658
0 0.3015705943107605 0.12733531762209685 0.023061196009317997 0.025205915288407658
0 0.33059054613113403 0.12689930893654047 0.023061196009317997 0.025205915288407658
0 0.36082932353019714 0.12651917621575945 0.022832473119099972 0.02526513920273892
0 0.39094969630241394 0.1261135034782942 0.022832473119099972 0.02526513920273892
0 0.42081576585769653 0.12571125579412892 0.022832473119099972 0.02526513920273892
0 0.4510993957519531 0.12614602008931997 0.022983511288960812 0.025788026262623408
0 0.48048827052116394 0.1249707566096055 0.022899140914281246 0.025476433510004087
0 0.5114931613206863 0.12488161131393077 0.022899140914281135 0.025476433510004087
0 0.5708079934120178 0.12471106924433063 0.022899140914281135 0.025476433510004087
0 0.6009626388549805 0.12462436857502783 0.022899140914281135 0.025476433510004087
0 0.6314336657524109 0.12453675824542378 0.022899140914281135 0.025476433510004087
0 0.6908095479011536 0.12436604064463232 0.022899140914281135 0.025476433510004087
0 0.7203195691108704 0.12306975795181968 0.022869229316711426 0.025316438009572582
0 0.7503774762153625 0.1221913073412682 0.022791941960652595 0.024856752203416467
0 0.780492901802063 0.12228798311810161 0.022791941960652595 0.024856752203416467
0 0.8103345632553101 0.12238378006424427 0.022791941960652595 0.024856752203416467
0 0.8397200703620911 0.12247811267525165 0.022791941960652595 0.024856752203416467
0 0.8680516481399536 0.122569061989008 0.022791941960652595 0.024856752203416467
0 0.09476110339164734 0.1686007627732056 0.023607447743415833 0.025157980216565998
0 0.12319529801607132 0.16796207427978516 0.023607447743415833 0.025157980216565998
0 0.1521354466676712 0.16731202105387888 0.023607447743415833 0.025157980216565998
0 0.2123347669839859 0.1657576560974121 0.023334811131159483 0.02523595972578656
0 0.24142098426818848 0.1653064905210983 0.023262321949005127 0.025311580924100654
0 0.27222585678100586 0.16528343599896098 0.022584855556488037 0.02525144029957381
0 0.30169159173965454 0.16541739338910022 0.022584855556488037 0.02525144029957381
0 0.3319345712661743 0.16555488429550705 0.022584855556488037 0.02525144029957381
0 0.36253875494003296 0.16569401731146766 0.022584855556488037 0.02525144029957381
0 0.392418771982193 0.16582985811455306 0.022584855556488037 0.02525144029957381
0 0.45323801040649414 0.16440510195355082 0.023013333479563358 0.025432926739833165
0 0.4819352626800537 0.16357606592273094 0.02286994457244873 0.025576332742853695
0 0.541327714920044 0.16313481885333395 0.02286994457244873 0.025576332742853695
0 0.5712735056877136 0.1629123412165525 0.02286994457244873 0.025576332742853695
0 0.6009723544120789 0.16269169819761906 0.02286994457244873 0.025576332742853695
0 0.6315330862998962 0.16246465195057003 0.02286994457244873 0.025576332742853695
0 0.6613463163375854 0.16224315915329957 0.02286994457244873 0.025576332742853695
0 0.691201388835907 0.16051183863916496 0.022753357887268066 0.025558449501215025
0 0.7216920256614685 0.16055375265117064 0.02287956078847242 0.02555550715720008
0 0.7805916666984558 0.1601359345192133 0.02287956078847242 0.02555550715720008
0 0.8406622409820557 0.15970981010332733 0.02287956078847242 0.02555550715720008
0 0.8707759976387024 0.15949619125385767 0.02287956078847242 0.02555550715720008
0 0.9002174139022827 0.15928734180539153 0.02287956078847242 0.02555550715720008
0 0.929154098033905 0.15908207279023195 0.02287956078847242 0.02555550715720008
0 0.09495869278907776 0.20547228081281796 0.02310989300409952 0.025170008341471383
0 0.12337423488497734 0.20398362175119925 0.02344387272993724 0.02532935327337691
0 0.15288600325584412 0.20309602430028068 0.02347936232884723 0.025373725003974383
0 0.1829126626253128 0.2030704032323166 0.02352419992287952 0.02531156613845231
0 0.21249262988567352 0.2026835995647395 0.023855840166409792 0.02575503208840543
0 0.24234319478273392 0.20257142532703487 0.02385584016640982 0.02575503208840543
0 0.27258509397506714 0.20245778050991536 0.023855840166409847 0.02575503208840543
0 0.3029715418815613 0.20234359249899445 0.023855840166409847 0.02575503208840543
0 0.333025723695755 0.20223065309746321 0.023855840166409847 0.02575503208840543
0 0.3629838824272156 0.20211807453721403 0.023855840166409847 0.02575503208840543
0 0.39383089542388916 0.20224440269477317 0.02351125081380212 0.025860941687295604
0 0.4537626802921295 0.2022579547970794 0.02351125081380212 0.025860941687295604
0 0.48317769169807434 0.2015041750530864 0.023252487182617188 0.025379964547563864
0 0.5127220749855042 0.20111794253401832 0.023252487182617188 0.025379964547563864
0 0.542963981628418 0.20072259132054135 0.023252487182617188 0.025379964547563864
0 0.5724813938140869 0.20033671139358777 0.023252487182617188 0.025379964547563864
0 0.6026174426078796 0.19994274405545967 0.023252487182617188 0.025379964547563864
0 0.6316810250282288 0.19968636091365372 0.022577524185180664 0.025234961694525167
0 0.66177898645401 0.1993043725717894 0.022577524185180664 0.025234961694525167
0 0.6916707158088684 0.19892500162469468 0.022577524185180664 0.025234961694525167
0 0.7525449991226196 0.19815241552770807 0.022577524185180664 0.025234961694525188
0 0.7809774279594421 0.19779156529626182 0.022577524185180664 0.025234961694525188
0 0.8109880685806274 0.1970740695332372 0.0227163632710774 0.0251700342163559
0 0.8411090970039368 0.1967398736295528 0.0227163632710774 0.0251700342163559
0 0.8700705766677856 0.19641854303843637 0.0227163632710774 0.0251700342163559
0 0.9000584483146667 0.19608582452286122 0.0227163632710774 0.0251700342163559
0 0.09535317867994308 0.24175703802774118 0.023285085956255586 0.02533677566883176
0 0.12428413331508636 0.2412060531966582 0.0232850859562556 0.02533677566883176
0 0.1538105607032776 0.24054622650146484 0.02371366322040558 0.025592434313870187
0 0.18364110589027405 0.2396984902280299 0.02365460991859436 0.025532360224760808
0 0.21345509588718414 0.2395078082417333 0.02365460991859436 0.025532360224760808
0 0.2436366006731987 0.23931477573308169 0.02365460991859436 0.025532360224760808
0 0.27357447147369385 0.23912330143962685 0.02365460991859436 0.025532360224760808
0 0.3040662109851837 0.23892828475597294 0.02365460991859436 0.025532360224760808
0 0.3345433175563812 0.23873336166053452 0.02365460991859436 0.025532360224760808
0 0.36427104473114014 0.2389603572940197 0.023484567801157596 0.025185636771741737
0 0.4258006513118744 0.23899313556987034 0.023484567801157596 0.025185636771741737
0 0.45460835099220276 0.23900848211244094 0.023484567801157596 0.025185636771741737
0 0.4837077260017395 0.23896248396052872 0.02329520384470618 0.025380245474881904
0 0.5133631229400635 0.2380795589713163 0.022843758265177483 0.025282231412192675
0 0.5431310534477234 0.2377769458731263 0.022843758265177483 0.025282231412192675
0 0.5731098651885986 0.23747218901074965 0.022843758265177483 0.025282231412192675
0 0.6618095636367798 0.23657049077045664 0.022843758265177483 0.025282231412192675
0 0.6923094987869263 0.23626043630200763 0.022843758265177483 0.025282231412192675
0 0.7223904728889465 0.2355560155687357 0.02287062009175611 0.02501907644345776
0 0.7821395397186279 0.23464670846628588 0.02287062009175611 0.02501907644345776
0 0.8116655945777893 0.2341973583288638 0.02287062009175611 0.02501907644345776
0 0.8420504331588745 0.23373493856242075 0.02287062009175611 0.02501907644345776
0 0.8716912865638733 0.23328384133272392 0.02287062009175611 0.02501907644345776
0 0.9013360142707825 0.2328326851409306 0.02287062009175611 0.02501907644345776
0 0.9306344389915466 0.23224761874176736 0.022916873296101814 0.02481552242308621
0 0.096659354865551 0.27861071741858195 0.022708420952161162 0.025544307028600385
0 0.12459416687488556 0.2770307821723869 0.023364633321762085 0.025190634320872728
0 0.18535862863063812 0.27684646429017534 0.023218313852945982 0.025475553763929237
0 0.21547026932239532 0.2768250509046909 0.023218313852945982 0.025475553763929237
0 0.24523526430130005 0.27680388403045947 0.023218313852945954 0.025475553763929237
0 0.2750064432621002 0.27678271275859356 0.023218313852945927 0.025475553763929237
0 0.3053993582725525 0.2769448170217328 0.022858500480651855 0.025130175804907066
0 0.33547183871269226 0.27662723008976425 0.023046274979909298 0.02524673107058503
0 0.36531195044517517 0.2763608421443329 0.023046274979909298 0.02524673107058503
0 0.3956015408039093 0.27609044162385366 0.023046274979909298 0.02524673107058503
0 0.4562649130821228 0.27554888898996915 0.023046274979909298 0.02524673107058503
0 0.4855530560016632 0.2752874285675759 0.023046274979909298 0.02524673107058503
0 0.5442854166030884 0.27517931194638295 0.022835592428843254 0.0254847060802371
0 0.5745494365692139 0.2751200850398779 0.022835592428843254 0.0254847060802371
0 0.6038413047790527 0.2750627606414085 0.022835592428843254 0.0254847060802371
0 0.6330064535140991 0.2741756660993709 0.02341427405675245 0.025397677754246912
0 0.6626988649368286 0.2735899103958084 0.022860050201416016 0.02503792814506114
0 0.6926068067550659 0.27299990282611536 0.022860050201416016 0.02503792814506114
0 0.7230010628700256 0.2721377929509809 0.022801677385966057 0.025108884471331482
0 0.752822756767273 0.27181199539539425 0.022801677385966057 0.025108884471331482
0 0.781913697719574 0.2714941812066822 0.022801677385966057 0.025108884471331482
0 0.8120709657669067 0.271164717553583 0.022801677385966057 0.025108884471331482
0 0.8419682383537292 0.2708380943120912 0.022801677385966057 0.025108884471331482
0 0.9021921753883362 0.2701801567871041 0.022801677385966057 0.025108884471331482
0 0.09723600745201111 0.31587525301201397 0.022669439514478057 0.025329560272453394
0 0.12610450387001038 0.31559043182256336 0.022669439514478043 0.025329560272453394
0 0.15595754981040955 0.3152958969105142 0.02266943951447803 0.025329560272453394
0 0.18554848432540894 0.31500394803158804 0.02266943951447803 0.025329560272453394
0 0.24662918597459793 0.3144013160882994 0.022669439514478057 0.025329560272453394
0 0.27662500739097595 0.3139057824778002 0.023487667242685917 0.02565488889235856
0 0.30637800693511963 0.31381533080808166 0.023487667242685917 0.02565488889235856
0 0.336229532957077 0.3137245796094226 0.023487667242685917 0.02565488889235856
0 0.3666187524795532 0.31363219377641866 0.023487667242685917 0.02565488889235856
0 0.39664071798324585 0.31354092442712117 0.023487667242685917 0.02565488889235856
0 0.42601892352104187 0.3132644540811333 0.02338123321533203 0.024769139844317768
0 0.4861671030521393 0.3127850099512893 0.02338123321533203 0.024769139844317768
0 0.515272855758667 0.313855836924718 0.023160219192504883 0.02522347324578334
0 0.5742693543434143 0.3122835159301758 0.023160219192504883 0.02522347324578334
0 0.604331374168396 0.31149926296500274 0.023065725962321038 0.025082225947417058
0 0.6348371505737305 0.3109314510106412 0.023065725962321038 0.025082225947417058
0 0.6633749008178711 0.3104002704393323 0.023065725962321038 0.025082225947417058
0 0.6933687925338745 0.30984198632789456 0.023065725962321038 0.025082225947417058
0 0.7233508825302124 0.309283921884936 0.023065725962321038 0.025082225947417058
0 0.7533937096595764 0.308795130530069 0.0226553281148274 0.024332238722217202
0 0.7829286456108093 0.3085936128528061 0.0226553281148274 0.024332238722217202
0 0.8135278224945068 0.30838483383050047 0.0226553281148274 0.024332238722217202
0 0.8425623178482056 0.3081867306731468 0.0226553281148274 0.024332238722217202
0 0.8716500997543335 0.3079882639401858 0.0226553281148274 0.024332238722217202
0 0.09776623547077179 0.35338656469542046 0.023078252871831267 0.025286814963170697
0 0.12712667882442474 0.3529359462649323 0.023078252871831254 0.025286814963170697
0 0.15669722855091095 0.3524360656738281 0.02345727880795795 0.02546060547348138
0 0.18696436285972595 0.35221922169287534 0.02345727880795795 0.02546060547348138
0 0.2478482723236084 0.3517830287857631 0.023457278807957976 0.02546060547348138
0 0.2774726152420044 0.3514643824377725 0.023383835951487186 0.025211038515549324
0 0.3079953193664551 0.351317600294983 0.023383835951487186 0.025211038515549324
0 0.3373242914676666 0.3511765587492118 0.023383835951487186 0.025211038515549324
0 0.36799356341362 0.35102907176917014 0.023383835951487186 0.025211038515549324
0 0.39723485708236694 0.35088845186455303 0.023383835951487186 0.025211038515549324
0 0.4274016320705414 0.3504361219184343 0.02346460024515784 0.025172980256782974
0 0.09892883896827698 0.3899096555488054 0.02307830254236856 0.02550802304763208
0 0.12841875851154327 0.38968933824019275 0.023078302542368576 0.02550802304763208
0 0.15835516154766083 0.38977689563827933 0.02359110116958618 0.025207903958106282
0 0.18729522824287415 0.38942589870719024 0.02359110116958618 0.025207903958106282
0 0.21806010603904724 0.38905276972288233 0.02359110116958618 0.025207903958106282
0 0.24810956418514252 0.38868831763984985 0.02359110116958618 0.025207903958106282
0 0.2775239050388336 0.38833156851835027 0.02359110116958618 0.025207903958106282
0 0.3080347776412964 0.38806879797647165 0.023272991180419922 0.024947883546814494
0 0.36828747391700745 0.3877864499879676 0.023272991180419922 0.024947883546814494
0 0.39894378185272217 0.3876427925682066 0.023272991180419922 0.024947883546814494
0 0.45803678035736084 0.3873658789976319 0.023272991180419922 0.024947883546814494
0 0.48743847012519836 0.38722810079885084 0.023272991180419922 0.024947883546814494
0 0.517147958278656 0.3865079703427965 0.02307780583699537 0.02478388113568914
0 0.5764931440353394 0.386215653530387 0.022980252901713127 0.024744780488716485
0 0.6058643460273743 0.3856152979338691 0.022980252901713127 0.024744780488716485
0 0.635265052318573 0.3853351136533004 0.023118694623311287 0.02510494409605514
0 0.6648935079574585 0.3847570197526799 0.023118694623311287 0.02510494409605514
0 0.6943992972373962 0.38418131924963567 0.023118694623311287 0.02510494409605514
0 0.7244616746902466 0.38359475890860883 0.023118694623311287 0.02510494409605514
0 0.7550989985466003 0.3829969805340434 0.023118694623311287 0.02510494409605514
0 0.8148895502090454 0.38183038063926406 0.023118694623311287 0.02510494409605514
0 0.10015904158353806 0.42719166777854745 0.022785156965255737 0.02510076715040571
0 0.1295713484287262 0.42688746230180896 0.022785156965255737 0.02510076715040571
0 0.15919490158557892 0.42658107194765554 0.022785156965255737 0.02510076715040571
0 0.18921341001987457 0.42588690824286884 0.02296839157740277 0.02509541474571529
0 0.21907128393650055 0.4256188495214255 0.02296839157740277 0.02509541474571529
0 0.2491542249917984 0.42531962020658903 0.023480316003163665 0.024988100510234926
0 0.27845633029937744 0.42506674833075947 0.023480316003163693 0.024988100510234926
0 0.339253306388855 0.4245420814091465 0.023480316003163693 0.024988100510234926
0 0.36975300312042236 0.4242788745356544 0.023480316003163693 0.024988100510234926
0 0.3992454409599304 0.42402436012445494 0.023480316003163693 0.024988100510234926
0 0.4284936785697937 0.42377195311712634 0.023480316003163693 0.024988100510234926
0 0.48859068751335144 0.42316401516140856 0.023607492446899414 0.02525391689566679
0 0.5181795954704285 0.42288429792537247 0.023607492446899414 0.02525391689566679
0 0.5771570801734924 0.4219851826512536 0.023095528284708733 0.025192911310713474
0 0.6058902740478516 0.42164073883473896 0.023095528284708733 0.025192911310713474
0 0.6366157531738281 0.42127241217600864 0.023095528284708733 0.025192911310713474
0 0.6660642027854919 0.42091939411546736 0.023095528284708733 0.025192911310713474
0 0.6952087879180908 0.42057001867959665 0.023095528284708733 0.025192911310713474
0 0.10080738365650177 0.4640529707301998 0.022904999554157257 0.025258618731831394
0 0.12982354685664177 0.46368647730627727 0.022904999554157257 0.025258618731831394
0 0.1902349293231964 0.46292344139931224 0.022904999554157257 0.025258618731831394
0 0.22005847096443176 0.462546750249135 0.022904999554157257 0.025258618731831394
0 0.25045544654130936 0.46216281624727473 0.022957717378934234 0.025116794793180772
0 0.28057169914245605 0.461893061777414 0.02295771737893426 0.025116794793180772
0 0.31048494577407837 0.4616251256535611 0.02295771737893426 0.025116794793180772
0 0.3403118848800659 0.46135796259537243 0.02295771737893426 0.025116794793180772
0 0.4001193642616272 0.46082226065702214 0.02295771737893426 0.025116794793180772
0 0.4295678734779358 0.4604808452517487 0.023269474506378174 0.024985025095385173
0 0.45952221751213074 0.46017149080723874 0.023269474506378174 0.024985025095385173
0 0.48909150063991547 0.45986611309153536 0.023269474506378174 0.024985025095385173
0 0.5190636515617371 0.45955657474582473 0.023269474506378174 0.024985025095385173
0 0.5491025447845459 0.45924634711686957 0.023269474506378174 0.024985025095385173
0 0.5778863430023193 0.4585662664369095 0.023382862408955818 0.025040412133978375
0 0.6077672839164734 0.4584259210630905 0.023168404897053962 0.02477929758471112
0 0.6370092630386353 0.4580583101905751 0.023168404897053962 0.02477929758471112
0 0.6674959659576416 0.45767505147154813 0.023168404897053962 0.02477929758471112
0 0.6962018013000488 0.4573141806449731 0.023168404897053962 0.02477929758471112
0 0.7554527521133423 0.45656931677529977 0.023168404897053962 0.02477929758471112
0 0.10119271278381348 0.5010160580457341 0.022780954837799072 0.02496133848678234
0 0.13028213381767273 0.5006963153218114 0.022780954837799072 0.02496133848678234
0 0.15979290008544922 0.5001851313433398 0.023004929224650084 0.025194803873697862
0 0.19059623777866364 0.49993754542151164 0.023004929224650084 0.025194803873697862
0 0.2211572825908661 0.499691906960926 0.023004929224650084 0.025194803873697862
0 0.2809455990791321 0.49921135041865367 0.023004929224650028 0.025194803873697862
0 0.3114769160747528 0.4989659508993459 0.023004929224650028 0.025194803873697862
0 0.34096598625183105 0.49872892857740275 0.023004929224650028 0.025194803873697862
0 0.3710983097553253 0.4982636666367702 0.022964775562286377 0.025276952935743648
0 0.400936484336853 0.49789189183434773 0.022964775562286377 0.025276952935743648
0 0.4308052957057953 0.49753328438480643 0.023228486378987667 0.02533254697341333
0 0.13121606409549713 0.5383551841558412 0.022524187962214157 0.02522263046382939
0 0.1611059159040451 0.5378361635429915 0.02276189128557843 0.024909233862115375
0 0.1920570433139801 0.5373709510608919 0.02276189128557843 0.024909233862115375
0 0.2221241593360901 0.5369190257565578 0.02276189128557843 0.024909233862115375
0 0.25237447023391724 0.5364643469324016 0.0227618912855784 0.024909233862115375
0 0.28201621770858765 0.5360188151514808 0.022761891285578373 0.024909233862115375
0 0.3121080696582794 0.5355439658825037 0.022444526354471805 0.02471876514050382
0 0.3420434892177582 0.5351235328382258 0.022651255130767822 0.02460932177166606
0 0.37202417850494385 0.5346917884294377 0.022651255130767822 0.02460932177166606
0 0.40174275636672974 0.5344009485933031 0.02271747589111328 0.024555975152540523
0 0.4322897791862488 0.5341020012091939 0.02271747589111328 0.024555975152540523
0 0.4612036943435669 0.5338190361768336 0.02271747589111328 0.024555975152540523
0 0.5203903317451477 0.5332398081934729 0.02271747589111328 0.024555975152540523
0 0.5493042469024658 0.5330074665158294 0.021987318992614746 0.024169803589813414
0 0.5789055824279785 0.5324573500375904 0.021987318992614746 0.024169803589813414
0 0.6086961627006531 0.5319037166013498 0.021987318992614746 0.024169803589813414
0 0.6371336579322815 0.5313752291378947 0.021987318992614746 0.024169803589813414
0 0.6646732091903687 0.5308634292247684 0.021987318992614746 0.024169803589813414
0 0.7269737124443054 0.5303913382596748 0.022578875223795647 0.02399293766465298
0 0.7861335277557373 0.5297864552108511 0.022578875223795647 0.02399293766465298
0 0.814947783946991 0.5294918421353573 0.022578875223795647 0.02399293766465298
0 0.8449781537055969 0.5291847948343935 0.022578875223795647 0.02399293766465298
0 0.8746095299720764 0.528881827066111 0.022578875223795647 0.02399293766465298
0 0.9037023186683655 0.5278915582701217 0.022562066713968987 0.02378141417983885
0 0.10219252854585648 0.575784727584484 0.02263651043176651 0.024674674337224388
0 0.13133297488093376 0.5752676694149743 0.02263651043176651 0.024674674337224388
0 0.1617841273546219 0.5747273545214941 0.02263651043176651 0.024674674337224388
0 0.222926527261734 0.5736424645712209 0.02263651043176651 0.024674674337224388
0 0.25325748324394226 0.5731042824034084 0.02263651043176651 0.024674674337224388
0 0.28338292241096497 0.5728742477742673 0.02285347382227576 0.024522263874379183
0 0.312955379486084 0.5724814063800172 0.02285347382227576 0.024522263874379183
0 0.3428760766983032 0.5720839389534884 0.02285347382227576 0.024522263874379183
0 0.37313738465309143 0.5716819468437833 0.02285347382227576 0.024522263874379183
0 0.40286821126937866 0.5698469077178353 0.022770782311757443 0.02490657244541843
0 0.4613776206970215 0.5695296886355378 0.022770782311757443 0.02490657244541843
0 0.49081195890903473 0.5693701051796972 0.022770782311757387 0.02490657244541843
0 0.5211203694343567 0.5692057827866533 0.02277078231175733 0.02490657244541843
0 0.5505058765411377 0.569046464077262 0.02277078231175733 0.02490657244541843
0 0.5797687768936157 0.5688878101020127 0.02277078231175733 0.02490657244541843
0 0.10279607027769089 0.6127273330530162 0.022707770268122346 0.024400104847989285
0 0.13254211843013763 0.6119534692098928 0.0226260523001353 0.02441353021666061
0 0.16300126910209656 0.6115668097207713 0.02236639459927875 0.024587320726971295
0 0.19369125366210938 0.6110593482501722 0.02236639459927875 0.024587320726971295
0 0.22341391444206238 0.6105678815594665 0.02236639459927875 0.024587320726971295
0 0.28439828753471375 0.6095594998317844 0.022366394599278805 0.024587320726971295
0 0.3139321506023407 0.6090711549270985 0.022366394599278805 0.024587320726971295
0 0.3434472680091858 0.6087240081689954 0.022371341784795162 0.024590218714041247
0 0.1032072901725769 0.6502121326535247 0.022422050436337798 0.025537209917408606
0 0.133507639169693 0.6492838807904187 0.022422050436337784 0.025537209917408606
0 0.1631716638803482 0.6483751227359318 0.02242205043633777 0.025537209917408606
0 0.2250479906797409 0.6464795400930006 0.02242205043633777 0.025537209917408606
0 0.2552664205431938 0.645824388016102 0.02235800524552664 0.024676773899285423
0 0.285468727350235 0.6454492178836584 0.02235800524552667 0.024676773899285423
0 0.31489798426628113 0.6450836505021518 0.02235800524552667 0.024676773899285423
0 0.37451067566871643 0.6443431474183424 0.02235800524552667 0.024676773899285423
0 0.40467143058776855 0.6439684934394304 0.02235800524552667 0.024676773899285423
0 0.4343121349811554 0.6437004887780478 0.022301355997721317 0.024591963420542692
0 0.4638519585132599 0.6433547388230212 0.022301355997721317 0.024591963420542692
0 0.49279166758060455 0.6438609278479288 0.022195667028427124 0.024355925330819955
0 0.10356006771326065 0.6875811297922275 0.022794770697752625 0.025588190832803417
0 0.13405928388237953 0.6867180314174918 0.02279477069775264 0.025588190832803417
0 0.16421714425086975 0.6861274630524391 0.022481143474578857 0.025074566981589202
0 0.19583624601364136 0.6853851326931182 0.022481143474578857 0.025074566981589202
0 0.2558209002017975 0.6839768564482293 0.022481143474578857 0.025074566981589202
0 0.2860170304775238 0.6832679335823661 0.022481143474578857 0.025074566981589202
0 0.3160666227340698 0.6825624510299327 0.022481143474578857 0.025074566981589202
0 0.34532713890075684 0.6820101627083712 0.02211872736612952 0.024654388427734375
0 0.40596795082092285 0.6810007484281042 0.02211872736612952 0.024654388427734375
0 0.43486446142196655 0.6805197431524991 0.02211872736612952 0.024654388427734375
0 0.46400800347328186 0.6800346258430064 0.02211872736612952 0.024654388427734375
0 0.4933702349662781 0.6795458682747775 0.022118727366129576 0.024654388427734375
0 0.10316433012485504 0.7254037635270939 0.0225875029961268 0.025712360707364285
0 0.13354277983307838 0.7254505601040152 0.02301439394553502 0.025399466817693138
0 0.16396701335906982 0.724484849899845 0.023014393945535006 0.025399466817693138
0 0.2263023853302002 0.7225062329285464 0.023014393945535006 0.025399466817693138
0 0.2555255889892578 0.7215786451900422 0.023014393945535033 0.025399466817693138
0 0.28640639781951904 0.72059844260992 0.02301439394553506 0.025399466817693138
0 0.3469342887401581 0.7187530162722565 0.02256043752034509 0.025028199188468936
0 0.37686362862586975 0.7184051808837139 0.02256043752034509 0.025028199188468936
0 0.4061402380466461 0.7180649314544922 0.02256043752034509 0.025028199188468936
0 0.43560534715652466 0.7177224913032952 0.02256043752034509 0.025028199188468936
0 0.46493056416511536 0.7173816769622093 0.02256043752034509 0.025028199188468936
0 0.10319451242685318 0.763908208802689 0.023109890520572662 0.02557095076686663
0 0.13454676792025566 0.7627918096242 0.023109890520572662 0.02557095076686663
0 0.1646372228860855 0.7628024788789971 0.0226850112279256 0.025483833726986545
0 0.2264607846736908 0.7605967100136961 0.0226850112279256 0.025483833726986545
0 0.2565886005759239 0.7578193309695221 0.022183462977409363 0.025664810062378987
0 0.2868030071258545 0.7573156528249979 0.022183462977409363 0.025664810062378987
0 0.34693875908851624 0.7563131819037815 0.022183462977409363 0.025664810062378904
0 0.3766520619392395 0.7558178572240528 0.022183462977409363 0.025664810062378904
0 0.40674644708633423 0.7553161798521529 0.022183462977409363 0.025664810062378904
0 0.4360944628715515 0.754577218558211 0.02224920193354285 0.025601290917211753
0 0.10406463593244553 0.8014998325081759 0.023271866142749786 0.02522881086482558
0 0.13458052650094032 0.8011824142101199 0.023301539321740464 0.024734851925872093
0 0.16534346342086792 0.799668370149604 0.02279557784398395 0.0246774244678114
0 0.2268298864364624 0.7976289793502452 0.02279557784398395 0.0246774244678114
0 0.25790856033563614 0.796377583183725 0.022533774375915527 0.02438857204230268
0 0.287190705537796 0.7956446270610011 0.022533774375915527 0.02438857204230268
0 0.34808075428009033 0.7941204991758853 0.022533774375915527 0.02438857204230268
0 0.37779951095581055 0.793376614309704 0.022533774375915527 0.02438857204230268
0 0.40752291679382324 0.7926326130711755 0.022533774375915527 0.02438857204230268
0 0.43670618534088135 0.7919021319122649 0.022533774375915527 0.02438857204230268
