0 0.11253684014081955 0.04971615658249966 0.031367167830467224 0.03331356270368709
0 0.14800432324409485 0.04924660505250443 0.028947681188583374 0.03220604741296103
0 0.11333667486906052 0.09674397180246752 0.027965729435284928 0.03170870995336725
0 0.14959999918937683 0.0967099056687466 0.02800439794858295 0.03159091269323069
0 0.1842641532421112 0.09662166157859421 0.02800439794858295 0.03159091269323069
0 0.22052252292633057 0.09652935911425814 0.02800439794858295 0.03159091269323069
0 0.2561417818069458 0.0964386836260567 0.028004397948582976 0.03159091269323069
0 0.2914995551109314 0.09634867379831713 0.028004397948583004 0.03159091269323069
0 0.3636092245578766 0.09727401720416141 0.02811519304911292 0.03160554124403369
0 0.3995630741119385 0.09773539302039706 0.02811519304911292 0.03160554124403369
0 0.4355669915676117 0.09844031444815703 0.02800108989079797 0.03144276788992475
0 0.47023382782936096 0.09869844817301497 0.02800108989079797 0.03144276788992475
0 0.5064085721969604 0.09896780997571561 0.028001089890797914 0.03144276788992475
0 0.5418213605880737 0.09923149815614213 0.02800108989079786 0.03144276788992475
0 0.5773700475692749 0.0994961982549623 0.02800108989079786 0.03144276788992475
0 0.6121130585670471 0.10024396813089506 0.028177857398986816 0.03070962891098141
0 0.647235631942749 0.10047099756640057 0.028177857398986816 0.03070962891098141
0 0.6816348433494568 0.10069335124942834 0.028177857398986816 0.03070962891098141
0 0.11425276473164558 0.1460945439893146 0.028304484983285264 0.032082757284474926
0 0.1503905951976776 0.14557742263371745 0.02830448498328525 0.032082757284474926
0 0.18520236015319824 0.1450792768719942 0.02830448498328525 0.032082757284474926
0 0.2568427622318268 0.1436463739995603 0.027948041756947845 0.031684040099151385
0 0.29204732179641724 0.14423736306123955 0.027948041756947872 0.031684040099151385
0 0.32803428173065186 0.14517830021101166 0.028124531110127804 0.03144332974456077
0 0.36379295587539673 0.14558539279671603 0.028124531110127804 0.03144332974456077
0 0.39978817105293274 0.1459951782703131 0.028124531110127804 0.03144332974456077
0 0.436218798160553 0.1464099206661872 0.028124531110127804 0.03144332974456077
0 0.4708899259567261 0.1468046321425327 0.028124531110127804 0.03144332974456077
0 0.5055520534515381 0.14719924115546085 0.02812453111012775 0.03144332974456077
0 0.5419929027557373 0.1474914821953094 0.0283810098965962 0.031141170235567315
0 0.6120225787162781 0.1482191196707792 0.0283810098965962 0.031141170235567315
0 0.11394712701439857 0.19450024972113733 0.028151432673136398 0.03225596006526504
0 0.15001843869686127 0.19341019902414464 0.02763326962788898 0.03214653148207554
0 0.1849786639213562 0.19381108023355972 0.028326640526453672 0.03210546804028888
0 0.2215176820755005 0.1937545232994612 0.028098613023757935 0.032053625860879585
0 0.2936628460884094 0.1936559486098833 0.028098613023757935 0.032053625860879585
0 0.32994189858436584 0.19360637915658868 0.028098613023757935 0.032053625860879585
0 0.36503973603248596 0.19355842364247156 0.028098613023757935 0.032053625860879585
0 0.40176650881767273 0.1935082424518674 0.028098613023757935 0.032053625860879585
0 0.43702447414398193 0.19344748286263969 0.028351763884226444 0.03152852465015973
0 0.472212553024292 0.19497718921927518 0.02788378794988 0.03177806573320728
0 0.5076056122779846 0.19545432960424508 0.02834590276082355 0.031869511271632
0 0.11349702626466751 0.2449693570677898 0.02765413125356038 0.0324506833571796
0 0.14976614713668823 0.24451728199803552 0.027654131253560366 0.0324506833571796
0 0.18654446303844452 0.24405886008631067 0.027654131253560366 0.0324506833571796
0 0.2591771185398102 0.24304387735766034 0.027401626110076904 0.03251501571300418
0 0.2935721278190613 0.24272470740086813 0.027401626110076904 0.03251501571300418
0 0.32979103922843933 0.2423886124664044 0.027401626110076904 0.03251501571300418
0 0.366172730922699 0.24205100700533858 0.027401626110076904 0.03251501571300418
0 0.4022042453289032 0.24171665102936502 0.027401626110076904 0.03251501571300418
0 0.43765872716903687 0.2421885423882063 0.02745310465494788 0.03205314163089725
0 0.11420849710702896 0.2949674739394077 0.02764509618282318 0.03283735763194949
0 0.1505561222632726 0.2947589751757921 0.028314838806788145 0.03513598098839372
0 0.18650881946086884 0.2984121012133221 0.027474790811538696 0.03288823504780614
0 0.11479651182889938 0.34279250076890744 0.027894874413808182 0.033329778863478106
0 0.15082114934921265 0.3425390554028888 0.02789487441380817 0.033329778863478106
0 0.1870366781949997 0.342284267052591 0.02789487441380817 0.033329778863478106
0 0.22291527688503265 0.34203184911855616 0.02789487441380817 0.033329778863478106
0 0.2592115104198456 0.34177649298379587 0.027894874413808196 0.033329778863478106
0 0.2955927550792694 0.3415205387673594 0.027894874413808224 0.033329778863478106
0 0.3318963348865509 0.34152413948923255 0.028152088324228886 0.03272818040478134
0 0.36765432357788086 0.341399991794428 0.028152088324228886 0.03272818040478134
0 0.40232864022254944 0.34127960648647576 0.028152088324228886 0.03272818040478134
0 0.4396846890449524 0.340997916716025 0.028003136316935184 0.03260010711906495
0 0.47523242235183716 0.3409413618281897 0.028003136316935184 0.03260010711906495
0 0.5107937455177307 0.3408847853194836 0.02800313631693524 0.03260010711906495
0 0.5824885368347168 0.3410117127174555 0.02769780158996582 0.031073385430860915
0 0.6176671981811523 0.34161459013473155 0.02704664071400953 0.03096503619999846
0 0.6529190540313721 0.3416877425353452 0.02704664071400953 0.03096503619999846
0 0.6870800852775574 0.34175863132638395 0.02704664071400953 0.03096503619999846
0 0.7216885089874268 0.34183044851769967 0.02704664071400953 0.03096503619999846
0 0.7571846842765808 0.3419041079144145 0.02704664071400953 0.03096503619999846
0 0.7920297980308533 0.3420960404152094 0.027358849843343025 0.03082609546276953
0 0.8271121978759766 0.3412766272389968 0.02805538972218824 0.031810553498970474
0 0.8614024519920349 0.3409689304440521 0.02805538972218824 0.031810553498970474
0 0.11470816284418106 0.39267801684002546 0.028453191121419266 0.033695753230605016
0 0.15064212679862976 0.3922150501473665 0.028453191121419252 0.033695753230605016
0 0.18688644468784332 0.391748084910742 0.028453191121419252 0.033695753230605016
0 0.22337283194065094 0.39127800089621695 0.028453191121419252 0.033695753230605016
0 0.25998229533433914 0.39080633119095204 0.02845319112141928 0.033695753230605016
0 0.3322998285293579 0.3895700128031015 0.028580908974011776 0.0337379514708999
0 0.11607436090707779 0.4415842100631359 0.02871130406856537 0.03301114814226017
0 0.15209093689918518 0.4418953148314907 0.028453131516774477 0.03289842235949618
0 0.18813884258270264 0.44178630030432414 0.028453131516774477 0.03289842235949618
0 0.22420097887516022 0.4416772427415617 0.028453131516774477 0.03289842235949618
0 0.2603961229324341 0.44156778294243304 0.028453131516774505 0.03289842235949618
0 0.2973826825618744 0.441455929778343 0.028453131516774532 0.03289842235949618
0 0.3327030539512634 0.4413491154291222 0.028453131516774532 0.03289842235949618
0 0.37010377645492554 0.4410791618879451 0.028587381045023563 0.032614567483118286
0 0.4422111213207245 0.44052340809639284 0.028587381045023563 0.032614567483118286
0 0.4776908755302429 0.44024995456732474 0.028587381045023563 0.032614567483118286
0 0.5133392810821533 0.43997520118977157 0.02858738104502362 0.032614567483118286
0 0.5501775145530701 0.43969127743743186 0.028587381045023674 0.032614567483118286
0 0.5858117938041687 0.4396056395380847 0.027788162231445312 0.03249533601509503
0 0.6209156513214111 0.43950497826864554 0.027788162231445312 0.03249533601509503
0 0.6557471752166748 0.43926757121190785 0.02751104036966967 0.03134255815846057
0 0.6921848058700562 0.4390192171440833 0.02751104036966967 0.03134255815846057
0 0.726234495639801 0.43878713896526544 0.02751104036966967 0.03134255815846057
0 0.7962643504142761 0.4383098247439362 0.02751104036966967 0.03134255815846057
0 0.26177558302879333 0.49144527524016623 0.02870231866836548 0.03283478492914244
0 0.2965221703052521 0.4923995705538018 0.02744215726852417 0.03374490072560865
0 0.3329930305480957 0.49192716909009354 0.02939164638519287 0.033709149027979654
0 0.2609521746635437 0.5419768332173596 0.029447118441263825 0.03337339652601144
0 0.29650527238845825 0.5417048432106195 0.029447118441263798 0.03337339652601144
0 0.33302274346351624 0.5414254755088042 0.029447118441263798 0.03337339652601144
0 0.5866871476173401 0.5394848799655041 0.02944711844126391 0.03337339652601144
0 0.6226487159729004 0.5392097650572311 0.02944711844126391 0.03337339652601144
0 0.6587313413619995 0.5389337240326568 0.02944711844126391 0.03337339652601144
0 0.26115506142377853 0.5937256036802779 0.03014330565929413 0.0338803372641866
0 0.2970983684062958 0.5932681852065961 0.03014330565929413 0.0338803372641866
0 0.3334113359451294 0.5928060623920607 0.03014330565929413 0.0338803372641866
0 0.5886257290840149 0.5895581759850586 0.03014330565929413 0.0338803372641866
0 0.6236721873283386 0.589112170906954 0.03014330565929413 0.0338803372641866
0 0.659879744052887 0.588240290797034 0.03082517782847094 0.03445668183555904
0 0.26243727654218674 0.6445081400316816 0.02979700267314911 0.03431290619133049
0 0.2986958920955658 0.6440804277683868 0.02979700267314911 0.03431290619133049
0 0.6265652179718018 0.6402128302527299 0.02979700267314911 0.03431290619133049
0 0.6612534523010254 0.639803642450377 0.02979700267314911 0.03431290619133049
0 0.22664488852024078 0.6948722573213799 0.030327647924423218 0.03354017863902016
0 0.2627107799053192 0.695236832804397 0.030327647924423218 0.03354017863902016
0 0.2979429364204407 0.695592980399422 0.030327647924423218 0.03354017863902016
0 0.335951030254364 0.6959771888200627 0.030327647924423218 0.03354017863902016
0 0.5546277761459351 0.6904011585914488 0.030327647924423218 0.03354017863902016
0 0.5904273390769958 0.6906184263007585 0.02983623743057251 0.03336242557496058
0 0.6266165971755981 0.6900178790090202 0.030033767223358154 0.033905236295951484
0 0.5558897256851196 0.7418293620264808 0.029916206995646233 0.033058624859004085
0 0.5922355055809021 0.7410674294522688 0.029916206995646233 0.033058624859004085
0 0.6271207332611084 0.7403361150767193 0.029916206995646233 0.033058624859004
0 0.6628378033638 0.7395873624224996 0.029916206995646233 0.033058624859004085
0 0.11853541433811188 0.7971331574196039 0.030574247241020203 0.03336393371108901
0 0.15407899022102356 0.7972638080977802 0.030574247241020203 0.03336393371108901
0 0.1901344656944275 0.7974376234897348 0.030363346139589964 0.032999674479166775
0 0.22727449238300323 0.7975633139485767 0.030363346139589964 0.032999674479166775
0 0.2624262198805809 0.7976822755420971 0.030363346139589936 0.032999674479166775
0 0.3007361888885498 0.7978119253569239 0.03036334613958991 0.032999674479166775
0 0.3376924693584442 0.7979369939759721 0.03036334613958991 0.032999674479166775
0 0.3735852539539337 0.7996071216671966 0.03095727165540063 0.03301712154417988
0 0.11758922785520554 0.8489850066428961 0.029926791787147522 0.033888173657794333
0 0.15482474863529205 0.8494715136150981 0.029993772506713867 0.0338695437409157
0 0.1930227279663086 0.9010430142749158 0.030014862616856874 0.03237441898316387
0 0.2279299944639206 0.9008653330248456 0.030303865671157837 0.0325866226078005
0 0.2640162706375122 0.9006067867648699 0.030303865671157837 0.0325866226078005
0 0.3013237416744232 0.9003394910467045 0.030303865671157837 0.0325866226078005
0 0.3394564688205719 0.9000662826408585 0.030303865671157837 0.0325866226078005
0 0.37671369314193726 0.8997993469238281 0.030303865671157837 0.0325866226078005
0 0.41324886679649353 0.898833134797343 0.030824720859527588 0.033407226089359365
0 0.45134639739990234 0.899117916211702 0.030824720859527588 0.033407226089359365
0 0.48665305972099304 0.8996766652760075 0.03111034631729126 0.034054541772650083
0 0.5590637922286987 0.897697566124143 0.03111034631729126 0.034054541772650083
0 0.5956119894981384 0.8963354653608937 0.03111034631729126 0.034054541772650083
0 0.6314016580581665 0.8950016339135402 0.03111034631729126 0.034054541772650083
0 0.6685054302215576 0.8936188276423964 0.03111034631729126 0.034054541772650083
0 0.7034438848495483 0.8931820004485375 0.031091928482055664 0.033015702121941506
0 0.7408109903335571 0.89151435674623 0.02945776780446363 0.032426287037457494
0 0.7781615853309631 0.8911420003595509 0.02945776780446363 0.032426287037457494
0 0.8144416213035583 0.8907803166138362 0.02945776780446363 0.032426287037457494
0 0.8488711714744568 0.8904370807725462 0.02945776780446363 0.032426287037457494
0 0.8852203488349915 0.8900747077409611 0.02945776780446363 0.032426287037457494
0 0.9192011952400208 0.8885170420702927 0.0303384462992351 0.03223957387051852
0 0.9555604457855225 0.8879061854162882 0.0303384462992351 0.03223957387051852
0 0.11635080333983544 0.9023035271859681 0.030574247241020203 0.03336393371108901
0 0.15519934420538434 0.901471428736108 0.02991620699564626 0.03305862485900417
