0 0.16674453020095825 0.06847029508546341 0.02607971429824829 0.02939756526503452
0 0.20119863748550415 0.06504767440086187 0.025353312492370605 0.029449119124301645
0 0.27105361223220825 0.06136182712954144 0.02536022663116455 0.029873218647269315
0 0.307052344083786 0.05908169441444929 0.02665787935256958 0.02996079589045325
0 0.3434463441371918 0.0596017601878144 0.02529233694076538 0.030319238817969035
0 0.3796599805355072 0.0583403886750687 0.026152968406677246 0.028936097788256267
0 0.41717231273651123 0.05875026209409847 0.02536982297897339 0.028222707814948504
0 0.45372775197029114 0.05948654995408169 0.02509230375289917 0.029603126437165016
0 0.5247809290885925 0.06029792164647302 0.024899840354919434 0.02803182601928711
0 0.5602735280990601 0.0616164761920308 0.024984359741210938 0.028383898180584576
0 0.5960556864738464 0.06314073606979015 0.025162816047668457 0.029063557469567586
0 0.6317796111106873 0.06394859247429427 0.024436354637145996 0.028020692426104877
0 0.6661977171897888 0.06455143662386162 0.025097012519836426 0.028931307238201764
0 0.7015343904495239 0.06495445273643316 0.02572917938232422 0.02861194832380428
0 0.7367534637451172 0.06531982643659724 0.02519381046295166 0.02918415291364803
0 0.168234338228767 0.112468874032408 0.024523794651031494 0.0306562157564385
0 0.19973325729370117 0.11133274921151094 0.024154633283615112 0.028900900552439136
0 0.23536425828933716 0.10849498039068178 0.02495574951171875 0.02966863055561864
0 0.2702055275440216 0.10735607147216797 0.025174438953399658 0.030051430990529614
0 0.3064514100551605 0.10574938530145689 0.026224613189697266 0.030213245125704034
0 0.3805798292160034 0.10453674682351045 0.025286734104156494 0.029418474019959916
0 0.4170667231082916 0.1043528068897336 0.025786399841308594 0.029682359030080395
0 0.4535260498523712 0.10438719183899635 0.02519279718399048 0.030062037844990574
0 0.48625096678733826 0.10446143982022307 0.026163578033447266 0.030134572539218637
0 0.5262966156005859 0.10546791553497314 0.024576306343078613 0.029025815254034
0 0.5629233717918396 0.1061009362686512 0.025344252586364746 0.02904064710750136
0 0.5984864830970764 0.10669854352640551 0.02533137798309326 0.029826369396475857
0 0.6339596509933472 0.10775480713955192 0.02504599094390869 0.029166753901991735
0 0.6701890826225281 0.10777527786964594 0.025562047958374023 0.03089203945426054
0 0.16715934684684683 0.1600801382778127 0.024634009009009028 0.029462602137020746
0 0.1984323114156723 0.15820852545804756 0.024234145879745483 0.02934946015823719
0 0.23423734307289124 0.15553487733353016 0.024768829345703125 0.031097500823264897
0 0.27021533250808716 0.1544079115224439 0.025117933750152588 0.03174280565838481
0 0.30728909373283386 0.1530998473943666 0.02606987953186035 0.031342218088549235
0 0.3805442750453949 0.15155054802118345 0.025391697883605957 0.03172903282697811
0 0.4179971516132355 0.1510983844136083 0.025912165641784668 0.029592114825581394
0 0.454833060503006 0.15144165172133334 0.02518218755722046 0.03133174984954124
0 0.4923718720674515 0.15208331928696744 0.025379985570907593 0.03226450986640398
0 0.5276228785514832 0.1521357713743698 0.025092244148254395 0.032536284868107286
0 0.5648619532585144 0.15285239108773166 0.025757670402526855 0.03044010872064635
0 0.601262629032135 0.15298987543860146 0.02525186538696289 0.03006535907124364
0 0.6372191309928894 0.15428765984468681 0.02442336082458496 0.029141293015590933
0 0.6730533242225647 0.15346333037975224 0.02550506591796875 0.029945728390715843
0 0.7086755037307739 0.15406727236370707 0.02372908592224121 0.027207862499148347
0 0.1626754105091095 0.20770589695420377 0.026285231113433838 0.030600747396779614
0 0.197322815656662 0.20669393761213437 0.02497798204421997 0.03186749303063681
0 0.23341946303844452 0.20344261790430823 0.025815576314926147 0.03158626999965934
0 0.2709983289241791 0.2014180116875227 0.024917900562286377 0.030132648556731468
0 0.3070874810218811 0.2008990576100904 0.025518596172332764 0.03079724866290425
0 0.3438003957271576 0.20019139245499012 0.026008307933807373 0.031030155891595884
0 0.41923415660858154 0.1994038737097452 0.026541590690612793 0.031750612480695856
0 0.45661744475364685 0.19977806889733604 0.02545309066772461 0.0317764725796012
0 0.49345122277736664 0.19982559736384903 0.02558961510658264 0.03173016392907431
0 0.531065046787262 0.20017745882965798 0.02575540542602539 0.03203046044637991
0 0.5666010975837708 0.20046196427456167 0.025475144386291504 0.03125057664028434
0 0.6024510860443115 0.20043792835501736 0.025978565216064453 0.031296297561290654
0 0.6403787136077881 0.2008049765298533 0.026060819625854492 0.03324947800747184
0 0.16167285595391245 0.257191591284796 0.023289986290373238 0.030347594719324706
0 0.196394145488739 0.25478442879610286 0.02597138285636902 0.030794853387877
0 0.23396587371826172 0.25292678212010583 0.02499210834503174 0.03136173514432685
0 0.27025628089904785 0.2520858853362327 0.025815725326538086 0.03290367126464844
0 0.34524005651474 0.25045099923777026 0.02645862102508545 0.03355194801507994
0 0.3825244903564453 0.24943189842756405 0.02638387680053711 0.03180109068404797
0 0.4200081527233124 0.24956587857978288 0.027104556560516357 0.03329977878304415
0 0.458125501871109 0.24926733416180277 0.02579820156097412 0.031974127126294515
0 0.49523399770259857 0.24878754726676053 0.025964289903640747 0.03208816883175872
0 0.5694819688796997 0.24891414198764536 0.025165438652038574 0.031716989916424417
0 0.6066331267356873 0.2507643145184184 0.026199936866760254 0.033841155296148256
0 0.643584668636322 0.2514995974163676 0.026357173919677734 0.032928289369095205
0 0.7159326672554016 0.2503407722295717 0.02590787410736084 0.031543776046398075
0 0.752788782119751 0.2511333643003952 0.025748133659362793 0.031248802362486373
0 0.7883833050727844 0.25017084077347157 0.025827765464782715 0.03006850841433503
0 0.8232081532478333 0.2503187711848769 0.025051116943359375 0.029640596966410793
0 0.8592023253440857 0.2506555069324582 0.0256425142288208 0.02942701827648074
0 0.1607208400964737 0.30686524856922237 0.025342673063278198 0.03205472369526708
0 0.1961902379989624 0.30390797104946404 0.025976091623306274 0.032069671985714934
0 0.23331420123577118 0.3028392791748047 0.025839120149612427 0.03323932026707849
0 0.27064353227615356 0.30180052823798603 0.02543121576309204 0.03150376608205396
0 0.3078746497631073 0.3017196433488713 0.026310384273529053 0.03291538149811501
0 0.3456752896308899 0.30048221765562544 0.027103185653686523 0.03239999815475109
0 0.4232807159423828 0.3002280967180119 0.02655571699142456 0.03247478396393532
0 0.4978494942188263 0.30031723199888716 0.027401745319366455 0.033429567203965296
0 0.5351092219352722 0.30020767034486284 0.025519847869873047 0.031391232512718026
0 0.572031557559967 0.30008145265801006 0.025798797607421875 0.031395224637763446
0 0.6089381575584412 0.30092725088430006 0.025350213050842285 0.0316570193268532
0 0.6458621025085449 0.29984298972196355 0.025104522705078125 0.030269578445789425
0 0.6819586157798767 0.30029988843341204 0.025816798210144043 0.03255986058434775
0 0.718880832195282 0.29963233859040017 0.025693535804748535 0.031332814416220024
0 0.7554349899291992 0.2998477580935456 0.025892138481140137 0.032096596651299054
0 0.15975794853927852 0.3561934192001308 0.0269891619682312 0.03383441304051603
0 0.19549258053302765 0.35463035938351656 0.026142001152038574 0.03330794046091479
0 0.2335113137960434 0.35263831116432365 0.025533199310302734 0.03202008092126181
0 0.2702157199382782 0.3525057726128157 0.025116324424743652 0.03154386476028797
0 0.307707279920578 0.3520033636758494 0.0254707932472229 0.03109071421068768
0 0.3460827171802521 0.3517047305439794 0.02627962827682495 0.032176084296647894
0 0.38472023606300354 0.35221082110737645 0.02639108896255493 0.031880400901617006
0 0.4225546419620514 0.3513915261556936 0.026423096656799316 0.032479885012604466
0 0.4607517719268799 0.35086753756500955 0.026782751083374023 0.03247110233750454
0 0.4989032596349716 0.3512842932412791 0.02632501721382141 0.03187760641408521
0 0.5352874994277954 0.35102039159730425 0.02595508098602295 0.031834047894145165
0 0.6101264953613281 0.3502389774766079 0.025251150131225586 0.03050121041231377
0 0.647567629814148 0.350254125373308 0.02493572235107422 0.03076380352641261
0 0.6838240623474121 0.35015724980553914 0.026357412338256836 0.031787783600563224
0 0.7208941578865051 0.34993916888569676 0.025846004486083984 0.03140711229900981
0 0.7580368518829346 0.3495833152948424 0.026328086853027344 0.03215488167696221
0 0.7943848967552185 0.3497564404509788 0.02641439437866211 0.03206017959949582
0 0.866237461566925 0.3491354654001635 0.025712966918945312 0.030210228853447492
0 0.9025309681892395 0.34915010319199674 0.025429248809814453 0.030083057492278343
0 0.9375295639038086 0.34983830119288245 0.025549888610839844 0.02918336557787518
0 0.15896625816822052 0.40802454393963483 0.025998622179031372 0.032809235328851744
0 0.19516776502132416 0.4062362049901208 0.026168256998062134 0.03488842276639716
0 0.2324344664812088 0.4048834955969522 0.026970118284225464 0.032602886820948404
0 0.27017730474472046 0.40481806910315227 0.026469707489013672 0.034411408180414244
0 0.3087350130081177 0.40386120108670964 0.027583539485931396 0.03375918366188227
0 0.34702393412590027 0.40431776712107104 0.02649015188217163 0.03446073310319767
0 0.3856624364852905 0.4038090373194495 0.026666641235351562 0.03310571714889172
0 0.4240078628063202 0.40315512723700947 0.026533901691436768 0.032374004985010904
0 0.46187394857406616 0.4026834354844204 0.02643263339996338 0.03268734244413154
0 0.15789642930030823 0.45939396702966023 0.02748352289199829 0.03364518631336301
0 0.1944158673286438 0.4586424716683321 0.025875002145767212 0.032639703085256176
0 0.27063658833503723 0.45723302974257357 0.026950538158416748 0.033688567405523256
0 0.30895984172821045 0.4558289993640988 0.026159703731536865 0.03437592262445494
0 0.3476891815662384 0.45552972305652706 0.026944637298583984 0.033206496127816135
0 0.3867499530315399 0.4548828657283339 0.02634406089782715 0.03213607433230378
0 0.4249741733074188 0.4545961424361828 0.026431381702423096 0.032080007153888083
0 0.4635045528411865 0.45407929531363556 0.026903152465820312 0.0322062470192133
0 0.5386962294578552 0.45403081317280614 0.025799989700317383 0.030551999114280522
0 0.5757867097854614 0.45325558684593026 0.026295065879821777 0.029940139415652253
0 0.612767219543457 0.45334092960801237 0.025328516960144043 0.031688601471656974
0 0.6494312286376953 0.45309479292048965 0.026572227478027344 0.03154568339503089
0 0.6869773864746094 0.4523448056952898 0.025650501251220703 0.031247427297192952
0 0.7614847421646118 0.45209924564805143 0.02642655372619629 0.03164309124613917
0 0.7979796528816223 0.451893828635992 0.025947213172912598 0.03149538261945858
0 0.8360759019851685 0.45143012113349384 0.025992989540100098 0.02996116460755814
0 0.872562050819397 0.45107570914335027 0.025561213493347168 0.029865797175917516
0 0.9079391360282898 0.45074329819790154 0.025824785232543945 0.030481382857921513
0 0.943655788898468 0.4503070032873819 0.02526724338531494 0.02994590581849564
0 0.9791340231895447 0.4503658649533294 0.025084495544433594 0.0293680235396984
0 0.15672878921031952 0.5116944423941678 0.026242464780807495 0.03211416200149891
0 0.19381335377693176 0.5107828628185184 0.02533838152885437 0.03251390678938045
0 0.23170043528079987 0.5103974009669104 0.026290446519851685 0.033458177433457484
0 0.2695784866809845 0.5098922640778297 0.027203083038330078 0.03409123975177144
0 0.3091934025287628 0.5086217924605968 0.02671271562576294 0.033016204833984375
0 0.34791913628578186 0.507960785266965 0.027024686336517334 0.03279725895371548
0 0.38705164194107056 0.508014767668968 0.0272676944732666 0.034367051235465115
0 0.15379159152507782 0.5643587334211483 0.02783462405204773 0.036267657612645346
0 0.1923660933971405 0.564677260642828 0.02744191884994507 0.03429093471793241
0 0.23136445879936218 0.5636178393696629 0.026637524366378784 0.03355301258175872
0 0.26966744661331177 0.5630444371423056 0.02701777219772339 0.034339195074037064
0 0.3087350130081177 0.5626326716223429 0.027486443519592285 0.0347797482512718
0 0.34743615984916687 0.5622832719669786 0.02687603235244751 0.03547535386196403
0 0.38678351044654846 0.5609151707139126 0.026728332042694092 0.03276372510333394
0 0.46446529030799866 0.5596688736316769 0.028135299682617188 0.033439015233239465
0 0.5034857988357544 0.5587181268736373 0.026726961135864258 0.032195335210755814
0 0.5416232943534851 0.5589202171148255 0.027325987815856934 0.03390857785247093
0 0.6169785857200623 0.5576734764631405 0.02604961395263672 0.0327808468840843
0 0.6533370614051819 0.5572772358739099 0.02572643756866455 0.031073104503542878
0 0.69115149974823 0.5569978314776753 0.026656150817871094 0.032798146092614465
0 0.7294564843177795 0.5567878900572311 0.026550889015197754 0.03179754212845203
0 0.7677586674690247 0.5562422552774119 0.027280688285827637 0.032561546148255814
0 0.8050075769424438 0.5552187631296557 0.02642083168029785 0.03195784812749818
0 0.839922308921814 0.5548529070477153 0.027003049850463867 0.03126650078352108
0 0.9139456748962402 0.5540026287699855 0.026321053504943848 0.03111000948174055
0 0.15368060767650604 0.6190416202988736 0.02584737539291382 0.03354094749273256
0 0.190432608127594 0.6189956221469614 0.026814550161361694 0.034995411717614465
0 0.2298262119293213 0.6186613482098247 0.02647531032562256 0.034965248995049054
0 0.26870718598365784 0.6178964126941769 0.026461005210876465 0.03337966564089753
0 0.3069766163825989 0.6171787173249 0.02669346332550049 0.03443039295285247
0 0.34707412123680115 0.6162743679312772 0.027412116527557373 0.03341861103856286
0 0.38747110962867737 0.6154821528944858 0.026827454566955566 0.033931820891624276
0 0.4262758493423462 0.614719878795535 0.027504146099090576 0.03390804556913154
0 0.5043310523033142 0.61348622344261 0.026964664459228516 0.03397067757539971
0 0.5428304672241211 0.6126251664272574 0.02635478973388672 0.033137742863144984
0 0.5806174278259277 0.6121547610260719 0.027028679847717285 0.034848146660383356
0 0.6188151240348816 0.6112530730491461 0.027158737182617188 0.03362078999364099
0 0.6558067202568054 0.6109940284906432 0.026583433151245117 0.03450367062590843
0 0.6945575475692749 0.6098007823145667 0.026468276977539062 0.03291782113008721
0 0.7325208187103271 0.6094895739888035 0.02639472484588623 0.03361750757971475
0 0.15272092819213867 0.6730782264886901 0.026073843240737915 0.03322237591410792
0 0.1898041069507599 0.6740462724552598 0.026097357273101807 0.03452984122342841
0 0.22900031507015228 0.6742095503696176 0.02665117383003235 0.03506212456281795
0 0.2682509422302246 0.6736735410468523 0.026918113231658936 0.033401844113372096
0 0.3075393736362457 0.673128793405932 0.027509629726409912 0.03377754743709121
0 0.34770888090133667 0.6720856511315634 0.027962207794189453 0.034358091132585394
0 0.3880164921283722 0.6713325589202171 0.027209222316741943 0.034398012383039606
0 0.42711514234542847 0.6701896578766579 0.027822434902191162 0.03488576134970022
0 0.467013418674469 0.6694359446680823 0.02753627300262451 0.03443598192791606
0 0.5058646947145462 0.6679858717807504 0.02729281783103943 0.03490279441656068
0 0.5440783500671387 0.6668407085329987 0.027374625205993652 0.03511996601903161
0 0.5823090672492981 0.6661289126374 0.027515649795532227 0.03390272273573765
0 0.6213734149932861 0.6651842871377635 0.02694988250732422 0.03534334759379542
0 0.6590890884399414 0.6651623304500136 0.02807176113128662 0.034226084864416785
0 0.6973443031311035 0.664386793624523 0.027365803718566895 0.034553882687590846
0 0.7345370650291443 0.6632704180340434 0.0274198055267334 0.032668357671693314
0 0.7726513147354126 0.6622663542281749 0.02562248706817627 0.03239494146302689
0 0.8091846108436584 0.6612029408299646 0.02497696876525879 0.03135326296784157
0 0.8462571501731873 0.6604961572691451 0.02649819850921631 0.03199005126953125
0 0.1509498506784439 0.7298130434612895 0.027648240327835083 0.03521732951319495
0 0.19058078527450562 0.7300552102022393 0.027058064937591553 0.03416753369708394
0 0.22889180481433868 0.729148598604424 0.027482986450195312 0.036669708961664244
0 0.2672489881515503 0.7291067034699196 0.027460157871246338 0.03541108064873274
0 0.3071385324001312 0.7291434975557549 0.028245925903320312 0.03555147037949673
0 0.3877934217453003 0.7272611218829488 0.027996957302093506 0.034624676371729654
0 0.42815962433815 0.7261309291041175 0.02807551622390747 0.036340358645416966
0 0.4679303467273712 0.7242117149885311 0.027848541736602783 0.03430326594862827
0 0.506452202796936 0.7241164806277253 0.026997089385986328 0.03554259899050691
0 0.5454087257385254 0.7232734768889671 0.02792811393737793 0.036312546840933865
0 0.5852074027061462 0.7223771117454352 0.0275118350982666 0.03525436756222747
0 0.6238328814506531 0.7214095980622047 0.027228116989135742 0.03479465218477471
0 0.6621995568275452 0.7194011155949083 0.028333187103271484 0.03607896316883176
0 0.1507277637720108 0.7862175342648529 0.028359055519104004 0.036325144213299417
0 0.1896442323923111 0.7854948709177416 0.027071237564086914 0.03450828374818314
0 0.22908847033977509 0.7855916577716207 0.02690136432647705 0.03656307486600654
0 0.26794978976249695 0.7864998218625091 0.02768850326538086 0.034879994946856833
0 0.3079601526260376 0.7859552072924237 0.028066396713256836 0.03623394633448401
0 0.34833481907844543 0.7845199939816497 0.02799743413925171 0.03555244623228561
0 0.38937151432037354 0.7830749334290971 0.028158485889434814 0.033842397290606833
0 0.4293232560157776 0.7827285056890443 0.027447402477264404 0.03331934019576672
0 0.4696992039680481 0.7813545049623002 0.028199434280395508 0.03419317201126453
0 0.5087703466415405 0.7801290112872457 0.028061747550964355 0.034941030103106833
0 0.5477586984634399 0.7787165087322856 0.027892470359802246 0.03508705316587936
0 0.5867589712142944 0.7776451110839844 0.027666211128234863 0.03396695159202398
0 0.6251661777496338 0.7764133187227471 0.02809619903564453 0.03410232898800872
0 0.6642875671386719 0.7743811496468478 0.027960538864135742 0.034374680629996365
0 0.7389897704124451 0.7715198605559593 0.027883529663085938 0.0342460454896439
0 0.7766844034194946 0.771031845447629 0.02727377414703369 0.034359421840933865
0 0.8504323959350586 0.7682088807571766 0.0266951322555542 0.03243965326353561
0 0.923929750919342 0.7648034206656522 0.02694880962371826 0.031878094340479654
0 0.9608536636507188 0.7640742268573306 0.026138956482345876 0.03271473505550428
0 0.1507202684879303 0.8412764793218568 0.027733981609344482 0.034489121547965115
0 0.18943186104297638 0.8407535996547965 0.027663081884384155 0.03406311744867369
0 0.22844980657100677 0.8418572891590207 0.028196722269058228 0.03336529399073401
0 0.2686429023742676 0.8417818823526072 0.028375983238220215 0.034250836039698404
0 0.3087853193283081 0.8406238999477652 0.029061555862426758 0.03473805272301962
0 0.3489837050437927 0.8397631977879724 0.028522729873657227 0.035113312477289244
