0 0.10070529580116272 0.07876108413518862 0.027145827809969575 0.029802780742793116
0 0.13170084357261658 0.0774042994477028 0.026645690202713013 0.029346388439799465
0 0.19871146976947784 0.07588980364245038 0.02747554580370587 0.0297075020250424
0 0.23304684460163116 0.07523648184361834 0.02747554580370587 0.0297075020250424
0 0.26801279187202454 0.07457116172755054 0.027475545803705814 0.0297075020250424
0 0.3027521073818207 0.07391015388330822 0.027475545803705814 0.0297075020250424
0 0.33485427498817444 0.0732993247897126 0.027475545803705814 0.0297075020250424
0 0.3709946870803833 0.07219655569209608 0.02823130289713538 0.03053290714589201
0 0.40458571910858154 0.07138715234880927 0.028214236100514767 0.030578905297804257
0 0.4776611030101776 0.0710234143013178 0.027315258979797363 0.029399417167486147
0 0.5108990222215652 0.07176201842552007 0.028448651234308897 0.030756972556890444
0 0.5447241067886353 0.07130263018053631 0.02880760033925367 0.030919326368228403
0 0.5823386311531067 0.07058287775793741 0.029056747754414802 0.03161261063213497
0 0.6155665516853333 0.06985822485133424 0.029056747754414802 0.03161261063213497
0 0.6518601775169373 0.06906671334448165 0.029056747754414802 0.03161261063213497
0 0.6865900754928589 0.0683093044813578 0.029056747754414802 0.03161261063213497
0 0.7246980667114258 0.06747822428858558 0.029056747754414802 0.03161261063213497
0 0.7957815527915955 0.06693924143012972 0.0292318662007649 0.03199128956757774
0 0.8329048156738281 0.06665775829745235 0.0292318662007649 0.03199128956757774
0 0.8670880794525146 0.06639856739055158 0.0292318662007649 0.03199128956757774
0 0.90240478515625 0.06613078228262968 0.0292318662007649 0.03199128956757774
0 0.0960681140422821 0.12431787890057232 0.027121007442474365 0.03136790815249895
0 0.13062194362282753 0.12395037630487911 0.02738538384437561 0.03087888022725895
0 0.16420243680477142 0.12332111181214798 0.02738538384437561 0.03087888022725895
0 0.1976867914199829 0.12269364885896243 0.02738538384437561 0.03087888022725895
0 0.26592010259628296 0.12141502559062381 0.02738538384437561 0.03087888022725895
0 0.3011340796947479 0.12075515126073083 0.02738538384437561 0.03087888022725895
0 0.3347785472869873 0.12012468795222818 0.02738538384437561 0.03087888022725895
0 0.37008050084114075 0.11974521015965661 0.027549326419830322 0.03145388669745867
0 0.4050673544406891 0.12037132363825583 0.02860736846923828 0.03209182088689285
0 0.4404165744781494 0.12009452029557492 0.02860736846923828 0.03209182088689285
0 0.4754166901111603 0.11982045062752657 0.02860736846923828 0.03209182088689285
0 0.5100159496068954 0.11899285814294971 0.028773754835128784 0.03235204090443691
0 0.545300304889679 0.11860481528348701 0.028773754835128784 0.03235204090443691
0 0.6527622767857142 0.11865286615237343 0.0306919642857143 0.03322259136212625
0 0.6897321428571428 0.11843584004354597 0.0320870535714286 0.033222591362126234
0 0.723952799867102 0.11753411168196787 0.02942423025767016 0.03278667242952094
0 0.7595212459564209 0.1168173405425869 0.02942423025767016 0.03278667242952094
0 0.7963854071110655 0.11672685250019278 0.028657952944437737 0.03191206436748651
0 0.8318835789874449 0.11660165527367808 0.029868880907694573 0.03299253301102984
0 0.8671238422393799 0.11676502143778729 0.029868880907694573 0.03299253301102984
0 0.09754183143377304 0.17142449977786042 0.026552734275658935 0.030028716538303576
0 0.12948499247431755 0.1696480036456113 0.02665029962857564 0.030450414317522847
0 0.16297221183776855 0.16959282409313114 0.026805192232131958 0.030677876731221975
0 0.19679735600948334 0.1696593816890273 0.027440190315246582 0.03096109582472216
0 0.23192575573921204 0.1695457255321974 0.027440190315246582 0.03096109582472216
0 0.2654200494289398 0.1697118854765472 0.02822599808375037 0.03187282325685488
0 0.29984110593795776 0.1693448022354481 0.02822599808375037 0.03187282325685488
0 0.3341237008571625 0.16897919561750677 0.02822599808375037 0.03187282325685488
0 0.3691258132457733 0.1686059157079386 0.02822599808375037 0.03187282325685488
0 0.4390043318271637 0.16786069648210392 0.02822599808375037 0.03187282325685488
0 0.4739464223384857 0.16748805667564376 0.02822599808375037 0.03187282325685488
0 0.5081174522638321 0.16778007462553318 0.027996023495992006 0.03198497239933457
0 0.5444826483726501 0.16773765388680328 0.02799602349599195 0.03198497239933457
0 0.5789268612861633 0.16769747401392737 0.02799602349599195 0.03198497239933457
0 0.614490270614624 0.1671538714268382 0.027882536252339607 0.031097641286923917
0 0.6508017182350159 0.16654541846806242 0.027882536252339607 0.031097641286923917
0 0.6862228512763977 0.1659518840701081 0.027882536252339607 0.031097641286923917
0 0.7227672934532166 0.16450404011925987 0.02878272533416748 0.031287363333295466
0 0.7591862678527832 0.16414370280112284 0.02878272533416748 0.031287363333295466
0 0.7954179048538208 0.1637852190402835 0.02878272533416748 0.031287363333295466
0 0.8310200572013855 0.16343296353862993 0.02878272533416748 0.031287363333295466
0 0.8668445944786072 0.16307850771172103 0.02878272533416748 0.031287363333295466
0 0.09686953574419022 0.22000082149062045 0.026360238591829926 0.030569756677908518
0 0.12851543352007866 0.21949978607755208 0.02636023859182994 0.030569756677908518
0 0.16280728578567505 0.21895685844483168 0.026360238591829954 0.030569756677908518
0 0.19564096629619598 0.21843701739643895 0.027903864781061827 0.032233718753785154
0 0.26513487100601196 0.21776613474194187 0.02790386478106177 0.032233718753785154
0 0.2997807264328003 0.21743166938770536 0.02790386478106177 0.032233718753785154
0 0.3338344395160675 0.21710292047765084 0.02790386478106177 0.032233718753785154
0 0.36756038665771484 0.2167773357657499 0.02790386478106177 0.032233718753785154
0 0.4024656116962433 0.21704742520354514 0.028519610563913944 0.03310330708821612
0 0.4369441568851471 0.2165149866148483 0.028712759415308597 0.03256797790527344
0 0.5081067532300949 0.21636215476102608 0.027924388647079468 0.03225319145261782
0 0.5427782535552979 0.21570261700070661 0.027924388647079468 0.03225319145261782
0 0.5779094696044922 0.215034334309359 0.027924388647079468 0.03225319145261782
0 0.6142688989639282 0.21434268796059153 0.027924388647079468 0.03225319145261782
0 0.6494790315628052 0.21367290408112283 0.027924388647079468 0.03225319145261782
0 0.7226470112800598 0.21266763381545975 0.028889338175455803 0.032653187596520715
0 0.758387565612793 0.21269525483597157 0.028889338175455803 0.032653187596520715
0 0.7951981425285339 0.21272370279149505 0.028889338175455803 0.032653187596520715
0 0.8310976028442383 0.21275144661775228 0.028889338175455803 0.032653187596520715
0 0.8677273392677307 0.21277975481609965 0.028889338175455803 0.032653187596520715
0 0.9032976627349854 0.21280724427876874 0.028889338175455803 0.032653187596520715
0 0.09618157893419266 0.2667792564214662 0.026341930031776428 0.030950546264648438
0 0.12849406898021698 0.2665448577494793 0.026341930031776428 0.030950546264648438
0 0.16121961176395416 0.2663074627434728 0.026341930031776428 0.030950546264648438
0 0.19485345482826233 0.26606347881846854 0.026341930031776428 0.030950546264648438
0 0.22925633192062378 0.26581391622853834 0.026341930031776428 0.030950546264648438
0 0.2632700204849243 0.26621326180391536 0.027767479419708252 0.031962017680323404
0 0.2982129454612732 0.2660259268510164 0.027767479419708252 0.031962017680323404
0 0.3327016830444336 0.2658410268738376 0.027767479419708252 0.031962017680323404
0 0.40235579013824463 0.265467599380848 0.027767479419708252 0.031962017680323404
0 0.4364749491214752 0.2652846807772852 0.027767479419708252 0.031962017680323404
0 0.4716232419013977 0.2652580135517628 0.02781931559244788 0.031372055526851655
0 0.5430388450622559 0.2631305756431505 0.028009374936421638 0.03307610149531404
0 0.5761489868164062 0.26316786921301555 0.028009374936421638 0.03307610149531404
0 0.6491258144378662 0.26325006657839184 0.028009374936421638 0.03307610149531404
0 0.6852794289588928 0.2632907881602873 0.028009374936421638 0.03307610149531404
0 0.72067791223526 0.2633306592009788 0.028009374936421638 0.03307610149531404
0 0.7941170334815979 0.2634133772702448 0.028009374936421638 0.03307610149531404
0 0.8304685950279236 0.26327432588089345 0.0286219517389934 0.032795188962951215
0 0.866843044757843 0.26344631993493367 0.028746167818705315 0.03229945574619976
0 0.09549497812986374 0.31523689003877864 0.025816733638445527 0.029857044072114192
0 0.12726552784442902 0.31495356903468347 0.02581673363844554 0.029857044072114192
0 0.16142897307872772 0.3146489088479983 0.025816733638445555 0.029857044072114192
0 0.19437602162361145 0.3143550961516624 0.025816733638445555 0.029857044072114192
0 0.263210266828537 0.3137412513286171 0.0258167336384455 0.029857044072114192
0 0.29654961824417114 0.3144426793233974 0.027249117692311642 0.03141444598057476
0 0.33135825395584106 0.3144725172739075 0.027249117692311642 0.03141444598057476
0 0.4021375775337219 0.3145331892856332 0.027249117692311642 0.03141444598057476
0 0.4355994462966919 0.3143354224364151 0.028138935565948486 0.032276966775110556
0 0.5067735314369202 0.31391476826841663 0.028138935565948486 0.032276966775110556
0 0.5421795845031738 0.3137055108713549 0.028138935565948486 0.032276966775110556
0 0.5771405100822449 0.31212732623728595 0.028975526491801018 0.03268513938253243
0 0.6487502455711365 0.3124315572339435 0.029253919919331794 0.03296721998111219
0 0.6848495602607727 0.3125781938409227 0.029253919919331794 0.03296721998111219
0 0.7210665345191956 0.31272530838495133 0.029253919919331794 0.03296721998111219
0 0.7571300864219666 0.3128717997223107 0.029253919919331794 0.03296721998111219
0 0.7937062978744507 0.3130203734996707 0.029253919919331794 0.03296721998111219
0 0.8293649554252625 0.3131031520842208 0.029537876447041755 0.03252966829048574
0 0.8650000095367432 0.3132073158441588 0.029537876447041755 0.03252966829048574
0 0.09523062407970428 0.36317588007727336 0.026076406240463257 0.030812862307526345
0 0.12634041905403137 0.3632179597218566 0.026076406240463257 0.030812862307526345
0 0.1607443243265152 0.36326449503677394 0.026076406240463257 0.030812862307526345
0 0.1949930191040039 0.36338397947733875 0.027593374252319336 0.031710121982781475
0 0.22875723242759705 0.36335649046786994 0.027593374252319336 0.031710121982781475
0 0.2627891004085541 0.3633287835483513 0.027593374252319336 0.03171012198278143
0 0.29699113965034485 0.3633009380845296 0.027593374252319336 0.03171012198278143
0 0.3669663965702057 0.36324396798777026 0.027593374252319336 0.031710121982781475
0 0.4005773961544037 0.36321660371670106 0.027593374252319336 0.031710121982781475
0 0.4712410271167755 0.36324532106096485 0.027851194143295288 0.03188731319220494
0 0.5057988613843918 0.36323721464290176 0.027851194143295288 0.0318873131922049
0 0.5403167009353638 0.36273738949797873 0.028504927953084236 0.0327413322389588
0 0.5755362510681152 0.3635334857674532 0.0283358097076416 0.03281346402427021
0 0.6110551357269287 0.36338206944577744 0.0283358097076416 0.03281346402427021
0 0.6833805441856384 0.36307374762155037 0.0283358097076416 0.03281346402427021
0 0.7193288803100586 0.36292050055654224 0.0283358097076416 0.03281346402427021
0 0.7554568648338318 0.3627664876538654 0.0283358097076416 0.03281346402427021
0 0.7914478182792664 0.3625232452570006 0.02903580665588379 0.03220430270645971
0 0.8271165490150452 0.3622901799194071 0.02903580665588379 0.03220430270645971
0 0.8645524382591248 0.36245622191318244 0.028639117876688713 0.031649774359178186
0 0.0934160128235817 0.41149276910826216 0.0261356383562088 0.03149783703707904
0 0.12587834894657135 0.4118840277459352 0.0261356383562088 0.03149783703707904
0 0.15971708297729492 0.41274716268971495 0.02615011731783551 0.03224983511045003
0 0.1953614205121994 0.4129433742789335 0.02615011731783551 0.03224983511045003
0 0.22877933084964752 0.4131273300415915 0.02615011731783551 0.03224983511045003
0 0.2573920264840126 0.41328483451131964 0.02615011731783548 0.03224983511045003
0 0.2961992919445038 0.4134984570880269 0.026150117317835453 0.03224983511045003
0 0.33064618706703186 0.4136880771091317 0.026150117317835453 0.03224983511045003
0 0.4696371853351593 0.41209189085470455 0.027807533740997314 0.03399072691451672
0 0.504408597946167 0.41178029082542245 0.026439905166625977 0.032557997592659885
0 0.540180504322052 0.4119133696058163 0.026439905166625977 0.032557997592659885
0 0.5747987627983093 0.41204215658096294 0.026439905166625977 0.032557997592659885
0 0.6093854308128357 0.4121708260331553 0.026439905166625977 0.032557997592659885
0 0.09298583120107651 0.4576624493266261 0.025455584128697722 0.03072123564490971
0 0.12562890350818634 0.4582167798519919 0.02545558412869771 0.03072123564490971
0 0.15843048691749573 0.45877380214428864 0.025455584128697695 0.03072123564490971
0 0.19342033565044403 0.45879182150197584 0.026755571365356445 0.03156200675077216
0 0.22758027911186218 0.4592658533655423 0.026755571365356445 0.03156200675077216
0 0.2609960362315178 0.4597295582788074 0.026755571365356445 0.03156200675077216
0 0.2952248454093933 0.46016666501067405 0.0270194411277771 0.031082922174024898
0 0.3288261890411377 0.46023474144226506 0.0270194411277771 0.031082922174024898
0 0.3986801207065582 0.4603762657352369 0.0270194411277771 0.031082922174024898
0 0.43274104595184326 0.4604452732806731 0.0270194411277771 0.031082922174024898
0 0.4691055417060852 0.46051894786746 0.0270194411277771 0.031082922174024898
0 0.503739595413208 0.46138608178427054 0.02683409055074054 0.031319315119307224
0 0.5389003157615662 0.46149724028831307 0.02722787857055664 0.03141962095748547
0 0.5736120343208313 0.4608518003120809 0.02744360764821363 0.030922172605529256
0 0.6429163217544556 0.4612847705220067 0.02744360764821363 0.030922172605529256
0 0.6769762635231018 0.4614975559164422 0.02744360764821363 0.030922172605529256
0 0.7148755192756653 0.46173432696375927 0.02744360764821363 0.030922172605529256
0 0.751696765422821 0.46196436327557233 0.02744360764821363 0.030922172605529256
0 0.7878574728965759 0.4621902729513766 0.02744360764821363 0.030922172605529256
0 0.09216813743114471 0.5069417288137037 0.02701071153084436 0.03233644943828725
0 0.12479250505566597 0.5077760385912519 0.026326271394888565 0.0317483059195585
0 0.1572851836681366 0.5073837995813303 0.026437784234682737 0.031868690668150436
0 0.19149677455425262 0.5073247066763944 0.026590352257092775 0.03176184957341625
0 0.22538252174854279 0.5072052813952105 0.026590352257092775 0.03176184957341625
0 0.2603176012635231 0.507122396991615 0.026590352257092803 0.03176184957341625
0 0.29493528604507446 0.5076136035259612 0.02659035225709283 0.03176184957341625
0 0.3287653625011444 0.5080936343170875 0.02659035225709283 0.03176184957341625
0 0.36458149552345276 0.5070541203017845 0.027118345101674435 0.031020349310350102
0 0.43399178981781006 0.5078579658685729 0.027118345101674435 0.031020349310350102
0 0.5030197501182556 0.5086573835981194 0.02711834510167438 0.031020349310350102
0 0.5381036400794983 0.5090636926290454 0.027118345101674324 0.031020349310350102
0 0.5735079050064087 0.5094737119452898 0.027118345101674324 0.031020349310350102
0 0.6081953048706055 0.5098754291961345 0.027118345101674324 0.031020349310350102
0 0.6427117586135864 0.5103148526923601 0.028244177500406975 0.03158247008804198
0 0.0910644456744194 0.5550673654821662 0.0269763320684433 0.03206554678983466
0 0.1572016477584839 0.5549606057100518 0.0270049472649892 0.032455680906310506
0 0.1909978985786438 0.5551052537075308 0.02690745393435162 0.032079208728879
0 0.2247457653284073 0.5555950824700696 0.02690745393435162 0.032079208728879
0 0.25938764214515686 0.5560978872185589 0.026907453934351594 0.032079208728879
0 0.2939944863319397 0.556600183490767 0.026907453934351566 0.032079208728879
0 0.32830724120140076 0.5570982112440952 0.026907453934351566 0.032079208728879
0 0.09006615728139877 0.6037763345807656 0.026897092660268157 0.030695893043695494
0 0.12281741201877594 0.6038662222928779 0.026897092660268143 0.030695893043695494
0 0.1567527800798416 0.6037969367448673 0.026939491430918394 0.030538514603015987
0 0.19076839089393616 0.6038971541177247 0.026939491430918394 0.030538514603015987
0 0.2247820943593979 0.603997365871119 0.026939491430918394 0.030538514603015987
0 0.2590835690498352 0.6040984254610055 0.026939491430918366 0.030538514603015987
0 0.2935777008533478 0.6042000526605651 0.02693949143091834 0.030538514603015987
0 0.32759058475494385 0.6050389100726004 0.026228398084640503 0.030642960422722923
0 0.3966509997844696 0.6054932474913629 0.026054084300994873 0.02927821551182468
0 0.4313217103481293 0.6052296660667242 0.026054084300994873 0.02927821551182468
0 0.4658960700035095 0.6069322585519306 0.0269070565700531 0.030567169189453125
0 0.5008157938718796 0.6080457110737645 0.0269070565700531 0.030567169189453125
0 0.5367424488067627 0.6086249414750199 0.026557087898254395 0.029777408570282164
0 0.5724363327026367 0.6083118527434593 0.026557087898254395 0.029777408570282164
0 0.6069163680076599 0.608009411278997 0.026557087898254395 0.029777408570282164
0 0.6421016454696655 0.6077007837863341 0.026557087898254395 0.029777408570282164
0 0.6773779988288879 0.607391357421875 0.026557087898254395 0.029777408570282164
0 0.7129887342453003 0.6070789980268035 0.026557087898254395 0.029777408570282164
0 0.08763829618692398 0.6514908103055732 0.026870439449946076 0.029987305633781436
0 0.12024761736392975 0.6518466045751165 0.02687043944994609 0.029987305633781436
0 0.15436211228370667 0.6522188215168594 0.026870439449946104 0.029987305633781436
0 0.18911094963550568 0.6525979596515035 0.026870439449946104 0.029987305633781436
0 0.222813218832016 0.6529656788746554 0.026870439449946104 0.029987305633781436
0 0.25784796476364136 0.6535424566133371 0.027884503205617278 0.031933836234632446
0 0.29228004813194275 0.6538760163063226 0.027884503205617306 0.031933836234632446
0 0.08850698173046112 0.6994739972183027 0.026987438400586455 0.03111734316330542
0 0.11953040212392807 0.6998079554529596 0.02698743840058644 0.03111734316330542
0 0.15340917330721152 0.7001299915379484 0.026987438400586428 0.03111734316330542
0 0.18824566900730133 0.7015073909315952 0.026987438400586428 0.03111734316330542
0 0.22225114703178406 0.7036553894906965 0.027281910181045532 0.03184077536412917
0 0.2573433220386505 0.7040991502640176 0.027281910181045532 0.03184077536412917
0 0.29103508591651917 0.7037667865311192 0.027281910181045532 0.03184077536412917
0 0.3259150981903076 0.7034227009223966 0.027281910181045532 0.03184077536412917
0 0.3608008921146393 0.7030785582786383 0.027281910181045532 0.03184077536412917
0 0.4296855330467224 0.7047395484392033 0.02771228551864624 0.03157457455184103
0 0.46379104256629944 0.7039514585982921 0.026352206865946415 0.02999673887740734
0 0.5000223517417908 0.7046495563516013 0.02635220686594647 0.02999673887740734
0 0.5342663526535034 0.7050019197685774 0.02765631675720215 0.03127418932064554
0 0.570443868637085 0.7057507625754266 0.02765631675720215 0.03127418932064554
0 0.6068268418312073 0.7065038581660847 0.02765631675720215 0.03127418932064554
0 0.6428312063217163 0.707249116889103 0.02765631675720215 0.03127418932064554
0 0.6779482364654541 0.7079760085704715 0.02765631675720215 0.03127418932064554
0 0.7505235075950623 0.7087822404018668 0.028032541275024414 0.03160825625870584
0 0.7867501974105835 0.709826624670694 0.027758200963338142 0.03155230736547657
0 0.8223967552185059 0.7107464546381042 0.02888500690460205 0.03247649909914008
0 0.8571836948394775 0.7114136497115452 0.028362751007080078 0.032254625660504535
0 0.8929007649421692 0.7139147388999995 0.027896364529927498 0.03157676282779196
0 0.08680103719234467 0.7466726746670035 0.02712768812974295 0.031230482944222385
0 0.11920219659805298 0.7470894525217455 0.02668619155883789 0.03037576897199764
0 0.15267729759216309 0.7476701470675853 0.02668619155883789 0.03037576897199764
0 0.18736256659030914 0.7482718344689688 0.02668619155883789 0.03037576897199764
0 0.22170062363147736 0.748867498764113 0.02668619155883789 0.03037576897199764
0 0.25578466057777405 0.7494587565577308 0.02668619155883789 0.03037576897199764
0 0.3242291510105133 0.7505434391110443 0.0276926954587301 0.03149289863054142
0 0.35982608795166016 0.7511260245219781 0.0276926954587301 0.03149289863054142
0 0.39430108666419983 0.7516946234637287 0.027558863162994385 0.031092089275981106
0 0.4295973479747772 0.7524063566332712 0.027558863162994385 0.031092089275981106
0 0.46459245681762695 0.7531120171993023 0.027558863162994385 0.031092089275981106
0 0.5001084804534912 0.7538281817768895 0.027558863162994385 0.031092089275981106
0 0.5354843735694885 0.7543325329208022 0.028325875600178962 0.03195314629133358
0 0.5704837441444397 0.7547270309093387 0.02846451600392652 0.031494155410648345
0 0.6414514183998108 0.7565398639351834 0.02846451600392652 0.031494155410648345
0 0.676616370677948 0.7574381346973429 0.02846451600392652 0.031494155410648345
0 0.7136816382408142 0.7583849480437681 0.02846451600392652 0.031494155410648345
0 0.7493042349815369 0.7592949091001998 0.02846451600392652 0.031494155410648345
0 0.7857563495635986 0.7596460164979447 0.029369155565897698 0.03199238740196521
0 0.8225235342979431 0.760242550872093 0.029506762822469 0.032269159952799505
0 0.08586370199918747 0.7954158084414193 0.02703133225440979 0.03179085901541314
0 0.11908668279647827 0.7960062248762264 0.02703133225440979 0.03179085901541314
0 0.15208767354488373 0.7965926962534232 0.02703133225440979 0.03179085901541314
0 0.18513774871826172 0.7971800399259561 0.02703133225440979 0.03179085901541314
0 0.22097274661064148 0.7978168753690498 0.02703133225440979 0.03179085901541314
0 0.08491762727499008 0.8426994501158248 0.027647669116655976 0.03170208598292151
0 0.11813366040587425 0.8433319983712138 0.02775159478187561 0.03152513134387101
0 0.18414032459259033 0.8450031724087027 0.02775159478187561 0.03152513134387101
0 0.22013913094997406 0.8461702923442043 0.028460274140040098 0.031171576921329942
0 0.25498315691947937 0.8467546411726128 0.02846027414004007 0.031171576921329942
0 0.2892272472381592 0.8473289288302778 0.028460274140040043 0.031171576921329942
0 0.32489338517189026 0.8479270648187447 0.028460274140040043 0.031171576921329942
0 0.36037448048591614 0.848522097565407 0.028460274140040043 0.031171576921329942
0 0.39517471194267273 0.8498874043309411 0.02824622392654419 0.03159651645394259
0 0.4617590606212616 0.8514745108682058 0.028552810351053837 0.031354386677113724
0 0.49973005056381226 0.8523795885262473 0.028552810351053892 0.031354386677113724
0 0.5353159308433533 0.8532278146386421 0.028552810351053948 0.031354386677113724
0 0.5705403685569763 0.8540674253951671 0.028552810351053948 0.031354386677113724
0 0.6068065166473389 0.8570401048440426 0.028753797213236565 0.03198922327322564
0 0.6424104571342468 0.8575048224870548 0.028753797213236565 0.03198922327322564
0 0.6772864771925885 0.8588192528247933 0.028753797213236565 0.03198922327322564
0 0.7145195007324219 0.8584460201276117 0.028753797213236565 0.03198922327322564
0 0.7501591444015503 0.858911203783612 0.028753797213236565 0.03198922327322564
0 0.8207493398500526 0.8596940278048926 0.028753797213236565 0.03198922327322564
0 0.08403865247964859 0.8889617919921875 0.02667859693368277 0.030544369719749272
0 0.11718565598130226 0.8903724701313722 0.026678596933682755 0.030544369719749272
0 0.14974583685398102 0.8917581741321183 0.02667859693368274 0.030544369719749272
0 0.1845087856054306 0.8932376240575036 0.02667859693368274 0.030544369719749272
0 0.21974274516105652 0.8947371193738619 0.02667859693368274 0.030544369719749272
0 0.25335925817489624 0.8953063428079123 0.0279252827167511 0.03109818096308756
0 0.2890394926071167 0.8957158465718114 0.028095662593841553 0.0315345941587936
0 0.3239787817001343 0.8964884875066262 0.028095662593841553 0.0315345941587936
0 0.35880157351493835 0.8972585522423175 0.028095662593841553 0.0315345941587936
0 0.3942547142505646 0.8980425563967 0.028095662593841553 0.0315345941587936
0 0.46193554997444153 0.8995392377986464 0.028095662593841553 0.0315345941587936
0 0.4986623525619507 0.901596511957226 0.028282920519510923 0.03117648575657087
0 0.5336783528327942 0.9025732916646986 0.02828292051951098 0.03117648575657087
0 0.5692035555839539 0.9035642756972202 0.02828292051951098 0.03117648575657087
0 0.6044401526451111 0.9042676616871118 0.028705477714538574 0.031561444896136256
0 0.639901340007782 0.9051033179640088 0.028705477714538574 0.031561444896136256
0 0.6762996912002563 0.9059610588606014 0.028705477714538574 0.031561444896136256
0 0.7124819755554199 0.9067708088058825 0.028544942537943596 0.031689192897589744
0 0.7482664585113525 0.9068963694017987 0.028590242067972893 0.03169569858284884
0 0.6154984173224374 0.1196629173939974 0.0306919642857143 0.03322259136212625
0 0.9011637909071786 0.1637014312997609 0.02878272533416748 0.031287363333295466
